           2           1   1.00648698612309     
           3           2  0.970866255978280     
           4           3   1.87340354584954     
           5           2  0.971622477395310     
           6           5   1.00477894229769     
           7           6   1.40295542096041     
           8           6   1.41978657724297     
           9           7   1.44983469395359     
          10           8   1.43499957314018     
          11           9   1.43448411153181     
          11          10   1.44019373081850     
          12           1  0.947244126615888     
          13           2  0.962458427154880     
          14           5  0.954537283709828     
          15           5  0.965314035757949     
          16           7  0.968267336441397     
          17           8  0.959241244559460     
          18           9  0.967830247452661     
          19          10  0.963938210288098     
          20          11  0.967260625296692     
          22          21   1.01787581501774     
          23          22  0.941321197986628     
          24          23   1.59867236155989     
          25          22  0.975782155802053     
          26          25  0.992901410422789     
          27          26   1.00671862612048     
          28          26   1.01083387460399     
          29          21  0.950862513845972     
          30          22  0.954356111170699     
          31          25  0.972058144327098     
          32          25  0.974300917243355     
          33          26  0.964383505097332     
          34          27  0.985401994040645     
          35          27  0.985619008019875     
          36          27  0.986034737500190     
          37          28  0.985149071829608     
          38          28  0.986874698554379     
          39          28  0.982182108135917     
          40          23   1.32067509788039     
          41          40  0.981053873877687     
          42          41  0.972283578761852     
          43          42   1.89029199429046     
          44          41  0.965792451761140     
          45          44  0.988219851662182     
          46          45   1.00605709944576     
          47          45   1.01066127232780     
          48          40  0.879845249956531     
          49          41  0.942061073599057     
          50          44  0.971528912728492     
          51          44  0.971275555269036     
          52          45  0.951250582668903     
          53          46  0.984878749007896     
          54          46  0.985542727011984     
          55          46  0.985583645668905     
          56          47  0.984474721375833     
          57          47  0.985688698901823     
          58          47  0.982920898285974     
          60          59   1.02759028238394     
          61          60  0.986192016442575     
          62          61   1.88304075859302     
          63          60  0.959207358494240     
          64          63   1.00597026587808     
          65          64   1.40467247711551     
          66          64   1.41933422964535     
          67          65   1.45171598101743     
          68          66   1.43543859253027     
          69          67   1.43148924466410     
          69          68   1.44578277214333     
          70          59  0.955736521168684     
          71          60  0.923456005870255     
          72          63  0.965295005424029     
          73          63  0.956784341589878     
          74          65  0.968628529499401     
          75          66  0.960010593250384     
          76          67  0.969988498100602     
          77          68  0.971040721250487     
          78          69  0.971193303070901     
          80          79   1.01476140169377     
          81          80  0.986565273827205     
          82          81   1.88082983701728     
          83          80  0.943586330181545     
          84          83  0.995463477744482     
          85          83   1.01019599962916     
          86          84   1.01849170875219     
          87          79  0.954303377008950     
          88          80  0.950879855434853     
          89          83  0.961104792840754     
          90          84  0.973204651756388     
          91          84  0.974691890276779     
          92          85  0.984689441226491     
          93          85  0.983071788711069     
          94          85  0.983159218035441     
          95          86  0.982492443802205     
          96          86  0.984414041134091     
          97          86  0.975868696598934     
          99          98   1.01077517020714     
         100          99  0.936517370062025     
         101         100   1.61299834735879     
         102          99  0.991917672781527     
         103          98  0.951112042638735     
         104          99  0.964781628402050     
         105         102  0.973629428255168     
         106         102  0.965011892067418     
         107         102  0.974061378610719     
         108         100   1.30010212735935     
         109         108  0.981300908120716     
         110         109  0.936376112011914     
         111         110   1.62342049214422     
         112         109  0.977514456819556     
         113         112   1.01054625156012     
         114         113  0.970901249703239     
         115         114   1.64652030691115     
         116         114   1.29335460708949     
         117         108  0.911694569906441     
         118         109  0.948903685556424     
         119         112  0.971795865328896     
         120         112  0.960724881147201     
         121         113  0.938199238912566     
         122         113  0.962662981615820     
         123         116  0.922876783347873     
         124         116  0.928217310928678     
         125         110   1.29518008933881     
         126         125  0.976379720353052     
         127         126  0.936306475578148     
         128         127   1.59748943507846     
         129         126  0.996559659406841     
         130         125  0.912336240827228     
         131         126  0.951636195815281     
         132         129  0.977500043674365     
         133         129  0.977133908882659     
         134         129  0.977254095801558     
         135         127   1.31916475503483     
         136         135  0.978484957476739     
         137         136  0.937054215091205     
         138         137   1.59167778568557     
         139         136  0.963318144150908     
         140         139   1.00760838375648     
         141         139   1.00653950229508     
         142         135  0.912490699688457     
         143         136  0.948393493422909     
         144         139  0.962558447191092     
         145         140  0.983178459528496     
         146         140  0.983426830697495     
         147         140  0.984285906625468     
         148         141  0.981101410347192     
         149         141  0.972657273367885     
         150         141  0.978465870201109     
         151         137   1.31755421153333     
         152         151  0.980406514620114     
         153         152  0.940471466206057     
         154         153   1.56181609840206     
         155         152  0.980764404388890     
         156         155   1.00375989356586     
         157         156   1.40310172235503     
         158         156   1.41787568088992     
         159         157   1.45269093552237     
         160         158   1.43260613334691     
         161         159   1.42653955492010     
         161         160   1.44143031790127     
         162         151  0.869281520877930     
         163         152  0.953455333115228     
         164         155  0.952128826874401     
         165         155  0.961048541219330     
         166         157  0.969008095759829     
         167         158  0.962550121815265     
         168         159  0.967057138661721     
         169         160  0.964942138593763     
         170         161  0.960482390936797     
         171         153   1.34900000070512     
         172         171  0.977986246598019     
         173         172  0.941842363521787     
         174         173   1.56601281201208     
         175         172  0.974362195753495     
         176         175  0.990747154799967     
         177         176   1.00730177413430     
         178         176   1.00961673560287     
         179         171  0.881911252496305     
         180         172  0.942763617875928     
         181         175  0.968773786923796     
         182         175  0.968972319137454     
         183         176  0.962087499181456     
         184         177  0.975815497099275     
         185         177  0.985317193719730     
         186         177  0.970580650993822     
         187         178  0.977317448517470     
         188         178  0.985181666105089     
         189         178  0.983003246603681     
         190         173   1.34403085022184     
         191         190  0.978487181937502     
         192         191  0.943348300706844     
         193         192   1.56702591741382     
         194         191  0.976371919256880     
         195         194  0.989167004351968     
         196         195   1.00667355044018     
         197         195   1.01057411167276     
         198         190  0.870506736495209     
         199         191  0.942067343580146     
         200         194  0.971195794572265     
         201         194  0.971111827574205     
         202         195  0.955778830083831     
         203         196  0.981377186975113     
         204         196  0.985341321964481     
         205         196  0.985837769495429     
         206         197  0.983592538045471     
         207         197  0.985672685181632     
         208         197  0.983170394881857     
         209         192   1.33672669076556     
         210         209  0.983385782836325     
         211         210  0.941939562619321     
         212         211   1.58233573623836     
         213         210  0.978345198970380     
         214         213  0.988886798059855     
         215         214   1.00741835298211     
         216         214   1.01052873412263     
         217         209  0.876110871024547     
         218         210  0.943359906700391     
         219         213  0.973322706417148     
         220         213  0.972894367275449     
         221         214  0.956614376291888     
         222         215  0.983077129474381     
         223         215  0.986574337240112     
         224         215  0.987005655378945     
         225         216  0.982422736588712     
         226         216  0.985912051770164     
         227         216  0.982832548677638     
         228         211   1.32158696039552     
         229         228  0.974004156122825     
         230         229  0.941145924295639     
         231         230   1.57419383278296     
         232         229  0.947713648135302     
         233         232   1.00123231964086     
         234         232   1.00352104186549     
         235         228  0.883629356865838     
         236         229  0.951017768128764     
         237         232  0.952550229637033     
         238         233  0.857447414099059     
         239         234  0.980201151992031     
         240         234  0.980782054357960     
         241         234  0.983726054720519     
         242         230   1.33167552237038     
         243         242  0.988296803604255     
         244         243  0.927869463418882     
         245         244   1.64366223928066     
         246         243  0.965998880570878     
         247         246   1.01983236843461     
         248         242  0.863804863586196     
         249         243  0.940899994553643     
         250         246  0.969199275443420     
         251         246  0.960489035454898     
         252         247  0.820378299188921     
         253         244   1.29230778459516     
         254         253  0.990643801470727     
         255         254  0.932071187101448     
         256         255   1.61320885878275     
         257         254  0.972113330947430     
         258         257   1.00693638677136     
         259         258  0.973214750803313     
         260         259   1.65587205000297     
         261         259   1.28476867992187     
         262         253  0.886074809234333     
         263         254  0.944637516557230     
         264         257  0.965826508701004     
         265         257  0.972074294692198     
         266         258  0.955662432054024     
         267         258  0.946224209960039     
         268         261  0.931163566995064     
         269         261  0.929845739065697     
         270         255   1.30462308474358     
         271         270  0.977443023259208     
         272         271  0.939608839029376     
         273         272   1.56190466396790     
         274         271  0.975166858613718     
         275         274   1.00734657862197     
         276         275  0.990589425191663     
         277         276  0.983522878339988     
         278         277   1.32584270680602     
         279         278   1.30996313439060     
         280         278   1.30550607231141     
         281         270  0.889226511589026     
         282         271  0.947783375387399     
         283         274  0.966392902307067     
         284         274  0.969151971574258     
         285         275  0.970298577788508     
         286         275  0.968810236978296     
         287         276  0.946307692845294     
         288         276  0.975769863950952     
         289         277  0.923353527808378     
         290         279  0.911211889666692     
         291         279  0.915689913612834     
         292         280  0.907657532558495     
         293         280  0.909962698926261     
         294         272   1.33928540696841     
         295         294  0.976703503986962     
         296         295  0.938711108515441     
         297         296   1.58168183744317     
         298         295  0.975349899747833     
         299         298  0.989173533415255     
         300         299   1.00638552228830     
         301         299   1.01041467075688     
         302         294  0.886906972864976     
         303         295  0.940911847393232     
         304         298  0.972005523137066     
         305         298  0.969660958536415     
         306         299  0.957667334821599     
         307         300  0.982888725835880     
         308         300  0.985215694614383     
         309         300  0.983608715588012     
         310         301  0.981991592522328     
         311         301  0.985074726666894     
         312         301  0.982384316587783     
         313         296   1.30808564177220     
         314         313  0.962898820129749     
         315         314  0.943584764047688     
         316         315   1.60915899270484     
         317         314  0.975460464351564     
         318         317   1.00278954465314     
         319         313  0.977013479800113     
         319         318  0.999396827966333     
         320         314  0.948595237098257     
         321         317  0.973722439645468     
         322         317  0.971061014827036     
         323         318  0.976944760646399     
         324         318  0.962441568636621     
         325         319  0.951856531242600     
         326         319  0.959814697602036     
         327         315   1.29810423283247     
         328         327  0.978417462073814     
         329         328  0.933931798171412     
         330         329   1.64094322094888     
         331         328  0.979466162585701     
         332         331   1.01445981925806     
         333         332  0.905735539823780     
         334         333   1.51839697359479     
         335         333   1.48425200379394     
         336         327  0.918756593892127     
         337         328  0.951188497868296     
         338         331  0.975320073515900     
         339         331  0.968585199164465     
         340         332  0.954852878794426     
         341         332  0.969988146040419     
         342         329   1.29063157669110     
         343         342  0.974783582626666     
         344         343  0.932096818538344     
         345         344   1.62110231492351     
         346         343  0.954923646085053     
         347         346   1.00248068264430     
         348         346   1.00270952172104     
         349         342  0.897243132436285     
         350         343  0.955492136027788     
         351         346  0.954061423443827     
         352         347  0.848591313802460     
         353         348  0.980763731054046     
         354         348  0.983349454110466     
         355         348  0.984017220009489     
         356         344   1.32100494346267     
         357         356  0.974481075185203     
         358         357  0.937513643414898     
         359         358   1.62724163370432     
         360         357  0.990944682598548     
         361         356  0.875714235385895     
         362         357  0.953351545931364     
         363         360  0.980631722702350     
         364         360  0.979122563110421     
         365         360  0.967022726881956     
         366         358   1.30231356160444     
         367         366  0.987758943524048     
         368         367  0.975534958219815     
         369         368   1.88788351137681     
         370         367  0.959836119685078     
         371         370  0.983471700101744     
         372         371   1.00605564566198     
         373         371   1.01067920912674     
         374         366  0.895372737596798     
         375         367  0.937980245533055     
         376         370  0.975440339779309     
         377         370  0.971010696012004     
         378         371  0.963471392595350     
         379         372  0.984572916011395     
         380         372  0.987097141838255     
         381         372  0.985158853992915     
         382         373  0.983128288979046     
         383         373  0.985043866327246     
         384         373  0.985473532103019     
         386         385   1.01175352568354     
         387         386  0.937236337807212     
         388         387   1.61531950263539     
         389         386  0.963333181292559     
         390         389  0.994711601481666     
         391         389   1.00981175319790     
         392         390   1.01841864242740     
         393         385  0.948711673242931     
         394         386  0.963329296553569     
         395         389  0.964756934532866     
         396         390  0.977066850044748     
         397         390  0.970095518521592     
         398         391  0.979812544021803     
         399         391  0.981148623033969     
         400         391  0.985602120098232     
         401         392  0.986227122184354     
         402         392  0.987493851749655     
         403         392  0.984693824607641     
         404         387   1.30067986425250     
         405         404  0.981521933350327     
         406         405  0.974397872073566     
         407         406   1.89808553692814     
         408         405  0.967506620732893     
         409         408   1.00925432605316     
         410         409  0.991521993212032     
         411         410   1.00886848502880     
         412         404  0.916071950331486     
         413         405  0.937643607063096     
         414         408  0.964252143593127     
         415         408  0.970424581698574     
         416         409  0.966921959986410     
         417         409  0.966201522175647     
         418         411  0.980877738571418     
         419         411  0.977801430788543     
         420         411  0.979609248608968     
         422         421   1.00667974122704     
         423         422  0.975187108198707     
         424         423   1.85518178380441     
         425         422  0.955784408524444     
         426         425   1.00842367417167     
         427         425   1.00789484358397     
         428         421  0.918115375497356     
         429         422  0.961196126179287     
         430         425  0.962664395637328     
         431         426  0.985581074859325     
         432         426  0.974967800465253     
         433         426  0.970097249586058     
         434         427  0.983374865130113     
         435         427  0.985101327094053     
         436         427  0.976625087697094     
         438         437   1.01071037172634     
         439         438  0.936606271792231     
         440         439   1.60442665678499     
         441         438  0.966596838770084     
         442         441   1.00834564423256     
         443         441   1.00840572849115     
         444         437  0.953627136483978     
         445         438  0.964374060863893     
         446         441  0.964088383136126     
         447         442  0.982231137117360     
         448         442  0.985177216405504     
         449         442  0.986543337619491     
         450         443  0.984198949892351     
         451         443  0.986227248490564     
         452         443  0.984069983701353     
         453         439   1.32459238126036     
         454         453  0.978042466231298     
         455         454  0.973252750261351     
         456         455   1.88350337368123     
         457         454  0.953199598834193     
         458         457  0.993309882297851     
         459         457   1.00744263643300     
         460         458   1.01805107810105     
         461         453  0.862894036157793     
         462         454  0.950932645591127     
         463         457  0.964090120383574     
         464         458  0.975394717740904     
         465         458  0.964952495685360     
         466         459  0.977239509377780     
         467         459  0.981309151634811     
         468         459  0.984680961358197     
         469         460  0.983428610855879     
         470         460  0.982694152819242     
         471         460  0.980395120186208     
         473         472   1.01026155019318     
         474         473  0.982161910288104     
         475         474   1.85720523336247     
         476         473  0.956843482873839     
         477         476  0.987748233767858     
         478         477   1.00572779209772     
         479         477   1.01027560350835     
         480         472  0.943194957957288     
         481         473  0.958564434425713     
         482         476  0.972964632790820     
         483         476  0.964307960499408     
         484         477  0.959851815789079     
         485         478  0.984424883928689     
         486         478  0.985582233402903     
         487         478  0.977615106602157     
         488         479  0.984678114160084     
         489         479  0.978930914082505     
         490         479  0.983794056162161     
         492         491   1.01441789130394     
         493         492  0.942355396852084     
         494         493   1.58612454033933     
         495         492  0.948874961465108     
         496         495  0.993779039995021     
         497         495   1.00543039665600     
         498         491  0.952258388018798     
         499         492  0.962724629230677     
         500         495  0.958203654663534     
         501         496  0.876062071453645     
         502         497  0.981187792512995     
         503         497  0.978222101524122     
         504         497  0.984224122286151     
         505         493   1.32108981909788     
         506         505  0.980193414386533     
         507         506  0.974410382613596     
         508         507   1.88594999315518     
         509         506  0.951109383881491     
         510         509   1.01053838061078     
         511         509   1.00903158910257     
         512         505  0.871708321616784     
         513         506  0.944159899651441     
         514         509  0.952367317168683     
         515         510  0.982514253582490     
         516         510  0.984743477555472     
         517         510  0.984662172761098     
         518         511  0.982068820221733     
         519         511  0.986140707048484     
         520         511  0.980117935456668     
         522         521   1.01768138095784     
         523         522  0.974210621017376     
         524         523   1.87096097741498     
         525         522  0.961273045620677     
         526         525  0.988579963795675     
         527         526   1.00593455563949     
         528         526   1.01086253645536     
         529         521  0.909849171579746     
         530         522  0.955039811514181     
         531         525  0.972507945517749     
         532         525  0.975518058894119     
         533         526  0.953198654112532     
         534         527  0.981395882282287     
         535         527  0.985188918094801     
         536         527  0.986351479079095     
         537         528  0.984411119199379     
         538         528  0.986603477667523     
         539         528  0.983138488768057     
         541         540   1.02899128096730     
         542         541  0.988044492499139     
         543         542   1.84512586261335     
         544         541  0.939959985026207     
         545         544   1.00833974287689     
         546         545  0.909340430678929     
         547         546   1.48784966220721     
         548         546   1.50742004728841     
         549         540  0.955452497955962     
         550         541  0.944989491943300     
         551         544  0.972251755770776     
         552         544  0.956613498759329     
         553         545  0.965033121420755     
         554         545  0.962676829690413     
         556         555  0.992046167521472     
         557         556  0.981884469185050     
         558         557   1.87533450046602     
         559         556  0.963807645592738     
         560         559   1.00556741651496     
         561         555   1.00878513563461     
         561         560  0.997803858405727     
         562         556  0.964297112351795     
         563         559  0.976693821669649     
         564         559  0.975557977452647     
         565         560  0.980898377589937     
         566         560  0.976602071958953     
         567         561  0.958913061252512     
         568         561  0.975400853171803     
         569           1  0.953616257785941     
         570           3  0.953166979819866     
         571          21  0.957767994221681     
         572          42  0.953833737487593     
         573          59  0.948246544896233     
         574          61  0.952854726161837     
         575          79  0.955235595430789     
         576          81  0.953766521195990     
         577          98  0.956887906650809     
         578         368  0.956674771331217     
         579         385  0.956775514081760     
         580         406  0.953383641203542     
         581         421  0.957610201770063     
         582         423  0.954503761940839     
         583         437  0.956659915970341     
         584         455  0.955131978324824     
         585         472  0.956716711860434     
         586         474  0.952805152211020     
         587         491  0.954456539249078     
         588         507  0.954023201439759     
         589         521  0.956669662628321     
         590         523  0.956878438525277     
         591         540  0.950959157519972     
         592         542  0.952222466001696     
         593         555  0.950709139924544     
         594         557  0.954063940343644     
