           2           1   1.01157867340197     
           3           2  0.939316065644306     
           4           3   1.62090218824259     
           5           2  0.994504230955431     
           6           1  0.952441563744827     
           7           2  0.963621878613745     
           8           5  0.985090301187829     
           9           5  0.981724260690051     
          10           5  0.982674969657161     
          11           3   1.30347843119912     
          12          11  0.979720965469967     
          13          12  0.970602594922274     
          14          13   1.90847843903869     
          15          12  0.952091450480139     
          16          15   1.01001252618752     
          17          15   1.00765469598416     
          18          11  0.917545801652918     
          19          12  0.939086767881760     
          20          15  0.962257688492998     
          21          16  0.981895129969388     
          22          16  0.981510022057151     
          23          16  0.984880855304532     
          24          17  0.981297783542765     
          25          17  0.985355242835608     
          26          17  0.983250784589736     
          28          27   1.01351330926831     
          29          28  0.973612135024774     
          30          29   1.89110515909991     
          31          28  0.949742828822217     
          32          31   1.00757295964744     
          33          32   1.41128206404704     
          34          32   1.41607074208595     
          35          33   1.44774421064468     
          36          34   1.44279070635290     
          37          35   1.43623033151000     
          37          36   1.44024807910701     
          38          27  0.929493599305488     
          39          28  0.959476473128590     
          40          31  0.961018164397046     
          41          31  0.966542286481944     
          42          33  0.969006874328170     
          43          34  0.968316424469954     
          44          35  0.969254820465347     
          45          36  0.970020192854528     
          46          37  0.969380686392921     
          48          47  0.998929927501001     
          49          48  0.979481495105420     
          50          49   1.90315943974025     
          51          48  0.963285743699869     
          52          51  0.993808226112578     
          53          52   1.00980285860013     
          54          52   1.00804220038189     
          55          47  0.956312458927675     
          56          48  0.957470492237927     
          57          51  0.969630977073256     
          58          51  0.961271174657727     
          59          52  0.969115205699768     
          60          53  0.975837505461302     
          61          53  0.981553560843960     
          62          53  0.985905640631279     
          63          54  0.985439013828831     
          64          54  0.987042413766603     
          65          54  0.982443505399295     
          67          66   1.01583914115365     
          68          67  0.990048297529334     
          69          68   1.88648617404187     
          70          67  0.932686619058454     
          71          70   1.01088442400729     
          72          70   1.00743027645947     
          73          66  0.954133068752043     
          74          67  0.956533606335435     
          75          70  0.964328031732043     
          76          71  0.981830742648061     
          77          71  0.985777777513630     
          78          71  0.983736180369748     
          79          72  0.982794453604396     
          80          72  0.985729446072331     
          81          72  0.981645831350903     
          83          82   1.00530558848123     
          84          83  0.962567338375570     
          85          84   1.90252103482834     
          86          83  0.971124342023800     
          87          86  0.992809415606347     
          88          87   1.00957395106168     
          89          87   1.00804855933442     
          90          82  0.954985718911438     
          91          83  0.966873015985942     
          92          86  0.971217073410863     
          93          86  0.971852706874394     
          94          87  0.967089881222399     
          95          88  0.985242972534106     
          96          88  0.983415726748973     
          97          88  0.983865918760335     
          98          89  0.979423993631514     
          99          89  0.983721995831423     
         100          89  0.985695493014036     
         102         101   1.02831935860817     
         103         102  0.987770906385301     
         104         103   1.88284254549005     
         105         102  0.926912406841990     
         106         105   1.00778016601617     
         107         106   1.40459632517401     
         108         106   1.41446555872494     
         109         107   1.45150676850421     
         110         108   1.43865025585766     
         111         109   1.43291948733866     
         111         110   1.44257682127151     
         112         101  0.952158228103792     
         113         102  0.948554324956419     
         114         105  0.973706435226105     
         115         105  0.959092172598434     
         116         107  0.968522121660648     
         117         108  0.968052293103307     
         118         109  0.969047343215911     
         119         110  0.969546291816292     
         120         111  0.967905140908142     
         122         121   1.01253846967350     
         123         122  0.935113937464671     
         124         123   1.64702124393917     
         125         122  0.960906446555363     
         126         125   1.00805515575117     
         127         125   1.00890817706566     
         128         121  0.957355995037915     
         129         122  0.963992624447160     
         130         125  0.966377678990192     
         131         126  0.982612191860192     
         132         126  0.986006000158425     
         133         126  0.984317954306270     
         134         127  0.981275629425627     
         135         127  0.981450484968311     
         136         127  0.983398636157723     
         137         123   1.27785897015286     
         138         137  0.980749709435540     
         139         138  0.934138745542977     
         140         139   1.57928216124592     
         141         138  0.964203767600694     
         142         141  0.995561986088874     
         143         141   1.00539445037817     
         144         137  0.910876495589043     
         145         138  0.955945646492251     
         146         141  0.953496639139223     
         147         142  0.851731368936374     
         148         143  0.982892354503171     
         149         143  0.985999187832309     
         150         143  0.982136050413361     
         151         139   1.34731365728919     
         152         151  0.967326305034493     
         153         152  0.934474303773377     
         154         153   1.57341086581763     
         155         152  0.965324104192933     
         156         155   1.01089937029214     
         157         155   1.00666299677584     
         158         151  0.917600875943422     
         159         152  0.946141749830870     
         160         155  0.963558851511708     
         161         156  0.982641788755379     
         162         156  0.982254054840413     
         163         156  0.984690709153790     
         164         157  0.983284095415550     
         165         157  0.985046545557500     
         166         157  0.982393805406650     
         167         153   1.35906792171464     
         168         167  0.980179148164539     
         169         168  0.939946830252365     
         170         169   1.59900976497626     
         171         168  0.986143350610185     
         172         171  0.997954121629205     
         173         172  0.927094622522851     
         174         173   1.42592241163840     
         175         173   1.54875316631946     
         176         167  0.769855497099322     
         177         168  0.952284890164952     
         178         171  0.971978240186814     
         179         171  0.970477732836425     
         180         172  0.980199943179791     
         181         172  0.965910273936941     
         182         169   1.31026472780345     
         183         182  0.978490953613504     
         184         183  0.936563533141852     
         185         184   1.60092331534227     
         186         183  0.974683913756657     
         187         186  0.910347790025344     
         188         187   1.53262707278618     
         189         187   1.46001544003538     
         190         182  0.885264445087922     
         191         183  0.947166375674659     
         192         186  0.967274321939738     
         193         186  0.978721330393800     
         194         184   1.32843090160740     
         195         194  0.962328624340176     
         196         195  0.936738456426947     
         197         196   1.60455878737773     
         198         195  0.983175357248725     
         199         198  0.992019863488730     
         200         199   1.00902787551524     
         201         199   1.00834203938199     
         202         194  0.901880500872260     
         203         195  0.951245025512988     
         204         198  0.970383893005174     
         205         198  0.961250478141239     
         206         199  0.965717626356760     
         207         200  0.983479473866310     
         208         200  0.984565246775987     
         209         200  0.984883961559191     
         210         201  0.983219002562966     
         211         201  0.985368478869956     
         212         201  0.984862405909895     
         213         196   1.32154085856267     
         214         213  0.972859867863554     
         215         214  0.939071267398566     
         216         215   1.59921092562784     
         217         214  0.976273198418517     
         218         217   1.00774221175074     
         219         218   1.00239834365507     
         220         219   1.01059751116724     
         221         220  0.957735785357510     
         222         213  0.909240528027715     
         223         214  0.936462772120749     
         224         217  0.968469566407876     
         225         217  0.968368622468925     
         226         218  0.965668082557769     
         227         218  0.974850238617163     
         228         219  0.969076854395586     
         229         219  0.972161311991354     
         230         220  0.968328850678162     
         231         220  0.962287223296157     
         232         221  0.894958701159824     
         233         221  0.890751721655548     
         234         221  0.898822042644838     
         235         215   1.31475605933432     
         236         235  0.987995734403056     
         237         236  0.931797668024155     
         238         237   1.61924611036532     
         239         236  0.983449383217946     
         240         239  0.991163063882813     
         241         240  0.967231464756027     
         242         241   1.63530188226954     
         243         241   1.30128309437958     
         244         235  0.895502323140475     
         245         236  0.939323996225240     
         246         239  0.963416264775703     
         247         239  0.968198642619623     
         248         240  0.959224340719554     
         249         240  0.967511739699700     
         250         243  0.922543371706460     
         251         243  0.932111050569558     
         252         237   1.31825581808109     
         253         252  0.980283377817994     
         254         253  0.933767712166599     
         255         254   1.64121110536648     
         256         253  0.983742307121241     
         257         256   1.00683744853088     
         258         257  0.988650131869481     
         259         258  0.990004569617844     
         260         259   1.29844538324029     
         261         260   1.31641597643026     
         262         260   1.33259087999006     
         263         252  0.898928551978734     
         264         253  0.927723872846927     
         265         256  0.973283543346340     
         266         256  0.961274719652080     
         267         257  0.970720492475591     
         268         257  0.975733727819823     
         269         258  0.972054424210685     
         270         258  0.956653586455912     
         271         259  0.919620343799921     
         272         261  0.920586010966425     
         273         261  0.912388864694343     
         274         262  0.911434620810789     
         275         262  0.914716708942998     
         276         254   1.29645386388291     
         277         276  0.999184717767936     
         278         277  0.952683532569740     
         279         278   1.63076961284883     
         280         276  0.896263451186315     
         281         277  0.947255170113451     
         282         277  0.941888501718767     
         283         278   1.29696537553774     
         284         283  0.972460693809449     
         285         284  0.922119288072660     
         286         285   1.65745076171426     
         287         284  0.979161482123998     
         288         287  0.993120464221547     
         289         287   1.00685794691017     
         290         288   1.02021256422644     
         291         283  0.920874139027576     
         292         284  0.949521492252488     
         293         287  0.954770793248556     
         294         288  0.975612348726141     
         295         288  0.974233827017667     
         296         289  0.983783068137564     
         297         289  0.985283459583338     
         298         289  0.983063738495456     
         299         290  0.986230026831492     
         300         290  0.984550376807502     
         301         290  0.985519905118966     
         302         285   1.28610821413474     
         303         302  0.996993254073269     
         304         303  0.985666306565021     
         305         304   1.85968288899078     
         306         303  0.947593744294819     
         307         306   1.01007830024344     
         308         302  0.907652911334910     
         309         303  0.928648419054779     
         310         306  0.964722385831430     
         311         306  0.967325995663458     
         312         307  0.858204248066947     
         314         313   1.00377983269119     
         315         314  0.977040980544023     
         316         315   1.90301972856022     
         317         314  0.987804526402869     
         318         317   1.00689215620626     
         319         318   1.00665424550019     
         320         319  0.983181846763727     
         321         320   1.32223327265042     
         322         321   1.32228979326827     
         323         321   1.30090749912418     
         324         313  0.913717620296522     
         325         314  0.934303991155357     
         326         317  0.964704295235809     
         327         317  0.966511696551666     
         328         318  0.970018533127247     
         329         318  0.968899212475017     
         330         319  0.957101416859276     
         331         319  0.958364780134937     
         332         320  0.908888794125699     
         333         322  0.919306745172287     
         334         322  0.916182659116029     
         335         323  0.917498292746555     
         336         323  0.916589327175278     
         338         337   1.02537797349634     
         339         338  0.983743646635261     
         340         339   1.89364756349218     
         341         338  0.945576807025918     
         342         341  0.995892433399078     
         343         342   1.00712141105050     
         344         342   1.00919550123673     
         345         337  0.952032612423316     
         346         338  0.951783266797682     
         347         341  0.969998351404069     
         348         341  0.971132184841545     
         349         342  0.967937720713301     
         350         343  0.985033215124958     
         351         343  0.982607470435154     
         352         343  0.985368197903009     
         353         344  0.986641035692466     
         354         344  0.984564085001935     
         355         344  0.978015640183866     
         356           1  0.957785810756327     
         357          13  0.953800279867626     
         358          27  0.958189098702305     
         359          29  0.954267692088973     
         360          47  0.949885380855912     
         361          49  0.955636339312224     
         362          66  0.954024535177535     
         363          68  0.956277737743724     
         364          82  0.956489925152685     
         365          84  0.956369024599424     
         366         101  0.947814400805436     
         367         103  0.955593545411098     
         368         121  0.949905296151861     
         369         304  0.951952116219768     
         370         313  0.940060897283876     
         371         315  0.956145877969614     
         372         337  0.951330371542429     
         373         339  0.955540836422766     
