           2           1   1.02878663070767     
           3           2  0.942142880086125     
           4           3   1.64775489284587     
           5           2  0.960862121316532     
           6           5   1.01632512866919     
           7           6  0.988841616778273     
           8           7   1.01107151946307     
           9           1  0.946778170952833     
          10           2  0.949195382298509     
          11           5  0.973894425872283     
          12           5  0.971305481097907     
          13           6  0.966985235817550     
          14           6  0.975530260203641     
          15           8  0.976746135251335     
          16           8  0.982490375788183     
          17           8  0.983418399498770     
          18           3   1.27609866828904     
          19          18  0.981058969634188     
          20          19  0.943702855166125     
          21          20   1.63462202104441     
          22          19  0.961437115599269     
          23          22   1.01209691172578     
          24          23  0.901426865225623     
          25          24   1.50098325701125     
          26          24   1.50806030468930     
          27          18  0.921971666046716     
          28          19  0.959044043561132     
          29          22  0.974947125761612     
          30          22  0.973457496360403     
          31          23  0.965920593073684     
          32          23  0.977657714308493     
          33          20   1.29976443323025     
          34          33  0.976443256392532     
          35          34  0.936874777924763     
          36          35   1.63728928393441     
          37          34  0.960597378885466     
          38          37   1.00300930072590     
          39          38  0.971864173538724     
          40          39   1.62952355986765     
          41          39   1.31857194599049     
          42          33  0.913935732894325     
          43          34  0.946466223135772     
          44          37  0.971704178001921     
          45          37  0.969159971839169     
          46          38  0.947917428425008     
          47          38  0.969389560669523     
          48          41  0.935382908335472     
          49          41  0.917422408998954     
          50          35   1.29990577843475     
          51          50  0.976292474897164     
          52          51  0.940935271146899     
          53          52   1.60759060389115     
          54          51  0.971269146787584     
          55          54  0.990348555175306     
          56          55   1.00922064362943     
          57          55   1.01093893975677     
          58          50  0.898690965157320     
          59          51  0.955305530530530     
          60          54  0.972015970532836     
          61          54  0.972275508291187     
          62          55  0.967089032416077     
          63          56  0.984435058775605     
          64          56  0.985955610872284     
          65          56  0.987992686049621     
          66          57  0.983141806829224     
          67          57  0.985647029913742     
          68          57  0.983657063242009     
          69          52   1.32377615086720     
          70          69  0.970574196981503     
          71          70  0.933129525013535     
          72          71   1.64219143139239     
          73          70  0.961567534151643     
          74          73   1.00512995008161     
          75          74   1.00141730468198     
          76          75   1.00893024383216     
          77          76  0.958562450461801     
          78          69  0.918056477447067     
          79          70  0.950335436825764     
          80          73  0.969320387043428     
          81          73  0.969241131590300     
          82          74  0.971964555679496     
          83          74  0.973975867007504     
          84          75  0.968143141920968     
          85          75  0.969575050993783     
          86          76  0.965209275147567     
          87          76  0.960248837176597     
          88          77  0.884545428415235     
          89          77  0.896214598003376     
          90          77  0.894319579573936     
          91          71   1.29845257491759     
          92          91  0.980584058066837     
          93          92  0.934518805091196     
          94          93   1.62752752809058     
          95          92  0.959207372157552     
          96          95   1.00723321724766     
          97          95   1.00880666330236     
          98          91  0.897154014912558     
          99          92  0.953644737132266     
         100          95  0.963734407697951     
         101          96  0.984818116495551     
         102          96  0.984485425490372     
         103          96  0.984925152579049     
         104          97  0.984477362564914     
         105          97  0.984825493476344     
         106          97  0.982838954224492     
         107          93   1.30568422667667     
         108         107  0.975148925895918     
         109         108  0.935475627581050     
         110         109   1.64993030716659     
         111         108  0.965384462302836     
         112         111   1.00355144044225     
         113         112   1.00208852475469     
         114         113   1.01095624547136     
         115         114  0.958690901942880     
         116         107  0.918101923020245     
         117         108  0.955482563934336     
         118         111  0.972126966812119     
         119         111  0.972106587644354     
         120         112  0.969172091841317     
         121         112  0.974275641242963     
         122         113  0.970278152298260     
         123         113  0.971810842116028     
         124         114  0.964599975437474     
         125         114  0.963376752793252     
         126         115  0.892729890931608     
         127         115  0.893328605535938     
         128         115  0.897630429958449     
         129         109   1.28623310844672     
         130         129  0.987947156211513     
         131         130  0.983203911863558     
         132         131   1.90145185880546     
         133         130  0.926313786210258     
         134         133   1.00905755047139     
         135         134   1.41633713783212     
         136         134   1.40765112583283     
         137         135   1.44187838339020     
         138         136   1.44755994414006     
         139         137   1.44122060973886     
         139         138   1.43556986891136     
         140         129  0.921323876940574     
         141         130  0.951587080177805     
         142         133  0.965953202379314     
         143         133  0.971186526514210     
         144         135  0.968089139978191     
         145         136  0.968424795910031     
         146         137  0.970198481827923     
         147         138  0.970854806057784     
         148         139  0.970948069817748     
         150         149   1.01645033211124     
         151         150  0.945260814958375     
         152         151   1.62058171589680     
         153         150  0.966436531330563     
         154         153  0.967281991010461     
         155         154   1.65071981595607     
         156         154   1.30561877889738     
         157         149  0.957550172828589     
         158         150  0.955056777167257     
         159         153  0.947225611607145     
         160         153  0.971576423893034     
         161         156  0.917740960704753     
         162         156  0.934724371713302     
         163         151   1.30846299444256     
         164         163  0.978376619565773     
         165         164  0.942837851017452     
         166         165   1.62126322203889     
         167         164  0.987604447002123     
         168         163  0.884207174351473     
         169         164  0.952801409059152     
         170         167  0.985692240612766     
         171         167  0.983385159531888     
         172         167  0.980725011990170     
         173         165   1.30782714804665     
         174         173  0.988179021488599     
         175         174  0.938553212509908     
         176         175   1.60945457956559     
         177         174  0.945586610045928     
         178         177   1.00465531324319     
         179         177   1.01009086808286     
         180         173  0.910294126831905     
         181         174  0.939904279971114     
         182         177  0.963586683198467     
         183         178  0.978135044294475     
         184         178  0.975905180594580     
         185         178  0.984959624669914     
         186         179  0.982012588252214     
         187         179  0.983340014615955     
         188         179  0.985007936176910     
         189         175   1.30308441909354     
         190         189  0.997051392585836     
         191         190  0.944761523879966     
         192         191   1.61291299009146     
         193         190  0.945759537522001     
         194         193   1.01319540343639     
         195         194   1.27970532078835     
         196         194   1.54426070918352     
         197         195   1.52618504792499     
         198         196   1.22849027807588     
         198         197   1.28007839903669     
         199         189  0.873028372933680     
         200         190  0.952659860425804     
         201         193  0.965807920041446     
         202         193  0.962857516568868     
         203         196  0.967464539783683     
         204         197  0.964360034710399     
         205         198  0.895453423081627     
         206         191   1.30979403745424     
         207         206  0.984578255237116     
         208         207  0.988765696443530     
         209         208   1.88780132454308     
         210         207  0.924536689791175     
         211         210   1.01564515492267     
         212         206  0.907353188332708     
         213         207  0.938451760892914     
         214         210  0.964941148567324     
         215         210  0.961579761843323     
         216         211  0.877511031981392     
         218         217   1.02740335991350     
         219         218  0.941842734560535     
         220         219   1.61269014318462     
         221         218  0.960026745669683     
         222         221   1.00172630285109     
         223         217  0.931716307346719     
         224         218  0.958053839394849     
         225         221  0.960765515763804     
         226         221  0.969035567333155     
         227         222  0.864768296274532     
         228         219   1.30483435752342     
         229         228  0.968662675196455     
         230         229  0.931285648355065     
         231         230   1.60900093846113     
         232         229  0.978773451730504     
         233         232  0.908322640434780     
         234         233   1.51569524956409     
         235         233   1.47980014563025     
         236         228  0.924626852434723     
         237         229  0.958047843268861     
         238         232  0.977207772524461     
         239         232  0.964887199608974     
         240         230   1.30436985830666     
         241         240  0.969397190283515     
         242         241  0.980451377101970     
         243         242   1.87831096307604     
         244         241  0.948974593072374     
         245         244   1.00080763621761     
         246         245  0.906003413742012     
         247         246   1.52159940917387     
         248         246   1.48620376390077     
         249         240  0.912144608737125     
         250         241  0.959488901167341     
         251         244  0.969251872742489     
         252         244  0.974765892540066     
         253         245  0.981696317824687     
         254         245  0.970857501182407     
         255           1  0.948128222009058     
         256         131  0.953285973328363     
         257         149  0.946994963443383     
         258         208  0.951977380063355     
         259         217  0.947055251574051     
         260         242  0.952234257781228     
