           2           1   1.02775941227358     
           3           2  0.953547941700495     
           4           3   1.61027072592039     
           5           2  0.944491728736383     
           6           5   1.01954881642226     
           7           6   1.58009423707786     
           8           6   1.20781287893325     
           9           7   1.20641405858883     
          10           8   1.24413561592085     
          10           9   1.17589020801148     
          11           8   1.33179745963607     
          12          10   1.33686307509988     
          13          11   1.50385073919439     
          14          12   1.49273104601994     
          14          13   1.37047832348916     
          15           1  0.942129437227133     
          16           2  0.950541130632336     
          17           5  0.963739957289401     
          18           5  0.967431654253658     
          19           7  0.968110064186223     
          20           9  0.931172301636177     
          21          11  0.964668368590023     
          22          12  0.965640646809817     
          23          13  0.972174307802385     
          24          14  0.971213355085681     
          25           3   1.29530444219783     
          26          25  0.994246279275755     
          27          26  0.946985227557549     
          28          27   1.62503151989175     
          29          26  0.957584147239835     
          30          29  0.898126238956929     
          31          30   1.50713514547535     
          32          30   1.50843950067907     
          33          25  0.909451132834514     
          34          26  0.944043909009607     
          35          29  0.970058616562564     
          36          29  0.970888625985704     
          37          27   1.27942867796614     
          38          37  0.983006807527604     
          39          38  0.942088862444980     
          40          39   1.62874274862436     
          41          38  0.961009486688155     
          42          41   1.01246251491412     
          43          42  0.931198554509759     
          44          43   1.51292681472686     
          45          43   1.45676848393152     
          46          37  0.926449415305228     
          47          38  0.942536894708787     
          48          41  0.973736638499707     
          49          41  0.969053398804919     
          50          42  0.954317860801735     
          51          42  0.967152971127488     
          52          39   1.29632836612622     
          53          52  0.970505558163199     
          54          53  0.970961088755905     
          55          54   1.90694190542287     
          56          53  0.959523500341754     
          57          56  0.990708804385886     
          58          57   1.00598406015481     
          59          57   1.00984850576491     
          60          52  0.918496255087793     
          61          53  0.952286216707848     
          62          56  0.969250815133001     
          63          56  0.972709026561706     
          64          57  0.965143308191883     
          65          58  0.981140615423960     
          66          58  0.984740308362781     
          67          58  0.986548097970787     
          68          59  0.984331409490240     
          69          59  0.983988921579548     
          70          59  0.980685521709347     
          72          71   1.02629779593267     
          73          72  0.946964114513390     
          74          73   1.63399112330340     
          75          72  0.962115532868813     
          76          75   1.01458334863210     
          77          76  0.907403600765986     
          78          77   1.50675201497578     
          79          77   1.49636662677936     
          80          71  0.948378602323582     
          81          72  0.953815792616617     
          82          75  0.976151196337225     
          83          75  0.971624911685858     
          84          76  0.963216690987931     
          85          76  0.977200771390072     
          86          73   1.29267105355853     
          87          86  0.989663606682179     
          88          87  0.942150253993920     
          89          88   1.62976569485121     
          90          87  0.944685417822140     
          91          90   1.00882784518857     
          92          90   1.00977160314575     
          93          86  0.925727058046033     
          94          87  0.949734078853225     
          95          90  0.964937209728941     
          96          91  0.981924632132129     
          97          91  0.985472032656240     
          98          91  0.985217746579210     
          99          92  0.983806619436112     
         100          92  0.984622323224353     
         101          92  0.984927865079880     
         102          88   1.29621953706060     
         103         102  0.978786738241867     
         104         103  0.929616959340557     
         105         104   1.63684634981326     
         106         103  0.973918082316423     
         107         106  0.991360593545243     
         108         107   1.00785462991841     
         109         107   1.01041311813379     
         110         102  0.923591154430189     
         111         103  0.951067995787148     
         112         106  0.970384904061784     
         113         106  0.973032429660752     
         114         107  0.967840912102634     
         115         108  0.985052065790686     
         116         108  0.985634895543686     
         117         108  0.986765113905636     
         118         109  0.984300103512275     
         119         109  0.986113285429961     
         120         109  0.983005600934282     
         121         104   1.29932565368303     
         122         121  0.976901466448708     
         123         122  0.932347811376818     
         124         123   1.59185395493413     
         125         122  0.951735312272849     
         126         125  0.998578884134934     
         127         125  0.997485354345177     
         128         121  0.921692710626960     
         129         122  0.945433522585921     
         130         125  0.963752856353745     
         131         126  0.830626413977347     
         132         127  0.981988691956013     
         133         127  0.984103010197249     
         134         127  0.986715308013096     
         135         123   1.32661158667901     
         136         135  0.965236109113842     
         137         136  0.936883040896649     
         138         137   1.63432151046483     
         139         136  0.974344577180751     
         140         139   1.00563788574163     
         141         135  0.977285328404764     
         141         140   1.00411961578830     
         142         136  0.947462092508216     
         143         139  0.976089689710220     
         144         139  0.972702099658026     
         145         140  0.974842980547809     
         146         140  0.974367694383389     
         147         141  0.960571804433035     
         148         141  0.964024619720284     
         149         137   1.30607882471483     
         150         149  0.968267591816270     
         151         150  0.972760205911722     
         152         151   1.91014350046543     
         153         150  0.950220813440324     
         154         153   1.00219322955562     
         155         154   1.00496359610258     
         156         155   1.01069858135063     
         157         156  0.954114465394982     
         158         149  0.909624909903531     
         159         150  0.954375261095296     
         160         153  0.964896272572067     
         161         153  0.975048513561708     
         162         154  0.971872663317989     
         163         154  0.974432405037410     
         164         155  0.970616351285639     
         165         155  0.969557657758389     
         166         156  0.962869143800674     
         167         156  0.961393701278537     
         168         157  0.895749247952184     
         169         157  0.892790964232328     
         170         157  0.901095016387208     
         172         171   1.02461228230232     
         173         172  0.989289162168151     
         174         173   1.88216440171555     
         175         172  0.946335631899832     
         176         175   1.00868630732798     
         177         176   1.00393312434660     
         178         177   1.01033757222584     
         179         178  0.962154280092766     
         180         171  0.954135839140332     
         181         172  0.942333228921010     
         182         175  0.973618141002565     
         183         175  0.972184032979312     
         184         176  0.973696162522035     
         185         176  0.972348549880417     
         186         177  0.967583479534981     
         187         177  0.969585660298744     
         188         178  0.965918933705545     
         189         178  0.966911459096445     
         190         179  0.774394537774005     
         191         179  0.909200872039838     
         192         179  0.906401363169934     
         194         193   1.01641731697427     
         195         194  0.936358201568629     
         196         195   1.66061635268557     
         197         194  0.959157812161206     
         198         197   1.00787881624840     
         199         197   1.00819633164299     
         200         193  0.954058734574804     
         201         194  0.962421259629120     
         202         197  0.965742679195845     
         203         198  0.983909521940203     
         204         198  0.985630293701683     
         205         198  0.975992251662273     
         206         199  0.983385425456431     
         207         199  0.985247357270089     
         208         199  0.984157305675795     
         209         195   1.26603470613498     
         210         209  0.978234364166990     
         211         210  0.925563474234264     
         212         211   1.66184285976237     
         213         210  0.975559860385257     
         214         213   1.00638952831807     
         215         214  0.989542237817917     
         216         215  0.989850202519240     
         217         216   1.29977166653567     
         218         217   1.31529838456727     
         219         217   1.33146993380439     
         220         209  0.917274854682619     
         221         210  0.954956215763214     
         222         213  0.968590106662682     
         223         213  0.973282805694403     
         224         214  0.972069306711194     
         225         214  0.971812577032720     
         226         215  0.962896982632226     
         227         215  0.963947775563755     
         228         216  0.919756789763203     
         229         218  0.922757696182135     
         230         218  0.913896322727869     
         231         219  0.912837612879093     
         232         219  0.913794736740070     
         233         211   1.27806279885500     
         234         233  0.985494538738480     
         235         234  0.965682304018351     
         236         235   1.90343731477349     
         237         234  0.959930191910308     
         238         237  0.960927323609224     
         239         238   1.64721652179702     
         240         238   1.31099793908389     
         241         233  0.921279048626346     
         242         234  0.955591339400636     
         243         237  0.959883984433999     
         244         237  0.949618146271514     
         245         240  0.915067301516987     
         246         240  0.937434976709765     
         247           1  0.946667757941158     
         248          54  0.954279225074018     
         249          71  0.952584601197131     
         250         151  0.951209231260634     
         251         171  0.952182152454550     
         252         173  0.954507602238581     
         253         193  0.955345059425997     
         254         235  0.950008104494304     
