   -0.38717201
    0.04141521
    0.26395689
   -0.50152999
   -0.10560384
    0.29450732
   -0.48940412
   -0.29270829
    0.16867284
    0.03487539
    0.08292547
    0.06567112
    0.23397548
    0.22182490
   -0.16201427
    0.03200848
    0.20107091
   -0.35453412
   -0.13474245
    0.22914772
    0.07644912
    0.07429365
    0.08431662
    0.07853712
   -0.39424918
    0.00391165
    0.20599970
   -0.38375034
    0.17742225
    0.04785984
    0.06788660
   -0.41616862
    0.04012818
    0.27397845
   -0.49858714
   -0.06236175
   -0.00965015
   -0.11096002
   -0.11241229
    0.18735121
    0.02557759
    0.04489565
    0.02643408
    0.03105441
    0.04612004
    0.03429782
    0.04004295
    0.04900523
    0.03945115
    0.03533405
   -0.18631933
    0.01746071
    0.26662168
   -0.48910511
    0.13014279
   -0.47503182
   -0.11707568
    0.21858816
    0.05808427
    0.00046322
    0.34279683
    0.06923810
    0.03683364
    0.05394325
   -0.16595365
    0.02472352
    0.27313971
   -0.48326029
   -0.01846366
   -0.05421323
   -0.11213406
   -0.10649668
    0.20626348
    0.06755271
    0.06101296
    0.02261602
    0.04430434
    0.05764087
    0.04413705
    0.04549222
    0.03898947
    0.05471742
    0.02566285
   -0.17198104
    0.02633678
    0.27444688
   -0.46267928
   -0.07040642
   -0.10803964
    0.28500091
   -0.50896586
   -0.28937310
    0.21549616
    0.04422084
    0.07133002
    0.07846745
    0.09865354
    0.06629677
    0.23164160
    0.23380928
   -0.15856752
    0.01255331
    0.19872141
   -0.35525585
   -0.01534592
   -0.11589791
   -0.11970541
    0.19184667
    0.11270860
    0.06694602
    0.05477510
    0.04905777
    0.04672980
    0.05807366
    0.03831841
    0.04555789
   -0.37842020
    0.02554302
    0.28465092
   -0.48728276
    0.13640802
   -0.51061575
   -0.11393138
    0.16031805
    0.04258894
   -0.02395071
    0.30499681
    0.03155970
    0.05807085
    0.05815435
   -0.19342979
    0.03044191
    0.28156581
   -0.48254077
   -0.01977186
   -0.06060253
   -0.11047744
   -0.10761095
    0.21577197
    0.04424698
    0.05749448
    0.03551785
    0.04086682
    0.06677111
    0.02570713
    0.03721441
    0.05081144
    0.04545761
    0.04037409
   -0.17113420
    0.03443268
    0.26718402
   -0.48659014
   -0.09201282
    0.37633416
   -0.62375360
   -0.61833645
    0.19068776
    0.08776938
    0.02986605
    0.03409917
   -0.17136005
    0.02325369
    0.19860407
   -0.35730154
   -0.01232996
   -0.05389984
   -0.12410226
   -0.10484401
    0.21365413
    0.08586566
    0.04374559
    0.03464720
    0.03048133
    0.06990078
    0.04345622
    0.05570958
    0.04010633
    0.04295321
    0.05101738
   -0.38441237
    0.04077206
    0.19995140
   -0.37930765
   -0.07244254
    0.01415900
   -0.03755013
   -0.04237529
   -0.02922416
   -0.03335886
   -0.03188490
    0.16776806
    0.05953499
    0.05980431
    0.05592986
    0.03590902
    0.04552482
    0.02686830
    0.03852217
    0.01790954
    0.18129347
    0.07989247
    0.17882822
    0.07627135
    0.18187553
    0.08002385
    0.18751707
    0.08618621
    0.17421125
    0.07610818
