   -0.41810395
    0.02550936
    0.18982564
   -0.37177558
   -0.15559303
    0.19678686
    0.06265653
    0.06834083
    0.07407193
    0.07810558
   -0.41574036
   -0.02707547
    0.27133468
   -0.51372103
    0.18349326
    0.06282335
    0.07022460
   -0.19124227
    0.00947537
    0.20734299
   -0.36774415
   -0.04019542
   -0.09527116
   -0.15164449
   -0.15369541
    0.24563815
    0.08253742
    0.07811008
    0.04896874
    0.07085585
    0.08203509
    0.05067970
    0.04798507
    0.05743168
    0.06728080
    0.06177531
   -0.42451812
    0.03172462
    0.26367307
   -0.50965039
   -0.14636869
    0.19674051
    0.04254687
    0.04840704
    0.06499453
    0.06695313
   -0.18616364
    0.01724636
    0.19576503
   -0.36187835
   -0.09060889
   -0.12924677
    0.28145548
   -0.50611406
   -0.29582394
    0.24118629
    0.09252562
    0.09133965
    0.09268248
    0.07248128
    0.09675878
    0.23895745
    0.24952121
   -0.41839997
    0.00472883
    0.25939427
   -0.49132002
    0.10143017
   -0.49447748
   -0.16008229
    0.17228370
    0.07928265
    0.03189429
    0.32053941
    0.07505920
    0.06045402
    0.08331608
   -0.18954688
    0.02620791
    0.19838775
   -0.37157142
   -0.06721017
   -0.10805412
    0.37306972
   -0.65682599
   -0.64635479
    0.22253455
    0.09270828
    0.06942800
    0.06879327
    0.03800615
    0.04821390
   -0.42238158
    0.02582933
    0.19949414
   -0.37939171
   -0.09071209
   -0.02474941
   -0.14792871
   -0.15772937
    0.18808702
    0.07291100
    0.05860623
    0.05735842
    0.05531832
    0.05424506
    0.03588929
    0.05163013
    0.05682934
    0.05589477
    0.05530117
   -0.41295702
    0.02849090
    0.19994465
   -0.37271596
   -0.03296940
   -0.08128816
   -0.15156307
   -0.14931486
    0.17126359
    0.07246277
    0.06824746
    0.03063329
    0.05513129
    0.06660610
    0.04932433
    0.06012785
    0.05007537
    0.06472738
    0.04346981
   -0.41294667
    0.01641300
    0.20559153
   -0.38248724
   -0.03094807
   -0.14577987
   -0.14933061
    0.17737827
    0.08691257
    0.05806525
    0.06612388
    0.05437584
    0.05015402
    0.07112182
    0.05181929
    0.04527661
   -0.42988296
    0.02747073
    0.28521650
   -0.48965435
   -0.04227851
   -0.09445438
   -0.15474215
   -0.15220971
    0.19350587
    0.04239624
    0.06286133
    0.05674505
    0.05436077
    0.07429699
    0.03104680
    0.05297535
    0.06263227
    0.05614170
    0.05584643
   -0.19303677
    0.03744054
    0.26472281
   -0.50894774
   -0.10982905
    0.37316259
   -0.62428638
   -0.64362201
    0.20040252
    0.06937749
    0.03912263
    0.03532353
   -0.18228828
    0.01569358
    0.27577018
   -0.49939581
   -0.03626639
   -0.08754979
   -0.15044148
   -0.14786272
    0.21559368
    0.07220678
    0.06707897
    0.05312028
    0.05394068
    0.09221437
    0.04456494
    0.04390136
    0.06910105
    0.06262134
    0.05645743
   -0.20059147
    0.03389306
    0.26098658
   -0.49137177
   -0.10165396
    0.37391368
   -0.65571932
   -0.64935933
    0.20462325
    0.07485631
    0.03950519
    0.04902844
   -0.16684517
    0.01602366
    0.19047619
   -0.37029838
   -0.09846995
   -0.02607129
   -0.15796775
   -0.15755487
    0.21694151
    0.11030795
    0.07329921
    0.09348818
    0.03864336
    0.06489868
    0.05768549
    0.07092669
    0.06011337
    0.07236007
    0.04096236
   -0.42197973
    0.03290980
    0.26070815
   -0.51686791
   -0.11654484
    0.36465037
   -0.64022793
   -0.64160102
    0.19309666
    0.05356087
    0.04789504
    0.03684985
   -0.19590910
    0.00104738
    0.28735687
   -0.50930865
    0.10709249
   -0.51502721
   -0.17326157
    0.23183314
    0.10416780
    0.07221840
    0.35685140
    0.08996990
    0.07774748
    0.05578590
   -0.19520983
    0.01643767
    0.27669116
   -0.51653586
   -0.10759311
   -0.02877620
   -0.16157712
   -0.14652318
    0.22967703
    0.08154648
    0.07876856
    0.06756423
    0.06201354
    0.07354441
    0.07206320
    0.05739113
    0.07059410
    0.04167323
    0.03192497
   -0.20170647
    0.01741101
    0.27948147
   -0.51545434
   -0.11065005
   -0.09476580
   -0.04181676
   -0.14804316
    0.22772878
   -0.25005725
   -0.26778205
    0.22479088
    0.08961335
    0.08868532
    0.08639898
    0.07025047
    0.08247109
    0.09796638
    0.10893474
    0.23074014
    0.24671081
    0.26288401
    0.24592706
    0.26335690
   -0.19116331
    0.00351215
    0.27392970
   -0.49758109
    0.04630229
   -0.45829084
    0.24120850
    0.10839707
    0.07586074
    0.10798971
    0.29745482
   -0.18509531
    0.03975394
    0.27846354
   -0.47931422
   -0.10914295
    0.37619686
   -0.64553996
   -0.63981913
    0.19886588
    0.07932110
    0.04838263
    0.04026500
   -0.20255554
    0.02682251
    0.28693952
   -0.50569068
   -0.09000305
   -0.02218333
   -0.14846485
   -0.14913797
    0.20692865
    0.07501752
    0.05905412
    0.07294163
    0.03123604
    0.07259373
    0.04696705
    0.05945263
    0.06620336
    0.06250847
    0.03296691
   -0.18508262
    0.03870528
    0.26271556
   -0.49611909
   -0.15604218
    0.21627362
    0.08457596
    0.08521173
    0.07470748
    0.06847703
   -0.19045115
    0.01169408
    0.27130273
   -0.48857357
   -0.16783780
    0.22861831
    0.10106686
    0.09910904
    0.08262859
    0.06416475
   -0.18768535
   -0.00236335
    0.27270499
   -0.47490838
   -0.03334253
   -0.15524750
   -0.14854249
    0.21452529
    0.09709817
    0.06316822
    0.06679783
    0.06511701
    0.06832265
    0.03926664
    0.06476807
    0.05163792
   -0.19168582
    0.02082383
    0.27283228
   -0.48221095
   -0.09005074
   -0.11586636
    0.28279995
   -0.49589596
   -0.29080708
    0.21983953
    0.09119307
    0.08720835
    0.08444605
    0.08433033
    0.07802442
    0.21404164
    0.22102238
   -0.17312502
    0.02127256
    0.26395965
   -0.49756987
   -0.13590033
    0.28692963
   -0.49452461
   -0.30829684
    0.21409902
    0.11599037
    0.10077294
    0.11972670
    0.24131981
    0.24516856
   -0.18480413
   -0.00345709
    0.26415824
   -0.48844750
   -0.11255515
   -0.11533871
   -0.05647031
   -0.15199241
    0.22369921
   -0.26866999
   -0.25338575
    0.21798456
    0.12085642
    0.09012834
    0.07359481
    0.09925744
    0.09900826
    0.10172183
    0.11129581
    0.21809125
    0.23815293
    0.26668211
    0.25554412
    0.26308023
   -0.18930713
    0.00518151
    0.26618436
   -0.48031191
   -0.10750346
    0.00555095
   -0.06312751
   -0.07055916
   -0.05353904
   -0.05159155
   -0.05968774
    0.22855242
    0.10989043
    0.09175251
    0.08688931
    0.06091388
    0.07108324
    0.04778638
    0.06634293
    0.05577135
   -0.19015860
    0.00856425
    0.27156317
   -0.48981392
   -0.13043153
    0.28831280
   -0.48999726
   -0.29487575
    0.21985039
    0.10213090
    0.09800542
    0.10997366
    0.24213051
    0.23156336
   -0.18078883
   -0.00339091
    0.26703238
   -0.49091207
    0.03916439
   -0.48096327
    0.22806107
    0.10039101
    0.07758835
    0.09120706
    0.33158870
   -0.19084634
    0.00761409
    0.28300276
   -0.49813864
   -0.16792681
    0.23388751
    0.09250636
    0.08070105
    0.08966649
    0.08666847
   -0.19856927
    0.00209295
    0.28047622
   -0.49300267
   -0.03959711
   -0.09572663
   -0.15322656
   -0.15066672
    0.22066907
    0.08594605
    0.06271875
    0.05806964
    0.06154900
    0.07971184
    0.04738777
    0.06223645
    0.06351920
    0.04360420
    0.06627428
   -0.19415337
    0.00417042
    0.20568141
   -0.36036714
    0.10950582
   -0.47130439
   -0.16429581
    0.22615324
    0.11130734
    0.05420021
    0.32824793
    0.09317763
    0.06858630
    0.08543693
    0.17467068
    0.08543544
    0.18534793
    0.07873197
    0.17479623
    0.08920263
    0.19602892
    0.07926350
    0.18062070
    0.07018660
    0.17171264
    0.07190930
    0.17589928
    0.06127960
    0.19156382
    0.09628571
    0.18734947
    0.06942576
