           2           1   1.01352752892812     
           3           2  0.941765753899202     
           4           3   1.60020572180328     
           5           2  0.974092703459075     
           6           5   1.00046292198030     
           7           6  0.967824428496450     
           8           7   1.64452037778403     
           9           7   1.30654172068626     
          10           1  0.946122555348373     
          11           2  0.961172936600271     
          12           5  0.968123833705637     
          13           5  0.975200058812859     
          14           6  0.972622217501629     
          15           6  0.948521248260798     
          16           9  0.929150693321490     
          17           9  0.920830089542990     
          18           3   1.31073925236622     
          19          18  0.978024921814893     
          20          19  0.938119806630936     
          21          20   1.62699537371426     
          22          19  0.945586614490855     
          23          22   1.00354000182450     
          24          22  0.995962198121651     
          25          18  0.910887860185952     
          26          19  0.948482525909870     
          27          22  0.957795722445063     
          28          23  0.872683140876283     
          29          24  0.979373761882084     
          30          24  0.982474880981976     
          31          24  0.979572358270697     
          32          20   1.29750731332929     
          33          32  0.977764760312328     
          34          33  0.938865870273280     
          35          34   1.61419030293992     
          36          33  0.946868648704338     
          37          36   1.00575773778695     
          38          36   1.00391574573402     
          39          32  0.916480236774286     
          40          33  0.946426432422131     
          41          36  0.957363345835585     
          42          37  0.870532540440064     
          43          38  0.980682499007949     
          44          38  0.981166494891341     
          45          38  0.979775502962513     
          46          34   1.30355604149244     
          47          46  0.976293533983588     
          48          47  0.937285793437733     
          49          48   1.60215537311903     
          50          47  0.977475783430399     
          51          50   1.00609686474216     
          52          51  0.912512759054136     
          53          52   1.51240816588796     
          54          52   1.48784178708978     
          55          46  0.924025238338007     
          56          47  0.945590845292289     
          57          50  0.966273368883630     
          58          50  0.971982290106248     
          59          51  0.967304939114394     
          60          51  0.973488536953987     
          61          48   1.32263940262304     
          62          61  0.990041641049628     
          63          62  0.948293558225420     
          64          63   1.59716555086630     
          65          61  0.877608557542864     
          66          62  0.958957558875799     
          67          62  0.956411382863680     
          68          63   1.33628552696792     
          69          68  0.972893421923113     
          70          69  0.938087428412817     
          71          70   1.58632073873743     
          72          69  0.994961396352548     
          73          68  0.886761957658221     
          74          69  0.952467517750692     
          75          72  0.976840466831451     
          76          72  0.973373428311630     
          77          72  0.976365517274613     
          78          70   1.33720913077194     
          79          78  0.980361672070337     
          80          79  0.942554323134259     
          81          80   1.56913581956369     
          82          79  0.977174023152190     
          83          82  0.991442757920288     
          84          83   1.00676895222940     
          85          83   1.00997937519259     
          86          78  0.875633509558808     
          87          79  0.937097131386546     
          88          82  0.966656240513323     
          89          82  0.968652091133932     
          90          83  0.960556009485598     
          91          84  0.984268614059786     
          92          84  0.982645957128555     
          93          84  0.985504318187356     
          94          85  0.979863957379661     
          95          85  0.980462423425485     
          96          85  0.979021570139044     
          97          80   1.33831480759245     
          98          97  0.983134561575059     
          99          98  0.936700491057667     
         100          99   1.55679687502899     
         101          98  0.986406835516868     
         102         101  0.966914694784097     
         103         102   1.61722141697517     
         104         102   1.32622406966647     
         105          97  0.870387729847577     
         106          98  0.943962009689149     
         107         101  0.943853927502503     
         108         101  0.949660000198837     
         109         104  0.920225951197687     
         110         104  0.929724464334491     
         111          99   1.35468352302513     
         112         111  0.976954624075050     
         113         112  0.941718800536165     
         114         113   1.57399556675067     
         115         112  0.977345020795330     
         116         115  0.999643401020319     
         117         116  0.912144833539063     
         118         117   1.50382389286053     
         119         117   1.49763829126334     
         120         111  0.888835342803327     
         121         112  0.947963322519125     
         122         115  0.961350543793866     
         123         115  0.973185542816900     
         124         116  0.979929528747798     
         125         116  0.975136987159423     
         126         113   1.34265405816900     
         127         126  0.970370575240730     
         128         127  0.931054879551108     
         129         128   1.60561160434419     
         130         127  0.965532550614753     
         131         130  0.993166883976552     
         132         130   1.00783605106127     
         133         131   1.01878425600135     
         134         126  0.879181910045006     
         135         127  0.948077999634100     
         136         130  0.956690560995911     
         137         131  0.970770131472223     
         138         131  0.970937956862289     
         139         132  0.979017506613759     
         140         132  0.981462616780597     
         141         132  0.980104004912372     
         142         133  0.982659045639862     
         143         133  0.982583130005806     
         144         133  0.981228235430095     
         145         128   1.32422633147239     
         146         145  0.979069490834979     
         147         146  0.933443354993088     
         148         147   1.60919937319520     
         149         146  0.979803655573450     
         150         149  0.964208439289944     
         151         150   1.67752873904165     
         152         150   1.27896168942479     
         153         145  0.855629137991570     
         154         146  0.948426246984887     
         155         149  0.961932514513407     
         156         149  0.944506908001560     
         157         152  0.929376917778199     
         158         152  0.928405114555146     
         159         147   1.31872458769485     
         160         159  0.978321326234395     
         161         160  0.937081789813616     
         162         161   1.60806383746496     
         163         160  0.970455435033339     
         164         163  0.960178100178649     
         165         164   1.64670962286919     
         166         164   1.31857180455289     
         167         159  0.885635322411533     
         168         160  0.933146054006640     
         169         163  0.959244200106009     
         170         163  0.970260682215297     
         171         166  0.923080124263794     
         172         166  0.905147973671130     
         173         161   1.31566154638894     
         174         173  0.975285534844084     
         175         174  0.926788684093637     
         176         175   1.61724066415064     
         177         174  0.972483130790288     
         178         177  0.963423392860817     
         179         178   1.65580572930197     
         180         178   1.29917638878024     
         181         173  0.901500521904397     
         182         174  0.951769165458301     
         183         177  0.960264975137406     
         184         177  0.958149542919425     
         185         180  0.929152792336250     
         186         180  0.913721650187686     
         187         175   1.32818717480388     
         188         187  0.978380348866051     
         189         188  0.934107910433756     
         190         189   1.61476778757102     
         191         188  0.979604407704418     
         192         191  0.991118615640443     
         193         192   1.00715290800336     
         194         192   1.01060536691243     
         195         187  0.889785254654890     
         196         188  0.944657145482429     
         197         191  0.967666454434315     
         198         191  0.970389336865190     
         199         192  0.962660228966921     
         200         193  0.984250604739980     
         201         193  0.983400526657575     
         202         193  0.982386523210155     
         203         194  0.983040553582514     
         204         194  0.985283921876345     
         205         194  0.982128854893273     
         206         189   1.32007847986255     
         207         206  0.980289866392513     
         208         207  0.928148320147293     
         209         208   1.62830015943291     
         210         207  0.983144163596331     
         211         210  0.990146088877766     
         212         211  0.970411504369483     
         213         212   1.63372559560618     
         214         212   1.30893653583865     
         215         206  0.882150448384189     
         216         207  0.952112625245009     
         217         210  0.967091229378263     
         218         210  0.973019866203602     
         219         211  0.973785145140359     
         220         211  0.950149575557233     
         221         214  0.925835703420359     
         222         214  0.923660366375003     
         223         208   1.31705667250546     
         224         223  0.971545818280171     
         225         224  0.973322579967703     
         226         225   1.89867628083419     
         227         224  0.966749896101792     
         228         227   1.00489103033150     
         229         228   1.00242189693576     
         230         229  0.992779225933070     
         231         230   1.31527626414338     
         232         231   1.32544699370774     
         233         231   1.30347898654341     
         234         223  0.899470448226270     
         235         224  0.943910607881117     
         236         227  0.963637160313707     
         237         227  0.966944599047403     
         238         228  0.970498258854731     
         239         228  0.972062075367770     
         240         229  0.956584729758907     
         241         229  0.957554162893893     
         242         230  0.912136160861685     
         243         232  0.909034863043899     
         244         232  0.913782514690259     
         245         233  0.918510116983572     
         246         233  0.915019820655789     
         248         247   1.01069288174664     
         249         248  0.975047350492733     
         250         249   1.88905918507926     
         251         248  0.951348519043123     
         252         251  0.994837901170880     
         253         251   1.00870420831924     
         254         252   1.01713103554496     
         255         247  0.948629160434777     
         256         248  0.957946671060422     
         257         251  0.963969576625233     
         258         252  0.971771223403453     
         259         252  0.972413752020789     
         260         253  0.980495587555835     
         261         253  0.981213618148974     
         262         253  0.982349511667957     
         263         254  0.983603744128891     
         264         254  0.986146117018328     
         265         254  0.982492829425391     
         267         266   1.01062671199370     
         268         267  0.982440231719858     
         269         268   1.84464791102584     
         270         267  0.946851658632914     
         271         270   1.00747383978798     
         272         270   1.00831270441143     
         273         266  0.953110525123948     
         274         267  0.959602242949440     
         275         270  0.959944741658590     
         276         271  0.983124685259021     
         277         271  0.979012876108815     
         278         271  0.981238675999116     
         279         272  0.982744870659011     
         280         272  0.985330794150635     
         281         272  0.982489766777127     
         283         282   1.01383558441125     
         284         283  0.976119657135246     
         285         284   1.89891820057354     
         286         283  0.931031630043212     
         287         286   1.00121976431897     
         288         286   1.00376952155540     
         289         282  0.936249350084693     
         290         283  0.965219900694449     
         291         286  0.961433444095903     
         292         287  0.840271491716703     
         293         288  0.979719984406677     
         294         288  0.982400432583274     
         295         288  0.983425331778665     
         297         296   1.02606962401389     
         298         297  0.991811004448576     
         299         298   1.87408426097867     
         300         297  0.960178629748091     
         301         300  0.995082992640889     
         302         301   1.00607270749558     
         303         301   1.01046083755406     
         304         296  0.956954189613840     
         305         297  0.921242139899129     
         306         300  0.974037103150308     
         307         300  0.969727489508152     
         308         301  0.965266037077780     
         309         302  0.982612469639571     
         310         302  0.984830235958878     
         311         302  0.983943944412722     
         312         303  0.982179174310322     
         313         303  0.979783217005729     
         314         303  0.980806730585798     
         316         315   1.00636690739218     
         317         316  0.975958368843460     
         318         317   1.90389053185830     
         319         316  0.951149624244463     
         320         319  0.995148501703077     
         321         319   1.00784267646116     
         322         320   1.01950957973354     
         323         315  0.947797409208368     
         324         316  0.961421252622994     
         325         319  0.960881671718190     
         326         320  0.973145958882988     
         327         320  0.971414910612383     
         328         321  0.983972498373623     
         329         321  0.982153662338377     
         330         321  0.983230309547310     
         331         322  0.982392143328233     
         332         322  0.984387928065870     
         333         322  0.984981338306244     
         335         334   1.01572523168950     
         336         335  0.978219947713919     
         337         336   1.86921728592785     
         338         335  0.959224624924831     
         339         338  0.991798465821782     
         340         339   1.00702945640886     
         341         339   1.00983046620435     
         342         334  0.949736494319520     
         343         335  0.951402150467095     
         344         338  0.967879147358966     
         345         338  0.972386233225296     
         346         339  0.963237250643458     
         347         340  0.983948430886345     
         348         340  0.985812436325173     
         349         340  0.986725327137714     
         350         341  0.979444083210020     
         351         341  0.984800181035615     
         352         341  0.981247113493815     
         354         353   1.01250426260653     
         355         354  0.939826582550416     
         356         355   1.58504537216788     
         357         354  0.964052477592578     
         358         357   1.00712440788250     
         359         357   1.00873850831640     
         360         353  0.950780505612459     
         361         354  0.962865130315453     
         362         357  0.958638978730591     
         363         358  0.984728820484072     
         364         358  0.985164538467016     
         365         358  0.980310118905650     
         366         359  0.982697150723966     
         367         359  0.984336276450744     
         368         359  0.981478366511895     
         369         355   1.32760446479276     
         370         369  0.985233583732802     
         371         370  0.984209089217508     
         372         371   1.84548105665518     
         373         370  0.962133413356798     
         374         373  0.879034527072966     
         375         374   1.52255842941976     
         376         374   1.51248329006716     
         377         369  0.882074869204134     
         378         370  0.932922207754805     
         379         373  0.974214009170763     
         380         373  0.963974680167505     
         382         381   1.01196839864117     
         383         382  0.944740667775242     
         384         383   1.58460861575044     
         385         382  0.971379214506482     
         386         385  0.992785428542575     
         387         386   1.00562034762822     
         388         386   1.01065721354875     
         389         381  0.946918459112193     
         390         382  0.957862845210413     
         391         385  0.969935087380855     
         392         385  0.975758975674235     
         393         386  0.964334505086996     
         394         387  0.984872698509104     
         395         387  0.985227465468735     
         396         387  0.985288478362398     
         397         388  0.985154776117965     
         398         388  0.986421499874521     
         399         388  0.983274573490815     
         400         383   1.32670850748727     
         401         400  0.979777435826785     
         402         401  0.937455358446640     
         403         402   1.59920243528511     
         404         401  0.978878847166977     
         405         404   1.00529445609141     
         406         405   1.00492111345953     
         407         406  0.990060403556456     
         408         407   1.31707692344879     
         409         408   1.29587922788483     
         410         408   1.32987982986750     
         411         400  0.879944757381725     
         412         401  0.950474614492859     
         413         404  0.969918901886165     
         414         404  0.962912767921743     
         415         405  0.969789312567617     
         416         405  0.970809033126862     
         417         406  0.956682276073086     
         418         406  0.957806713834133     
         419         407  0.909556392872063     
         420         409  0.915671529064775     
         421         409  0.919202325729659     
         422         410  0.872586881787347     
         423         410  0.920212808807823     
         424         402   1.31186315635171     
         425         424  0.989194121349722     
         426         425  0.940454027529737     
         427         426   1.62096905387880     
         428         425  0.958934411395360     
         429         428   1.01484312852105     
         430         424  0.889016692213862     
         431         425  0.948002796968036     
         432         428  0.968282441819471     
         433         428  0.961602596525830     
         434         429  0.889743918408883     
         435         426   1.30200284171437     
         436         435  0.975591711700269     
         437         436  0.937110097172411     
         438         437   1.61587552687406     
         439         436  0.985079900383405     
         440         439  0.890113424790000     
         441         440   1.51201241146909     
         442         440   1.51127688077155     
         443         435  0.915246640256301     
         444         436  0.953599022208763     
         445         439  0.971145629126569     
         446         439  0.965148991679173     
         447         437   1.30885297806310     
         448         447  0.973962300021968     
         449         448  0.932677572309406     
         450         449   1.62007529870150     
         451         448  0.981907647946784     
         452         451  0.990999765259088     
         453         452   1.00712734427980     
         454         452   1.01011545654372     
         455         447  0.906059362034457     
         456         448  0.948953488532923     
         457         451  0.966994441731217     
         458         451  0.970154014015691     
         459         452  0.964404106164171     
         460         453  0.983424281713794     
         461         453  0.982734923472137     
         462         453  0.982397082726927     
         463         454  0.984561316545369     
         464         454  0.985488210438109     
         465         454  0.981857538597635     
         466         449   1.31687152847169     
         467         466  0.970405456507368     
         468         467  0.970114526857501     
         469         468   1.89968943910602     
         470         467  0.984756665937062     
         471         466  0.896136047419118     
         472         467  0.952678851643959     
         473         470  0.979666893898279     
         474         470  0.978059527730643     
         475         470  0.979572131260259     
         476           1  0.961452578301303     
         477         225  0.956950043088860     
         478         247  0.958435970236119     
         479         249  0.953627306359289     
         480         266  0.952645701827146     
         481         268  0.954117436241319     
         482         282  0.954757815447961     
         483         284  0.953652809924594     
         484         296  0.950608661398895     
         485         298  0.953107318048464     
         486         315  0.945522184882430     
         487         317  0.955310338610656     
         488         334  0.954952764994789     
         489         336  0.953166092440370     
         490         353  0.956561570097730     
         491         371  0.952107523023235     
         492         381  0.953905518508474     
         493         468  0.955709432569767     
