           2           1   1.01686961366265     
           3           2  0.987553595038277     
           4           3   1.84632995387948     
           5           2  0.955962552879887     
           6           5  0.990169126801946     
           7           6   1.00492237567121     
           8           6   1.01039228108314     
           9           1  0.952624565990488     
          10           2  0.941462649850597     
          11           5  0.971388672392963     
          12           5  0.971005491335062     
          13           6  0.966341994430319     
          14           7  0.985103685033646     
          15           7  0.985864965814804     
          16           7  0.985967980313852     
          17           8  0.982454756627762     
          18           8  0.980586212181393     
          19           8  0.978622509876179     
          21          20   1.01185222952331     
          22          21  0.934555780831389     
          23          22   1.60318848620371     
          24          21  0.964918070417296     
          25          24  0.994840709762492     
          26          24   1.00935024649038     
          27          25   1.01866373388437     
          28          20  0.952082334571317     
          29          21  0.958118622967482     
          30          24  0.956794807959012     
          31          25  0.971576476643818     
          32          25  0.972658381840456     
          33          26  0.981088473747707     
          34          26  0.981014428260020     
          35          26  0.980671142388497     
          36          27  0.986080845732649     
          37          27  0.983051909365315     
          38          27  0.981695370321160     
          39          22   1.32100326825581     
          40          39  0.983660580144239     
          41          40  0.934035879828116     
          42          41   1.62861008489553     
          43          40  0.979500959344541     
          44          43  0.962823308450722     
          45          44   1.67874313108368     
          46          44   1.27709050355832     
          47          39  0.852105198594503     
          48          40  0.946805681088807     
          49          43  0.960018102629836     
          50          43  0.949010747740127     
          51          46  0.934108255453502     
          52          46  0.928135845137693     
          53          41   1.29491270043182     
          54          53  0.978886323606973     
          55          54  0.936379216255641     
          56          55   1.62167982083865     
          57          54  0.970665836723493     
          58          57  0.957508277522797     
          59          58   1.65549259309022     
          60          58   1.31164549671335     
          61          53  0.913939470698514     
          62          54  0.931273465062524     
          63          57  0.959820183453018     
          64          57  0.968505878896551     
          65          60  0.922404478060680     
          66          60  0.925101885125733     
          67          55   1.29992049372824     
          68          67  0.976252732254229     
          69          68  0.928593668055304     
          70          69   1.59308092237472     
          71          68  0.972458112522747     
          72          71  0.962576392911299     
          73          72   1.66343275753108     
          74          72   1.29342724829737     
          75          67  0.918899909767131     
          76          68  0.951244399891794     
          77          71  0.956975530734183     
          78          71  0.956840006134416     
          79          74  0.923794804477313     
          80          74  0.928878395303199     
          81          69   1.34066671730170     
          82          81  0.978605418712277     
          83          82  0.936896658485544     
          84          83   1.59489359791583     
          85          82  0.977424895386357     
          86          85  0.990853214671835     
          87          86   1.00722279336399     
          88          86   1.01051388670739     
          89          81  0.882389157844905     
          90          82  0.938870656338135     
          91          85  0.966029326971463     
          92          85  0.968829677399561     
          93          86  0.961540075870943     
          94          87  0.982136527089026     
          95          87  0.982716910984461     
          96          87  0.982548324585111     
          97          88  0.981894217685617     
          98          88  0.983632202689786     
          99          88  0.981321572513299     
         100          83   1.32631433060170     
         101         100  0.983937556976385     
         102         101  0.929393536481849     
         103         102   1.61208055215641     
         104         101  0.982066508194761     
         105         104  0.990391319493061     
         106         105  0.969689808746330     
         107         106   1.63456994854095     
         108         106   1.30979909436149     
         109         100  0.876730932455656     
         110         101  0.947375915107643     
         111         104  0.966107259596042     
         112         104  0.973566979481987     
         113         105  0.973681551066313     
         114         105  0.947930240398925     
         115         108  0.927488582757020     
         116         108  0.925583347997523     
         117         102   1.32175807346085     
         118         117  0.976525407947772     
         119         118  0.935112000012833     
         120         119   1.61553478332778     
         121         118  0.981478704539437     
         122         121   1.00607323514893     
         123         122   1.00187986572177     
         124         123  0.988083722848590     
         125         124   1.30782229775315     
         126         125   1.34964352338683     
         127         125   1.28428904442398     
         128         117  0.894717551357701     
         129         118  0.947085506388763     
         130         121  0.967217334213768     
         131         121  0.966890900400003     
         132         122  0.971647835932180     
         133         122  0.974989093279073     
         134         123  0.952224607655724     
         135         123  0.959294652417151     
         136         124  0.912873206749542     
         137         126  0.825810894793788     
         138         126  0.927471814403658     
         139         127  0.917861486882997     
         140         127  0.921025772754821     
         141         119   1.31578512792916     
         142         141  0.976428286471837     
         143         142  0.936829884382538     
         144         143   1.61709849762698     
         145         142  0.966268576084320     
         146         145   1.00756061392523     
         147         145   1.00724219115675     
         148         141  0.888052803145899     
         149         142  0.951198516718028     
         150         145  0.956698452517768     
         151         146  0.982703874494153     
         152         146  0.980027975905176     
         153         146  0.985894316371928     
         154         147  0.982329742180351     
         155         147  0.985564955218205     
         156         147  0.974120403589833     
         157         143   1.30923672601478     
         158         157  0.980636471442770     
         159         158  0.931851749313356     
         160         159   1.62948532268663     
         161         158  0.980452364499923     
         162         161   1.00334156689204     
         163         162  0.992325817816660     
         164         163  0.989759071689619     
         165         164   1.28595695836761     
         166         165   1.34993875966633     
         167         165   1.31081995089128     
         168         157  0.888104982380465     
         169         158  0.951585471880029     
         170         161  0.960338798044298     
         171         161  0.971297920504911     
         172         162  0.972253245150566     
         173         162  0.968083530720784     
         174         163  0.965715071300577     
         175         163  0.960710897318229     
         176         164  0.916079992676900     
         177         166  0.916964959044659     
         178         166  0.863845843161351     
         179         167  0.921000156407591     
         180         167  0.898337703184005     
         181         159   1.29419666867559     
         182         181  0.984300530027439     
         183         182  0.979393554333570     
         184         183   1.87954193883523     
         185         182  0.955581969243365     
         186         185  0.992605566538525     
         187         186  0.918036056884630     
         188         187   1.53998783697870     
         189         187   1.44505956641351     
         190         181  0.910172165214022     
         191         182  0.949342637069796     
         192         185  0.968333582460825     
         193         185  0.974216652336277     
         194         186  0.979228784690471     
         195         186  0.973124641668960     
         197         196   1.01072009812476     
         198         197  0.974421605661855     
         199         198   1.88468685843561     
         200         197  0.950531512322787     
         201         200  0.994198510099078     
         202         200   1.00850412136471     
         203         201   1.01733174963714     
         204         196  0.948829204926090     
         205         197  0.957380565034112     
         206         200  0.964527033705211     
         207         201  0.971154666237270     
         208         201  0.972508768472266     
         209         202  0.979539391077628     
         210         202  0.981603186984907     
         211         202  0.982129118803398     
         212         203  0.982862345907126     
         213         203  0.986590523707714     
         214         203  0.981980866039233     
         216         215   1.00396863981490     
         217         216  0.976550910450888     
         218         217   1.90357681537949     
         219         216  0.951545416756342     
         220         219  0.995216211561221     
         221         219   1.00766415308016     
         222         220   1.01937255434428     
         223         215  0.958208466047866     
         224         216  0.953853325435350     
         225         219  0.965673583104129     
         226         220  0.973557138602902     
         227         220  0.971291930721342     
         228         221  0.983862370499473     
         229         221  0.981683273225626     
         230         221  0.978933151909991     
         231         222  0.982564841250172     
         232         222  0.983697607057031     
         233         222  0.984882892597226     
         235         234   1.02236322108066     
         236         235  0.933451812034872     
         237         236   1.62413526540075     
         238         235  0.959969671970241     
         239         238  0.987200023783563     
         240         238  0.998321149610232     
         241         234  0.950397731047994     
         242         235  0.960077342400114     
         243         238  0.962158524906412     
         244         239  0.877035074084541     
         245         240  0.983390964700280     
         246         240  0.984506540395754     
         247         240  0.982138838910360     
         248         236   1.31242311583811     
         249         248  0.977922534868184     
         250         249  0.975011722936916     
         251         250   1.89161752581030     
         252         249  0.963328304594657     
         253         252  0.989439608004784     
         254         253   1.00510715679880     
         255         253   1.01106402596322     
         256         248  0.912515733970779     
         257         249  0.931857754447188     
         258         252  0.970349088398488     
         259         252  0.967156752952471     
         260         253  0.964958578708750     
         261         254  0.983953967778793     
         262         254  0.985426098145498     
         263         254  0.983353630455063     
         264         255  0.979809464829909     
         265         255  0.980925059238387     
         266         255  0.976532817750475     
         268         267   1.02568981703931     
         269         268  0.994101069299283     
         270         269   1.87452681483493     
         271         268  0.953443041722015     
         272         271  0.993618512091635     
         273         272   1.00613835681900     
         274         272   1.01022423760745     
         275         267  0.957820643895538     
         276         268  0.922410085859974     
         277         271  0.974442362233375     
         278         271  0.971773005777159     
         279         272  0.963091035998949     
         280         273  0.977282340193821     
         281         273  0.983590628587838     
         282         273  0.985282888891066     
         283         274  0.983117210931373     
         284         274  0.985420643318995     
         285         274  0.981056573868307     
         287         286   1.01334279360589     
         288         287  0.939850968172662     
         289         288   1.60689914668868     
         290         287  0.972804637895290     
         291         290   1.00401125037540     
         292         291   1.00337845267674     
         293         292   1.00989939666203     
         294         293  0.956551869932302     
         295         286  0.949066506049836     
         296         287  0.960572535325791     
         297         290  0.970993685614755     
         298         290  0.974968926293098     
         299         291  0.976199481360039     
         300         291  0.971094426047475     
         301         292  0.970206179527282     
         302         292  0.972053549461593     
         303         293  0.964502523661178     
         304         293  0.964795707959962     
         305         294  0.896269287478867     
         306         294  0.894757771814216     
         307         294  0.896375818982701     
         308         288   1.30760278549963     
         309         308  0.979221605833600     
         310         309  0.935474995284397     
         311         310   1.62426464316789     
         312         309  0.965867139381410     
         313         312  0.992046155978573     
         314         312   1.00917246899393     
         315         313   1.01961189053607     
         316         308  0.914211862179754     
         317         309  0.941789479665739     
         318         312  0.962640053574305     
         319         313  0.973760079319462     
         320         313  0.970698266993803     
         321         314  0.979913210689356     
         322         314  0.984124096523621     
         323         314  0.983677722973256     
         324         315  0.984704811192662     
         325         315  0.986803847679734     
         326         315  0.981280490876663     
         327         310   1.29491523802765     
         328         327  0.979870297091365     
         329         328  0.937132937382504     
         330         329   1.60482090764733     
         331         328  0.982693330487934     
         332         331  0.901990039652570     
         333         332   1.54358127290575     
         334         332   1.46098494486547     
         335         327  0.921484355222578     
         336         328  0.945862963900419     
         337         331  0.973411693713348     
         338         331  0.961709812678879     
         339         329   1.30846185253833     
         340         339  0.971295066707875     
         341         340  0.934524936659696     
         342         341   1.58847431506549     
         343         340  0.995400801602621     
         344         339  0.919519930407352     
         345         340  0.953185358494428     
         346         343  0.980988434071058     
         347         343  0.978055058617321     
         348         343  0.974836669428494     
         349         341   1.34268312004275     
         350         349  0.973984159781955     
         351         350  0.938915633235950     
         352         351   1.60478172302707     
         353         350  0.992503749951902     
         354         349  0.878934175518451     
         355         350  0.952429869698358     
         356         353  0.974452521286571     
         357         353  0.977324173755864     
         358         353  0.973291888037621     
         359         351   1.31717003339555     
         360         359  0.982902828821106     
         361         360  0.936541029587213     
         362         361   1.58984611197684     
         363         360  0.978842751963950     
         364         363  0.991619377161487     
         365         364   1.00714802326407     
         366         364   1.01022662432520     
         367         359  0.894463429658956     
         368         360  0.942238653376998     
         369         363  0.966635702121459     
         370         363  0.971689066770226     
         371         364  0.961866442706913     
         372         365  0.981946031091639     
         373         365  0.982092378847696     
         374         365  0.981025258841995     
         375         366  0.978107398229738     
         376         366  0.984574775822476     
         377         366  0.981164274030729     
         378         361   1.32270723338690     
         379         378  0.980584263619708     
         380         379  0.935476861433947     
         381         380   1.59651581376244     
         382         379  0.995556593100183     
         383         378  0.875837631148542     
         384         379  0.955244440203544     
         385         382  0.982684758134041     
         386         382  0.979855873149237     
         387         382  0.973312483188647     
         388         380   1.32325930867390     
         389         388  0.974090804045120     
         390         389  0.931186282850676     
         391         390   1.60756616534777     
         392         389  0.984535619962187     
         393         392   1.00640660126304     
         394         393  0.968057866388092     
         395         394   1.64880841449194     
         396         394   1.29849195422148     
         397         388  0.889845416259255     
         398         389  0.954262659246642     
         399         392  0.957036339878120     
         400         392  0.972605564098761     
         401         393  0.956890242031044     
         402         393  0.950332119088262     
         403         396  0.933899082520267     
         404         396  0.925375454569538     
         405         390   1.32706981508816     
         406         405  0.973242884225806     
         407         406  0.941372407936221     
         408         407   1.58060701481787     
         409         406  0.961583350400429     
         410         409   1.00572030844324     
         411         409   1.00705501881664     
         412         405  0.891044374506258     
         413         406  0.951597748145140     
         414         409  0.958378738425195     
         415         410  0.981693926907329     
         416         410  0.985179965744025     
         417         410  0.979656043740872     
         418         411  0.980353464916076     
         419         411  0.983496031443839     
         420         411  0.977922820846703     
         421         407   1.32265182264525     
         422         421  0.983937157962758     
         423         422  0.942947707386983     
         424         423   1.59471975204524     
         425         422  0.979635242132083     
         426         425  0.884165606459361     
         427         426   1.52536916660368     
         428         426   1.50963087042478     
         429         421  0.885581670365174     
         430         422  0.938834940891450     
         431         425  0.974883793544879     
         432         425  0.965371522169453     
         433         423   1.30355016130381     
         434         433  0.992997360505252     
         435         434  0.934575989497980     
         436         435   1.61878734279380     
         437         434  0.951135291382844     
         438         437  0.998509284197089     
         439         437   1.00075410656275     
         440         433  0.889933742519193     
         441         434  0.941621315023256     
         442         437  0.958873301521981     
         443         438  0.874039967701610     
         444         439  0.983541225593695     
         445         439  0.969122847278679     
         446         439  0.982732335488075     
         447         435   1.30546382191724     
         448         447  0.976098241119530     
         449         448  0.934811686878264     
         450         449   1.59964921699112     
         451         448  0.975016164998547     
         452         451  0.991732299537389     
         453         452   1.00536844069885     
         454         452   1.01036841922333     
         455         447  0.905443861894465     
         456         448  0.950281210415303     
         457         451  0.968156090523998     
         458         451  0.972879856742541     
         459         452  0.963231150289035     
         460         453  0.985204342146176     
         461         453  0.984569550058095     
         462         453  0.984818093795294     
         463         454  0.985236819662131     
         464         454  0.985929133814849     
         465         454  0.983696134631616     
         466         449   1.32551455153103     
         467         466  0.972577830198282     
         468         467  0.935715042800579     
         469         468   1.62888617428867     
         470         467  0.977944004910931     
         471         470   1.00389077909067     
         472         471   1.00508143978975     
         473         472  0.992120737795934     
         474         473   1.32000520405854     
         475         474   1.30099265811418     
         476         474   1.32219642291716     
         477         466  0.882403461595307     
         478         467  0.951043411024534     
         479         470  0.969321402716720     
         480         470  0.965133205794743     
         481         471  0.969348411833831     
         482         471  0.967603620172177     
         483         472  0.958029517181041     
         484         472  0.956314819253512     
         485         473  0.904857583060910     
         486         475  0.919763339478792     
         487         475  0.918320909730127     
         488         476  0.909378728613810     
         489         476  0.914049182012962     
         490         468   1.29354851201685     
         491         490  0.990708344464506     
         492         491  0.940097382602056     
         493         492   1.62142222341599     
         494         491  0.960723633932427     
         495         494   1.01004269547992     
         496         490  0.895791929976488     
         497         491  0.948442350216166     
         498         494  0.968677209831190     
         499         494  0.963061899205218     
         500         495  0.890246901237182     
         501         492   1.30331267309916     
         502         501  0.973733644022824     
         503         502  0.979500686283810     
         504         503   1.86749908863571     
         505         502  0.969102633738004     
         506         505  0.880064644686123     
         507         506   1.51588634731265     
         508         506   1.51210818534715     
         509         501  0.917941866753484     
         510         502  0.949269213342961     
         511         505  0.972084989139857     
         512         505  0.964549109844354     
         513           1  0.956707203634216     
         514           3  0.950021924742473     
         515          20  0.956229475514520     
         516         183  0.955414053095735     
         517         196  0.956397225333998     
         518         198  0.954964933824428     
         519         215  0.946482655403276     
         520         217  0.954390216238322     
         521         234  0.954633872323719     
         522         250  0.951106328907844     
         523         267  0.947416420762512     
         524         269  0.953709839619017     
         525         286  0.956006259682229     
         526         503  0.954918409059569     
