$grad                                                                           
  cycle =      1    SCF energy =  -643.12169923410   |dE/dxyz| =  2.609194
  384.90316080475566    130.75580760972232    211.92331658393636      n 
  384.24931562629888    128.80561043004758    210.06193652387861      c 
  383.44240264594890    130.04338092683727    207.57127772270488      c 
  382.50887802699611    132.18444042739100    207.58072635245136      o 
  382.01188010233091    127.12186460922376    210.96144607574408      c 
  379.64027403596293    128.60907893132068    210.92365155675813      c 
  381.86826093018436    124.75025854285576    209.30415641821043      c 
  383.70507455290124    131.81972331917666    212.19732684658447      h 
  385.74408885219299    127.76815088388341    209.84461803970945      h 
  382.27455200928324    126.57006463202897    212.68865559340173      h 
  378.24943573728018    127.55650157756213    211.48490016369942      h 
  379.80468019355180    130.05093983063443    212.04236931874209      h 
  379.31335144673449    129.19489397560281    209.21722902454275      h 
  380.47553290555231    123.69768118909721    209.86162557325312      h 
  381.60369929728279    125.23969756372374    207.55804964105980      h 
  383.43673346810107    123.81106474605505    209.44399613845843      h 
  378.78233845498204    130.77659459516457    203.21545940957481      n 
  376.01955911710945    130.42321584264599    202.95845668047036      c 
  375.27122764118781    128.93033234270121    200.62653485903760      c 
  373.35126607670179    127.59240637059878    200.61708622929112      o 
  374.58525712159292    132.95544861470427    203.02081763679718      c 
  374.28479069565464    134.01936432415860    205.63052917277662      c 
  373.60448935390764    132.69088698180266    207.42198937271041      o 
  374.93863587411147    136.43821353925904    205.98957710314309      n 
  379.19240898597951    132.25058083561640    203.76347993487099      h 
  375.53012009624149    129.42921999331566    204.41921483927715      h 
  375.47531804371192    134.17243212605169    201.97768891278511      h 
  372.92607773810994    132.72112259699142    202.27626561277410      h 
  374.88761327348044    137.08072036202012    207.48057087713860      h 
  375.41106736143576    137.34906144682031    204.72912989496186      h 
  376.84158990505375    129.05883370725343    198.66877877556570      n 
  376.46175498924504    127.69634129781012    196.30473161299486      c 
  376.21798034178573    124.79750169158821    196.76393501867412      c 
  374.94052560006077    123.45579626758716    195.34475083075188      o 
  378.66139599422695    128.21790565981615    194.46035908648079      c 
  378.19085423285196    129.96401243696678    198.68011713126148      h 
  374.89517217727763    128.29727414968664    195.56584876681967      h 
  378.38171655373100    127.29949884845772    192.89944545236131      h 
  378.74832338789469    130.01314531164851    194.10509060801289      h 
  380.23742743594084    127.66799540857066    195.21624946619968      h 
  377.41984604553875    123.86019762073677    198.76515479897986      n 
  377.30835221453020    121.16166896514035    199.40388216984229      c 
  374.84414957664660    120.36231488858762    200.61330677739252      c 
  374.47565301653361    118.10409237917744    201.04038484193370      o 
  379.46452952267833    120.41144776326935    201.16510675458730      c 
  382.04400544346902    121.22591964741646    200.15788282361189      c 
  383.64838277442232    121.87598537397470    201.74714234697086      o 
  382.47108350801017    121.14088197969808    197.82218155028056      o 
  378.31557614550559    124.75403799475434    199.78560681160033      h 
  377.45575083857540    120.29617448036223    197.79572538699037      h 
  379.19240898597951    121.16544841703893    202.81294778237449      h 
  379.45130144103319    118.59353140004542    201.39943277230014      h 
  373.15284485202562    122.15755454041998    201.13676086534784      n 
  370.68486276224343    121.58874702968151    202.27248616087547      c 
  370.73777508882375    119.78027929620407    204.51748058864058      c 
  369.38851076102554    117.89055334690686    204.55905455952512      o 
  368.90474091800547    120.50782378668352    200.21457460209081      c 
  368.44931696422481    121.83819085498875    197.70690826737339      c 
  366.82982182567713    120.23570324998471    196.03639052819466      c 
  367.33248892819017    124.44601266501891    198.09052263508076      c 
  373.40039895138352    123.73736543403245    200.84574306915610      h 
  370.08204018441762    123.18367573088838    202.94522859882531      h 
  369.52646075532419    118.83163686965689    199.81206297489052      h 
  367.26256906806617    120.29617448036223    201.00070059699846      h 
  370.06503265087395    122.07629632460019    196.87353912373334      h 
  366.55014238518112    121.09930800881354    194.44335155293712      h 
  367.66697042121581    118.63510537092998    195.72458574656062      h 
  365.21788559092658    119.93145737214786    196.85653159018966      h 
  367.06603756933924    125.24347701562233    196.46157886678654      h 
  365.73000132318612    124.30239349287233    198.96924520150395      h 
  368.48522175726146    125.46457495169011    199.08640821036039      h 
  372.37616748686446    120.34719708099325    206.36941201895186      n 
  372.53112501470679    118.83352659560617    208.63519343215921      c 
  369.83637581100896    118.30440332980295    209.60462284414871      c 
  368.95009434078861    116.16712328114779    209.61218174794587      o 
  373.89172769820078    120.23381352403541    210.79326046625664      c 
  375.86271186331783    121.77771962461122    209.86162557325312      o 
  374.91406943677060    118.27038826271560    212.64519189656789      c 
  373.40228867733282    121.60575456322519    206.32594832211802      h 
  373.44953182606525    117.30851775452332    208.19866673787158      h 
  372.70497980204215    121.34119293032359    211.64552686938970      h 
  376.39939403291822    122.71313396951335    211.02758648396949      h 
  375.77956392154874    119.11887521395005    214.02091238765627      h 
  373.52512086403715    117.28017186528386    213.31604460856843      h 
  376.08758925128416    117.16300885642744    211.77591795989116      h 
  368.60049504016860    120.30751283605801    210.50224267006487      n 
  366.07015199405964    120.19034982720157    211.42064948142331      c 
  364.36372946184423    119.03383754623168    209.43454750871194      c 
  363.85917263338189    116.80396092606097    209.69532968971492      o 
  365.26134928776042    122.83218670431908    212.26157752886056      c 
  366.57848827442064    123.61642297327744    214.76168495978081      c 
  365.55236708395222    126.04850027002294    215.85772601037317      c 
  365.01379518840253    127.85507827755109    214.41586511105939      o 
  365.25756983586183    126.13164821179201    218.20098618750171      o 
  369.25434021862549    121.79283743220562    210.58161115993533      h 
  365.94543008140602    119.09808822850779    212.88707681807796      h 
  365.66764036685930    124.04539076376790    210.94821799409902      h 
  363.44343292453647    122.87376067520364    212.48645491682694      h 
  366.38006704974435    122.27282782332709    215.99189655277328      h 
  368.37561765220227    123.80539556820716    214.45932880789323      h 
  363.61161853402393    120.41333748921865    207.45222498789914      n 
  361.95999805433820    119.38343684685167    205.47368191898497      c 
  362.16786790876091    116.48459724062972    205.12975179621287      c 
  360.37262825692852    115.12399455713573    205.72690519619078      o 
  362.46077543090195    120.71947309300479    202.92822106528163      c 
  364.04247605046373    121.96291276764238    207.21789897018630      h 
  360.24790634427490    119.71413888797868    206.04059970377412      h 
  361.35717547651240    120.02027449176482    201.64320741975951      h 
  362.13196311572426    122.51471274483714    203.10396557856626      h 
  364.20877193400185    120.46436008984968    202.43689231846434      h 
  364.49034110044715    115.58886714066286    204.59873880446037      n 
  364.97411094346722    112.90356656671152    204.17166073991919      c 
  364.39018562513439    111.28218170221450    206.46956749426460      c 
  363.29225484859273    109.23560849912562    206.20689558731229      o 
  367.68775740665808    112.44436316103229    203.31561488488757      c 
  368.14507108638799    113.40623366922458    200.68700608941512      c 
  370.88706343881819    113.36465969834003    199.96513077678358      c 
  371.32736958500448    115.15423017232449    197.79194593509177      c 
  373.91062495769381    114.77628498246506    196.73558912943466      n 
  365.81125953900590    116.52806093746358    204.47968606965463      h 
  363.82893701819313    112.39712001229987    202.83373476781674      h 
  368.84237996167866    113.26828367492587    204.47590661775604      h 
  368.05247451487242    110.64912350919992    203.38175529311295      h 
  367.19264920794217    112.38767138255336    199.49647874135786      h 
  367.51201289337342    115.12021510523714    200.55283554701501      h 
  371.92263325903309    113.84842954136012    201.39754304635088      h 
  371.38784081538199    111.66579606992184    199.49269928945927      h 
  370.07070182872184    114.87266100587921    196.48614530412740      h 
  371.13272781222690    116.88710886783004    198.35886371988096      h 
  373.93897084693322    115.27517263307951    195.12932207253201      h 
  375.01800436398196    115.68146371217843    197.62187059965504      h 
  374.32069548869129    113.14734121417085    196.82440624905161      h 
  365.08560477447577    112.20247823952224    208.70700301823251      n 
  364.61506301310078    110.83809610412965    211.03892483966527      c 
  361.81637888219160    110.26928859339118    211.17498510801465      c 
  361.09828302145866    108.05075032891625    211.36584742889369      o 
  365.37473284471827    112.44625288698158    213.23667611869794      c 
  365.83960542824536    113.62922133124165    208.90542424290871      h 
  365.58260269914092    109.28096192190874    211.08427826244838      h 
  365.06103833713490    111.53729470536963    214.79758975281743      h 
  367.15863414085482    112.84876451418189    213.11195420604432      h 
  364.39774452893158    113.99771789135460    213.22722748895143      h 
  360.23467826262981    112.21759604711663    210.90853374916378      n 
  357.48890645830102    111.88500428004031    211.01057895042584      c 
  356.60829416592850    109.91779956682190    209.09061738593985      c 
  355.16454354066536    108.18681059726566    209.74824201629528      o 
  356.23223870201832    114.37566308121404    210.60239814537761      c 
  360.71655837970064    113.75016379199667    210.66664882765372      h 
  357.01647497097667    111.25572553892434    212.66597888201017      h 
  354.41243261284512    114.16212404894345    210.66853855360301      h 
  356.75758251592299    115.54729316977833    211.91008850229130      h 
  356.70844964124120    115.03895688941736    208.96211602138763      h 
  357.56827494817151    110.10299270985304    206.77948254994934      n 
  356.98623935578792    108.35499620675310    204.76881413989710      c 
  357.64197426019405    105.61867303217073    205.43399767404972      c 
  356.14531130835064    103.86500735122293    204.93133057153665      o 
  358.24101738612126    109.21860096558194    202.27437588682477      c 
  357.72890165386173    111.86988647244593    201.35785880141563      c 
  359.39752966709119    112.51995219900418    199.15065889263647      c 
  355.00769628687374    112.23082412876170    200.82306635776453      c 
  358.59817559053846    111.28029197626520    206.33917640376308      h 
  355.16832299256401    108.37578319219539    204.53070867028566      h 
  360.05515429744656    109.03340782255081    202.46523820770381      h 
  357.71945302411524    108.05830923271346    200.95345744826602      h 
  358.15597971840288    113.05096519075668    202.69389504756876      h 
  359.03659201077539    114.22826445716886    198.59318973759380      h 
  361.15497479993758    112.40089946419845    199.65710544704814      h 
  359.07816598165994    111.35021183638919    197.77682812749742      h 
  354.72045794258054    113.94480556477427    200.23725131348237      h 
  354.47668329512118    111.04596595855234    199.52860408249592      h 
  354.04015660083354    111.93791660662063    202.35185465074596      h 
  359.84350499112531    105.32954496192826    206.60562776261401      n 
  360.68254331261329    102.83699643480523    207.42954827650757      c 
  358.75502284433009    101.83355195572841    209.25691326947799      c 
  357.98779410891541     99.69060272922536    209.06794067454828      o 
  363.25635005555608    102.96171834745886    208.72212082582686      c 
  364.99867738080809    104.24106281513306    207.12341267272146      o 
  364.17664659286385    100.34066845578361    209.37974545618232      c 
  360.87340563349233    106.54274902137708    206.94010925563961      h 
  360.84883919615140    101.74284511016215    205.96879011770085      h 
  363.10706170556159    103.89902241831028    210.29059336374360      h 
  364.62829109474586    105.78307918975960    207.06294144234391      h 
  365.81314926495526    100.45405201274144    210.19799679222800      h 
  362.98045006695867     99.53942465328159    210.51358102576066      h 
  364.32782466880764     99.34289315455469    207.84906743725159      h 
  357.98401465701687    103.44170873858035    211.01246867637511      n 
  356.07350172227734    102.71983342594881    212.90975352946953      c 
  353.71512373755445    101.52552662599297    211.75891042634751      c 
  352.83451144518193     99.52241711973792    212.53747751745797      o 
  355.35351613559510    105.05175524738158    214.52924866801723      c 
  358.53203518231305    104.96482785371390    211.15419812257241      h 
  356.83506127984413    101.43104032852810    213.96800006107597      h 
  354.09684837931246    104.56798540436149    215.77268834265479      h 
  356.84639963553991    105.68859289229474    215.38340479709956      h 
  354.66565589005097    106.36133533024454    213.44643569906992      h 
  352.74002514771706    102.81054027151508    209.84839749160801      n 
  350.53849441678585    102.00362729116517    208.46889754862104      c 
  351.00714645221154     99.78319930074093    206.68877570438309      c 
  349.23647323772002     98.75707811027254    205.58139629809492      o 
  349.41410747695392    104.21082719994432    206.99680103411850      c 
  353.36552443693444    104.21271692589360    209.31171532200761      h 
  349.35363624657646    101.40647389118725    209.73312420870090      h 
  347.93445205865424    103.64201968920585    206.07650449681077      h 
  348.93411708583244    105.54308399419885    208.16087221888560      h 
  350.65754715159153    104.85333402270535    205.81383258985846      h 
  353.38442169642741     98.97817604634032    206.42232434553216      n 
  353.97968537045608     96.89569805021479    204.74802715445483      c 
  354.20456275842241     97.60434528120125    201.98335809063300      c 
  353.44489292680493     96.11335150720573    200.35441432233881      o 
  354.66187643815232     99.61879314315208    207.19522225879473      h 
  355.55760653811922     96.13791794454660    205.29037850190315      h 
  352.68144364328884     95.61257413064197    204.92188194179019      h 
  354.93588670080044     99.93437737668472    201.50147797356220      n 
  355.30627298686272    100.88679925513051    198.95034794201098      c 
  357.86685164816043     99.92492874693822    198.04138976039903      c 
  359.80948992403796    100.36145544122589    199.28860888693518      o 
  355.32328052040634    103.77241077970736    198.87097945214049      c 
  356.20578253872816    104.73239156195034    196.31984942058926      c 
  352.76270185910863    104.90057717143780    199.56261914958327      c 
  355.23824285268802    101.03230815322640    202.66176970643070      h 
  353.92866276982500    100.30854311464556    197.88832195850594      h 
  356.51947704631152    104.32987993475004    200.14276501601753      h 
  356.19822363493097    106.56542573276865    196.31984942058926      h 
  357.90464616714638    104.12767925817523    195.99292683136085      h 
  355.07761614699774    104.11823062842875    195.01215906367557      h 
  352.85907788252280    106.72983189035750    199.48891983756067      h 
  351.49280602118091    104.30720322335847    198.37965070532320      h 
  352.30349845342943    104.38279226133037    201.25959305205217      h 
  357.93677150828444     98.47172949192867    195.97591929781717      n 
  360.32349538224679     97.47206446475043    194.95735701114597      c 
  361.39308026954905     99.37501849569274    193.07330023969664      c 
  363.69665620174237     99.81532464187899    192.98448312007966      o 
  359.82460773163234     94.98518511547530    193.54195227512236      c 
  358.52447627851586     93.28254203515851    195.14255015417709      o 
  362.33605351824838     93.72473790729406    192.69724477578649      c 
  356.61774279567493     98.03898224953961    195.13121179848130      h 
  361.49701519676034     97.18104666855866    196.33496722818361      h 
  358.81927352660620     95.37446866103052    192.06040713087333      h 
  358.25235574181704     91.92571880356311    194.36398306306663      h 
  361.96944668408463     92.16193454722527    191.81096330556608      h 
  363.24501169986030     94.86046320282169    191.58230646570112      h 
  363.36406443466598     93.36191052502899    194.17123101623832      h 
  364.77568971879106    111.52784607562313    191.09664689673173      n 
  363.42075621314490    113.88811378629536    191.07397018534016      c 
  364.80025615613192    116.02350410900121    189.77194900627441      c 
  367.13217797756465    116.03673219064630    189.58864558919254      o 
  362.76313158278953    114.61943772867339    193.75549130739293      c 
  366.02668829722580    111.48438237878929    192.13221671694660      h 
  361.90519600180858    113.61221379769798    190.08186406195915      h 
  361.85039394927895    116.20869725203234    193.74982212954504      h 
  361.71433368092954    113.31552682365830    194.50571250926393      h 
  364.30136850551742    114.80274114575521    194.73436934912888      h 
  363.32249046378149    117.80740540513779    188.86677027656103      n 
  364.36561918779353    120.08452517404093    187.67435320255450      c 
  362.68565281886833    122.39188055813283    188.14300523798022      c 
  360.41798167971166    122.14432645877488    188.47748673100580      o 
  364.84560957891506    119.70846971013079    184.86055126405091      c 
  363.02958294164040    118.09842320132955    183.73994377611766      o 
  361.69921587333516    117.75449307855747    188.91401342529343      h 
  365.98889377823986    120.40010940757357    188.46614837531001      h 
  364.82293286752349    121.33552375247569    184.01584376471507      h 
  366.51990676999236    119.00171220509363    184.61677661659158      h 
  363.34894662707165    117.93590676968999    182.19414794959255      h 
  363.85161372958470    124.63309553399934    188.23749153544506      n 
  362.49479049798930    126.99525297062085    188.74582781580600      c 
  361.65008299865349    128.08184539146677    186.25894846653085      c 
  363.20910690682365    128.58073304208122    184.61677661659158      o 
  364.16152878526941    128.93033234270121    190.17824008537332      c 
  362.76124185684023    131.38319662488900    190.67901746193706      c 
  365.12717874536037    127.79271732122427    192.60464820427092      c 
  365.44843215674086    124.82395785487836    188.00883469558008      h 
  361.05481932462482    126.63431531430508    189.82108188095611      h 
  365.59205132888741    129.33851314774941    189.10865519807106      h 
  363.86106235933119    132.54348835775747    191.57474756190393      h 
  362.25101585052994    132.13341782676000    189.08597848667952      h 
  361.27402753474331    131.04304595401550    191.69569002265897      h 
  366.16652801747381    129.01914946231818    193.48526049664343      h 
  363.70988428338745    127.32217555984928    193.66667418777595      h 
  366.12684377253856    126.30361327317807    192.22670301441147      h 
  353.71512373755445    124.12286952768910    192.45347012832715      n 
  355.57083461976430    122.08952440624527    192.51583108465394      c 
  354.63164082296362    119.98625942467747    190.76594485560472      c 
  352.91010048315383    118.59731085194403    191.40845167836579      o 
  355.89775720899269    121.06340321577687    195.23136727379404      c 
  357.84417493676887    118.98092521965137    195.14255015417709      c 
  356.68766265579899    123.17611682709118    196.94534870980661      c 
  352.65876693189728    124.13609760933416    193.68746117321822      h 
  357.20166811400776    122.71502369546266    191.96025165556057      h 
  354.32739494512674    120.38499159997919    195.88899190414949      h 
  358.08794958422817    118.29873415195506    196.82629597500090      h 
  357.26591879628387    117.64866842539682    194.02383239219313      h 
  359.43154473417849    119.65366765760116    194.52083031685831      h 
  356.89364278427240    122.53549973027943    198.64988151607270      h 
  358.27692217915791    123.87720515428045    196.35953366552451      h 
  355.40453873622613    124.48380718400485    196.93590008006015      h 
  354.95856341219201    113.49127133694294    186.78618200638479      n 
  355.94689008367448    110.97415637247906    187.26995184940489      c 
  354.91509971535817    109.38678657506938    185.14401015644552      c 
  352.74380459961566    108.47404894155883    185.20070193492444      o 
  355.03604217611320    109.91213038897401    189.78139763602087      c 
  355.68988735457003    107.14179214730430    190.00249557208866      c 
  356.15098048619859    111.38800635537514    191.94891329986478      c 
  353.42788539326125    113.51016859643592    186.24005120703791      h 
  357.77803452854346    110.99305363197202    187.35687924307254      h 
  353.21056690909205    110.07275709466427    189.85131749614487      h 
  355.09462368054136    106.49928532454324    191.61254208088988      h 
  354.88675382611871    106.21393670619936    188.64189288859467      h 
  357.50780371779393    106.93203256693231    189.89478119297871      h 
  355.55382708622062    110.69069748008448    193.53628309727446      h 
  357.98023520511828    111.28218170221450    191.88466261758867      h 
  355.63697502798971    113.14356176227226    191.82230166126186      h 
  347.33540893272703    119.97492106898170    192.40811670554402      n 
  346.66077676882793    120.64388405503291    194.99515153013189      c 
  346.87998497894642    123.48225243087732    195.36931726809277      c 
  348.60341504470546    124.66711060108669    194.37532141876241      o 
  348.41066299787718    119.36264986140939    196.89243638322631      c 
  348.50136984344346    116.53939929315936    196.63543365412190      c 
  350.14543141933194    115.38099728624016    194.91578304026140      c 
  346.88565415679426    114.99738291853282    198.06973564963846      c 
  350.17188758262216    112.81663917304384    194.63421387381612      c 
  346.93667675742535    112.42546590153931    197.80895346863545      c 
  348.55428217002373    111.32942485094692    196.08930285477501      c 
  348.54672326622659    108.76128728585202    195.76804944339446      o 
  348.91899927823806    120.11854024112829    192.07174548656911      h 
  344.93734670306884    120.08452517404093    195.27294124467861      h 
  350.10385744844746    120.03350257340990    196.69023570665152      h 
  347.86453219853024    119.78972792595057    198.58941028569521      h 
  351.23202384017787    116.37121368367191    193.95391253206913      h 
  345.76882612075968    115.73248631280944    199.20924039706469      h 
  351.26225945536663    112.06641797117284    193.47770159284624      h 
  345.88220967771747    111.42013169651320    198.78972123632070      h 
  347.49225618651866    108.10555238144588    196.75826584082623      h 
  369.10883132052959    137.84416964553617    207.27648047461452      n 
  368.33782313321626    135.19477386462148    207.35584896448498      c 
  365.74322940483125    134.85084374184939    206.14453463098548      c 
  364.32404521690898    136.63852448988456    205.84973738289511      o 
  368.31136696992610    134.18754993364607    210.09217213906737      c 
  366.89785195985183    135.73712521206977    211.75324124849962      o 
  369.34126761229311    138.52825043918176    208.73156945557338      h 
  369.56614500025950    134.22723417858131    206.39964763414059      h 
  367.61216836868618    132.49435548307576    210.10540022071245      h 
  370.03479703568519    134.06093829504314    210.70444334663966      h 
  365.40874791180562    135.19666359057078    211.84205836811660      h 
  365.15741436054907    132.54915753560536    205.36596753987502      n 
  362.72533706380358    132.01436509195426    204.14520457662903      c 
  361.34016794296866    129.99424805215554    205.63052917277662      c 
  362.31337680685681    127.89476252248633    206.02737162212907      o 
  363.07871581632213    131.22634937109731    201.34841017166914      c 
  360.56349057780756    130.59707062998135    200.14843419386543      c 
  364.92497806878555    129.04749535155764    201.11030470205770      c 
  360.82616248475983    129.56716998761436    197.33841170726046      c 
  366.13440267633575    131.25847471223537    205.52092506771740      h 
  361.71811313282814    133.54504311088499    204.13953539878113      h 
  363.79303222515648    132.65120273686742    200.44323144195576      h 
  359.70555499682661    129.34040287369871    201.17266565838452      h 
  359.50713377215038    132.09562330777405    200.14276501601753      h 
  365.11017121181663    128.59396112372630    199.34341093946480      h 
  366.55392183707971    129.54827272812139    201.78682659190611      h 
  364.29380960172028    127.60563445224385    202.04760877290911      h 
  359.16320364937832    129.19489397560281    196.66566926931063      h 
  361.63685491700835    130.83706582554211    196.29528298324840      h 
  361.83905559358317    128.04027142058223    197.33841170726046      h 
  359.12918858229096    130.65943158630816    206.59806885881682      n 
  357.70055576462227    128.88875837181666    208.10229071445741      c 
  355.13241819952736    128.37097346170921    206.96278596703118      c 
  354.01936961539127    130.05471928253306    205.84784765694582      o 
  357.50402426589534    129.87897476924840    210.78570156245945      c 
  357.57961330386729    132.53970890585890    210.87829813397499      o 
  358.43565915889883    132.11641029321632    206.40342708603922      h 
  358.57738860509619    127.28060158896473    208.13063660369687      h 
  355.94122090582653    129.28749054711838    211.53970221622902      h 
  358.87785503103441    129.19489397560281    211.78914604153627      h 
  359.00446666963734    133.01214039318319    211.39419331813315      h 
  354.34818193056901    125.98235986179755    206.96467569298048      n 
  351.87264093698963    125.26426400106462    205.93666477656279      c 
  349.77504513326971    126.08251533711029    207.76025031763459      c 
  350.18322593831795    126.16944273077799    210.04492899033494      o 
  351.67232998636416    122.34274768345111    205.47179219303567      c 
  353.90220660653483    121.38276690120813    203.88442239562602      c 
  349.04939036873958    121.65677716385622    204.30016210447141      c 
  353.45812100845001    118.77872454307655    202.68822586972087      c 
  355.21745586724575    124.74080991310929    207.55238046321190      h 
  351.67988889016135    126.11464067824834    204.32472854181225      h 
  351.77815463952476    121.47725319867298    207.08372842778621      h 
  354.25180590715485    122.59597096065693    202.55594505327008      h 
  355.39509010647964    121.30339841133764    204.94455865318173      h 
  348.95679379722401    119.84641970442949    204.02426211587400      h 
  347.71335412258651    122.16889289611576    205.44722575569480      h 
  348.84718969216482    122.52794082648224    202.69956422541665      h 
  354.93399697485114    118.29117524815787    201.71690673178210      h 
  353.15954430846102    117.54284377223618    204.00725458233035      h 
  351.99925257559255    118.85431358104844    201.58273618938199      h 
  342.26716393671188    113.99960761730389    209.68966051186703      n 
  343.21958581515770    115.97248150837018    208.03048112838408      c 
  341.04262152156730    116.84175544504690    206.35996338920535      c 
  339.04329146721079    115.64177946724318    206.29193325503067      o 
  345.44001380558194    114.91801442866233    206.52247982084492      c 
  347.59241166183142    113.77473022933752    208.15898249293633      c 
  349.66544102821047    112.58987205912817    206.57161269552665      c 
  348.64120956369140    115.79862672103485    209.85028721755734      c 
  342.51093858417124    112.49727548761261    209.12085300112861      h 
  343.83941592652718    117.42568076337976    208.96022629543833      h 
  344.81640424231381    113.62544187934304    205.38108534746942      h 
  346.13732268087261    116.25783012671407    205.48502027468075      h 
  346.88565415679426    112.41979672369142    209.17187560175961      h 
  350.96179302942841    111.90390153953328    207.67143319801761      h 
  348.95868352317336    111.24249745727926    205.54738123100756      h 
  350.40243414843644    113.86354734895450    205.47935109683286      h 
  349.98669443959102    115.09942811979488    210.88018785992432      h 
  349.30261364594543    117.16867803427533    208.82794547898754      h 
  347.31084249538611    116.43735409189730    210.93687963840324      h 
  385.27813495103703    130.01903329236029    213.40962744204089      h 
  383.67119091965520    129.11888227755668    205.93909441913661      h 
  379.40161126462618    129.63222435446301    204.31066711218847      h 
  360.23517908120238    100.28575423479082    191.88970849616629      h 
  363.71937720264094    110.27108720318029    191.54085740664669      h 
  359.81448929305844    128.39913067655252    185.94115929187888      h 
  354.51547094994220    125.62315169741045    192.48752483865238      h 
  355.43214635696933    119.73847204016289    189.07217495816053      h 
  354.98709319935631    114.39850217467773    188.22447273868119      h 
  355.98120804624148    109.03526267965483    183.62384301396474      h 
  346.90891937268810    118.35557104551319    192.11083883990025      h 
  345.61274215959321    124.39577889080117    196.43262776238723      h 
  370.57680743915569    137.98309911521898    206.42895071681653      h 
  348.06975994924653    126.54711015341060    207.09150652448670      h 
  343.04439991355639    114.10284210587584    211.19890166198755      h 
  341.22498073802342    118.39847626067682    205.30429792070052      h 
  -0.1227313079032D+00   0.8623452633016D-01   0.1478625990432D+00
   0.8075922794313D-01  -0.6786513586809D-01  -0.8147782941922D-02
   0.1455076456774D-01  -0.7220544827077D-01  -0.7987846605491D-01
  -0.1202062681123D-01   0.2819247037346D-01   0.5429959812041D-02
  -0.7170422431455D-02  -0.1431540805246D-01   0.9512981009409D-01
  -0.5880241556661D-01   0.4215298331613D-01   0.2884166808665D-02
  -0.4524969178838D-02  -0.8301532946691D-01  -0.5473944118069D-01
   0.1643606508803D+00  -0.1510522443149D+00  -0.2472278529345D-01
  -0.8900284803836D-01   0.6316193293378D-01   0.1810109338334D-01
  -0.2553315052659D-01   0.3256287158104D-01  -0.1067768619925D+00
   0.8762680292353D-01   0.6474206405704D-01  -0.3586898269608D-01
  -0.8542034604768D-02  -0.9052576598864D-01  -0.6915862306794D-01
   0.2465982992044D-01  -0.3722714634578D-01   0.1043978015504D+00
   0.8568978226598D-01   0.6399759296680D-01  -0.3493864348679D-01
   0.1642198781113D-01  -0.2891500022463D-01   0.1087163026044D+00
  -0.9648631142780D-01   0.5668888570003D-01  -0.8677515291334D-02
   0.1050153815733D+00   0.1031666676026D+00   0.1634348712263D+00
  -0.3715371795558D-01  -0.5719683632155D-01   0.6273231337788D-01
   0.1207714388370D-01   0.1518240020273D-01   0.4829836781410D-02
  -0.1150025103470D-01  -0.9393146099059D-02  -0.2276840727492D-02
  -0.4415781511557D-01   0.4381979047863D-01  -0.7773726724160D-01
  -0.2282497752087D-02   0.2460203725018D-01  -0.3170993372714D-01
  -0.1553212484213D-02  -0.3589411120319D-02   0.8262407461481D-02
   0.5273871755956D-01   0.1920291830621D+00   0.4093249923449D-01
  -0.5361298863542D-01  -0.2064625148780D+00  -0.6711600361949D-01
   0.4208658725169D-01   0.6283997717851D-01  -0.8851399193004D-01
  -0.5967149576271D-01  -0.7390409938650D-01   0.6379700260102D-01
   0.1049794967599D+00   0.2011207339809D-01   0.4045030761348D-01
   0.8302274893124D-02  -0.8321124366179D-01  -0.2044519933821D+00
  -0.6470877237822D-01  -0.1222671361008D+00   0.1705602373728D+00
   0.1640375524547D+00   0.1150426972106D+00   0.9758877126467D-02
  -0.8410844475250D-01   0.4610374189562D-01  -0.4299602660713D-01
   0.1677912822859D-01   0.5029993806262D-02   0.2186493122030D-01
  -0.1083022864909D-01  -0.1416324901060D-01  -0.1110296386692D-01
   0.7703364876516D-01   0.1826799024731D-01  -0.7104200989490D-01
  -0.1798227149497D+00  -0.1231235109901D+00  -0.1138008300499D-01
   0.9761064121695D-01  -0.3060157205371D-01   0.4689698639272D-01
   0.2050208088246D-01   0.5835526780915D-01   0.9394910679559D-01
  -0.2049991346074D-02  -0.1116481258319D+00   0.2041725171967D-01
  -0.9772316922928D-01   0.3658229196100D-01  -0.4815125793324D-01
   0.1119892812087D+00   0.1194701984334D+00   0.1107946527145D+00
   0.9104639888812D-02  -0.5914141413731D-01  -0.7371166789964D-01
   0.7314834780367D-02   0.1095467188495D-01  -0.5910946924096D-02
  -0.1015391775226D-02  -0.8786106087023D-02   0.2930331581728D-02
   0.6707104177517D-03  -0.5865197113473D-01   0.9558967263969D-01
  -0.2705974757514D-01  -0.1876873786208D-02   0.2458862285898D-01
  -0.5576212218137D-03  -0.3854858907715D-02  -0.1254022721775D-01
   0.1172374907950D-01   0.1305995413724D-02  -0.6985850666771D-02
  -0.1189086332159D+00  -0.1223585556479D+00  -0.1304483321007D+00
  -0.1167620565243D-01   0.5754317118052D-01   0.9884177011357D-01
   0.1262657921873D-01  -0.5284626389376D-01  -0.1022282438094D+00
  -0.1988236058022D-02   0.1125614843832D+00  -0.7488547886835D-02
   0.3359755414190D-01   0.2104489683939D+00  -0.5023217045735D-01
  -0.3436020435392D-01   0.7620687188199D-01   0.5255065993268D-01
  -0.2331881156465D-02   0.2795270789479D-01   0.8871103443497D-02
  -0.4495486966207D-02  -0.1778712404720D-01  -0.4231244600755D-02
  -0.4409818802664D-01  -0.8739114332225D-01   0.8009669802526D-02
   0.5410261693490D-01  -0.7609947838022D-02  -0.5064519533532D-01
  -0.4094744147209D-01  -0.4245844512867D-01  -0.5339855569914D-01
  -0.2925886174765D-01   0.8440026451209D-01   0.9649387335496D-02
  -0.3598831845524D-01  -0.2102141346666D+00   0.4155126610412D-01
   0.3935445610902D-01  -0.9888402561740D-01  -0.3648347933452D-01
  -0.3781012981686D-01   0.9319494494110D-01   0.1696990117999D-01
   0.9856004182368D-01   0.9781048799295D-02  -0.5135134483787D-01
  -0.1031069583602D+00  -0.1480644729355D-01   0.5204784892113D-01
   0.1551228715463D-01  -0.5358875689388D-01   0.9694699080798D-01
  -0.5066829434104D-01   0.9708888041012D-01   0.2139070626534D-01
   0.1007451112966D+00   0.1851818035563D-01  -0.5025576675947D-01
   0.1382408332215D-01  -0.4664136863231D-01   0.9928725428541D-01
   0.9900030779058D-01   0.1084725950097D-01  -0.5416243391605D-01
  -0.7337143207762D-01  -0.6200844276952D-01  -0.6064329094555D-01
   0.1388654795177D+00   0.1475978241524D+00  -0.2503259711875D-02
   0.5251190849109D-01  -0.8751654887882D-01  -0.2899536466006D-01
  -0.2712473310362D-03   0.3454272327803D-01   0.3211778513854D-02
  -0.7390576882514D-02  -0.9589066519411D-02  -0.1990279889763D-02
  -0.6623023133576D-01   0.5760848691656D-01   0.4531438473452D-01
   0.5103882435869D-01   0.1001325387955D+00   0.1431310594239D+00
   0.3369065185498D-01  -0.6339523269828D-01   0.6040389467204D-01
  -0.1363902083741D+00  -0.1694213460665D+00   0.1036922737446D-01
  -0.4952361779953D-01   0.9832305322684D-01   0.2170612203563D-01
   0.7238490735638D-01  -0.6648473075278D-01  -0.5487871729019D-01
  -0.5957790908606D-01  -0.1031694425782D+00  -0.1306764801644D+00
  -0.5247921547809D-01  -0.5409312202766D-01  -0.8424055857599D-01
   0.8737297871164D-01   0.5964815372585D-01  -0.3987107665992D-01
  -0.7294990422474D-01   0.6698368920739D-01   0.5540811965797D-01
   0.7121170729530D-01   0.1785188581991D+00   0.1894397112999D-01
   0.8348516824573D-02  -0.6995013571703D-01   0.6669666591919D-01
   0.1021442394413D-02   0.8433087530093D-02   0.7393870146870D-02
   0.1793131907784D-01   0.1189706183202D-04  -0.4380455875532D-03
  -0.7487797654812D-01   0.5820961816030D-01  -0.5579369865989D-01
   0.8109891546759D-01  -0.3700766744526D-01   0.6749644175286D-01
   0.1686591292992D-01  -0.2915947360587D-01  -0.8486125072018D-02
  -0.3806520852271D-02   0.5802911268847D-02   0.6425612797925D-02
  -0.3443143555836D-02   0.4975225272725D-02  -0.4362633742610D-02
  -0.8973701688822D-01  -0.1961563488843D+00  -0.5187483077815D-02
   0.4831105906180D-02   0.7332561291419D-01  -0.8925641972250D-01
  -0.2892550010246D-01  -0.7793764450896D-01   0.7898046839922D-01
   0.1123239953046D+00   0.8282829613878D-03  -0.2048059215717D-01
   0.1930406895322D-01   0.8031256513775D-01  -0.7977322608918D-01
  -0.1116880743462D+00  -0.1960617562521D-01   0.2070634103073D-01
   0.4699047080133D-01   0.2057767217797D+00  -0.2510117950311D-01
  -0.9130102704130D-01   0.2304436264120D-01   0.3951050629736D-01
  -0.7109034514093D-02   0.1138774874332D-01  -0.3672668856346D-01
  -0.7647547067731D-02  -0.7051397027261D-02   0.1614110108595D-01
   0.1454523762992D-01   0.4667352759040D-01  -0.9223110171474D-01
  -0.5798785273522D-01  -0.2062865052724D+00   0.2633083266995D-01
   0.1073902238525D+00  -0.1769699456560D-01  -0.3081281599363D-01
   0.6987037089151D-01   0.4521872818418D-01   0.7590902841612D-01
   0.2119559081278D-01  -0.1105535364697D+00  -0.1428561695309D-01
  -0.1043540759766D+00   0.1683016561883D-01   0.2633266581969D-01
   0.1758749558331D+00   0.1197312391141D+00  -0.6855017758146D-02
  -0.5310283033749D-01  -0.3278370739727D-01  -0.7214771731281D-01
   0.7847089296538D-02   0.4935925022419D-02  -0.5120662849567D-02
  -0.6604006220486D-02  -0.7466044836550D-02  -0.2718102863451D-02
   0.7261731156844D-01  -0.4614055087128D-01   0.4625830031248D-01
  -0.6012007667455D-01   0.2841030029932D-01  -0.5210677478218D-01
   0.6074499351325D-01  -0.5323286327851D-01   0.4307731074978D-01
  -0.7141671560156D-01   0.7473163836521D-01  -0.2845180643422D-01
   0.1426942278978D+00  -0.2024658242657D-01  -0.5325886682629D-01
  -0.1751964909092D+00  -0.1297661706615D+00   0.1294389699284D-01
   0.7180928053144D-01   0.3772071601613D-01   0.8061796665504D-01
  -0.6842686260771D-01  -0.5729172900394D-01  -0.7383138618540D-01
  -0.1623619240270D-01   0.1131654160615D+00  -0.2671147465054D-02
   0.5816482265357D-01   0.6760764992089D-01   0.7322463234186D-01
   0.3640600115660D-01  -0.1088140460335D+00   0.2628846838473D-02
  -0.6238915400493D-01  -0.3766758975896D-01  -0.9011322972871D-01
  -0.2588677571227D-01   0.1069464295245D+00   0.3205102821448D-01
   0.7479344188211D-01   0.2546470851819D-01   0.8457597956265D-01
  -0.5491199878197D-03  -0.9924186913908D-01  -0.3414656932750D-01
  -0.1109063948236D-02  -0.5401455504117D-01   0.1687204436518D+00
  -0.1131734140419D+00  -0.9594011019266D-01  -0.9926900222112D-01
  -0.4104320954348D-01   0.1719970032196D+00  -0.1010916443334D-01
   0.9121736574335D-01   0.1892640373883D+00   0.3291715716455D-01
   0.5727354974961D-01  -0.8318857024740D-01   0.1324280526825D-01
   0.1133297500239D-01   0.2584507089873D-01   0.7833235433124D-02
   0.2677892642184D-02  -0.1284740097550D-01  -0.4611855817468D-02
   0.2328901014693D-01   0.4371535721275D-01   0.6032076712678D-01
  -0.1009346266826D+00  -0.1914058844574D+00  -0.2036052779043D-01
  -0.5430214437983D-01   0.9891127550196D-01   0.1345128912640D-02
   0.1974318970672D-01   0.5811953906827D-01  -0.9577270625533D-01
  -0.1105921058437D+00  -0.2437711846181D-01   0.1002380368597D-01
   0.5936695157171D-01  -0.9628776105807D-01   0.1596401898867D-02
   0.6748664603932D-01   0.1998369936387D+00  -0.3285217081773D-01
  -0.3608542041512D-01  -0.1601043275780D-01   0.8784150445881D-01
   0.7414991213784D-02   0.2719445400295D-01  -0.9154028239114D-02
  -0.7870458663121D-02  -0.1740299608024D-01   0.1069541364803D-01
  -0.3594519379777D-01   0.6828110287437D-01  -0.5431625035418D-02
  -0.7312053207470D-01  -0.2027009435111D+00   0.3427112797892D-01
   0.2702748300592D-01   0.4380011450654D-01  -0.1026545079286D+00
   0.1114934495399D+00   0.1526245026513D-01  -0.4955489217192D-02
  -0.3300318931899D-01  -0.7135924713035D-01  -0.8253439647124D-01
  -0.3102299840712D-01  -0.4125444381451D-01   0.1041076741812D+00
   0.1254935121852D+00   0.1461698761837D+00  -0.5379825137644D-01
  -0.8582251477110D-01  -0.1551460038351D-02  -0.3114808272737D-02
   0.1567748257500D-01   0.1374039161307D-01   0.4692023685758D-02
  -0.2069351393096D-01  -0.2203359369254D-01  -0.8342889831227D-02
   0.5339207250938D-01  -0.4869266560946D-01  -0.6125188014737D-01
   0.1243237188319D-01   0.4977444238945D-01   0.3938037977962D-01
   0.5104302577204D-01   0.2549441152998D-01  -0.6080909190757D-01
  -0.6747895108311D-01   0.1058835540084D-01  -0.5948952748011D-02
  -0.1401207921649D+00  -0.1614127464564D+00   0.5114885123359D-01
   0.1145981365019D+00   0.1459833423746D-02   0.1477863022802D-01
  -0.1142149672466D+00   0.1102948929313D-01  -0.1779915658351D-01
   0.3652403991559D-01   0.7272069954718D-01   0.7819886339873D-01
  -0.2940755029920D-01  -0.7278330180108D-01  -0.8598268251361D-01
   0.2401633954670D-01  -0.1048640694291D+00   0.3216790015732D-01
  -0.1078125597588D+00   0.7964695731549D-02  -0.3195637607216D-01
   0.2047580108755D-01   0.7370628245957D-01   0.8590108067076D-01
   0.1866250891262D-01  -0.1045531165391D+00   0.3652621616835D-01
   0.3522090175095D-01   0.7286558678143D-01   0.8150222445936D-01
   0.6011972372546D-01   0.1748966470723D-01  -0.9391370867638D-01
   0.1269063801203D+00   0.1636699007219D+00   0.4173197749718D-01
   0.1064320698016D-01  -0.6803736281925D-01  -0.7245388953567D-01
  -0.3314484149012D-03  -0.3987493941969D-02   0.2135646602616D-02
   0.1213324710009D-01   0.2858018140156D-01  -0.9409254940406D-03
  -0.1274890296140D-01   0.3148500667299D-01   0.8171716415084D-01
  -0.4839548978895D-01   0.1824755511355D+00  -0.5860623652734D-02
   0.2579741312240D-01  -0.7957249028254D-01   0.2692686979465D-01
  -0.1307762109087D+00  -0.1673969682145D+00  -0.4044097628188D-01
  -0.4477201061724D-02   0.7024199551649D-01   0.8989743406390D-01
   0.1171107822987D-01  -0.6270383098921D-01  -0.9747884925997D-01
   0.4231965266805D-01  -0.1771505119533D+00   0.9378314876518D-02
  -0.1006605391269D+00  -0.1041602991627D-01  -0.4922783665679D-01
   0.7592378517358D-01   0.4690551327425D-01  -0.6918618066724D-01
  -0.9442914412163D-02   0.6072532994231D-01   0.9551645926757D-01
   0.8736610571776D-01   0.1891427904122D+00   0.4035683364510D-02
   0.3547833894392D-01  -0.7387578498831D-01   0.5260855184411D-01
  -0.3168424987911D-02   0.1655707096409D-01  -0.2585928614794D-02
  -0.2491246056314D-02  -0.8021960223352D-02  -0.1502002044395D-02
  -0.2560191165756D-01   0.8286764972667D-01   0.5990524188440D-01
  -0.7656676044907D-01  -0.2043596062181D+00  -0.1425474270841D-01
  -0.4506515226654D-01   0.8013448341161D-01  -0.6744130363848D-01
   0.7664414809027D-01   0.3435280788060D-01  -0.7481981436708D-01
  -0.9359061647603D-01  -0.3540766282141D-01  -0.5016450220266D-01
   0.4137256569885D-01  -0.7822080303783D-01   0.6974854785892D-01
   0.7997871502292D-01   0.1635591957649D+00  -0.5321861443985D-01
  -0.6068837427181D-01  -0.2338515499533D-01   0.6473907251794D-01
   0.7420457851152D-02   0.1187143662977D-01   0.9273841609089D-02
  -0.3288189584636D-02  -0.7650768224505D-02  -0.4576192317979D-02
  -0.3875977758993D-01   0.6986923605934D-01  -0.4822440109324D-01
  -0.9145044185629D-01  -0.1865024842302D+00   0.6663347588736D-01
   0.7850610530128D-01   0.4020214222662D-01  -0.7509960133724D-01
   0.9015175220397D-01   0.3937989450374D-01   0.5539801496008D-01
   0.2843439136660D-01  -0.8012397627567D-01  -0.7459645414423D-01
  -0.7983999500963D-01  -0.3760696565511D-01   0.7299269934764D-01
   0.1596657764250D+00   0.7790575224320D-01   0.1036895650863D+00
   0.1347417809679D-01  -0.1042407660021D+00   0.2867818046265D-01
   0.2919377115845D-01   0.1746305727946D-01   0.1569583292526D-01
  -0.1357223607719D-01  -0.5957915614328D-02  -0.4452919170099D-02
  -0.1671588745113D+00  -0.8894168192284D-01  -0.1056283061194D+00
  -0.1023534833052D+00   0.4060188802518D-01  -0.3385063732055D-01
   0.8633182591141D-01   0.7693504304504D-01  -0.5131517623379D-02
   0.3223490469682D-01   0.1198745918009D+00   0.1554278320923D+00
  -0.6825577579308D-01  -0.2758636743457D-01  -0.4473689852607D-01
  -0.3319532693810D-01   0.3694117251429D-02  -0.2557350599031D-01
   0.2003699591246D-01   0.2072709246783D-03   0.1304538149054D-01
   0.5733246315307D-01   0.2474898724739D-01   0.5085627650449D-01
   0.3082352005643D-01   0.3427104964543D-01  -0.8223150571055D-01
  -0.8023185316827D-01   0.4218565705149D-01   0.2675394270601D-01
  -0.4447867025178D-01  -0.1420262312483D+00  -0.1612064912718D+00
   0.8194502038209D-01   0.4317977073478D-01   0.6571717654086D-01
  -0.7607591220279D-01  -0.3228109218568D-01  -0.7884442016385D-01
   0.1439964697199D-02  -0.1121632086694D+00   0.2025944067423D-02
  -0.1061070589908D+00   0.3755092049532D-01   0.1868327100248D-01
   0.7121976013006D-01   0.3891615684870D-01   0.7975060954726D-01
  -0.8705800620323D-02  -0.1112120282705D+00   0.5370588526781D-02
   0.7769644446903D-01   0.3687777608593D-01   0.7338315570171D-01
   0.2657584836457D-01   0.3345548413009D-01  -0.1051643042719D+00
  -0.1732112135175D+00  -0.5273265169696D-01  -0.9300924307409D-01
   0.7192506233824D-01  -0.2398928366246D-01   0.7422607922392D-01
  -0.9968887277304D-01   0.2740184570857D-01  -0.4932279411534D-01
   0.4554165771878D-01   0.8377541539817D-02  -0.4308241088590D-03
  -0.6343478493372D-01   0.3276146851444D-01  -0.7610974604379D-01
  -0.2498257129399D-01  -0.1551937635035D+00  -0.9520966438478D-01
   0.8623407392997D-01  -0.4995953419655D-01  -0.2946334444366D-01
   0.1794759735139D+00   0.5540416385409D-01   0.1070402347407D+00
  -0.7130097561420D-01   0.1456339795950D-01  -0.8368310485990D-01
   0.6531316136271D-01  -0.2217528695753D-01   0.9263158838543D-01
   0.3133362639979D-01   0.1527697138523D+00   0.8671092291574D-01
   0.2632792403603D-01   0.9456086170011D-01   0.5386034190278D-01
  -0.5493990604283D-01  -0.7157646538872D-01   0.6819266233026D-01
  -0.6106028448079D-01   0.2098956966177D-01  -0.9251972813624D-01
   0.7262324381052D-01  -0.8562837855810D-01   0.1706139652821D+00
  -0.7242838164968D-01  -0.1062054914834D-01  -0.4228440588244D-01
  -0.4975154160486D-01   0.2193099924932D-01  -0.3138823493718D-02
   0.1509265624538D-01  -0.6550011182525D-02  -0.2653526900998D-02
  -0.1605147742787D-01   0.1149792315362D-01   0.7668161028934D-01
  -0.1800286673647D+00  -0.4095708331117D-02  -0.1348447260885D+00
   0.9653262238246D-01   0.1732796725191D-01   0.5971831580163D-01
   0.5598994807003D-01  -0.9762757208797D-01   0.1381664839863D-03
   0.6404956018594D-01   0.8094180433281D-01  -0.4319036467308D-01
  -0.9688326447213D-01  -0.1157803352416D-01  -0.5931979791974D-01
  -0.1945713819780D+00  -0.4089965493534D-01   0.1684276432142D-01
   0.8354092331932D-01   0.1871958581539D-01   0.2798781321839D-01
   0.2105657424073D-01   0.1064112352077D-01  -0.3115115084589D-02
   0.3095604606209D-02  -0.1347906595818D-02  -0.1731429459042D-02
   0.8463165227289D-01   0.4852278566893D-01  -0.4243413988372D-01
   0.4694180111124D-01  -0.1235284204380D-01  -0.1750042369939D+00
   0.2166732652751D+00   0.1002117659838D-01  -0.5368293589163D-02
  -0.1017603575586D+00  -0.1762518966065D-01  -0.4825840390730D-01
   0.6940128944674D-02  -0.1075258531577D+00   0.5153853788632D-01
  -0.1054644540335D+00   0.5217621363438D-01   0.8910356527214D-02
  -0.3525706372470D-01   0.1900369982573D-01   0.1743649921228D+00
   0.1962628893829D+00   0.1472111268149D-01  -0.3412151665448D-01
  -0.6825891086511D-01  -0.1697186216614D-01   0.4756510637156D-01
  -0.9327565789171D-01   0.8778068543453D-03   0.1500414257878D-01
   0.1527128397610D-01   0.5456297401153D-02  -0.1159451785823D-01
   0.6632950354273D-01   0.2532430707532D-01  -0.3896440402957D-01
  -0.3659456746195D-01   0.8372738471037D-01   0.1647067713655D-01
   0.3337847595107D-01  -0.3092993569588D-01   0.7385888953464D-01
  -0.2141819985124D+00  -0.2064201636854D-01   0.3435598414900D-01
   0.9078121349039D-01   0.2662963126725D-01  -0.6179312761440D-01
  -0.8970259030579D-01  -0.2377241342216D-01   0.6871181659165D-01
  -0.6992444178031D-01  -0.6944565310083D-01  -0.5467765659780D-01
   0.3093386951615D-01  -0.4642215532412D-01   0.9915630785854D-01
   0.9258793790840D-01   0.2090019757363D-01  -0.6281831536518D-01
  -0.6402599559905D-01  -0.7708454931599D-01  -0.5210289656226D-01
   0.8826263055159D-01   0.2924124553290D-01  -0.6448766659973D-01
  -0.6269242572051D-01   0.9159378509824D-01   0.2373192680337D-01
  -0.8194803007655D-01   0.1035278573352D+00   0.1653804685998D+00
   0.9168947862682D-01   0.4013311903375D-01  -0.3505931713479D-01
   0.4428342962328D-01  -0.3352979503536D-02  -0.7687115212295D-01
  -0.7265709724432D-02  -0.7776487171627D-02   0.7993629483462D-02
  -0.7286855806767D-01  -0.2848411522830D-01   0.4616824113541D-01
   0.5618131047556D-01  -0.6302891380949D-01  -0.5687202545330D-02
   0.1733400492974D-01   0.6050398578081D-01   0.5086584749211D-01
   0.1542167573507D+00   0.1284812130904D-01  -0.1623775333591D+00
  -0.9612741224492D-01  -0.3622827234765D-01   0.4067781778673D-01
   0.9944680079576D-01   0.4303345533113D-01  -0.3274940749873D-01
  -0.1388999570413D-01   0.4141295496188D-01  -0.1051464734288D+00
   0.3727772226273D-01   0.8150829194600D-01   0.6872305746288D-01
  -0.9789505080247D-01  -0.4373501676965D-01   0.3912034531492D-01
  -0.1239026265589D-01   0.4061824008859D-01  -0.1051580763370D+00
  -0.9946721622474D-01  -0.4379815990282D-01   0.3609079605830D-01
   0.8016143516123D-01  -0.8147363867750D-01  -0.9235143793781D-03
  -0.1955824681403D+00   0.5725909632913D-01   0.3876823926141D-01
   0.1000576772859D+00   0.8028202854588D-02   0.9288034641513D-02
   0.8510243176538D-01   0.1336611829251D-01  -0.5532462814499D-01
  -0.3921807401635D-01  -0.2036663435553D-01   0.2058533422745D-02
  -0.7840635798060D-01   0.9600940809969D-02   0.7505599360983D-03
   0.1477848526229D-01  -0.8462281183958D-01   0.6227008569230D-02
   0.2887220767255D-01   0.4377221763921D-01   0.6613508504653D-01
   0.2083911593530D+00   0.4277225006721D-02   0.8318006527472D-01
  -0.1122450653863D+00  -0.4492925588838D-02   0.6582015985701D-02
   0.1143801087262D+00  -0.8839074701169D-02  -0.2564488260677D-02
   0.3808721098654D-01   0.3711463969416D-01  -0.9784706645507D-01
   0.5061506104279D-01   0.5762461610688D-01   0.8359500969795D-01
  -0.1137411678671D+00   0.1283605260248D-01   0.6686334873565D-02
   0.3778105563400D-01   0.4363108294914D-01  -0.9625425704627D-01
  -0.1136199543463D+00   0.7492769362287D-02   0.4364070471951D-02
   0.3202360584693D-01  -0.1086233205221D+00   0.6283287365717D-02
   0.1759516719968D+00  -0.1021916174183D+00  -0.6204623139438D-01
  -0.8486680116187D-01  -0.3353576505445D-01   0.2971822707584D-01
  -0.7294188521578D-01   0.2763551377308D-01   0.5960070939175D-01
   0.1507917412771D-01   0.5539637921007D-02  -0.1205994563841D-01
   0.4672771641761D-01   0.6247741805863D-01   0.5756860275704D-01
   0.8065652780870D-02   0.1747436140745D-01   0.1877968007614D-02
   0.1008495107249D+00   0.6503156891648D-01  -0.9434627665134D-01
  -0.1053568451923D+00   0.3632382568576D-01   0.1045516640122D+00
   0.9607581204747D-01  -0.4532996680754D-01  -0.1010602658386D+00
  -0.8917262606693D-01  -0.7830082297171D-01   0.8221888402165D-01
  -0.6234173505559D-02   0.5198466462140D-02   0.9490554653742D-02
  -0.1215379330115D+00  -0.7329875268617D-01   0.1109731303767D+00
  -0.2187056274844D+00  -0.3309174941492D-01   0.4356495717683D-01
   0.1056338400330D+00   0.3106753305590D-01  -0.1766507540993D-01
  -0.1060406760878D+00  -0.4058540775330D-01   0.2064389381956D-01
   0.4025828070298D-01  -0.2439123400201D-01  -0.1051230638010D+00
  -0.9784971620622D-01  -0.8855823087659D-01   0.8628247692673D-01
   0.1024409988973D+00  -0.6767485296238D-01  -0.1049567608652D+00
  -0.9621794213214D-01   0.6959868488815D-01   0.1035044553095D+00
   0.9863788865919D-01   0.9224225439394D-01  -0.9072230847291D-01
   0.1184120231911D+00   0.7616250054737D-01  -0.1097657261663D+00
   0.1328178620298D+00   0.9738499245505D-01   0.1269778003386D+00
   0.6482337286674D-01  -0.5726338919940D-01  -0.5151130554688D-01
   0.1809136168698D-02  -0.3004293841582D-01  -0.4090943717082D-02
   0.7988232604469D-02  -0.6512892665109D-02  -0.4998579791043D-03
   0.6002583515131D-01  -0.9181431757733D-01   0.3319877745383D-01
  -0.1665991568227D+00  -0.6589576691288D-01   0.6002979787931D-02
  -0.1403966072451D-01  -0.9099267602246D-01  -0.2045719029059D+00
  -0.7041331664373D-01   0.6440791722434D-01   0.5602477584465D-01
   0.4712564951148D-01   0.1079516324355D+00   0.1709944823405D-02
  -0.1082769647950D+00  -0.1633688577553D-02  -0.3857651562915D-01
   0.1664471354132D+00   0.5745909495218D-01  -0.1019720159831D-01
   0.1337342294776D+00  -0.1379126741072D+00   0.3121870907288D-01
  -0.5062440824846D-01   0.7930448108554D-01   0.5232654604759D-02
  -0.3019328428171D-01   0.2916864488338D-01  -0.7310479577060D-02
   0.9881841982495D-02  -0.1488918024358D-01   0.4486550388263D-02
   0.2635777530826D-01   0.7285698878214D-01  -0.4640635083174D-01
  -0.8833105341965D-01   0.2510851457818D-01   0.7259720395140D-01
   0.5843100740569D-01  -0.6633298195317D-01  -0.8687266776307D-02
   0.6752253449821D-02  -0.4156472392111D-01  -0.1172253502694D+00
  -0.1307010980625D+00   0.1684000227789D+00  -0.2414722349002D-01
   0.5808412026726D-01  -0.9641857963315D-01  -0.3565352997477D-02
  -0.4416458539377D-01  -0.9105474064956D-01   0.5157693397252D-01
   0.5013654550569D-01   0.8313819350364D-01  -0.5959249978270D-01
   0.6210148780999D-01  -0.9461374201842D-01   0.5416929371017D-02
  -0.1161901734886D-01   0.2267625738661D-01   0.1054587273043D+00
  -0.1002671762733D+00  -0.3123789707292D-01  -0.4046906034680D-01
   0.4010453655652D-01   0.8875808401640D-01  -0.5961087153175D-01
   0.1041621006401D+00   0.2007727262591D-01   0.3563954757907D-01
  -0.4938113027286D-01  -0.8088219939828D-01   0.5936499854845D-01
  -0.5916315632118D-01   0.9303530303105D-01   0.1002724716670D-02
  -0.7621763421646D-01   0.1877444012695D+00  -0.2230723096983D-01
   0.4114864089724D-01  -0.6971418861833D-01   0.8133545685297D-02
   0.5587693775558D-02  -0.2077325551083D-01   0.2182795077835D-01
   0.1122331504649D-01  -0.4619616456783D-02  -0.1926253253896D-03
  -0.9121196775080D-02  -0.6898052029062D-01   0.7411313706639D-01
   0.1620547345141D+00   0.4157740088421D-01   0.5691979449114D-01
   0.9057508070697D-01  -0.1949530330843D+00   0.2782537286659D-01
  -0.6155248977883D-01   0.9702911763295D-01  -0.2441377202663D-02
   0.1038025014369D+00   0.3186280185151D-01  -0.4492481335767D-01
  -0.9103723088436D-01   0.4189918079779D-01  -0.5949664723739D-01
  -0.1579501592143D+00  -0.5449256616324D-01  -0.5726545445315D-01
   0.1191908120120D+00  -0.1368601290068D+00   0.7398563378235D-01
  -0.3736030699749D-02   0.4901281404743D-01  -0.8405969294109D-01
  -0.8212332318032D-01   0.1980051699471D-01  -0.5667859078598D-01
   0.5515045006754D-02  -0.6715391395690D-03   0.2459272489014D-01
   0.1498198991575D-01  -0.4258352934011D-01   0.8052211762467D-01
   0.9462431638246D-01   0.5014233411094D-01  -0.6703463560953D-02
  -0.9792153600566D-01  -0.3237024208714D-01  -0.3980885140138D-01
  -0.1041042807621D-01  -0.8877315327423D-01  -0.4301226675902D-01
  -0.1169903790582D+00   0.1590747222333D+00  -0.8477596197418D-01
   0.1513918826532D-01  -0.5475527636267D-01   0.9726478602247D-01
  -0.4138718261038D-02   0.4970117921369D-01  -0.1021188950916D+00
  -0.1675019086089D-01  -0.7439161342694D-01   0.8630798605184D-01
  -0.8980304735031D-01   0.8895882777685D-02  -0.6892647501783D-01
   0.2508410849692D-02   0.1090299495834D+00   0.1346699119275D-01
   0.7881807785088D-01  -0.3187630969115D-01  -0.7193303462593D-01
   0.1062605238179D-01  -0.5483729954540D-01   0.9811676633407D-01
  -0.9197130963734D-01   0.2654629396527D-01   0.5738323746376D-01
   0.1728877654511D-01   0.7610391993908D-01  -0.8269643789979D-01
   0.8778962142462D-01  -0.4917221030041D-02   0.6966394924294D-01
   0.8691794099081D-01  -0.1877686014855D+00   0.2427123258749D-01
   0.4016453641557D-01   0.8336451781942D-01   0.4911434511445D-01
   0.3519160177395D-01   0.8777792042368D-01  -0.3974057900532D-01
  -0.2615827337234D-01  -0.1914651351451D-01   0.1628130386525D-02
  -0.1061014695361D-01   0.4920761644238D-02  -0.9251503046781D-01
  -0.1499293707337D-01  -0.6793432575004D-01   0.5517130454991D-01
   0.6907302970155D-01  -0.4343904014236D-01  -0.4260621386209D-01
   0.2899982751518D-01   0.5881579094766D-01   0.5089971979236D-01
  -0.2299042629677D-01   0.2036334223228D+00   0.8905103128970D-01
  -0.3064627835775D-01  -0.8789910215500D-01  -0.6036701319551D-01
   0.4029602955279D-01   0.8474750753898D-01   0.6677972845438D-01
  -0.4599032229986D-01  -0.8639059415176D-01   0.6141809833321D-01
   0.4459759223900D-01   0.8201339290777D-01  -0.6480646821910D-01
  -0.7800347213937D-01   0.4265257506780D-01  -0.6991693484142D-01
   0.4411711604139D-01   0.8287560777812D-01   0.6242843617031D-01
  -0.4600133895347D-01  -0.7952963884554D-01   0.6815725718932D-01
  -0.8261328322127D-01   0.4392053037215D-01  -0.6444901092310D-01
  -0.4152864395049D-01  -0.8490410762165D-01   0.6376422260198D-01
   0.8084727300181D-01  -0.3936480067654D-01  -0.6884298321404D-01
  -0.4034896720735D-01   0.6538967057504D-01  -0.1208825267696D+00
  -0.1044918025660D-01   0.4193315125478D-01   0.6123722813372D-01
  -0.5109684674524D-01   0.1005920732119D+00  -0.8380020344847D-01
   0.5080685340532D-01  -0.3312681013030D-01   0.4358506884585D-01
   0.9212040362107D-01   0.1049737898764D+00  -0.2778032413270D-01
   0.7458279099205D-01  -0.1152239406881D-01   0.8206593615650D-02
  -0.6756001895903D-01  -0.1240411714548D+00   0.8551595130660D-02
  -0.3636575260806D-01   0.2946844647097D-02   0.6745528772372D-01
  -0.1110486515462D-01  -0.7894413065394D-01  -0.1193797513739D+00
  -0.4659563787423D-01   0.9407675031611D-02   0.5936683255846D-01
   0.4423600439312D-01   0.1333555343460D+00   0.2484694187193D-01
   0.5290280390638D-01  -0.3116494000740D-01  -0.4537167607289D-01
  -0.1164590945013D+00  -0.1080501266383D-01   0.7937549638280D-01
   0.6512031294167D-01  -0.1631171878011D-01   0.3187960562502D-01
  -0.5785882620829D-01  -0.1469289830503D-01  -0.1296005731055D+00
  -0.1299576643682D-01  -0.6308378117008D-01   0.4074268952743D-01
$end                                                                            
