           2           1   1.01696285888114     
           3           2  0.955536345701164     
           4           3   1.57234393526698     
           5           2  0.972040738557707     
           6           5  0.986224672575429     
           7           6   1.01039790579273     
           8           6   1.00983529756264     
           9           1  0.951624860473047     
          10           2  0.940033435321489     
          11           5  0.974498754398056     
          12           5  0.962546143629947     
          13           6  0.968980124178977     
          14           7  0.985771032770220     
          15           7  0.969137105554696     
          16           7  0.984789435406447     
          17           8  0.984183978889440     
          18           8  0.979355091336163     
          19           8  0.981439631112585     
          20           3   1.30286869821589     
          21          20  0.976692789474405     
          22          21  0.936905332555712     
          23          22   1.60510026392250     
          24          21  0.965296222579677     
          25          24   1.00982693701461     
          26          24   1.00871064053463     
          27          20  0.912140072255927     
          28          21  0.935081778619101     
          29          24  0.958762584992574     
          30          25  0.983646776690123     
          31          25  0.979113255911200     
          32          25  0.975803320484033     
          33          26  0.983356992771668     
          34          26  0.975093359834690     
          35          26  0.983418779394489     
          36          22   1.30253997369440     
          37          36  0.983049231397940     
          38          37  0.935267465959979     
          39          38   1.61809181782482     
          40          37  0.972446454803432     
          41          40   1.00711169986881     
          42          41   1.40294633371050     
          43          41   1.42089743220550     
          44          42   1.45226549685852     
          45          43   1.43289819480692     
          46          44   1.43219423795337     
          46          45   1.44549354814115     
          47          36  0.913064227360037     
          48          37  0.944904080052081     
          49          40  0.956094067429435     
          50          40  0.928343468083492     
          51          42  0.968186875364847     
          52          43  0.963355700743597     
          53          44  0.970741599598041     
          54          45  0.970983203712980     
          55          46  0.971174407501653     
          56          38   1.29119774920195     
          57          56  0.980838358330002     
          58          57  0.919775937777093     
          59          58   1.58739777673960     
          60          57  0.980045708006631     
          61          60   1.00246650981366     
          62          61   1.39562067876225     
          63          61   1.41505646737369     
          64          62   1.46825023246346     
          65          63   1.43350626507020     
          66          64   1.35512355111346     
          66          65   1.37701667863166     
          67          66   1.07396923281534     
          68          56  0.915282944921682     
          69          57  0.940763435930136     
          70          60  0.944680972425040     
          71          60  0.967395193453392     
          72          62  0.968055914134041     
          73          63  0.954332226083786     
          74          64  0.968297766432342     
          75          65  0.964947941871351     
          76          67  0.861233007775551     
          77          58   1.34717353834280     
          78          77  0.978519206216334     
          79          78  0.943925919732303     
          80          79   1.57356219495489     
          81          78  0.971004790294049     
          82          81  0.990129891527890     
          83          82   1.00916544036161     
          84          82   1.00512834825604     
          85          77  0.818664436952482     
          86          78  0.926701487152325     
          87          81  0.963704908161424     
          88          81  0.968039384700040     
          89          82  0.957529166300948     
          90          83  0.976579297271494     
          91          83  0.978265575718015     
          92          83  0.981921537102828     
          93          84  0.976138345416294     
          94          84  0.969618609715358     
          95          84  0.959450940585624     
          96          79   1.30476421676743     
          97          96  0.970139453008332     
          98          97  0.935937611754024     
          99          98   1.65262289716267     
         100          97  0.976373009533315     
         101         100   1.00085787713362     
         102          96  0.974564485396409     
         102         101   1.00079212427390     
         103          97  0.948653171988015     
         104         100  0.971838720430342     
         105         100  0.972685788733850     
         106         101  0.966676584459075     
         107         101  0.968170111452480     
         108         102  0.942594575358744     
         109         102  0.948732277882620     
         110          98   1.27513626125270     
         111         110  0.980993146840762     
         112         111  0.935404788417213     
         113         112   1.64705479687257     
         114         111  0.959123091579392     
         115         114  0.991188027862540     
         116         114   1.00749840254936     
         117         110  0.912285602162795     
         118         111  0.946807222732117     
         119         114  0.937596688439633     
         120         115  0.864499938651220     
         121         116  0.979122584605356     
         122         116  0.961939840113538     
         123         116  0.983066516246429     
         124         112   1.28505104392133     
         125         124  0.982619519929049     
         126         125  0.934198477627553     
         127         126   1.63846395881098     
         128         125  0.980478923037042     
         129         128  0.905436641590132     
         130         129   1.48424140723972     
         131         129   1.52304246059295     
         132         124  0.906567344845958     
         133         125  0.937594783822439     
         134         128  0.958182666960734     
         135         128  0.954759547986715     
         136         126   1.28784697472610     
         137         136  0.978069623102762     
         138         137  0.938904147342250     
         139         138   1.68129503228574     
         140         137  0.960426950233504     
         141         140   1.00909889696387     
         142         136  0.878510679385395     
         143         137  0.955370841530494     
         144         140  0.974029194570482     
         145         140  0.956935423223151     
         146         141  0.877195749272047     
         147         138   1.26324414230772     
         148         147  0.997705094243989     
         149         148  0.954641623940989     
         150         149   1.62492675758801     
         151         147  0.924607801646122     
         152         148  0.943150161079304     
         153         148  0.948103116054176     
         154         149   1.29635286364663     
         155         154  0.979584673350067     
         156         155  0.944267339805677     
         157         156   1.62606020458229     
         158         155  0.974299134918569     
         159         158   1.01432325668590     
         160         159  0.906212444993589     
         161         160   1.50631690155368     
         162         160   1.49672265598022     
         163         154  0.919624448082939     
         164         155  0.947777767984627     
         165         158  0.967376116440867     
         166         158  0.974640939572606     
         167         159  0.970810999296403     
         168         159  0.970597780720306     
         169         156   1.30174966866486     
         170         169  0.982836210228526     
         171         170  0.943374989487872     
         172         171   1.59100991109898     
         173         170  0.981901653033993     
         174         173   1.00656792700670     
         175         174  0.997709394001144     
         176         175   1.00979974637525     
         177         176  0.939609170276676     
         178         169  0.912110536403118     
         179         170  0.924224249310367     
         180         173  0.948570728105558     
         181         173  0.969902522905527     
         182         174  0.962629147512472     
         183         174  0.974727174467528     
         184         175  0.963460976352499     
         185         175  0.951915092311416     
         186         176  0.951718540811416     
         187         176  0.952001200094056     
         188         177  0.889683103509243     
         189         177  0.895228222616938     
         190         177  0.901501140415237     
         191         171   1.31007191088814     
         192         191  0.981476954890532     
         193         192  0.938757892618784     
         194         193   1.64334906490935     
         195         192  0.974471731716414     
         196         195   1.01108126432028     
         197         196  0.982827189403675     
         198         197   1.01494902178377     
         199         191  0.909096468220246     
         200         192  0.941496410506004     
         201         195  0.969398801436523     
         202         195  0.973139825311693     
         203         196  0.977207835847291     
         204         196  0.964535785787658     
         205         198  0.978781009636714     
         206         198  0.983334601615629     
         207         198  0.975608583010432     
         208         193   1.28216047441779     
         209         208  0.981408005885949     
         210         209  0.924491191091699     
         211         210   1.64892849294374     
         212         209  0.951093720851864     
         213         212  0.993127986069921     
         214         212   1.00721546014703     
         215         208  0.914017916947879     
         216         209  0.954063197739569     
         217         212  0.961627400277164     
         218         213  0.875675705192341     
         219         214  0.977472369902594     
         220         214  0.974988436030908     
         221         214  0.975970226334724     
         222         210   1.29668095019745     
         223         222  0.973716863081955     
         224         223  0.931522653609839     
         225         224   1.62233576638018     
         226         223  0.978187561301520     
         227         226  0.996737023318401     
         228         227   1.00829629593958     
         229         227   1.00103753271943     
         230         222  0.912856978847212     
         231         223  0.951226526334061     
         232         226  0.969507137100614     
         233         226  0.956103142950268     
         234         227  0.966259222554748     
         235         228  0.947503658780235     
         236         228  0.984704915184297     
         237         228  0.984586401661038     
         238         229  0.961482983525698     
         239         229  0.972978381900105     
         240         229  0.979744390037706     
         241         224   1.31274453173848     
         242         241  0.982603846396011     
         243         242  0.974639132911740     
         244         243   1.90131928873590     
         245         242  0.960283275129127     
         246         245   1.00564911261066     
         247         241  0.859003735517988     
         248         242  0.945027526245748     
         249         245  0.955410301169446     
         250         245  0.965316616101897     
         251         246  0.878859805093014     
         253         252   1.02187998062487     
         254         253  0.967507915765332     
         255         254   1.89571459836093     
         256         253  0.948812537728288     
         257         256   1.01077649808174     
         258         257   1.28243542012976     
         259         257   1.54308164958893     
         260         258   1.52929726769268     
         261         259   1.22197597322215     
         261         260   1.28606598660391     
         262         252  0.952813081577003     
         263         253  0.954774595509301     
         264         256  0.970098185586374     
         265         256  0.955698200716548     
         266         259  0.965081900077924     
         267         260  0.953926172026015     
         268         261  0.887026702100503     
         270         269  0.937746564026978     
         271         270  0.968913064595054     
         272         271   1.94037100744341     
         273         270  0.991360414667226     
         274         269  0.884129076287025     
         275         269  0.894981959885823     
         276         269  0.899933543392840     
         277         270  0.949143058570299     
         278         273  0.971470186918994     
         279         273  0.969419913972775     
         280         273  0.975784225347530     
         282         281   1.00932920191168     
         283         282  0.974069397362901     
         284         283   1.86269391223535     
         285         282  0.952976960404768     
         286         285  0.992894597718897     
         287         285   1.00391420252162     
         288         286   1.02078881475447     
         289         281  0.954052225528062     
         290         282  0.947243526440580     
         291         285  0.963206749188023     
         292         286  0.973702043821076     
         293         286  0.971336553781611     
         294         287  0.969148726064030     
         295         287  0.971267237190866     
         296         287  0.970388928469226     
         297         288  0.984751124732368     
         298         288  0.977116677981905     
         299         288  0.980509040678044     
         301         300   1.02110932482330     
         302         301  0.945677360519774     
         303         302   1.60318984630608     
         304         301  0.949610059417149     
         305         304  0.993093770202706     
         306         304   1.00944232015661     
         307         305   1.01791494148710     
         308         300  0.945006673430319     
         309         301  0.960491853061324     
         310         304  0.969867443314870     
         311         305  0.956340244761505     
         312         305  0.959019606009482     
         313         306  0.982736691186716     
         314         306  0.986370598013619     
         315         306  0.981155298078956     
         316         307  0.980107657734769     
         317         307  0.988597977888029     
         318         307  0.984610505319286     
         319         302   1.31364668063441     
         320         319  0.993182623969691     
         321         320  0.982013409903241     
         322         321   1.87139548561864     
         323         320  0.951555201913752     
         324         323  0.979764432274413     
         325         324   1.00702524338745     
         326         324   1.00795799845646     
         327         319  0.858625532476616     
         328         320  0.937616339834132     
         329         323  0.974205434501952     
         330         323  0.969813377793618     
         331         324  0.953712180804323     
         332         325  0.975987071489695     
         333         325  0.986584156357145     
         334         325  0.965795507111047     
         335         326  0.954949685054188     
         336         326  0.958290497936391     
         337         326  0.962114303779850     
         339         338   1.01237188128083     
         340         339  0.981516536282533     
         341         340   1.87614900286942     
         342         339  0.942005261204486     
         343         342  0.990350105747825     
         344         342   1.00640059550669     
         345         343   1.01745001844554     
         346         338  0.946226396595453     
         347         339  0.955505388349744     
         348         342  0.933278987407488     
         349         343  0.968304461797901     
         350         343  0.955612136911344     
         351         344  0.981460603434142     
         352         344  0.984555010618274     
         353         344  0.984221339290624     
         354         345  0.979459646116839     
         355         345  0.983206307824780     
         356         345  0.978796760134852     
         358         357   1.00025342035009     
         359         358  0.970079551609649     
         360         359   1.88779541477998     
         361         358  0.972063007226056     
         362         361  0.994915807265748     
         363         362   1.00890250948298     
         364         362   1.00778099264851     
         365         357  0.950038884893524     
         366         358  0.961808747386705     
         367         361  0.973100771936685     
         368         361  0.968410540671899     
         369         362  0.951978009850124     
         370         363  0.968040404106549     
         371         363  0.982328308612978     
         372         363  0.969436675126861     
         373         364  0.982002300865020     
         374         364  0.985599116488492     
         375         364  0.987025039590714     
         377         376   1.02458530819935     
         378         377  0.923512833681272     
         379         378   1.64075097049699     
         380         377  0.973131086756449     
         381         380   1.00448676649426     
         382         376  0.952143388662502     
         383         377  0.958261312138757     
         384         380  0.974664837442968     
         385         380  0.965643748108570     
         386         381  0.872390777829059     
         387         378   1.30549830500177     
         388         387  0.985852994697603     
         389         388  0.928405132422626     
         390         389   1.64354418036848     
         391         388  0.974223761103263     
         392         391  0.992613123396401     
         393         392   1.00960060149279     
         394         392   1.00970472797820     
         395         387  0.874397403807958     
         396         388  0.942092338766396     
         397         391  0.958362141925656     
         398         391  0.959243633129205     
         399         392  0.956226105538675     
         400         393  0.982367707882635     
         401         393  0.982619545387563     
         402         393  0.980867847733783     
         403         394  0.967130598596699     
         404         394  0.971477195494832     
         405         394  0.956136218399065     
         406         389   1.28090664602580     
         407         406  0.982441596645686     
         408         407  0.979543910610470     
         409         408   1.85340262873256     
         410         407  0.960688582679359     
         411         410   1.00973099257202     
         412         411   1.00799505003789     
         413         412  0.975103631031851     
         414         413   1.34039375268107     
         415         414   1.30999773798709     
         416         414   1.28606213532381     
         417         406  0.907042212659289     
         418         407  0.942046310005602     
         419         410  0.963845929269705     
         420         410  0.966770357557316     
         421         411  0.963839194217236     
         422         411  0.969682865959635     
         423         412  0.961208648571436     
         424         412  0.960921348378553     
         425         413  0.854877249308327     
         426         415  0.918588528837994     
         427         415  0.897422327465440     
         428         416  0.913303799093991     
         429         416  0.921933709850784     
         430           1  0.953243308737236     
         431         243  0.956167109919681     
         432         252  0.954368734404582     
         433         254  0.953590674960419     
         434         271  0.944721085752308     
         435         281  0.951625594944262     
         436         283  0.952316855675774     
         437         300  0.956484006546897     
         438         321  0.954126128912487     
         439         338  0.953613739264175     
         440         340  0.954932945444245     
         441         357  0.957776389863101     
         442         359  0.953031732785359     
         443         376  0.953843707938941     
         444         408  0.953373930674803     
