$grad                                                                           
  cycle =      1    SCF energy =  -517.25552115269   |dE/dxyz| =  2.105346
   60.42816854752980     86.65933006002564     43.48560545647786      n 
   61.36244357136587     85.44361281869898     45.71423649213498      c 
   64.15695857036638     85.51608588830896     46.49446238789626      c 
   64.88311778930183     84.21819736698437     48.19951772020589      o 
   60.49175656357569     82.74240437032385     45.72476809150869      c 
   59.71583881117643     81.69522989895674     48.25179015326547      c 
   58.17490874059857     82.88760168038968     49.51722387995282      o 
   60.67836546037523     79.69553757147463     48.92123907875407      n 
   61.63003034824285     86.90669634008840     42.22937301198468      h 
   60.56727328513701     86.53504968958795     47.10928987216874      h 
   59.02666669104413     82.54826612787556     44.47274784313294      h 
   61.89541373093016     81.63815430466533     44.99384276697755      h 
   60.31419115931021     78.88621418577208     50.48236223170286      h 
   61.86881159897158     78.76037136251850     47.95864132993924      h 
   65.74662337228928     87.02694899871548     45.26038894188311      n 
   68.37903082815767     87.14153004647252     45.93504536154861      c 
   69.51357474828001     84.52023838136961     45.82747154630189      c 
   69.53507210646202     83.20227483943660     47.64336256153562      o 
   68.73246341405525     88.14184280424296     48.56232423139272      c 
   67.77862051593071     90.70360230804326     48.99727264716553      c 
   68.99796377720388     92.62121831482328     47.31324597980647      c 
   71.28886296928179     92.94886309797214     47.46021437259039      o 
   67.61711503797423     93.73484854148873     45.79930744643109      n 
   65.25165502614379     88.07277613459809     43.93682791830474      h 
   69.27002919758873     88.33996148833002     44.69354202068320      h 
   67.89123912486338     86.90867625849985     49.79060279574372      h 
   70.60636095644018     88.09107407695487     49.02793256781291      h 
   65.86845726779718     90.72866842728655     48.73541868824825      h 
   68.02507318303890     91.20342978589066     50.85102073528255      h 
   65.84849573751525     93.49247780734191     45.67906557530458      h 
   68.21149195035328     94.95417015538423     44.63177816049768      h 
   70.50010652347383     83.74898166523634     43.64826089238982      n 
   71.53174793622084     81.30379796648859     43.39320113604277      c 
   74.33872262916212     81.06718732358227     43.79830770505899      c 
   75.36597341163149     79.03512581322939     43.86135456274142      o 
   70.72253569947432     80.12403654571250     40.98235061820306      c 
   68.16707557331546     78.99382643161954     41.00092688412197      c 
   66.23102262992178     79.86309716842331     39.50020871531782      c 
   67.56994755292395     76.98631912300993     42.55207433252139      c 
   63.93220018997037     78.82555571038711     39.53940916830024      c 
   65.24503509806902     75.95960157887359     42.57879191728685      c 
   63.40438809124186     76.86794850047035     41.07439093452353      c 
   70.57171412108676     84.72956503440832     42.19221154476669      h 
   70.77737895710032     80.29879974301994     44.86963084959471      h 
   70.82983595988233     81.45396768655554     39.58868107937972      h 
   72.00992790430942     78.77953059887720     40.47297600656536      h 
   66.61447965904658     81.33569315450177     38.35825049757430      h 
   68.96274345405546     76.31562120658775     43.67600241741302      h 
   62.55012330442923     79.51230754190006     38.40728614642285      h 
   64.84998010307548     74.48319052598745     43.73609218506480      h 
   61.65162331881004     76.09829307669041     41.09257425763155      h 
   75.61907583254806     83.19275383337524     44.06006531138545      n 
   78.23709600087503     83.16263453932243     44.60212221005113      c 
   78.51195572160452     81.88837596857432     47.20715658832354      c 
   80.05457376286351     80.26426020611694     47.61350328073433      o 
   79.33721484063771     85.76204456177879     44.58610456579332      c 
   78.84186883956428     87.32929663455305     42.34119924484283      c 
   81.02361001302286     87.47360849708471     40.48956754320849      c 
   80.62239304973158     87.47528891698786     38.20486591657397      o 
   83.15338364785366     87.59139199311022     41.44420062173496      n 
   74.90584342191877     84.79568836404648     43.94113239370868      h 
   79.18736756488742     82.16768142947035     43.22631919009521      h 
   78.71420700352847     86.68132856464770     46.16335504061531      h 
   81.24991878505891     85.64278865837886     44.80853865904971      h 
   77.26356168913985     86.65753072193617     41.44959638987511      h 
   78.34946241170681     89.12191469395340     42.88799966876884      h 
   83.48261768731332     87.59683818518582     43.20678041153923      h 
   84.66624954367843     87.70148987902466     40.49318635063798      h 
   76.90416771064578     82.65055913797204     48.98525984979022      n 
   76.84972156154254     81.76808893129686     51.57596313076643      c 
   76.36801056662942     78.94300575935557     52.07608953056675      c 
   74.21433505721694     78.10368565742981     52.14897658659785      o 
   74.93517131518463     83.24398556922117     53.07674820664063      c 
   72.47796437738084     82.63153305567212     52.25782148405244      o 
   75.35880954994174     85.99664611438519     52.83170700778035      c 
   75.65720095474246     83.84756484547353     48.66146667904815      h 
   78.68172422242785     82.07832510981294     52.11999329789795      h 
   75.13117807802249     82.77847961701907     54.95641157634023      h 
   72.28837658519190     80.93613785350489     52.30021091533677      h 
   74.07474093387914     86.99548883997774     53.85087651631138      h 
   77.10921853633695     86.50623745718023     53.43740144767370      h 
   75.19118053126471     86.53480720335564     50.99842552512555      h 
   78.34646085680251     77.50228850291111     52.54766745097852      n 
   78.31460541029296     74.83746316196580     53.03910521117253      c 
   75.83621415591440     73.84736323061199     54.22846425146841      c 
   74.98104481039114     71.93451413501782     53.69037816590985      o 
   80.90865857501134     73.86924376644606     53.81619266878550      c 
   81.06185219145659     71.29644511009411     54.94279270976233      c 
   80.06885362893334     69.21119653138534     53.27073663671791      c 
   78.32984117817156     69.64286303364585     51.87222419156863      o 
   81.13619435763358     67.10193641219580     53.43684147028541      n 
   79.97554692051582     78.17023674581181     52.59165250090301      h 
   78.05837549727667     73.74164525323708     51.46347700163835      h 
   82.06479007639143     73.91075799062115     52.26044767305383      h 
   81.68594554138626     75.15590365806726     55.02622651169856      h 
   82.88381224525787     70.89573493993299     55.44993929009724      h 
   80.08429751289768     71.28865364755093     56.61197928818786      h 
   82.51437520671240     66.74318529787165     54.51418572162379      h 
   80.63990126389785     65.68825498718520     52.46479907828995      h 
   74.76934176423227     75.44539421724207     55.90650129429221      n 
   72.76524807264016     74.78099462890754     57.59726014814015      c 
   70.44789003423919     74.45553778671442     55.90224741573363      c 
   69.23652376426757     72.41862213882737     56.08994167285269      o 
   72.17725327104948     76.79910339892534     59.51948335138211      c 
   70.02631579180103     76.29432508626695     61.27396236338652      c 
   70.75217707446461     74.97396674698379     63.71591269851619      c 
   71.94498347018919     76.15647268497517     65.32616768774230      o 
   70.13457334428922     72.74640625997422     63.93142723082999      n 
   75.23655725777030     77.13322784769701     56.03203905549532      h 
   73.27671516175886     73.19117235555436     58.59182791603706      h 
   73.74685402921510     77.14785712352796     60.58970609489154      h 
   71.85725327463997     78.45141933234244     58.56868825863757      h 
   69.10554914226663     77.94979510551909     61.68100557420023      h 
   68.70949827435895     75.22752773938170     60.35064341804862      h 
   69.21366421527638     71.81660692978380     62.70303433522447      h 
   70.51769526982321     71.73559528861841     65.36479343670210      h 
   70.51534253796167     76.08329745915387     54.98602688785229      n 
   67.83700028474391     76.32225673529508     52.76451596672918      c 
   68.14038025745853     74.45715972356787     50.66855955488337      c 
   66.34528962771378     73.75174264290949     49.43091696684019      o 
   67.47798362234992     78.87948932669556     51.73052717476938      c 
   66.24662566792837     75.84448444080911     53.75976810284705      h 
   65.94773891153223     78.96094745624558     50.55329945697213      h 
   67.19378272565983     80.17272546821079     53.11759841815577      h 
   69.00679179638219     79.42474222059353     50.71304555433844      h 
   70.64496439510648     77.55353669997082     54.10408315372434      h 
   70.43939229304752     73.63954233142974     50.22672441971525      n 
   71.01859635502856     71.86897731376440     48.30039657694286      c 
   69.65434828473165     69.48470986035946     49.12996793191756      c 
   68.22900278991580     68.36474466627685     47.70000351111081      o 
   73.70708544921224     72.13402098136267     47.35136382069781      c 
   74.30445811428103     70.81402977501338     45.00208833463479      c 
   76.05809291635094     72.16150834108028     43.27265973806207      c 
   78.66325957430598     72.20335669941676     43.98371421780293      n 
   79.68801479640301     73.86974715674668     45.61834071668159      c 
   78.38132598309308     75.37890956123097     46.52269728313723      n 
   81.97692167403414     73.74661739659788     46.07075558292131      n 
   71.82570832182019     74.13574119983916     51.19026893124622      h 
   70.29334516339573     72.07688201095414     46.51371088678301      h 
   74.08553200887732     74.00814701863796     47.07882307130885      h 
   74.92049539732679     71.56238305856152     48.72177877144608      h 
   75.04825889967381     69.08805524409722     45.43585346978062      h 
   72.64315070832787     70.41623599339852     44.09851165864535      h 
   75.88147942222612     71.43516740534166     41.48785345197940      h 
   75.46347392346375     73.99248269341733     43.10390692449634      h 
   79.70458995403544     70.96755335480591     43.27230069466704      h 
   76.57477523561765     75.62552432581855     46.19965487821605      h 
   78.87932207990193     76.67754504209044     47.69907933647792      h 
   83.17692802956046     72.57255581881958     45.36930112794341      h 
   82.82408424466313     74.86148294221864     47.20752144224792      h 
   70.02788383045787     68.70769703369341     51.44474547432367      n 
   68.82072894591124     66.54161547077818     52.52758590476847      c 
   66.06145025014870     66.32158978430026     53.19518607810169      c 
   64.92955965416958     64.35110841667687     52.78905293757332      o 
   70.14206524558520     65.92305037389552     54.97663436010082      c 
   72.52725136167039     64.88890521505024     54.46452890832838      o 
   68.60025897749273     64.21058475755365     56.57571298471896      c 
   71.16277203351483     69.48993426285929     52.54038334073540      h 
   68.91126966812597     65.36668692982009     50.98601874710187      h 
   70.34875963717715     67.61326214678991     55.92871332245078      h 
   73.31481960033581     64.57601313593862     55.94507175969731      h 
   69.46598247778070     63.84895588842952     58.24593985501191      h 
   66.87385304708673     64.95647665699013     56.95904300989805      h 
   68.32940811232139     62.54082243651211     55.66895861020181      h 
   64.99852466166062     68.26532896557197     54.29267858146437      n 
   62.41074321901134     68.36008013420683     55.06449263258214      c 
   60.66753628169888     68.18798375122923     52.81612337877105      c 
   58.41383241959414     67.85660501322374     53.08798892057455      o 
   61.79505150939404     70.69315575389616     56.58751629179984      c 
   63.54647905032805     70.95383776373913     58.72952119597883      c 
   61.83155192590853     72.93888277398769     54.94371264214944      c 
   65.87257155192195     69.75905238615130     54.61570713677304      h 
   62.13354711897485     66.81494242194006     56.20637564962637      h 
   59.99567687054429     70.51504201711163     57.29778497416915      h 
   63.14910156702501     72.52003835614555     59.76682914171331      h 
   63.46246114033698     69.43687593454035     59.90059393047238      h 
   65.35044906861644     71.11504581659462     58.09581283254689      h 
   61.39907423327299     74.53104621030012     55.92622691061970      h 
   63.57461367595426     73.17221497991051     54.17939428954298      h 
   60.57377302229503     72.78157350431121     53.50106379949131      h 
   61.66201663881022     68.50179023320088     50.55174970330358      n 
   60.20239527072649     68.25298428148632     48.31285174971427      c 
   60.56962255993389     65.83684243895893     46.85083653896995      c 
   58.83806924091939     64.65640962463127     45.93392570534872      o 
   60.82922054908406     70.13635907068267     46.31514114514293      c 
   59.40385507551856     69.61405568920327     43.98981516571593      c 
   60.31726006858270     72.69740466871158     47.18353570408524      c 
   63.35196757661129     68.89825764810831     50.27119229348593      h 
   58.41212695704272     68.43303222874695     49.04161419578007      h 
   62.72714522596833     69.93724466315881     45.94611022665638      h 
   59.86660700764050     70.85127581011324     42.60071120214047      h 
   59.73469076071032     67.84293770465496     43.33122333488027      h 
   57.51945957220460     69.77419998584219     44.32256975139106      h 
   60.79022390455705     73.98851540105862     45.84630816883553      h 
   58.44811962384778     72.90133803614313     47.56597479321012      h 
   61.30011838944100     73.11036706093532     48.77776614493979      h 
   62.94672468597763     65.09792470541913     46.62492927360484      n 
   63.72601746227720     62.84065270076042     45.36789291210284      c 
   62.58015493711881     60.65089158725377     46.81790369601294      c 
   62.05228604721224     58.68806002056854     45.74851876439287      o 
   66.53341782846074     62.81866072306282     44.88529671154048      c 
   67.70441929742030     60.45702797603208     43.96376982695742      c 
   68.65873392556590     58.78865831914244     46.02464248860581      c 
   69.63020708070486     59.77797016504451     47.87834407680331      o 
   68.40223144811627     56.50212621249069     45.75015695629099      n 
   64.28145630237400     65.99816200737727     47.33464100762758      h 
   63.03227609402566     62.65664462452525     43.56255964589257      h 
   66.95215547017270     64.25026705588218     43.65399694820597      h 
   67.41567828897259     63.31280567951843     46.52475496981862      h 
   66.43254604515697     59.48204287897783     42.89487528942571      h 
   69.15524346529932     60.85057522086267     42.74839364563776      h 
   67.65201518542199     55.72844651185503     44.31983442391308      h 
   68.94627390337975     55.29146594659037     46.95366777740979      h 
   62.21700606220305     60.95493302735647     49.26813068460274      n 
   61.10335285703699     59.10910143701187     50.91108425558574      c 
   58.31590165193418     58.75503884331689     50.50536218298572      c 
   57.36754525544050     56.73659856680160     49.99823376858636      o 
   61.57854302771816     59.74877791460653     53.61921575768393      c 
   60.84118447191022     57.85988805962675     55.52112959407969      c 
   62.21924199671771     58.20163652440394     57.95169024515528      c 
   64.83435532660644     57.38719583887637     57.96530960117221      n 
   66.70873604697223     58.10911627684077     59.54583245583909      c 
   66.24856520289629     59.60267406010606     61.17894231377214      n 
   68.83513065262856     57.24171435711354     59.26214699872024      n 
   62.68925310944012     62.42524277365963     50.11533738751359      h 
   61.90137672091201     57.40423302033047     50.43987996309593      h 
   63.45607123612984     60.13827762232263     53.85827843018046      h 
   60.68248968143492     61.41504815286281     54.01474693319211      h 
   58.92169719008712     57.91757971043578     55.78781615294656      h 
   61.16680564410496     56.08717091906028     54.82177769127873      h 
   62.16799599797618     60.07526729814506     58.43194350358139      h 
   61.27098331587415     57.30952613364376     59.38406257347491      h 
   65.24116336178164     56.21561261475976     56.70690607113390      h 
   64.63074545606892     60.38481016058778     61.51691350644962      h 
   67.44857340770841     60.22582814764187     62.38589339628842      h 
   69.36735025972204     56.05191537198708     57.99291922540285      h 
   70.24889491604382     57.66610668984529     60.30546709149974      h 
   73.68689773347404     63.72483879163667     37.18087400014128      n 
   73.93466244789128     64.67873216849871     39.69437790543002      c 
   76.07830895719140     63.34106512664585     41.05273231015256      c 
   76.25908402262033     63.43296725618935     43.34599434336994      o 
   71.58590598677652     64.29993955371401     41.22357974887281      c 
   69.30508693192901     65.71298677781431     40.43829536987285      c 
   69.08601834156669     68.28146943502448     40.74916302998356      c 
   67.17371275931245     64.52309503473374     39.53535225701120      c 
   66.93547108600245     69.51220876138933     40.22358987062294      c 
   65.05274750997425     65.75481746305577     39.03210390219716      c 
   64.89935135459147     68.26720562255453     39.36603494753346      c 
   72.64440429148449     62.30838772947273     37.11183540861148      h 
   74.27474097904359     66.58440465809132     39.53454819165888      h 
   71.18884793254344     62.41099118261432     41.21735906584497      h 
   71.96551099588066     64.70436483551845     43.07735359376554      h 
   70.63028933272757     69.20014204257379     41.39399412495541      h 
   67.28621732933119     62.63638457366819     39.27321405231963      h 
   66.83098568294488     71.41074665982435     40.47339596962273      h 
   63.52428596497137     64.79868645583902     38.38725016358413      h 
   63.26830064012956     69.19098333496039     38.97086835590781      h 
   82.30337976106533     63.97945009976430     42.54623655956040      n 
   84.50430431553315     65.50768566585798     42.81195706973501      c 
   84.80347905614840     66.46454031981646     45.48055521338918      c 
   83.24516237470220     67.85604646805874     46.39989109112512      o 
   84.59092737847428     67.70262136150748     40.96054244866834      c 
   84.09000592731442     66.78199991624734     38.51484696621318      o 
   87.07175352357356     69.03613454119325     41.06309085314815      c 
   80.98593198109080     64.39728752271026     43.63489734668493      h 
   85.99050743922746     64.34933907175073     42.36294985540384      h 
   83.19978139234480     68.95028325215638     41.49398732628836      h 
   84.09385639889365     68.09492980102736     37.42594545030148      h 
   87.11076825599045     70.53230241204999     39.85744313351636      h 
   87.45903986633894     69.69358886113133     42.82304683047038      h 
   88.48634102625650     67.84479227111913     40.55661907561939      h 
   86.82233491042302     65.69027419356607     46.71708704678656      n 
   87.39853597299326     66.35648382037429     49.24857932217269      c 
   90.16587671170905     66.93216024796682     49.29800546134579      c 
   91.58168849678084     65.59299776052357     48.09081885963884      o 
   86.70657593771131     64.21946137235754     50.98698754364464      c 
   84.15661951687039     63.13314025096241     50.52820155367220      c 
   83.21042059082433     61.34226598380287     52.45314289185443      c 
   83.08065253219688     62.43779503771572     54.90047952627443      n 
   85.03409872544410     62.69831448180522     56.51967706265383      c 
   84.68858945167069     63.73028879755718     58.52714936616891      n 
   87.03767760787757     61.88167007214180     55.89432787833703      n 
   88.02799396160751     64.62475301073972     46.00199939978525      h 
   86.35940956514270     67.89280132823546     49.81488456363375      h 
   88.03786462025977     62.83179112231693     50.81799876018861      h 
   86.82603875835483     64.80768778707537     52.82162332107771      h 
   82.89475052008093     64.58450105527967     50.35841025368324      h 
   84.14599115086692     62.28887448205919     48.78827604345660      h 
   81.48692870400366     60.62874096347225     51.92946918051619      h 
   84.36393418473803     59.79545148311929     52.52037220930469      h 
   81.50513910140432     63.05235754215894     55.40783702156816      h 
   83.11684436799118     64.41224509477222     59.16647251584469      h 
   85.97366088690207     63.98668989366625     59.77725887219719      h 
   87.43461429786308     61.01569746780125     54.32319780237723      h 
   88.54978160985226     61.96340336147476     56.88710378314443      h 
   89.60004562554333     77.43278676166094     38.26366456071828      n 
   87.47929355637845     78.30614530507226     39.72334696524942      c 
   85.40670785588935     79.43839478608737     38.10787096652642      c 
   83.26258635452325     78.60978502402011     38.21251751312973      o 
   88.15741165200485     80.08314560946931     41.88843818515558      c 
   85.96444414637168     81.69497665338076     42.59262992102117      c 
   89.09577289829122     78.64204016589829     44.11187871905153      c 
   91.16203570897964     77.90356384512820     38.92481391339454      h 
   86.74426664838168     76.68745242435399     40.50734541711033      h 
   89.57307035736949     81.25392449762487     41.25492519255268      h 
   86.41919219676976     82.92469349703349     43.99400131763032      h 
   85.33021112547429     82.72270795045124     41.09798953246782      h 
   84.51081869296500     80.60650233893271     43.21264246218744      h 
   89.59531341898555     79.81341570365288     45.54951619481911      h 
   87.73099913760468     77.46128069675557     44.76437116742319      h 
   90.62967665522891     77.57740296663542     43.66670259300258      h 
   71.77636195213681     73.44225956459277     29.75587675989705      n 
   69.18475245875078     72.54355507679979     30.61537867292332      c 
   67.61463145449599     74.57841254554288     29.75346436069457      c 
   66.15433384741439     73.75922461747507     27.47953724995666      o 
   69.12940708525532     73.30992517025392     33.70421092546569      c 
   71.36643385375253     72.45408454437366     34.90962622316764      c 
   66.70397152780149     72.04239908665011     34.48375354375583      c 
   71.48856579797099     73.77585174011446     37.47069949188671      c 
   72.73846341186317     74.26845215174212     30.59791407778936      h 
   69.31784516383037     71.01696138095579     30.66083484936598      h 
   68.72805839370346     75.02412874392978     33.58697271572100      h 
   71.36990488877017     70.87398613217054     35.29775299736047      h 
   72.86231304175845     72.86053322397112     34.07344356671714      h 
   66.61980177851936     72.38359098197077     36.15563044810354      h 
   65.26805321642128     72.56601025164990     33.63067962293014      h 
   66.90661843065593     70.20934702636316     34.15689184603284      h 
   72.87797848512992     73.40552594625854     38.44335743206350      h 
   71.50787945404154     75.67500752356592     37.31043802052265      h 
   69.90284363712077     73.54071450670423     38.45852630061995      h 
   59.18823101336592     85.71693408537622     42.80222656393058      h 
   57.14490332256531     60.23106434429931     50.65088124308290      h 
   73.01575843432880     64.92611044756534     36.18133389480871      h 
   77.36315217872362     62.36992854795008     40.06423051209722      h 
   81.69907028298987     64.12474579387633     40.96311900609637      h 
   90.80925119836027     68.39248901908597     50.31021755054252      h 
   89.57659289932452     75.73384716077936     38.18872342057934      h 
   85.79437974488927     80.87656947050220     36.94493148080475      h 
   72.74463703977001     72.09800161291889     29.37120041987443      h 
   67.62634390676575     76.23292417440615     30.66643656853282      h 
  -0.4759690202999D-01  -0.7471452860415D-01  -0.8114441251512D-01
  -0.2167300968252D-01   0.6070067674435D-02   0.1265937665753D-01
   0.1381552339720D-01  -0.2298913464924D-02   0.1934738903549D-01
   0.5014087892468D-02   0.2320116150080D-01  -0.2730008720438D-01
  -0.6832497180193D-02  -0.3881042888056D-02  -0.3003346575146D-01
   0.6296774027358D-01  -0.1279293568528D+00   0.2808144777240D-01
   0.7476190915246D-02  -0.3497013801348D-02  -0.8218607306979D-02
  -0.3922623969264D-01   0.7866915806263D-01  -0.2085819007641D-01
  -0.6831286539846D-01  -0.1572232967779D-01   0.6556299368731D-01
   0.2778966023078D-01  -0.1903096036189D-01  -0.5059102427447D-01
   0.4704996245789D-01   0.3425060060419D-02   0.2556973021009D-01
  -0.4640031861192D-01   0.3367598513943D-01   0.1876441102338D-01
   0.1952551026386D-01   0.2243244086120D-01  -0.5850712048897D-01
  -0.4305916641479D-01   0.2906322836670D-01   0.3943248932653D-01
  -0.1840756740377D-01   0.3465641624184D-01  -0.3829048223997D-01
   0.1122294453385D-01   0.1374214670309D-01  -0.1116753306239D-01
   0.5896267126571D-02  -0.1395466532388D-01   0.2308615291778D-02
  -0.8911691321331D-02   0.3271175312337D-01  -0.3609335165834D-01
   0.1346986299422D-02   0.8560705543855D-03   0.1567281039074D-01
  -0.4091363485486D-02  -0.1275282943640D-01   0.2250142193396D-01
  -0.8499121117196D-01   0.5484077054754D-01  -0.7973534134433D-01
  -0.1605552940224D-01  -0.3577992562787D-02   0.2256473183189D-02
   0.4765951552016D-01  -0.3226050558627D-01   0.4971144546501D-01
   0.2929783060551D-01  -0.4918028056013D-01   0.6262725160430D-01
  -0.2183439206328D-01  -0.2903351125675D-01   0.3529160686570D-01
   0.2775774386836D-01   0.3510185504638D-01  -0.3346827037213D-01
  -0.5737249990537D-01   0.2084777858338D-03  -0.7536435227969D-02
   0.5924100284252D-01  -0.1186296515968D-02   0.1208480424871D-01
  -0.1519332100665D-01  -0.1386735036997D-01  -0.4977927948477D-01
   0.6691523153653D-01   0.1221183167865D-01  -0.5796056052778D-03
  -0.3023491245807D-01  -0.4754864613881D-01   0.4172218975959D-01
  -0.4227139231497D-02   0.2118889570945D-01  -0.4135337151150D-01
  -0.1338780952067D-01  -0.5997834871938D-02   0.5842081186502D-02
   0.4309725797152D-02  -0.6130089002165D-02   0.1006321663380D-01
  -0.7091997328739D-02   0.2664912054877D-01  -0.5006919277120D-02
   0.2323177592707D-01   0.5579432063171D-02  -0.9844531663039D-02
   0.1319842065771D-01   0.6612540876038D-02  -0.6825954690739D-02
  -0.3292513651082D-01   0.7879111526264D-02  -0.2045101030738D-01
  -0.6820926347758D-02  -0.2487912549824D-01   0.1983529437292D-01
   0.4676253650761D-02   0.5566706735954D-02  -0.3147459046362D-02
  -0.2758127201657D-02  -0.3347518355984D-02   0.2281172529419D-02
  -0.8790218972056D-02  -0.2874888852038D-02  -0.9445475420324D-03
   0.1170351395545D-02  -0.5443519251044D-01   0.7027229413801D-01
   0.2211075520006D-01   0.3213907645166D-01  -0.4388342202657D-01
   0.3456341392485D-03  -0.4175600153610D-01   0.4227103419793D-01
  -0.3725361790758D-01   0.4429021180977D-01   0.9722071791298D-02
  -0.9372393701577D-02  -0.4872830113275D-01   0.3980411881492D-01
  -0.3898202595531D-01   0.2346615436409D-01  -0.3526969168017D-01
   0.3987381046374D-01  -0.2158303638368D-01   0.3438634536391D-01
   0.8106499936257D-02   0.4180023577528D-01  -0.3450895647045D-01
   0.5048474960496D-01   0.2240531282810D-01  -0.5588006722778D-03
  -0.1898851202865D-01   0.4769019595982D-01  -0.1420540511916D-02
   0.5960304166802D-02  -0.4527633846835D-02  -0.3175285751054D-01
  -0.3251299494701D-03  -0.3225050281864D-02   0.5319296321393D-02
  -0.2030889917631D-01   0.1883386367408D-01  -0.5451456507312D-02
   0.1027509837773D-01   0.1112568813678D-01  -0.3485052530608D-02
  -0.2177723243950D-01   0.1177087453717D-01   0.1266776283407D-01
   0.1096785787687D+00   0.6612347421681D-02   0.5687762757172D-01
   0.3182731978731D-02  -0.4334138340897D-03   0.8439844870955D-02
  -0.6594831128651D-01  -0.2736135213970D-02  -0.3107982283254D-01
   0.4253561570847D-01  -0.7527371315464D-01   0.5758607078336D-02
  -0.2259969258327D-01   0.3603341566655D-01   0.3029319345890D-01
   0.2326701730282D-01  -0.2980584370268D-01  -0.4763550585763D-01
  -0.5401906790486D-01   0.1365993587562D-01  -0.1086044882039D-01
   0.3979811578122D-01   0.1870193841727D-01   0.3570604135385D-01
   0.5342161388669D-02  -0.5170996304725D-01  -0.1270013651692D-01
  -0.7689544392712D-02  -0.3835677453295D-02  -0.6379589995767D-01
  -0.5264013639560D-01  -0.5418276531849D-02   0.4397899927978D-01
  -0.3479406648238D-01   0.5224336306885D-01  -0.7332105704990D-02
   0.5495046368019D-02   0.2291886575073D-01   0.1785992193826D-01
   0.7438739637143D-02  -0.4602221607008D-02   0.1439400699535D-01
   0.1402066422930D-01   0.5917637008251D-02   0.1277749095215D-01
   0.1884521491734D-01   0.4041811695346D-02   0.2900859989722D-01
  -0.3296374773400D-03  -0.7988599933503D-01   0.1048842621970D-02
   0.1475991509574D-02   0.2030446325734D-01  -0.6488381195267D-03
   0.6322042233332D-01  -0.5582011146558D-01   0.2176358157392D-01
  -0.5078344159233D-01  -0.1172000417908D-01  -0.2865640885853D-01
  -0.5075953209348D-02   0.1568524950592D-01  -0.5096942737781D-01
   0.5485800060214D-02   0.6845536440879D-01   0.1468764048946D-02
   0.4204321948615D-01  -0.2696935085574D-01  -0.3197700526357D-01
  -0.5433294341336D-01  -0.1166523181643D-01  -0.2031778359530D-01
   0.8340053703751D-02  -0.2005583330937D-01   0.5656129047021D-01
   0.5508500381323D-01   0.2460908694368D-01  -0.2052656859386D-02
   0.1779626857367D-01   0.4049866966688D-02  -0.1331250691907D-01
  -0.4805093461179D-01  -0.9861474186885D-01  -0.4668875041253D-01
   0.5807269381375D-01   0.1005326132442D+00   0.2265552540827D-01
   0.2628799215607D-01   0.6917983678892D-03  -0.1075638818165D-01
   0.1202990892823D-01   0.5349600749471D-02   0.2166364120059D-01
   0.3974678060714D-01  -0.8824620926945D-01   0.5025359805142D-02
   0.1754327996490D-01   0.1989878761444D-02   0.3329763085473D-01
  -0.2210165199412D-01   0.3479222290241D-01  -0.1384009051211D-01
  -0.7847303244412D-01  -0.3838000675770D-01   0.7534687050792D-03
   0.6632504174958D-02   0.1917538408644D-01   0.6283833252719D-01
  -0.2540770212736D-01   0.4317199165520D-03   0.4685851622709D-01
  -0.2092060630688D-01  -0.3488024164114D-01  -0.4439669855740D-01
  -0.5416729122289D-01   0.7006028034628D-02  -0.8390783145108D-02
   0.3493328436687D-01   0.2564630505712D-02  -0.4507653025420D-01
  -0.5389694172359D-01   0.2959849088439D-02  -0.4262113294308D-01
   0.3187413575806D-01   0.4691128782170D-01   0.4111123799691D-01
  -0.1105956637348D-02   0.6203155025062D-01  -0.2162222289757D-01
  -0.2963393433405D-01   0.5564807761155D-02  -0.3318075291531D-01
   0.2598846795654D-01   0.8459731106148D+00  -0.4836518389504D+00
   0.5163984612191D-02  -0.1122411222678D-01   0.7893014281631D-02
  -0.1339543417700D-02   0.1880969693835D-01   0.6884516824911D-02
  -0.1828290687251D-01   0.2100931673120D-01  -0.7998830023933D-02
  -0.4404589559383D-01  -0.1343793921482D+00   0.6062250880624D-02
  -0.4868172923411D-02  -0.3227243682445D-02  -0.5740761982576D-02
   0.2382004171498D-01   0.8314671533875D-01  -0.1746177681443D-02
  -0.3183899980121D-01  -0.8003771088964D-01  -0.7905304353992D-02
  -0.1195916286937D-01   0.4847367486075D-01  -0.2145697654292D-01
  -0.4849455040413D-01  -0.6333983059428D-02  -0.3391539655019D-01
   0.1403976185703D-01  -0.4788600074423D-01   0.2776493916397D-01
   0.1694010523191D-01  -0.4656353327875D-01  -0.1740446979542D-01
   0.3851133793852D-01   0.3650541090317D-01   0.2712060186161D-01
   0.3356716975128D-01   0.2734999707125D-01   0.4879409917666D-01
  -0.1738549661311D-01   0.2922404412100D-01  -0.5738408453292D-01
   0.1025247480337D+00  -0.7531226124895D+00   0.5122263251968D+00
  -0.3240220105758D-01   0.1079227240545D-01   0.5653638975505D-02
   0.6678394861254D-02   0.1070170343286D-02  -0.3860725517976D-02
   0.2023305738353D-01   0.3200171170466D-02   0.5224573164324D-02
  -0.1195597684314D-01   0.2309884990979D-01  -0.1292272691693D-01
   0.3398640717103D-01   0.1531683575611D-01  -0.3438966101067D-01
   0.4236247907737D-01   0.9992006626082D-03   0.3159015761668D-01
   0.1077881617855D-01  -0.4089407759280D-01  -0.4466929053079D-01
  -0.4782283778216D-01  -0.2007988702675D-01   0.3687702526202D-01
  -0.3398020818448D-01  -0.1000124784802D+00   0.4047666101979D-01
   0.3100117939699D-01   0.5899705337033D-02   0.4398977553242D-01
  -0.7022746450113D-02   0.1919506408269D-01  -0.3297624280033D-02
  -0.8974419546123D-02   0.1754058524237D-01   0.2086889756521D-01
   0.1143925237714D-01   0.3484536571453D-02   0.9457190926161D-02
   0.1141317678310D-01   0.1568708920579D-01  -0.3013753069386D-01
  -0.9803219927829D-02   0.2657332719345D-04   0.3162912276707D-02
  -0.1361290451212D-01   0.1680897054579D-02  -0.2022614119353D-01
   0.2716449115532D-01  -0.3403237991636D-01  -0.2332009298679D-01
  -0.3538070047028D-01   0.1775651352381D+00   0.1403221545555D+00
   0.1638494142806D+00  -0.1701442364282D+00  -0.1113485239945D+00
  -0.9764473252833D-01   0.1842368298078D-01  -0.9461876775821D-02
  -0.6565681064759D-01  -0.2685977113692D-01  -0.4697945520093D-01
   0.5271439857168D-01  -0.2532617168945D-01   0.3944779368214D-01
   0.8666014467606D-02  -0.5604564391449D-01   0.3709483674275D-02
  -0.4229923759539D-01   0.2239260057276D-01  -0.4930626438525D-01
  -0.2461190934185D-01   0.5336572471014D-01  -0.1198785908255D-01
   0.4471713283763D-01   0.6705089808700D-02   0.3170456377708D-01
  -0.2103102504353D-02   0.2635602207114D-01   0.4685201250911D-01
   0.1829392487369D-01  -0.5742780107756D-01   0.6138282524970D-02
  -0.4613518345901D-01   0.5722341056900D-01   0.2929869023273D-01
   0.2807632535742D-01  -0.4413327221536D-02   0.1510838224428D-01
  -0.2551176375473D-01  -0.3891602646884D-01  -0.2913651851572D-01
  -0.2282069949463D-01   0.3770291244517D-01   0.2203874498720D-01
  -0.2021356155486D-01  -0.4146140104064D-01  -0.3732740717873D-01
   0.4950566427503D-01   0.1474437577010D-01   0.1032384799829D-01
   0.3129495785382D-02  -0.1319220216585D-01  -0.9063060983432D-02
   0.8704972901602D-02   0.2188722008954D-02   0.1976207230238D-01
   0.4308714387927D-02   0.3095742413071D-02   0.6476241159809D-02
  -0.1494999201314D-01   0.2870772067821D-01   0.1975596051229D-01
   0.2180983809209D-01  -0.9340647899255D-02   0.6287199793043D-01
  -0.1470324913078D-01  -0.6756801999956D-02   0.8063654067933D-02
  -0.5737220095635D-01  -0.4496685959332D-01  -0.4994683508279D-01
  -0.1093196557598D-01   0.5550263609403D-01   0.2935571507771D-01
  -0.5687465516481D-02  -0.4694773059725D-01  -0.2198511196172D-01
  -0.3280935630055D-01   0.1357133601546D-01  -0.5942159443406D-01
  -0.3236714643481D-01   0.8284169712675D-02  -0.5347540981509D-01
   0.4968945906329D-01  -0.2387836250081D-01  -0.1440105976206D-01
   0.8018464080375D-02   0.5278034974874D-01   0.3167219936873D-01
   0.3595021273680D-01   0.2938630998037D-01   0.3664354867422D-02
  -0.5434618988565D-02  -0.1332328844619D-01   0.2484335488615D-01
   0.1209225322777D-01   0.2087076015631D-02  -0.8484591463164D-02
   0.1867792268651D-01   0.6797048790346D-02  -0.8591500576517D-02
  -0.1222727345510D-01   0.7646663978697D-02   0.1300300071351D-01
   0.5614495184464D-02   0.2741869684310D-02   0.1148493494592D-01
  -0.2066401059900D-02   0.1113882191160D-01  -0.1036376209521D-01
  -0.5172700642467D-01  -0.7192666887841D-01  -0.1171786312197D-01
   0.1532567977744D-01   0.4428637789178D-01  -0.2732577777467D-01
   0.4892548284691D-01   0.1034973140128D-01  -0.1506477267737D-01
   0.1572334615583D-01  -0.4921389788551D-01  -0.3054191403424D-01
   0.5395656895965D-02   0.4899749259443D-01  -0.3612488718337D-01
  -0.5940587514447D-01  -0.7541041686303D-02   0.1957885652320D-01
   0.1446561288500D-01  -0.4847654988899D-01  -0.3302133993444D-01
  -0.5618798508081D-01  -0.6702860306198D-02   0.2582109711184D-01
   0.4103364173380D-01   0.6209170178603D-02   0.4360533272112D-01
   0.4046762698713D-01   0.1503677148816D-01   0.3703504394188D-02
  -0.1929131793863D-01   0.1479349792023D-01   0.6300923659761D-02
   0.6131338133758D-02   0.1631182953031D-01  -0.1787790149370D-01
   0.1952718257459D-01   0.1430289153244D-01   0.5244039872852D-02
   0.6981880541846D-02   0.2877512328722D-03  -0.8595562200994D-02
  -0.7794771847591D-02  -0.4947289415256D-02  -0.1003341616398D-01
  -0.1263871229778D-02   0.2910715975033D-02  -0.2727735538290D-03
  -0.8552754359124D-01  -0.1966948614160D-01   0.7379661707353D-02
   0.5617251814604D-01   0.1935157920117D-03  -0.3516091645808D-02
  -0.5301726277791D-01   0.3520717045985D-02   0.1034664202398D-01
  -0.1648672943897D-01  -0.4174052713281D-01   0.4304106558142D-01
  -0.9796955549680D-02   0.5226036107293D-01   0.2377707377798D-01
   0.6016324367103D-01  -0.4042411978725D-02  -0.1072850959133D-01
  -0.1550935670468D-01  -0.3983600477678D-01   0.4339760918164D-01
   0.6110198773615D-01  -0.6500388958729D-02  -0.1237434919195D-01
  -0.3367564827915D-01  -0.1239961509454D-01  -0.5042897627428D-01
   0.3153945452145D-01   0.2726289386576D-01   0.3251876024076D-01
  -0.1947798755163D-02   0.1059743844302D-01  -0.2573075021147D-01
  -0.6046111087623D-02   0.1251786996113D-01   0.7813627449926D-02
   0.3327813010230D-02   0.1708010983761D-01   0.1107572768831D-01
   0.1468942917494D-01   0.9964978061406D-02  -0.1731416251790D-01
   0.1429624035365D-01   0.9469785041523D-02  -0.2068060321890D-01
  -0.1707108851928D-01  -0.1357548439402D+00  -0.3220863373924D-01
  -0.7905312889827D-02  -0.2118327921172D-02  -0.1578561680820D-01
   0.8611050919885D-02   0.8826884478260D-01   0.1602322976459D-01
  -0.6481754767045D-01  -0.4856321501784D-01  -0.3511119210851D-01
   0.3399163349822D-01  -0.7901511766856D-03   0.4553220779765D-01
  -0.2344915665797D-02  -0.3787958785286D-01   0.3108304360444D-01
  -0.2956247836137D-01  -0.1223813869414D-01  -0.5552096556862D-01
   0.4341694367915D-01   0.3285428779679D-01   0.3007362418711D-01
  -0.3874034587564D-01  -0.8313507986423D-02   0.2162652412773D-01
   0.3015173221275D-01   0.2293526266769D-01   0.5465343353426D-01
  -0.2334635146589D-01   0.4014645697465D-01  -0.5031012348547D-01
   0.2183846105245D-01   0.4556281870405D-01   0.1684194025955D-01
   0.1780252440635D-01  -0.1079541461043D-01   0.4116836888473D-02
  -0.2482932714497D-01   0.5925933187145D-01   0.1551129686378D-01
  -0.4915941739093D-02   0.6311168508798D-02  -0.1756982609174D-02
   0.3346363997641D-02   0.4175096676431D-02   0.1215681934568D-01
  -0.1746324557498D-01   0.5594649492236D-03  -0.5838822741818D-02
  -0.2427160700332D-01   0.6449096883022D-02   0.6382291901867D-02
   0.9306450033118D-02  -0.3656428216808D-01  -0.3269756307270D-01
   0.1009436984685D+00   0.7026655188649D-01   0.1223815918317D+00
   0.4641539507390D-01  -0.1172685600939D+00  -0.1226862040548D+00
  -0.9969538639330D-01   0.5083247412381D-01   0.2746064775073D-01
  -0.2587186504166D-01  -0.7457444829743D-01  -0.3739992064815D-01
  -0.2264390695084D-01   0.5003023254907D-01   0.1159594794147D-01
  -0.5724792322603D-01  -0.8346127257435D-02   0.8054456683257D-03
   0.2984700185660D-01  -0.4988112852112D-01  -0.9009462497942D-02
   0.5046161129339D-01  -0.4816674031725D-02  -0.1376731444402D-01
  -0.1321327066425D-01   0.5308619454366D-01   0.1941697730529D-01
   0.6382511732335D-03  -0.5743633252807D-01  -0.8139814232341D-02
   0.2829655008602D-01   0.3368274174471D-01  -0.3777069453181D-01
  -0.1762740946739D-01   0.5443031984622D-01   0.5721932403856D-01
   0.4262709068380D-01  -0.1408906101845D-01  -0.2923257383809D-02
  -0.4200210182785D-01  -0.1434366786793D-01  -0.3452180147828D-01
  -0.5964058452539D-02   0.3261387192990D-01   0.3748227719535D-01
  -0.4006488895328D-01  -0.1741753404957D-01  -0.3761510986835D-01
  -0.9786157470434D-01   0.2834768982025D-01  -0.5948215657382D-01
  -0.7898030523693D-02   0.3708328761582D-01   0.2735890188210D-02
   0.4584518119436D-01  -0.4315094848404D-01  -0.6111696268755D-01
  -0.1600626784627D-02  -0.1706704607396D-03   0.8334653274256D-02
   0.1075058102738D-01  -0.2519369300355D-01   0.1855438103656D-01
   0.3849486889186D-02  -0.9666523370386D-02   0.5152185235758D-02
  -0.6749512415519D-02   0.3130092461684D-01   0.4632484301242D-02
  -0.4377675604351D-01  -0.3730951656199D-02  -0.7817335880728D-02
  -0.1144328786798D-02   0.5031345330818D-03  -0.4993488047836D-03
   0.1139439497952D-01  -0.9562009427303D-02   0.4423821172239D-02
  -0.2467941061759D-02   0.1012535414829D-02  -0.2082615231516D-02
   0.4697748152033D-01   0.7715269154763D-01   0.2370858376373D-02
  -0.1662858262052D-01  -0.4810232054053D-01  -0.7593758347430D-03
   0.6759222943787D-02   0.5221812966304D-01   0.9952208664252D-02
  -0.1199554631655D-01  -0.1797717491693D-01  -0.5229151154421D-01
  -0.4311812997297D-01  -0.3093055633843D-01  -0.1813708533239D-01
   0.7053108307397D-03   0.5948412344825D-01   0.1116689953242D-01
   0.2501179429107D-02  -0.5293640148782D-01  -0.9188350758039D-02
   0.4494324629616D-01   0.2916337146671D-01   0.1932980663065D-01
   0.4616017244479D-01  -0.2668996213446D-01   0.1077978987026D-01
  -0.8365704565450D-01   0.3942058003021D-01  -0.7151373095442D-01
   0.8705548415024D-02  -0.1341048008044D-01  -0.8067833631229D-02
   0.8580792288892D-02   0.5699333302141D-03   0.1162518730290D-01
   0.1740223043308D-01  -0.2052549203119D-01  -0.1098300816712D-01
  -0.1386573155375D-01   0.1773103929658D-01   0.1098238693205D-01
   0.3752897666047D-02   0.5615278651201D-01  -0.3607645896265D-01
   0.2296086694305D-01   0.1269971558798D-01  -0.6835637520440D-05
   0.6564502573101D-01  -0.2324575191490D-01  -0.6358742838667D-01
  -0.4612701542564D-01   0.3262171629329D-01   0.1299316639218D-01
   0.4223983500495D-01  -0.3507872954284D-01  -0.1206672824559D-01
  -0.4081350107139D-03  -0.5005310224229D-01   0.4421059888827D-01
   0.2311957122189D-02  -0.4533676251614D-01   0.3884966626412D-01
  -0.8951138135560D-02  -0.1931470588305D-01  -0.5691191848878D-01
  -0.4449455707234D-01   0.4020912116935D-01   0.1736390533201D-01
   0.4342381467983D-01  -0.3500280671390D-01  -0.1846052583201D-01
  -0.8910808175662D-02   0.8907722002079D-02   0.2545980440988D-02
   0.5803671509172D-02   0.6659425938589D-01   0.4235122674788D-01
  -0.4951275229689D-02  -0.5725063527041D-02  -0.2161057130415D-02
   0.4471591486118D-02  -0.1870486593389D-02   0.6901893585230D-02
  -0.8699721641121D-02  -0.4312889838211D-02  -0.3157256382437D-02
  -0.1557207797905D-01  -0.1605839399888D-01  -0.1202861117810D-01
  -0.4519606068163D-01   0.1411266325756D-01   0.3429872724911D-02
   0.1486387044779D+00   0.1528021207792D-01   0.9212499743706D-01
   0.3728522921567D-01  -0.7280283214569D-01  -0.1246821088685D+00
  -0.1619311788806D+00   0.7093377681419D-01   0.5752046856615D-01
  -0.5655801407632D-01   0.5291973947365D-01   0.3966525622392D-01
   0.2865827774472D-01  -0.4450572200013D-01  -0.7599580839844D-02
  -0.4052959839868D-01   0.4269646293548D-01   0.1305211754874D-01
  -0.3266061163121D-02  -0.2908956219289D-01  -0.4702669755181D-01
   0.3324990426695D-01  -0.4251596832371D-01   0.8889655037831D-02
  -0.2502658720611D-03   0.2988270787716D-01   0.4754578404369D-01
   0.4874991357914D-01   0.1186348217096D-01   0.1187146592602D-01
  -0.3602928143224D-01   0.4783309950558D-01  -0.1772419259205D-02
   0.7420202093047D-01  -0.2217976690891D-01  -0.2552793426296D-01
   0.4277668822085D-01  -0.1316844790454D-01  -0.9494530371284D-02
  -0.4480205591620D-01  -0.3710584642230D-02  -0.3503535963630D-01
  -0.1752712633392D-02   0.2150809269570D-01   0.3357271590368D-01
  -0.4408320492925D-01  -0.4609708769083D-02  -0.3750405807815D-01
   0.5259699251685D-01  -0.1066078844491D+00   0.3508211051310D-01
  -0.4703917717541D-02  -0.1983383534456D-01   0.9355424313628D-02
   0.2812068925520D-01   0.6017388503013D-01  -0.4057618038773D-01
  -0.5597915479767D-02  -0.2217222566540D-02   0.3762061101113D-04
   0.1269995458974D-01   0.1145717739865D-01   0.6199408990282D-02
  -0.1661455958136D-01   0.1546397420458D-01   0.4591210793983D-02
   0.9872883868177D-02  -0.1039453543974D-01   0.2102539280595D-01
  -0.7735797225339D-01  -0.3389519937850D-01  -0.3056277628171D-01
   0.3201553723341D-01   0.3921094944971D-01  -0.2433994678756D-01
  -0.3833918402984D-01  -0.3073157925718D-01   0.1871294438101D-01
  -0.1876296566963D-01  -0.3682360489912D-01  -0.4465577642788D-01
   0.1784846635442D-01  -0.3104423259386D-01   0.4772460343578D-01
   0.4671999027318D-01   0.3593719610790D-01  -0.1975286538133D-01
  -0.1535459781821D-01  -0.3946914529485D-01  -0.4170531891427D-01
   0.4491723362884D-01   0.3639857994653D-01  -0.1960572871462D-01
  -0.4916615470445D-01   0.3226556891473D-01   0.1631003501927D-01
   0.2916166338695D+00   0.1086855695181D+00   0.1815578159109D+00
  -0.4259667565684D-01  -0.4712560364639D+00  -0.7008746532115D-01
   0.9653363103651D-01   0.1370022961930D+00   0.1972720777599D+00
  -0.7255928573137D-01  -0.7068855496695D-01  -0.1310218095672D+00
   0.2601583093517D-01   0.1342312606682D+00   0.8259469839588D-01
   0.7662190197166D-01  -0.2339029981885D+00  -0.5332417214935D-01
  -0.1318080343698D+00   0.3067880220692D-01   0.8200347391069D-01
   0.8301762614104D-01  -0.1870063595616D-01   0.1008805492091D+00
  -0.2127475802658D+00  -0.2293106331134D+00  -0.2167901045989D+00
  -0.5016520800630D-02   0.4461854125026D+00   0.1434796752676D-01
   0.1519095298367D-01  -0.1605711282005D+00  -0.8832122967656D-02
   0.8924195749779D-02   0.3138996707967D+00  -0.6700711560352D-01
  -0.1420603035386D+00  -0.4623313182688D-01   0.8539069872273D-01
   0.2261478178895D-01  -0.3637127627531D-01  -0.2174437594139D+00
   0.1407984851892D+00  -0.6183084036055D-01   0.9204317108284D-01
  -0.7394436101174D-02   0.9151969335884D-01   0.1003991782875D-01
  -0.1526077279962D+00   0.5379178467126D-01  -0.1002579032220D+00
  -0.4477898415852D-02  -0.7519158276636D-01   0.2100632043370D-01
   0.6915772000935D-01   0.2423993702203D-01  -0.4192692650261D-01
   0.1071922659066D+00   0.6991460518746D-01   0.5220750129789D-01
   0.4067575787189D-01  -0.7005013535323D-01  -0.8095912899889D-02
   0.5091517082026D-01  -0.9754047433530D-01   0.8634413078800D-01
  -0.4620564946594D-01   0.3765797902237D-01   0.4751391847032D-01
   0.4394285077915D-01  -0.4664815526771D-02   0.1347769571226D+00
  -0.2399239765280D-01  -0.5800115418694D-01  -0.4248985736518D-01
   0.4301452945229D-02   0.1376357088081D+00   0.1468926774087D-01
  -0.2271839739251D-01  -0.5724818012789D-01   0.4708186035530D-01
  -0.6802948960639D-01   0.1221122248602D+00   0.5171897216608D-01
   0.8214450029237D-02  -0.6031070431020D-01  -0.9192609328842D-02
$end                                                                            
