   -0.39219766
    0.03918879
    0.19375597
   -0.36134028
   -0.07317601
    0.01238962
   -0.04548916
   -0.03954447
   -0.03768148
   -0.03137924
   -0.03397942
    0.16183014
    0.06419866
    0.05714268
    0.06923593
    0.04140213
    0.03547074
    0.04307622
    0.03244519
    0.02927727
   -0.38690131
    0.03734163
    0.19466611
   -0.37381389
   -0.07784172
   -0.07867225
   -0.02669516
   -0.14658369
    0.23068376
   -0.24828547
   -0.26442750
    0.17649801
    0.05334993
    0.06669205
    0.04670538
    0.06810637
    0.07653264
    0.07734585
    0.08143372
    0.22411964
    0.25870801
    0.24503840
    0.23876386
    0.25032149
   -0.39450876
    0.02960455
    0.26950182
   -0.49742192
   -0.01778581
   -0.11120403
   -0.11240723
    0.15774220
    0.03991846
    0.03770937
    0.04965219
    0.03729587
    0.03978795
    0.05448190
    0.03622949
    0.04204451
   -0.17139723
    0.03183442
    0.20827299
   -0.35785090
   -0.06846556
   -0.09578341
    0.29388404
   -0.50178760
   -0.27996455
    0.23607191
    0.07853587
    0.07546060
    0.07418910
    0.07350368
    0.06543080
    0.22473838
    0.19015319
   -0.40486664
    0.04031995
    0.27179992
   -0.49953599
   -0.07656442
    0.01467503
   -0.04207942
   -0.03783028
   -0.03408061
   -0.03491125
   -0.03711795
    0.18187390
    0.03362911
    0.06093902
    0.04861136
    0.03367488
    0.03701171
    0.03451462
    0.03787631
    0.03208607
   -0.17514933
    0.01361268
    0.21904995
   -0.37546341
    0.06967673
   -0.47316245
    0.23242676
    0.09394606
    0.07704023
    0.06044890
    0.33561386
   -0.39350680
    0.03453400
    0.19997662
   -0.36657867
   -0.07428594
   -0.08466538
   -0.03026836
   -0.14580624
    0.22551826
   -0.23288093
   -0.25539573
    0.16358810
    0.05709088
    0.06334512
    0.06354580
    0.06811346
    0.05775479
    0.08880934
    0.08612318
    0.22703580
    0.25186947
    0.24085227
    0.22928075
    0.25493392
   -0.31551102
    0.02231407
    0.26359361
   -0.50302470
   -0.06068076
   -0.06657669
    0.00377509
    0.03597108
    0.04542568
    0.04027104
    0.04055488
    0.04021909
    0.03922622
    0.04202069
   -0.17064311
    0.01357312
    0.26871154
   -0.49036611
   -0.07676015
   -0.01322601
   -0.11361012
   -0.11552564
    0.22615286
    0.07782811
    0.06275009
    0.05706108
    0.04610757
    0.04165856
    0.04767628
    0.03176614
    0.04353334
    0.03704066
    0.03710322
   -0.17476731
    0.00809008
    0.27646236
   -0.47057633
   -0.03476346
   -0.13431721
   -0.12860377
    0.22093906
    0.08387340
    0.06542273
    0.07616263
    0.05020467
    0.05166950
    0.06829288
    0.05387305
    0.05030239
   -0.17525284
    0.00570436
    0.27506847
   -0.49948324
    0.10577062
   -0.45579611
   -0.13354042
    0.21183508
    0.09354138
    0.04005289
    0.34592783
    0.07428607
    0.03584824
    0.06840071
   -0.18955582
    0.02799382
    0.27858701
   -0.51082925
   -0.13227169
    0.23644225
    0.05732892
    0.05797837
    0.07830506
    0.07110667
   -0.18359310
    0.02477364
    0.27947491
   -0.49369463
   -0.07916493
   -0.00764112
   -0.11582451
   -0.11426247
    0.23364984
    0.06073157
    0.05399068
    0.06819839
    0.02586116
    0.05313116
    0.03088040
    0.04279809
    0.04691955
    0.04094036
    0.04229786
   -0.18947868
    0.02705102
    0.27903037
   -0.50858526
   -0.07922602
   -0.01871541
   -0.12681190
   -0.11871389
    0.23675593
    0.06703072
    0.05873094
    0.04923988
    0.05712258
    0.06400728
    0.04403785
    0.04744158
    0.05382317
    0.03750382
    0.03256309
   -0.17230137
   -0.02424142
    0.27891616
   -0.51588436
    0.22507753
    0.07470337
    0.08519619
   -0.18141109
    0.02955007
    0.27871869
   -0.47714871
   -0.12268146
    0.23795847
    0.05852580
    0.06862496
    0.06250843
    0.07533315
   -0.17487668
    0.03077647
    0.26963902
   -0.48230157
   -0.06895551
    0.00893520
   -0.04061819
   -0.03419653
   -0.03308926
   -0.02898750
   -0.03464260
    0.20151550
    0.09340053
    0.04434310
    0.05937536
    0.05354243
    0.02381197
    0.05738519
    0.03226132
    0.04575489
   -0.18802504
    0.04078106
    0.28847052
   -0.49995058
   -0.09019084
    0.37598543
   -0.64093111
   -0.64645176
    0.21660272
    0.05601789
    0.02451861
    0.03317136
   -0.19022049
    0.02167351
    0.19287812
   -0.32584409
    0.11775908
   -0.49259032
   -0.14600321
    0.23613835
    0.07624917
    0.05440206
    0.33701387
    0.07727252
    0.07049989
    0.06012675
   -0.39248522
    0.04399445
    0.19570916
   -0.36012054
   -0.12767476
    0.17495025
    0.03701331
    0.06029726
    0.05493369
    0.07518889
   -0.39072377
    0.03706497
    0.26662457
   -0.50906379
   -0.12102041
    0.16156750
    0.02578330
    0.03853132
    0.05296136
    0.06003587
   -0.17688757
    0.02430018
    0.21031859
   -0.35463975
   -0.02981281
   -0.06472846
   -0.11997979
   -0.11311195
    0.24852107
    0.06838374
    0.06796352
    0.03635033
    0.03776768
    0.06758519
    0.04537769
    0.04994178
    0.03933169
    0.04790209
    0.05603082
   -0.41322284
    0.04312942
    0.26666468
   -0.51491781
   -0.11340595
    0.18514775
    0.02028754
    0.03770098
    0.04517892
    0.06108146
   -0.17778764
    0.02856733
    0.21038989
   -0.36450128
   -0.02163469
   -0.06982623
   -0.11405855
   -0.10951992
    0.24485364
    0.07404803
    0.05190913
    0.04824241
    0.05689985
    0.06230367
    0.02989184
    0.04789827
    0.04858536
    0.03727447
    0.04489745
   -0.40002503
    0.04797827
    0.20528054
   -0.39141278
   -0.06597496
   -0.00974369
   -0.11753376
   -0.11331780
    0.17804819
    0.04485782
    0.04864300
    0.04872043
    0.01517014
    0.05047356
    0.03456707
    0.04702435
    0.04563523
    0.04625273
    0.03482538
    0.17898483
    0.07874729
    0.17772047
    0.07339570
    0.18230091
    0.07347314
    0.17256731
    0.06747127
    0.18061279
    0.07386388
    0.19956401
    0.09291498
    0.17493530
    0.08893883
    0.18041225
    0.07392702
    0.16872208
    0.06049065
    0.16995796
    0.06477758
