$grad                                                                           
  cycle =      1    SCF energy =  -112.93386894887   |dE/dxyz| =  0.219719
   38.95880039251875     59.44278401626707     47.20082763363641      n 
   37.29655734394181     60.87724781484375     48.82431123060731      c 
   38.65524859873987     61.81022656944858     51.21734037305383      c 
   40.36215561965003     60.62435714168821     52.23232853751123      o 
   35.08632724788665     59.25139128408504     49.72921768520439      c 
   33.32825328567596     58.40802525905970     47.60369504558832      c 
   30.97620170243144     57.18023673541830     48.72924792346519      c 
   29.31231874570726     56.33265056552128     46.71463586379355      n 
   27.14302337519190     55.12146779606517     47.04681416733592      c 
   26.28397427243945     54.64509491696602     49.36537052820449      n 
   25.75725671885447     54.40613875320342     45.06319174901810      n 
   39.12340387188974     57.57785945318210     47.56736950771468      h 
   36.63666984650852     62.52525923997565     47.76191492185436      h 
   35.85546685755167     57.60009154323827     50.69609416474170      h 
   34.02879540080766     60.36011913720557     51.11306419894159      h 
   32.79248133905075     60.05796825264185     46.49210733072695      h 
   34.29269284813940     57.05946517788765     46.38038569684571      h 
   31.54059940614228     55.55278284463698     49.87764505224582      h 
   30.01819553583992     58.57073961813855     49.92291812407056      h 
   29.94097410081454     56.64110579373725     44.93922580554577      h 
   27.09422843982374     55.42607683576578     50.89519832125817      h 
   24.55182836673670     53.87228347000399     49.54132762148547      h 
   26.43290891468012     54.66921777024206     43.30441436410174      h 
   24.57583938244058     52.88578934004081     45.23533645984712      h 
   37.75892032567688     63.99764173615473     52.10452551513646      n 
   38.51762466814995     65.02624609946392     54.51940632671933      c 
   37.92002765424954     63.16374031416240     56.67283501751380      c 
   36.23219716376323     61.60594426695508     56.56715705262921      o 
   37.17392894433899     67.56175683475136     54.90474634303069      c 
   34.29756920601615     67.31255121374642     54.99306840452668      c 
   33.10089296127351     66.80799819024726     52.34091507919294      c 
   33.87931336505277     68.13155723925099     50.54041044677544      o 
   31.46538161900608     65.11856769714556     52.21110741304341      o 
   36.24986682439831     64.80904937222738     51.27134984560750      h 
   40.57493324769851     65.30460098852321     54.45590687872718      h 
   37.86642509166021     68.46275666342882     56.62496341471665      h 
   37.65345172031768     68.76505775909570     53.29615421116169      h 
   33.68701690412774     65.80181102037528     56.25541411000918      h 
   33.48646963911489     69.08899552335261     55.65943280990570      h 
   39.43008560118400     63.43746086670467     58.71566282307747      n 
   39.20105030703701     61.86173093114395     60.93964511815946      c 
   40.33531171728733     59.20282060514090     60.68439943224318      c 
   40.05978488984958     57.62115157404912     62.34418475578486      o 
   40.82783187187598     64.73060134122166     58.68083926849011      h 
   40.13358931069714     62.78192703121825     62.53158401251029      h 
   37.20454834340388     61.63027868922411     61.41607475083113      h 
   41.69009686980881     58.83852373304930     58.59237079631880      n 
   42.92483719689694     56.50621361828738     57.91418697413415      c 
   45.56344637144839     57.17569163931950     56.91310409351301      c 
   46.17241798126398     59.35441083163703     56.45464821504235      o 
   41.38634515209516     55.11648420663428     55.86917766610002      c 
   38.83137615909648     54.31809951017170     56.82734240734381      c 
   38.57746496570923     52.42229170731940     58.63091460638351      c 
   36.65308734298220     55.46744610246480     55.92485676746578      c 
   36.22787876599233     51.67526791986489     59.47302934842666      c 
   34.28895700280091     54.72202712981280     56.74042917339268      c 
   34.05531486575973     52.81276795302959     58.52560576809367      c 
   31.76231551427588     51.97769220317593     59.35122999389657      o 
   41.76780940756978     60.20872438887491     57.26442791967290      h 
   43.05111453674333     55.36411763914421     59.63528357397671      h 
   41.14676461154057     56.42432239926561     54.29153752033866      h 
   42.45261181763556     53.46909725996163     55.23678501566754      h 
   40.23244545580058     51.52193116877321     59.41054203160582      h 
   36.79985464927197     57.01052571193252     54.60188153096375      h 
   36.04572056497666     50.21534031828956     60.88273706356922      h 
   32.62946218569558     55.65346278409621     56.00445407366900      h 
   30.45228511368761     53.11733163477206     58.77372529480954      h 
   38.41237136248070     59.54779951372061     45.59367206160749      h 
   46.83700959504571     55.81079844587426     56.61956116821801      h 
  -0.4984070536924D-01   0.6327612141547D-02  -0.1071417472703D+00
  -0.4049092585805D-02   0.7441226673921D-02  -0.4970333664735D-02
  -0.8132358636485D-03   0.7221608009210D-02   0.5334915409129D-02
   0.4412210028396D-03  -0.5661428349038D-03  -0.3134100302203D-02
   0.8305857504458D-02  -0.2885329601412D-02  -0.5537705405446D-02
   0.1346285720233D-02  -0.7082800200828D-04  -0.7635748438892D-03
   0.1091246106253D-02   0.4782546267917D-03   0.1370406886074D-02
  -0.3337198910516D-03   0.7674385348855D-03   0.2232572310405D-02
   0.2962123876774D-03  -0.2109361486541D-02  -0.5720290811834D-02
   0.7602926482254D-03   0.1837730843903D-02   0.4201067062293D-02
   0.3525443797237D-02   0.1323076765000D-01   0.2389155215910D-02
  -0.3082655767577D-04   0.8889551418660D-04  -0.1474672931812D-01
   0.8027886277768D-03  -0.2612711717506D-03  -0.1954732973852D-02
  -0.6852339401899D-03  -0.2825204996323D-04  -0.4500535836217D-03
   0.2413347695843D-02   0.7958227052892D-04  -0.8886920601352D-03
   0.7265831273050D-03  -0.1137157081806D-02   0.1159375156577D-03
  -0.1106805471601D-02   0.2345398290570D-03   0.2522712214688D-03
  -0.2469637677672D-03  -0.8309352524008D-03  -0.7334271057202D-03
   0.5094395036420D-04  -0.3541688960572D-03  -0.4497534788593D-03
   0.8706973447552D-03  -0.5787495819108D-03   0.4215645215989D-03
  -0.5556293445007D-03   0.3535388644455D-03  -0.3674288951385D-03
  -0.8854754108278D-04  -0.5402478246171D-04  -0.2364011113768D-02
  -0.1510043189732D-02  -0.9804840433729D-03   0.1578917675193D-02
  -0.2712721683329D-02  -0.1115421943655D-01  -0.1036405481782D-02
   0.7720598411717D-04   0.4687101701085D-03  -0.7608976474692D-03
  -0.1378917205625D-03  -0.3671819585932D-03  -0.6459134513177D-04
  -0.2958071224817D-03  -0.4530599940459D-03  -0.4249384796282D-04
   0.2599992294946D-03   0.2411497085667D-03   0.6354213975634D-03
   0.1058236331640D-03  -0.5491431316404D-03   0.2195844301083D-03
   0.2194637783831D-03  -0.2809189162256D-03  -0.3523644259523D-03
   0.3374296781710D-03  -0.2315327304441D-04  -0.3866644102851D-03
  -0.3279902911175D-03   0.3876178127096D-03  -0.1865442417362D-03
   0.4521207816073D-03  -0.4449214707230D-03  -0.2239076892538D-03
  -0.7944492958036D-03  -0.1450156083891D-03  -0.2962833804917D-03
  -0.2328487350130D-03  -0.6733548693728D-03  -0.6627281718556D-03
   0.2041681664276D-03   0.9522200300866D-03  -0.6543179347591D-03
   0.4798743903146D-03  -0.1429784790155D-02  -0.2296693844582D-04
  -0.7272944846883D-03   0.3364219359758D-03  -0.2754530226823D-03
   0.3506588553303D-03  -0.4965520823839D-03  -0.2677214234406D-04
   0.6952355072566D-03   0.2394229633806D-03   0.2944787173631D-03
   0.4904107423662D-03  -0.4503534628975D-03   0.1103187816746D-03
   0.2018029573059D-03  -0.4290892079211D-03   0.6952129083533D-04
   0.3347531087606D-05  -0.1542740545663D-02   0.3453614054656D-03
  -0.3962040759265D-03   0.3277169223344D-03   0.1200526448379D-03
   0.9806876018617D-04  -0.5128331629902D-03   0.3661019402950D-03
   0.8451875218062D-03   0.8957212467048D-03   0.9645868963932D-03
   0.6573285993826D-03  -0.4461271011486D-03   0.1085419015199D-02
  -0.8615121399643D-02  -0.5125741244020D-02   0.2754497389865D-03
   0.4920448045621D-01  -0.7261104064636D-01  -0.1001135300980D-01
   0.7160871449549D-02   0.1420426382667D-01  -0.4585225678584D-02
  -0.1281264365032D-02   0.1387374124451D-02   0.2241678966037D-02
   0.8858808071031D-03  -0.2421898663259D-04  -0.9899158336335D-03
  -0.8754566929443D-03  -0.5336573334048D-03   0.7875076174321D-03
  -0.1971135768932D-02  -0.6715599859135D-03  -0.5785111684356D-03
   0.3042629538912D-03   0.9458468227631D-03  -0.7594443462710D-03
   0.6963546453448D-03   0.6109530236062D-03  -0.6986630836986D-03
   0.2233808941971D-03   0.1255639894114D-02   0.4646216778352D-03
  -0.8930885846241D-03  -0.2400539546883D-02  -0.8158763249971D-03
  -0.1393886670769D-03   0.4221383013664D-03   0.1404910283756D-02
  -0.1498319760563D-02   0.1167259354575D-02   0.8150235060281D-03
  -0.3920249251462D-03   0.2074363993386D-03   0.1163867462842D-02
  -0.2102805996237D-03   0.1332485438751D-03  -0.4079433293259D-04
  -0.7188563304503D-03   0.1966272176028D-03   0.7052500506860D-03
  -0.9086679215714D-03  -0.6963373246009D-03   0.3031200648503D-03
   0.6229374099320D-03   0.2952299631591D-03  -0.4861470338807D-05
   0.1457599197153D-03  -0.1075567904522D-02  -0.3864495027179D-03
   0.1630265464142D-04   0.1444282457291D-02   0.4406651659819D-03
   0.4118616423725D-01  -0.1340621286037D-01   0.1317855608371D+00
  -0.4416582551038D-01   0.6161955395187D-01   0.1059075655023D-01
$end                                                                            
