   -0.40135735
    0.03806795
    0.19903485
   -0.36694620
   -0.08044839
   -0.04715128
   -0.01381570
   -0.03563505
   -0.09007376
    0.02383156
   -0.04991171
   -0.06449798
   -0.04495343
   -0.04141152
    0.17827506
    0.05991884
    0.06110377
    0.05352831
    0.05807414
    0.19758971
    0.02979667
    0.04590525
    0.02457445
    0.02803398
   -0.41249574
    0.01779753
    0.27261636
   -0.48742396
   -0.01281590
   -0.13585922
   -0.12475915
    0.17907939
    0.06468786
    0.03622484
    0.05605846
    0.02629122
    0.04436666
    0.04793364
    0.04570386
    0.05009579
   -0.17583041
    0.02282886
    0.28966729
   -0.50782729
   -0.08474500
   -0.01763180
   -0.05429435
   -0.05108790
   -0.06538394
   -0.08258337
    0.13929699
   -0.42970830
    0.21375144
    0.06689565
    0.08339873
    0.06527189
    0.05892080
    0.04476509
    0.07132481
    0.04842483
    0.34620444
   -0.18738192
    0.00804738
    0.27089310
   -0.45975719
   -0.08821342
   -0.09373169
   -0.02770269
   -0.17405739
    0.26435889
   -0.22389833
   -0.23052141
    0.21461521
    0.09969131
    0.08144124
    0.07492547
    0.07095204
    0.09002804
    0.09092612
    0.07975005
    0.20496707
    0.26256922
    0.25985539
    0.20941218
    0.22913155
   -0.19120798
    0.02115593
    0.26360581
   -0.48611134
   -0.07751801
   -0.01113032
   -0.03444840
   -0.04794602
   -0.06431067
   -0.08534936
    0.13906162
   -0.42806830
    0.19236679
    0.08319150
    0.06161670
    0.06758309
    0.02503069
    0.05385960
    0.05709077
    0.06539230
    0.35922931
   -0.18450320
    0.02337038
    0.26745428
   -0.49435840
   -0.11363476
    0.30015042
   -0.51369321
   -0.26047692
    0.21332141
    0.07928818
    0.08242237
    0.07991726
    0.24997179
    0.23654549
   -0.18114726
    0.01318271
    0.27626675
   -0.52293065
   -0.16028008
    0.23708256
    0.08744993
    0.08046762
    0.09745479
    0.07182591
   -0.17195197
    0.01033424
    0.28571863
   -0.51560289
   -0.01995032
   -0.14851883
   -0.12933886
    0.22817780
    0.08010003
    0.05280242
    0.07434652
    0.07220356
    0.06516645
    0.05174848
    0.06690171
    0.02345667
   -0.19652083
    0.03108657
    0.27414261
   -0.48165565
   -0.08020877
   -0.00344123
   -0.13011843
   -0.14189968
    0.22831623
    0.06382532
    0.05028840
    0.05608595
    0.03905012
    0.06639911
    0.03781217
    0.04724336
    0.06363131
    0.03804912
    0.05592171
   -0.20027510
    0.05282788
    0.27055964
   -0.50446685
   -0.10297739
    0.37179686
   -0.62024946
   -0.63850302
    0.18743827
    0.07399083
    0.03231315
    0.03391769
   -0.09696222
    0.02079883
    0.26594423
   -0.48764570
   -0.07383702
   -0.07292691
    0.00087198
    0.09016586
    0.07872555
    0.07820192
    0.04650435
    0.07172943
    0.04021753
    0.07539123
   -0.18309027
    0.02036992
    0.26175765
   -0.47841626
   -0.06817832
   -0.01285389
   -0.10817019
   -0.14991182
    0.18504086
    0.09242716
    0.04039026
    0.04785002
    0.04015478
    0.03955475
    0.03100907
    0.03137192
    0.04910912
    0.05519941
    0.07143777
   -0.19144964
    0.00332232
    0.26548711
   -0.43792256
   -0.01936545
   -0.16393184
   -0.15130861
    0.20912485
    0.10372799
    0.04377146
    0.07204034
    0.09298177
    0.06796484
    0.06400558
    0.05697321
    0.06208282
   -0.19583131
   -0.00764202
    0.26945434
   -0.48734126
    0.10916994
   -0.47117443
   -0.14937861
    0.18181709
    0.11409565
    0.06464220
    0.33690669
    0.06947272
    0.04502210
    0.06193041
   -0.18165812
    0.01964938
    0.28493032
   -0.45918729
   -0.15689686
    0.19747658
    0.08568861
    0.08516577
    0.08047151
    0.06508027
   -0.19661428
    0.01619278
    0.27964711
   -0.47130166
   -0.10277421
   -0.01769792
   -0.13843107
   -0.14128575
    0.20286703
    0.07959085
    0.06820643
    0.05590127
    0.04606526
    0.05851354
    0.03531173
    0.05061412
    0.06349162
    0.04991287
    0.05636099
   -0.19043067
    0.01167512
    0.28223453
   -0.50055761
   -0.09630899
   -0.02295161
   -0.14505083
   -0.14510176
    0.22124616
    0.08735785
    0.04843661
    0.06987958
    0.05560436
    0.06980305
    0.04588969
    0.05634727
    0.06426630
    0.05258782
    0.04148089
   -0.16219458
   -0.03720408
    0.28142458
   -0.52228192
    0.20748251
    0.09694159
    0.09297203
   -0.16908371
    0.02889808
    0.20275190
   -0.36797475
   -0.13877601
    0.23635278
    0.10689828
    0.08130069
    0.08003883
    0.07281570
   -0.45514839
    0.03172178
    0.15828610
   -0.48671230
   -0.14064308
    0.22145609
    0.10932095
    0.05399428
    0.10046906
    0.10034837
   -0.40487186
    0.03860225
    0.27393240
   -0.52297425
   -0.11624440
    0.30044801
   -0.53338876
   -0.26606929
    0.17816951
    0.04708867
    0.08916276
    0.05666021
    0.25080424
    0.23061544
   -0.18205366
    0.02881171
    0.20151761
   -0.36706954
   -0.08397351
   -0.01900651
   -0.13956334
   -0.13840875
    0.23245909
    0.07989558
    0.05521622
    0.07936939
    0.05612154
    0.07029310
    0.04375567
    0.05522753
    0.06490685
    0.05896723
    0.03598191
   -0.40629030
    0.03990344
    0.27566135
   -0.50645204
   -0.04976568
   -0.08345824
    0.37400156
   -0.65442025
   -0.66592543
    0.16963292
    0.04122233
    0.03691754
    0.02989612
    0.01480715
    0.02047003
   -0.17540363
    0.02669675
    0.20477805
   -0.35914841
   -0.09063433
   -0.01744605
   -0.13927763
   -0.13505667
    0.21311419
    0.09087691
    0.06507689
    0.07938895
    0.04641933
    0.06193269
    0.05170226
    0.05805818
    0.05460316
    0.05817752
    0.03594509
   -0.39173107
    0.01577069
    0.28743177
   -0.48157527
    0.12013953
   -0.48985955
   -0.12545006
    0.16308436
    0.05949299
    0.01977822
    0.32175769
    0.02980313
    0.06018334
    0.04692175
   -0.17662313
   -0.02996574
    0.19429277
   -0.35673124
    0.22000715
    0.11717230
    0.11130878
   -0.39492186
    0.03454375
    0.20085004
   -0.35894538
   -0.08182803
   -0.00603477
   -0.04803693
   -0.04536974
   -0.06867171
   -0.07754894
    0.13413869
   -0.44459495
    0.17045896
    0.06382793
    0.06432681
    0.06020727
    0.04366409
    0.05113140
    0.05258145
    0.05210794
    0.34854256
    0.18787440
    0.06370141
    0.18087858
    0.07412770
    0.18296923
    0.12227726
    0.18391857
    0.06187956
    0.17564960
    0.06901742
    0.18503795
    0.08620390
    0.18692398
    0.06227753
