$grad                                                                           
  cycle =      1    SCF energy =  -515.37385147216   |dE/dxyz| =  0.451695
   31.83006814030520     61.51336122039712    198.33050826749434      n 
   31.56201481938207     63.55949146038513    200.10385106759878      c 
   33.84700417172122     63.66528964472132    201.87112704257171      c 
   35.34523366971590     61.92484695733147    202.11171521372631      o 
   29.20623965436459     63.11609495200153    201.70751360234189      c 
   29.50829220590469     60.56662778064197    203.14910882584033      c 
   29.49585530848397     60.65187419599248    205.49081302907840      o 
   29.76343876284480     58.62645477037317    201.81698118528374      o 
   31.14656119312459     59.84788457633270    199.06716165978108      h 
   31.40989959508086     65.33665648784682    199.05161424075555      h 
   28.91708562382291     64.67147285146002    203.02843213935537      h 
   27.56453472282615     63.01085610632627    200.45850396972841      h 
   34.04865470315183     65.86487323548256    203.10339033597174      n 
   35.74715609453815     66.21455068930966    205.22268626509009      c 
   34.15784049431754     67.41362473020855    207.30782489179526      c 
   33.49104108819794     69.62692874633352    207.13214634487508      o 
   37.93682742999955     67.95459847594358    204.41093129417541      c 
   40.27932538522158     67.55598265447009    205.95412150193303      c 
   42.48612099166922     66.72590273493611    204.80168394839947      c 
   40.27172712523588     67.95723980750799    208.54918488277445      c 
   44.65251032045482     66.31417139504445    206.20686085320446      c 
   42.43331997901799     67.52338574828406    209.95507725010711      c 
   44.63424536194167     66.71886840659026    208.78962558595205      c 
   32.70414552526313     67.19755944614855    202.81305961314365      h 
   36.42675730037984     64.33296612745606    205.75333946020282      h 
   38.32025321666317     67.53580242261356    202.42830927050798      h 
   37.24784635889306     69.89620509354465    204.55157134151986      h 
   42.48409050532520     66.38855066901402    202.78839779094059      h 
   38.54700341129549     68.58856058440608    209.44368748762940      h 
   46.34398648687209     65.67240912392948    205.26808565205542      h 
   42.37962377635048     67.77929903658371    211.97481072485996      h 
   46.31460864115741     66.35809936088336    209.88390698912497      h 
   33.58432261091492     65.98291463261290    209.31381293973214      n 
   32.17044371275516     67.01922106006597    211.41735870112785      c 
   33.82536486223917     66.95045296882182    213.79412975852364      c 
   34.56937680636542     64.99374018207055    214.77973062882560      o 
   29.59661276601341     65.75307495923012    211.81943703495500      c 
   29.63353857231129     62.94645084125498    212.44952429664119      c 
   27.23818190808124     62.20178379395970    214.00937693883520      c 
   26.30077502725646     60.08500905651162    213.55663857059920      o 
   26.47515665847017     63.76200225742883    215.60691006790429      o 
   34.05607029995960     64.14056825552179    209.40376006331036      h 
   31.81611847644398     69.00059791666030    210.93198899911158      h 
   28.67157967804588     66.71041764493054    213.40566710992078      h 
   28.45226727694232     66.05820782453880    210.12529796915311      h 
   29.69505360226553     61.75327734906826    210.76930983069835      h 
   31.24358116711214     62.49149410501880    213.65990562727509      h 
   34.55429428127732     69.24698698352988    214.56701926911978      n 
   35.89425898157453     69.69721431699466    216.91399519624107      c 
   33.98680480374384     70.72482682532504    218.83103680777970      c 
   31.96807884110516     71.64380146342646    218.14418428410929      o 
   38.03632974912792     71.57531659504794    216.31444945442291      c 
   39.58139856293145     72.49455419097185    218.57621310503782      c 
   41.80078456300257     74.16604193800769    217.74999456080181      c 
   43.92948980026088     72.62944598261838    216.54976262528743      c 
   46.03713414499331     74.32233516043377    215.76398652787915      n 
   33.73761790425386     70.81253513312345    213.81207241766211      h 
   36.62673552072136     67.87534863667423    217.56658906280290      h 
   39.23819985991084     70.60636887987212    214.95122913218154      h 
   37.17649886618333     73.18175382479588    215.35032300159688      h 
   38.36331110354213     73.58681335947807    219.83136582985446      h 
   40.29577747180596     70.87525631392400    219.62800386188175      h 
   41.09963516875234     75.56733398426834    216.41384065010655      h 
   42.50845288797936     75.14167152628593    219.41963815338553      h 
   44.63814694890707     71.24722983145573    217.90552821903196      h 
   43.23986566108302     71.63759925832792    214.88170704179541      h 
   47.48197974663537     73.27882260605831    214.97934598833669      h 
   45.40385491375801     75.60863301816862    214.44176108550093      h 
   46.72613503063227     75.30051090026053    217.30683452875508      h 
   32.33538342822970     77.85098455591233    216.53247276706489      n 
   31.60775780860273     78.43847654961591    213.96756516275852      c 
   31.29827924937666     75.98933660622529    212.45781094146034      c 
   32.81634766618657     74.26498621785072    212.73780666349876      o 
   33.73870075804089     79.98351375529630    212.70967563307616      c 
   34.48261463672872     82.25306450753384    214.33644497630152      c 
   32.93357209567169     83.68042444832192    215.28148170180253      o 
   36.97504880708593     82.56838385458967    214.64024208712220      n 
   33.49973347872129     76.34922504568696    216.73316619727765      h 
   29.85529733533901     79.52487398778247    214.05332724879372      h 
   35.35542454639869     78.74552721161905    212.40030923607716      h 
   33.06537852968209     80.67073281002287    210.88763231776062      h 
   37.58876524078151     84.10636547118446    215.58585397414848      h 
   38.23316443435230     81.49988710361440    213.70142945730512      h 
   29.41857261818091     75.98490041408810    210.77569797557061      n 
   29.02639389152890     73.94576371025467    209.00613143013743      c 
   29.12365568656522     74.94995338688589    206.28403817371142      c 
   28.05903427596266     76.91741690204150    205.69263389549280      o 
   26.41416546829696     72.72759272082099    209.36239051012888      c 
   25.96687039008441     71.14370131815566    207.26665817026986      o 
   28.08976246598352     77.37497375605294    210.73924648784040      h 
   30.51770285045884     72.54807383106372    209.28551806458958      h 
   26.37395759598589     71.65757503185229    211.14173962256052      h 
   25.00691392370111     74.25163580120584    209.46058677389124      h 
   24.31658481205334     70.38462117986704    207.41296742891032      h 
   30.48833708406140     73.54009531437538    204.71601352011990      n 
   30.65402386073809     73.94205839910809    202.02298913354667      c 
   29.99108330505359     71.48578768766444    200.65659810174006      c 
   30.39291232979285     69.42260916313751    201.64574501878636      o 
   33.35440491679480     74.70467736935636    201.24932924158531      c 
   34.38336859184010     76.96351153089988    202.77319102846559      c 
   35.82116687761678     76.11226455876053    205.12841811872264      c 
   36.12823202663698     78.55273235191551    201.11149756265038      c 
   31.21776573165673     71.87703527887801    205.33207342866550      h 
   29.30387618054487     75.40967415644430    201.49102617504766      h 
   34.58206083231921     73.06280743620768    201.48626275796508      h 
   33.26872055613274     75.15355674410499    199.23874167193051      h 
   32.76769309796116     78.11823964279947    203.35136482281951      h 
   36.41946702396093     77.75905910242628    206.19965267460663      h 
   34.66503983750172     74.91547067158555    206.33201519052426      h 
   37.48412348312171     75.03990654681573    204.57367805940868      h 
   36.78767934094522     80.20295350295288    202.13723854460414      h 
   37.75371748098171     77.43928093225323    200.53144349872483      h 
   35.11871431474588     79.16479175824750    199.43811185064908      h 
   29.19748146774108     71.77159430017836    198.26545894243455      n 
   28.45432310677901     69.63144220823095    196.73407847249524      c 
   29.13941057557916     70.18834416410864    193.99094779923084      c 
   28.67832322745690     72.25129760980282    193.03086094440266      o 
   25.63058255432216     69.01804360055080    196.92285045940940      c 
   25.15086647563049     66.11012375758551    196.73600598200309      c 
   26.71834231387797     64.85660220339022    195.50091717093059      o 
   23.22961276264970     65.30751054344248    197.83272744202955      o 
   28.33038349153552     73.42752445314827    197.79496977099888      h 
   29.50907661565049     67.97847816873310    197.39665318196026      h 
   24.82474469329994     69.66594083861428    198.71316744090629      h 
   24.56642599268155     69.89355182439246    195.37776763744537      h 
   30.38101693939003     68.35179527536766    192.80168224651229      n 
   31.28866876460262     68.52715098963247    190.22932499178066      c 
   30.06056597689024     66.47427253998028    188.60410488708453      c 
   29.99173501162919     64.26473721603230    189.31991837158688      o 
   34.17999334986541     68.05232633598051    190.07823678817945      c 
   35.66025829851419     69.12776888674317    192.32950324471616      c 
   35.18639197931522     69.00595718663345    187.54891240243396      c 
   35.54239179589841     71.98498862517259    192.64797409416269      c 
   30.54247116457726     66.63731681648603    193.64010880210537      h 
   30.78585967866420     70.40442694589711    189.52480865069674      h 
   34.42191793275471     65.99406958511406    190.16218998167079      h 
   34.94939414951429     68.22425223374111    194.04126823609164      h 
   37.62538827103040     68.54772144555116    192.08280429132574      h 
   37.20390240370495     68.64845151074708    187.42914918452846      h 
   34.23952993048114     68.04204753148312    185.99957528787237      h 
   34.83883321157829     71.01765148921933    187.34597380507245      h 
   36.64599610875192     72.52336672403497    194.29568623810482      h 
   36.31651475197555     72.92971902534134    190.99929049615625      h 
   33.60150309123261     72.59664214501584    192.94057495422234      h 
   26.68191120173985     73.23750234429953    180.82374248016629      n 
   25.04565703692559     74.30171576968368    182.74179841495837      c 
   26.52533697782101     74.36158920793385    185.23388304025008      c 
   27.81948444591138     72.56137443906792    185.92792513589870      o 
   22.60451540907106     72.78005076767660    183.05167365940858      c 
   27.66334464164239     71.66531288589385    181.32989836486928      h 
   24.55492965230592     76.23167138512339    182.17803180998368      h 
   21.54785872582658     73.44452203558407    184.68543761574335      h 
   21.44959586377540     72.94704767434639    181.36034947438975      h 
   23.01699916092388     70.78378480322455    183.33240094500661      h 
   26.38757952580956     76.55106491556346    186.48056739399573      n 
   27.69285914307807     77.01815234067315    188.83957485077875      c 
   25.78150898547682     78.04079252744157    190.72437442644457      c 
   24.43712859184463     79.83146503347480    190.14990316004889      o 
   29.74420915630426     79.03916323048350    188.41191287547014      c 
   30.94260526879027     79.84527682878891    190.85105908556994      c 
   32.84261890732040     78.39498805655407    191.92919269074412      c 
   30.18337089522706     82.04834021647115    192.05500915137586      c 
   34.01900225096597     79.16535806432802    194.13140668421769      c 
   31.35891332386429     82.82712033355327    194.25396686320198      c 
   33.30195444925204     81.40726933409799    195.27306554121392      c 
   25.20294526355876     77.93226297479224    185.87385312456550      h 
   28.48895805953567     75.23641114945113    189.51423750389426      h 
   31.15284310327319     78.25449429478508    187.12922825047320      h 
   28.82940301346283     80.65186290752554    187.51044045940296      h 
   33.39553595916045     76.65567625260391    191.02317595279891      h 
   28.66710606744515     83.14984193462887    191.25165968564107      h 
   35.50714609202973     78.01986855500934    194.92819893205541      h 
   30.78686142333478     84.55723244853719    195.16357980461976      h 
   34.25920371975167     82.06521634111792    196.94698960817024      h 
   25.79161492748196     76.98144673242383    193.01776367525696      n 
   23.83669442938648     77.56829461398247    194.83803849035388      c 
   25.04199329748221     77.73427550344852    197.44179585362380      c 
   26.19709712072662     75.91750860042626    198.33008313773726      o 
   21.81314855989844     75.47522427777793    194.90257949084966      c 
   20.76290672165316     74.85773591839528    192.29658651828692      c 
   18.94467360105383     72.54698334391770    192.49260507509339      c 
   16.80111428163032     72.96010351843161    193.37623569538874      o 
   19.79293247540531     70.47548545680138    191.73738705967830      o 
   26.76027009550637     75.35070420372939    193.30434498545912      h 
   22.99609255412827     79.37348654154187    194.28779320846101      h 
   22.65656821099985     73.75619863370547    195.69230964233046      h 
   20.26243343714354     76.02835774575802    196.14894686272046      h 
   19.72989205753097     76.47351788680413    191.53869905010657      h 
   22.28207387482977     74.32300490255383    191.00272161959495      h 
   24.79124448847254     79.90091924944016    198.68859418184374      n 
   25.67970221358341     80.11385246467319    201.27269426354414      c 
   23.59149687044376     81.12537169888971    202.98943625846658      c 
   22.21100493509491     82.86386075452299    202.33386508312924      o 
   27.99291245678244     81.83971121869448    201.48925155816411      c 
   23.86810592957075     81.38471348976712    197.88644172276034      h 
   26.19834563469337     78.20894354209402    201.87440469777559      h 
   28.84985915078815     81.54205560023499    203.32992610604620      h 
   29.35050540285877     81.34597274096775    200.02954890181792      h 
   27.44397818625086     83.80524633654893    201.27256044940404      h 
   23.47904945991066     80.00795620356023    205.25626012973422      n 
   22.16942832936548     81.09928073383199    207.40850857801411      c 
   24.16640091828587     81.25584872789129    209.49161667850203      c 
   25.02747457383184     79.33474383252977    210.47927689201916      o 
   19.91343279811381     79.52911216933245    208.28350165027879      c 
   24.77194358635139     78.65115543834972    205.66131177537753      h 
   21.54804150238807     82.99195492735271    206.84887663029966      h 
   18.96364021707963     80.52623517703691    209.80787981705791      h 
   18.60522046412199     79.24313215329774    206.73049246069266      h 
   20.54833859905469     77.70445368797594    208.98282486874061      h 
   24.99835551096810     83.57077858372071    210.00974308060782      n 
   26.93144300626221     84.02032250384305    211.87786475518621      c 
   25.91037780081480     85.86734328531050    213.82871480512978      c 
   23.89011571736851     86.96559368480800    213.50530683272370      o 
   29.42433545594911     84.95161763149082    210.66643140353386      c 
   29.46205835451055     87.81688728820284    210.25889868056689      c 
   29.87442382255806     83.56387942218076    208.17033791663687      c 
   32.08502887368970     88.73679376037435    209.48698843181586      c 
   24.21418970478815     85.13225018701674    209.22614056923007      h 
   27.25898566446336     82.21001219005520    212.83106483581705      h 
   30.91054063623218     84.50210645313823    212.01807089386267      h 
   28.06240898390078     88.31312513277688    208.82991107762265      h 
   28.94497844654171     88.76474112814296    212.02033521659641      h 
   31.81263971358104     83.82242846565251    207.54717391276412      h 
   29.49557009233541     81.54939365648480    208.35396818771088      h 
   28.62290248488758     84.31800833240644    206.72337279629139      h 
   32.17529382895252     90.78780598017383    209.53366339721401      h 
   33.48905373976199     88.02392534365516    210.80876392912273      h 
   32.57200986093016     88.11174024125678    207.59448298553119      h 
   24.08966000938891     92.81037557471763    210.35966585487819      n 
   23.39149672550177     93.15021283643216    207.72540661951348      c 
   22.77991378030870     90.56037257893509    206.58989453704041      c 
   23.57931837698393     88.58288052249260    207.48988101038205      o 
   25.49383226010128     94.58897991837367    206.26780617859507      c 
   27.88968772637736     93.00286907869021    206.07642872635910      c 
   24.64096562841722     95.48353666916829    203.65992344814666      c 
   24.47349244088833     91.02210227967846    210.92725760192343      h 
   21.69158197311805     94.34060812609370    207.69470970464607      h 
   25.89085817444234     96.26625883092558    207.41236728142854      h 
   29.33892513162792     94.02532005249054    205.04253311376229      h 
   28.61225132444278     92.57432379237159    207.94835448276822      h 
   27.51297234257572     91.23609157789585    205.09410750605574      h 
   26.05568070479824     96.76597358491937    202.89879604690498      h 
   24.44098061810139     93.91306889075318    202.35006060237737      h 
   22.86396793373170     96.50904130725498    203.77721041886798      h 
   21.27083390110150     90.68786216040350    204.57651055886265      n 
   20.28711752712125     88.59421605191426    203.09940318675072      c 
   20.61821594544709     89.36446834261172    200.32590168991769      c 
   20.26588263448811     91.55708404968121    199.67683713204156      o 
   17.47723585420130     88.28088476874461    203.77834725853489      c 
   16.06698609346894     86.34004919788126    202.17780047143370      c 
   13.42332544505030     85.90976920776983    203.28558686573194      c 
   11.64971595623742     84.51556745163238    201.49563910701681      c 
   10.69008363397928     86.25983586180556    199.49971977121618      n 
   20.76850134508803     92.40262895990656    203.89026650200350      h 
   21.34859355653340     86.87617571794375    203.52183872451360      h 
   17.38805564018378     87.74736349592952    205.76814002967549      h 
   16.58519583003246     90.13133946269726    203.57249364985944      h 
   15.97314528349158     87.05074203774365    200.24599421335679      h 
   17.13333323790217     84.57637886820761    202.15317459200722      h 
   13.61966862710616     84.81475217548086    205.01617172967713      h 
   12.59688459213081     87.72146680414802    203.82174116438790      h 
   12.64797630022878     82.95007346404114    200.60416284516836      h 
   10.03644384605642     83.77521476678722    202.54091410503923      h 
    9.55941119087392     85.30900316011312    198.23822604943379      h 
    9.65366950726492     87.69313833591414    200.31589714323707      h 
   12.18036075586468     87.06042506040414    198.53429063750775      h 
   21.25665248238369     87.51812091736521    198.72209100954188      n 
   21.84507499812067     88.06555662104604    196.09262570126313      c 
   21.64180765269468     85.60725400426315    194.58704155409097      c 
   22.33689837409113     83.59606680717913    195.50279947800479      o 
   24.49625336942861     89.31378815408659    195.90579564473350      c 
   26.51916051891572     87.68885008909869    197.16777709306709      c 
   25.20552626486634     89.87282239187678    193.17158167548621      c 
   21.65647834073595     85.75705216868162    199.36636348753913      h 
   20.44967497960891     89.44186560681010    195.42346271663300      h 
   24.33989856177871     91.10708348748773    196.92852708221062      h 
   28.37404922482875     88.50080879514741    196.82180522326300      h 
   26.22871059217473     87.59199347171494    199.20119054832404      h 
   26.48770162591643     85.77428574425137    196.41550319603681      h 
   26.88123661474040     91.05774559133550    193.11841978168150      h 
   25.62919902623934     88.12258588114690    192.18636566790494      h 
   23.68852245068127     90.85953517711627    192.20105366753666      h 
   20.66008260936988     85.79577716000117    192.24814940573978      n 
   20.02201668964384     83.51548056997008    190.82639397108639      c 
   19.69022789093394     83.89610532036089    187.97429140209087      c 
   17.66899502994517     83.41548645797819    186.92604206688702      o 
   17.64280421724849     82.30123533747464    191.93492132503957      c 
   19.91377146648365     87.45146050909293    191.66289736902149      h 
   21.59117162914370     82.18776560221050    191.05894049963524      h 
   17.32772217196181     80.46739406848285    191.05990158552922      h 
   17.91188843148703     82.00675057767978    193.94903057021008      h 
   15.99627328543936     83.47566165371505    191.58454244689202      h 
   21.67506741748502     84.72982984945347    186.65517891301678      n 
   21.58826184783526     84.85927989951799    183.91214969157974      c 
   21.98419413676242     82.25482845294600    182.68920419350599      c 
   22.94358670174149     80.45789347032789    183.77405264088637      o 
   23.85810188688002     86.54327725269223    183.26864538888162      c 
   25.78572310949265     85.71067051029367    185.24922664288334      c 
   24.17027278364154     85.35368920784693    187.61834330466127      c 
   19.76221309963320     85.62126545025764    183.31471851435944      h 
   24.52823801064316     86.27367463673704    181.34535212454142      h 
   23.35816681918645     88.51978565537756    183.54010396100546      h 
   26.62384083152024     83.91602597870514    184.68567171178142      h 
   27.28331760911268     87.08491869680870    185.54079505608388      h 
   24.85366895111857     83.83591394327867    188.83278015461212      h 
   24.05780589664794     87.11885989828816    188.68549501654701      h 
   21.34076614403272     82.21347819197673    180.23306899733370      n 
   21.85904701895165     80.13228781996415    178.54204481745870      c 
   22.15411121993413     81.21949836790039    175.88518927721876      c 
   20.92020947687737     83.05124995771739    175.18977587018765      o 
   19.74579573147191     78.13833317610813    178.61984787951775      c 
   17.12534317801185     79.27497683744008    178.21173486574236      c 
   15.14661055919145     77.21666348172256    177.92431807198216      c 
   15.56400622373683     75.19706131193166    176.88340231740116      o 
   12.84395324980518     77.83168046091022    178.80670830280954      n 
   20.53028364862088     83.72942870712170    179.39620125929071      h 
   23.61440685376390     79.21433145974565    179.12763678582863      h 
   20.12945875981141     76.69449429006077    177.19977828034411      h 
   19.80946451081439     77.21518597284397    180.46603261485575      h 
   16.64099478688861     80.49616677954000    179.79712293835152      h 
   17.11909349392678     80.40342545199317    176.48200413506055      h 
   12.55371289782936     79.41448294395720    179.81755031178022      h 
   11.46736188682787     76.51712105032631    178.75681344564958      h 
   30.96336279548369     61.87401007556523    196.91229946010910      h 
   34.37387353360573     70.65518793286772    220.67938536436733      h 
   33.14828999265767     79.18190676371846    217.21099392857508      h 
   29.29893902564899     66.92141964320237    186.93346189138967      h 
   25.75517471499059     72.79778898341172    179.46713877349910      h 
   26.88725775272354     86.20714782112898    215.41026549988186      h 
   25.49305513713874     93.71044192942078    210.69570847847848      h 
   23.37364615913390     80.43511068257168    174.67335816074183      h 
  -0.8181297348302D-01   0.3235237847281D-01  -0.8932035504908D-01
  -0.2329265500917D-02   0.1031205287528D-01  -0.1779341380389D-02
   0.6335867343279D-02   0.4019099248030D-02   0.3521959804641D-02
  -0.1555069919159D-02  -0.9185154059488D-03  -0.3733442161326D-02
   0.2601920046838D-02  -0.4192120328810D-02  -0.5543759206876D-02
   0.1837432229172D-03  -0.1246451043584D-02   0.9290152766970D-02
  -0.1504079219263D-02  -0.8878512821257D-03  -0.7673086865505D-02
   0.7178755353552D-02   0.2940604344382D-02  -0.9643626116376D-02
  -0.4953234116072D-02  -0.1003316439073D-01  -0.3254945450797D-02
  -0.6054724352325D-04  -0.1987021002219D-02  -0.1986074630630D-02
   0.1959049604012D-02   0.4019578161943D-04  -0.3753098029234D-02
   0.1648355182563D-02   0.5587509420215D-03   0.5541702641982D-03
   0.3363196993854D-03   0.7553754303969D-03  -0.5923856828048D-03
  -0.6303789087192D-05  -0.2789629638933D-04  -0.2232232152994D-03
   0.1422982962648D-03  -0.4530960916390D-03  -0.1320424086868D-03
   0.1378148301654D-03  -0.2801208874989D-03  -0.1886629400372D-03
   0.8072337588003D-04  -0.3318967061448D-03   0.1043243423292D-04
   0.1816514114640D-03   0.7425397778121D-03  -0.3704403512665D-03
  -0.7933707890362D-04  -0.1348333696565D-03  -0.7689662132765D-06
  -0.6126515193609D-04  -0.3041247111061D-03  -0.3790984712594D-03
  -0.4588854827929D-03  -0.7908005589680D-03   0.1818486102036D-03
  -0.2415079464138D-03  -0.7844184179654D-03  -0.3947524246929D-03
   0.3807512896064D-03   0.1034641893116D-02  -0.1964539779741D-03
  -0.5417815565537D-04   0.4573587702068D-03  -0.1956335857380D-03
  -0.4846214925665D-03  -0.1284533620998D-03  -0.5509359281738D-03
  -0.1437493747414D-03  -0.4286588876581D-03   0.2248464171498D-03
  -0.1613532694185D-03  -0.6391500980619D-03  -0.6123428611190D-03
   0.1594362675090D-04   0.2944363761566D-03   0.5701690306656D-04
   0.4251321512967D-03   0.2771093113004D-03  -0.1774568390865D-03
  -0.4066779066739D-03   0.3197086916293D-03  -0.1420523079975D-03
   0.1928575277596D-03   0.2145519752106D-05  -0.6722395477663D-03
   0.8080384782976D-04  -0.3868748078002D-03  -0.2585353314528D-03
  -0.4352486380431D-02  -0.2098161887697D-02  -0.1280341792245D-03
   0.1752665962308D-02   0.5756202648739D-04  -0.4096812707637D-03
  -0.1997932304325D-02  -0.1835556998904D-02  -0.2695230884837D-03
  -0.4979113225656D-03   0.1927202240510D-03   0.1370668976055D-03
  -0.1097325143091D-02  -0.4940947436604D-03  -0.1567484027580D-02
   0.2890695057524D-03  -0.4320346908511D-03  -0.1291033852454D-02
  -0.3410853132237D-03  -0.3417478923807D-03   0.2602072746062D-02
   0.2187911092277D-03  -0.1104784520697D-02  -0.2095374450191D-02
   0.8472339886975D-03   0.1583935968765D-02   0.5417436851047D-03
   0.1862665809807D-02   0.6053557462693D-03   0.1699639402399D-02
   0.2998551398119D-04   0.4384567430312D-03   0.9728558429870D-03
   0.8237559491836D-03  -0.2934683323548D-03  -0.9578377484991D-04
   0.4212587973922D-03   0.6987089580989D-03   0.4546059489714D-03
  -0.3993618772891D-03  -0.3368510945978D-03   0.1614211226989D-02
  -0.6252966894517D-03  -0.6012274959086D-03   0.6267932839475D-03
   0.1202382178734D-02   0.2305965115244D-02   0.1430964398858D-02
   0.4551336117255D-02  -0.2913267830382D-02  -0.4465194327959D-02
   0.3842758494037D-01  -0.1442047964331D-01   0.8535064614849D-01
  -0.2223424996205D-01   0.1181078662366D-01  -0.7589375620214D-02
  -0.1522639651540D-02  -0.1171418351361D-02   0.4802959857208D-03
  -0.4339499423385D-03   0.7431176794818D-03  -0.1345824488929D-02
   0.2905025864630D-03  -0.2063622404414D-03   0.3407289043320D-03
   0.4218998639494D-03  -0.1395916432318D-03   0.6631979005687D-04
  -0.7716174433732D-03  -0.8058646065543D-03  -0.1036081254103D-02
   0.3566630341544D-03  -0.1852923345397D-03   0.2386458520396D-03
   0.2748937226217D-03  -0.9126191033185D-03  -0.1572899700502D-02
  -0.1655282017181D-03  -0.2688103580740D-04   0.2155213885040D-03
   0.1552342204758D-02  -0.1737941388279D-03   0.3126563312595D-03
   0.1469796581835D-03   0.1282201982838D-02   0.6705681933821D-03
   0.8711578686251D-03   0.4881267720968D-03  -0.5279698441092D-03
   0.4249860002367D-03   0.2723044249947D-03   0.5363850104149D-05
  -0.2027869557943D-03   0.8980939332592D-04  -0.3628056055722D-03
   0.9694199279760D-04  -0.2591475609878D-03   0.5553100192351D-03
   0.5113415813279D-04   0.4052503753182D-03  -0.3705516666158D-03
  -0.1002628986116D-03  -0.1363115315087D-03   0.3184025250563D-03
  -0.1522136682371D-03   0.6268814000822D-03  -0.3200290483563D-03
   0.4069129915453D-03   0.5343682159023D-03   0.7380640708913D-03
   0.6176347107849D-01   0.1032594675571D+00   0.3844593252059D-01
  -0.8459095717797D-02   0.6793119369444D-02  -0.2392277543491D-02
  -0.2833791245938D-02  -0.4054728273459D-02  -0.5488253010802D-02
   0.3303361261907D-03   0.9035825876122D-03   0.2412600408960D-02
   0.4208655446023D-03  -0.3332659660336D-02   0.6316062675191D-02
   0.1046295819374D-02   0.1164238613976D-02   0.3172940751144D-02
  -0.9638523622762D-03   0.8171611170083D-03  -0.1160938525329D-02
  -0.1199026544345D-02  -0.8906792733185D-03  -0.5513862509405D-03
   0.4974325161588D-02   0.8343149601658D-02   0.9638151795240D-02
   0.5788147101345D-03   0.8190010345971D-03   0.2223267037344D-02
   0.2948201522018D-03   0.6510131787079D-03   0.1013181565275D-03
  -0.1655021017402D-02  -0.2369804224838D-03   0.8890013158785D-03
   0.8167106404101D-04   0.2439160622235D-03  -0.1716130531756D-03
  -0.3848934562023D-03   0.4031884682952D-03   0.3838963571876D-03
   0.2647667081972D-02   0.2072498955768D-03   0.3272854646326D-02
  -0.3676563305302D-03  -0.2142380119519D-02  -0.1095641311734D-02
   0.3497295237282D-03   0.4332599305397D-02  -0.2918006500137D-03
   0.6104022640342D-03  -0.1658573617874D-02   0.3468425010075D-03
  -0.1437144447754D-02  -0.2108211246246D-02  -0.2994808849964D-02
   0.2113642356232D-02   0.1938367513690D-02   0.2344234612411D-02
  -0.2115206639354D-03   0.3274191006735D-03   0.6548273161499D-04
   0.6455936043911D-04   0.8580734078187D-03   0.1228298523434D-02
   0.1452394482312D-03   0.4067679232044D-03   0.4518017957275D-03
   0.5728677514980D-03   0.1260209409894D-05   0.4792691274964D-03
  -0.1323971487166D-02  -0.8140963862730D-04  -0.7620330737575D-03
   0.2160660084961D-03  -0.2433863716504D-03  -0.6122314184725D-03
  -0.1857975916171D-04  -0.1427125184379D-03  -0.5349604665664D-03
  -0.2583220948628D-03   0.3501816219066D-03  -0.6724746600851D-03
   0.5023837669527D-03  -0.5408669252946D-03  -0.9855470816048D-04
  -0.3039514299427D-05   0.8240072141190D-04   0.2837425768994D-04
   0.1909653989951D-04   0.1542127463673D-03   0.3220317113335D-04
  -0.8804473936024D-04   0.1990509984457D-03   0.1804324333703D-03
  -0.7652586829528D-04   0.8843943857631D-04  -0.2948583689898D-03
   0.5174526852211D-04   0.5828927555947D-04   0.2147604700138D-03
  -0.1848789220619D-03  -0.5885508793747D-05   0.1160920755995D-04
   0.6514081457776D-04   0.1093386681551D-03  -0.1043096744621D-03
  -0.7432669881353D-03  -0.7893611457330D-04   0.1263318478180D-03
   0.1468283197163D-03   0.2233645696375D-03   0.1299230221147D-03
   0.1533879942401D-03   0.3972533964410D-03  -0.1125254913492D-03
   0.6667659076194D-04  -0.2199663429287D-03   0.6003907181840D-04
  -0.2263610238477D-03   0.1151718987115D-03  -0.6344522069962D-04
   0.8100751977331D-04   0.9324606695212D-04  -0.4101720757775D-03
   0.1781496263828D-03   0.1779815648133D-03   0.1403891107126D-03
  -0.3450438206009D-03   0.1894444934235D-03  -0.1927494208275D-03
  -0.3765426469793D-03  -0.1621680336216D-03   0.8207028146296D-05
   0.1390426309238D-03  -0.7888558963604D-04  -0.1420095259324D-03
   0.3536697594146D-03   0.2642782860686D-03  -0.1867355100418D-03
  -0.1612436274747D-03  -0.2083460279815D-03   0.5946187606878D-04
  -0.2098238405242D-03   0.2521558013247D-03   0.3057426800441D-03
  -0.2407237584373D-03  -0.3747027353334D-03   0.5985704520214D-03
  -0.2443076285099D-03  -0.1903106284365D-03  -0.2057473125791D-03
  -0.3642058795573D-03   0.5088828188523D-03   0.3272744873100D-03
  -0.3669792463188D-03  -0.1462475640950D-03  -0.1662157055505D-03
   0.3229987424351D-03  -0.8367291545518D-04  -0.3132368841532D-03
  -0.1695138371322D-02  -0.4416931405581D-04   0.4445787767689D-03
   0.4763753020744D-03   0.4185940492383D-03  -0.3637647179369D-03
  -0.4000395722464D-02   0.2857335664259D-02  -0.1690521209158D-02
   0.2217068021529D-02   0.1590806849291D-02   0.7127981854414D-02
  -0.2651136317406D-01   0.4315605964147D-01  -0.8240125694497D-01
  -0.1290932016530D-02  -0.2490522365560D-01   0.7880857337725D-02
  -0.2634177145942D-02   0.1554217478999D-02   0.5889784919774D-03
   0.5966657374659D-03   0.1876031043734D-03   0.7722842209737D-03
   0.8446948406479D-03  -0.4927932101785D-03   0.1246158049440D-02
   0.7174725550441D-04   0.2137931453539D-03   0.5921538393260D-03
   0.4399796346857D-02  -0.1498515005624D-02   0.9333131542143D-03
   0.7923866238480D-03   0.9582059194282D-03   0.6664345960181D-03
  -0.1898425787480D-03  -0.2336502240921D-04  -0.3148212155763D-03
  -0.7634404154618D-03   0.2559815881008D-03  -0.1996665644369D-02
   0.3490642202016D-03  -0.1477996645551D-03  -0.6203583339245D-03
   0.2211134137774D-03  -0.4339390588534D-04   0.1272866509192D-03
  -0.7413549120331D-03   0.1173735243510D-03  -0.7297895094938D-03
   0.1776978459445D-03  -0.1049357621098D-03  -0.1657210548524D-03
   0.7983308271274D-03  -0.2277502319489D-03   0.2981361582907D-03
   0.1075906953004D-03  -0.6079174013664D-04  -0.5898028344637D-04
  -0.5305270659781D-03   0.3799206050577D-04   0.2232145563177D-05
  -0.7867490791315D-01  -0.3520413839781D-01  -0.9095132644239D-01
  -0.5975731030267D-02   0.7133402694183D-02  -0.5482571254591D-02
  -0.3017108640713D-03   0.4729104724231D-02   0.2282996199126D-02
   0.3266302927529D-02  -0.2414601851670D-02   0.7610588464936D-03
   0.2614029551170D-02   0.1061159961000D-02  -0.2596192377051D-02
   0.2516591765100D-02  -0.4582226266602D-02  -0.1272218537299D-01
  -0.1849264108130D-02  -0.6108625209114D-04  -0.1337131667434D-02
   0.2036155880796D-02   0.4563387962133D-03   0.1131267894482D-04
   0.1356473416625D-02  -0.8635322662912D-03  -0.2715624694393D-03
  -0.1383634878547D-02   0.6873698242253D-05  -0.2735261466788D-02
  -0.3327802400880D-03  -0.2081963832965D-03   0.3167212936603D-03
  -0.1403239041254D-03  -0.1056299358462D-03   0.7773310561158D-04
   0.1693758183431D-03  -0.4571149198926D-03   0.9765295962428D-04
   0.2326516260746D-03   0.1440257761581D-03  -0.1244230984959D-03
  -0.1278513746270D-03  -0.2407140682771D-03   0.2638558553272D-03
  -0.2172729875548D-04  -0.9040063151932D-04   0.3244747535351D-04
  -0.2443812798325D-04   0.1346701243970D-03   0.5937264225800D-04
   0.2085919687626D-03  -0.1473933013481D-03   0.1683812586710D-04
  -0.2415956415579D-03  -0.3398154438396D-03   0.2095066118060D-03
  -0.2168582099249D-03  -0.4462457635644D-03   0.3068152366440D-03
   0.6858954707736D-04  -0.1717823710234D-03  -0.1621616620974D-03
  -0.7080976149078D-04  -0.1827939518823D-03  -0.5020011875769D-03
  -0.1938567821157D-03  -0.1263752723650D-03  -0.4994043546634D-04
  -0.2318985322449D-03   0.7752934827065D-04   0.1433667407864D-03
   0.1691765609519D-03  -0.1947685074619D-03   0.3334695851246D-03
  -0.3856927702771D-03   0.1164980598572D-03   0.2975463252239D-03
   0.8696951433124D-04  -0.5155336883160D-03   0.2423483355046D-03
   0.1909130585401D-04   0.2022414964370D-04   0.9884379014880D-04
   0.3229941142703D-03  -0.2099582130431D-03   0.1105614335001D-03
   0.9614750745760D-04  -0.2706643909652D-03  -0.2452911468842D-03
   0.1547187304288D-03  -0.2638731026298D-03  -0.7137613394411D-04
  -0.7214144147357D-04  -0.2189077971206D-03  -0.2043468269349D-03
  -0.3558436352305D-03   0.5213434794951D-03  -0.3376258456770D-03
   0.1588662968372D-03  -0.6897125907293D-04  -0.3164595462027D-04
  -0.3493197984046D-03  -0.1012666089991D-04   0.8110368616568D-04
  -0.6153798751569D-04  -0.1277569747614D-03  -0.2638816069760D-05
  -0.2722471229064D-03   0.6380113819722D-04  -0.4909210743587D-04
  -0.2233856978613D-03   0.2437154267016D-04  -0.4321181521848D-03
  -0.1139736644302D-03  -0.9307439940626D-04  -0.9727269108451D-04
   0.1247466995998D-03  -0.4860299033313D-03   0.1842578416622D-03
  -0.8463338253855D-04  -0.1268503766052D-03   0.9025570483606D-04
  -0.1563061862161D-03   0.3169424617622D-05  -0.1975731802524D-03
  -0.2677619231167D-03  -0.8160518802777D-04   0.4448231993688D-03
   0.2972208438069D-06   0.1105033024351D-03   0.4367731415248D-03
   0.1302968312821D-03  -0.3328583924194D-03   0.1279176864597D-03
   0.7201622270671D-03   0.7432971169758D-04  -0.2367607412425D-03
   0.2849823661636D-03   0.1830384139829D-03   0.2311424523216D-04
   0.3374460845783D-04  -0.9733091488950D-04   0.7709810778266D-04
   0.1303504141212D-03  -0.1422567640972D-03  -0.1248393888751D-03
   0.3964402073283D-03   0.2679962565151D-04   0.4082805042103D-03
   0.5460423479866D-03  -0.1057376846629D-03  -0.9296286917095D-04
   0.1915151970386D-03   0.1061750378001D-03  -0.3885456601041D-03
   0.5635957170146D-04  -0.2105468264741D-03   0.6108664513229D-03
   0.3054509208559D-03   0.3352187446319D-03   0.1190496143913D-03
  -0.1779154967814D-04  -0.9251738948969D-04   0.1697273865708D-03
  -0.2326538500896D-02  -0.3104100487279D-02   0.3220148540294D-02
   0.1383205898806D-02  -0.7646845787741D-03  -0.6159908857380D-04
  -0.2337031209470D-02   0.1378487979793D-03  -0.8108589764460D-04
   0.9277171041707D-03  -0.9557348022548D-03   0.2436202123759D-04
  -0.2108847831777D-03  -0.1729208654834D-02  -0.6133694755469D-04
   0.3444312619419D-03   0.6618460081110D-03   0.2032472608446D-03
   0.4881998727178D-04   0.2579858491425D-03   0.2999082048912D-03
   0.2947326242670D-03   0.7738867343176D-03   0.9783320126104D-04
  -0.6599012107440D-04   0.1015909939811D-02   0.4293065387444D-03
  -0.2125620658203D-03   0.2969910903502D-03   0.6836239366796D-03
   0.1436833623218D-02   0.8189103578916D-03   0.2800172027728D-03
   0.4412748292183D-02  -0.5627450221960D-02  -0.5521719805734D-02
   0.6432303547232D-01  -0.1316780182311D-02   0.6963247187929D-01
  -0.2062192805490D-01   0.1257344397938D-01  -0.3687706199384D-02
  -0.2198138414508D-02  -0.9096807148465D-03  -0.4703246610949D-03
  -0.9282150722426D-04  -0.1013611766052D-02   0.2675366137039D-03
  -0.4638382828488D-04  -0.8333864021929D-03  -0.1268916671442D-02
  -0.9582323045962D-03  -0.3201518711647D-03  -0.4418174745768D-03
   0.5282912258918D-03  -0.1298315640218D-02   0.9209482771833D-03
  -0.1191861575273D-02  -0.2980169757486D-03  -0.3645346529103D-03
   0.2234337689573D-03   0.3301423366710D-04  -0.2038523389721D-03
  -0.6970026149330D-04   0.1002419468994D-03  -0.3804108949517D-03
   0.8234366525163D-03   0.1367102278606D-02  -0.3779330790512D-03
   0.2456964369429D-03   0.6351169268638D-03  -0.1744687779349D-04
  -0.3842989059478D-03   0.1803396287295D-03   0.5987438039493D-03
  -0.1428436213317D-03   0.4339270465608D-03  -0.3389183042034D-03
   0.4142119738177D-03   0.4277733480177D-05   0.6340471508024D-03
   0.6210305849357D-03   0.6613118355549D-03   0.2988279782033D-03
   0.3661761668493D-03  -0.1772575471477D-03  -0.3054395220270D-03
   0.1034431698279D+00   0.6185319118318D-01   0.1605343411195D-01
  -0.4446663302888D-02   0.7819920225793D-02  -0.2987473283008D-02
  -0.7362738996010D-03  -0.3544121148853D-02   0.7837796522189D-04
  -0.2532202204293D-04   0.2372415826601D-02   0.1968767318037D-02
   0.3526562327672D-02   0.2372784621453D-02   0.2096361234116D-02
  -0.4313343502848D-03  -0.1514586487853D-02   0.8386220911505D-03
  -0.1106940588210D-02  -0.7715824893688D-03  -0.3795812629822D-03
   0.8500889498326D-02   0.6508675764658D-02   0.9433884380210D-02
   0.2102437771747D-02   0.2109609217127D-02   0.1288054586472D-02
  -0.7316362754452D-03  -0.1124305563985D-02  -0.4853833935230D-04
  -0.4140926149929D-03  -0.2111968895463D-03   0.2540267733691D-03
  -0.3095249123472D-03   0.6061228738467D-03   0.7058643586564D-03
  -0.2558603833650D-03  -0.4744591446819D-04   0.2218757983416D-04
   0.4626741283428D-04   0.3505778980644D-03   0.6130695891322D-03
   0.5291116745974D-03  -0.1632486368046D-03  -0.3432611049653D-03
   0.2516545865190D-03   0.5288519946698D-03   0.2035364726260D-03
   0.2338752178906D-02   0.9335910614537D-03   0.2889684474909D-02
  -0.2159492224132D-03  -0.1541802642092D-02  -0.2248825770094D-03
   0.1366533356154D-02  -0.2773234187639D-03  -0.8864964081624D-03
   0.1264817379990D-04   0.8273864715496D-03   0.6973358643723D-03
  -0.2265131844737D-03  -0.5358241822394D-03  -0.4744759797434D-03
  -0.2537807068375D-03  -0.1158616276855D-02  -0.8539391780394D-03
  -0.5789872535790D-03  -0.6508566507281D-03  -0.1592134362712D-03
  -0.3942887703023D-03  -0.2189225663473D-03  -0.4762371179904D-03
  -0.7667543618707D-04  -0.1241349387924D-02  -0.4019253193364D-03
   0.2836046138272D-03   0.9052041060332D-03  -0.1818554488867D-03
   0.2925317953232D-03  -0.1512748127003D-03   0.2510844169837D-03
   0.3281332809998D-04   0.4333045240339D-03  -0.1440567371379D-03
   0.2605821267905D-03   0.6116164750061D-05   0.2357382270328D-03
  -0.2871843285112D-03   0.6331587600398D-03   0.6630324742712D-03
   0.2657709067661D-03   0.3485485315237D-03   0.6120972965847D-03
   0.5033775287628D-04   0.8669694814280D-03   0.1522625918492D-03
  -0.1187073913696D-03  -0.2142882024518D-03   0.6972762447770D-03
   0.2896162782212D-03   0.6495401871806D-03  -0.9929620994805D-05
  -0.2248542105872D-03   0.3643588985789D-03   0.3602474409247D-03
   0.3658810186534D-03   0.1128960991543D-02   0.1058642915923D-02
   0.4689350745196D-03  -0.5566562829080D-03  -0.7059313298255D-03
  -0.4655780809451D-03   0.7026054117153D-03   0.1260332176845D-03
   0.3861701374735D-03   0.1260041326945D-03   0.5745432599593D-04
  -0.1610585824335D-03  -0.1415187916105D-03  -0.3723461960210D-04
  -0.8902151418664D-03   0.5772190556200D-03  -0.4191854996049D-03
   0.3440009356117D-03  -0.5290144780127D-03   0.3669962026560D-03
  -0.6379288552150D-04  -0.4128980762109D-05   0.2773654780191D-03
   0.2217991198510D-03  -0.1772955637353D-03   0.1765046456371D-03
  -0.5087253202815D-04   0.1414960781355D-03   0.2705958455597D-03
   0.4245865992076D-04  -0.1676012942471D-03  -0.1575628449613D-03
  -0.4792039265351D-04   0.8443359123677D-04   0.3703129080628D-04
   0.3978605870181D-04   0.4776809079986D-03  -0.1249589726446D-03
   0.2675498971788D-03  -0.7476218553846D-04  -0.3037919257038D-03
   0.4184134771938D-03   0.5970157306878D-04   0.3379752803847D-03
   0.3852531444076D-04  -0.3059052941401D-03   0.9335932055365D-04
  -0.9713237694435D-04   0.2624625838576D-04  -0.2317859398832D-03
   0.5916971982864D-04   0.4517665367884D-03  -0.7925403277000D-04
   0.9175375523689D-05  -0.9107563593390D-04  -0.3945116982176D-04
   0.1602354455100D-03   0.2070101906224D-03  -0.2076038270365D-03
  -0.2222439668028D-04   0.1879515860455D-03  -0.2222899558670D-03
   0.1564288465905D-02   0.7651623330197D-03   0.6905265233499D-03
  -0.1189601711289D-02  -0.4150340462960D-03  -0.5489583029340D-03
   0.2359460820282D-03  -0.1851640948014D-03  -0.1903205674746D-03
   0.1620869107733D-03   0.5486794204814D-03  -0.1687716307398D-03
  -0.1208314877518D-03   0.3675940711501D-04   0.2567735973055D-04
   0.2657772891235D-03  -0.3046010803716D-03  -0.1042296529008D-03
   0.6736934921718D-03   0.3031884461563D-03  -0.2426144691740D-03
   0.1374299511621D-03  -0.2612751436292D-03   0.1165262006056D-03
  -0.2551473553966D-03  -0.4277560427382D-03   0.2198789357930D-03
  -0.4690159472469D-03  -0.5649589586331D-04   0.3696197441353D-04
  -0.4820195550758D-03  -0.1621948192106D-03   0.1639150870555D-03
   0.1856944118494D-03   0.3726677323566D-03  -0.3025345355932D-03
  -0.6400087070383D-04  -0.5436311782266D-03  -0.1529412587060D-03
  -0.1167487801565D-03   0.1006616203793D-03   0.1010753851249D-03
   0.2999895849684D-05   0.2516423223155D-03   0.2122932098814D-03
  -0.4550017794500D-03   0.1326876439110D-03  -0.5313323851329D-03
   0.3449354478553D-03   0.5083489011304D-03  -0.1544100276028D-03
   0.5957616772789D-03  -0.5890910402482D-03  -0.2664023004669D-03
  -0.1292597930144D-03   0.3720924825989D-03  -0.4124572682489D-03
   0.3534289096365D-04  -0.6087736114251D-04   0.9641637220574D-04
  -0.4452004526734D-03  -0.3079102387021D-03  -0.2032959587958D-03
   0.2749858348197D-03   0.6225474889751D-03  -0.5574615665237D-04
  -0.4817231349236D-05  -0.2121521582627D-02  -0.2580425390957D-02
  -0.5128235886095D-02  -0.4206839541867D-02   0.5266461583367D-02
   0.6388634755173D-01  -0.5136171050510D-01  -0.3952313547363D-01
  -0.1114972248264D-01   0.1651978863156D-01  -0.1021325586224D-01
   0.6582189898882D-03   0.2995338177008D-02   0.1370735832211D-02
  -0.1595419081762D-02  -0.8687996829045D-03  -0.3717922754033D-03
   0.2203858114285D-02   0.8621219471217D-03   0.6871008023028D-03
  -0.7917917324057D-03  -0.8236384368525D-03  -0.6236149680963D-03
  -0.1213385096815D-02   0.2238058121530D-03  -0.8441770507177D-04
   0.7956550749043D-03  -0.6344037521302D-03  -0.3495619969048D-03
  -0.1822641159550D-02   0.1442895208185D-03  -0.1802864707982D-03
   0.1747617535887D-02   0.2203172781327D-03   0.1135293720731D-02
  -0.1619108555249D-04  -0.1098699093405D-02  -0.4230243288157D-04
   0.2776058498529D-03   0.1825227376240D-03  -0.2435715761623D-03
   0.8204127948594D-03   0.2646502014076D-03   0.4471605675296D-03
   0.1265712868049D-04   0.1453353414112D-03   0.1541478073409D-03
   0.1111643233336D-03  -0.5964350722025D-04   0.3454931907077D-03
   0.7395034165903D-01  -0.2775126894992D-01   0.1152616178005D+00
  -0.2196699454526D-01   0.4865257009966D-02  -0.7270412462615D-01
  -0.5949370848600D-01  -0.1112444099887D+00  -0.5889141993783D-01
   0.2766083649675D-01  -0.2457215061586D-01   0.6638744856825D-01
   0.7659037027679D-01   0.3266707258067D-01   0.1134309546230D+00
  -0.4587916320118D-01  -0.7933393618148D-02  -0.6036972876306D-01
  -0.1116551802987D+00  -0.7754971999768D-01  -0.3052988874319D-01
  -0.4855345996575D-01   0.3859932900818D-01   0.4277370356923D-01
$end                                                                            
