$grad                                                                           
  cycle =      1    SCF energy =  -655.04791538730   |dE/dxyz| =  0.499951
  282.09819862629774    139.31230043388487    193.58539910086085      n 
  284.20885228930661    140.70594532671342    192.52952862827098      c 
  285.76098826468848    138.92166213434794    190.86010701631434      c 
  286.57143725261363    139.53811920036020    188.77700293149408      o 
  285.82478139177789    141.75544441081993    194.68260225524432      c 
  287.73915422934090    143.71677334301933    193.77934782344957      c 
  286.46943313267093    146.28641743165608    193.43202971231230      c 
  288.30038804993245    148.15986814342705    192.64317049545934      n 
  287.98038650564843    149.95409378154307    190.91319456735539      c 
  285.89259403720411    150.14964416724936    189.55190478158494      n 
  289.83588095603352    151.65421947647565    190.61634705656098      n 
  281.93845052563296    139.22214427883767    195.49079144368375      h 
  283.50663528625552    142.23206799816003    191.31031418923786      h 
  284.56572264462005    142.61141753710280    196.07563338076923      h 
  286.77295473429831    140.16645439148311    195.58904583976266      h 
  289.25183161366385    143.89662012555112    195.16753424098385      h 
  288.56028696338916    143.10536823993533    191.99066366287170      h 
  284.97762667579480    146.13980777310800    192.02695942112101      h 
  285.62661516539845    146.88052226072602    195.22722732549016      h 
  289.92081863192686    148.16616732831642    193.65853946048250      h 
  284.61771752474777    148.66810448147376    189.33973100998332      h 
  285.81323565472184    151.45575317257587    188.17119733773143      h 
  291.36598787521598    151.63162510271135    191.74372517273326      h 
  289.64986821013434    153.07382854962438    189.36712499191671      h 
  286.15374821246098    136.63193586323041    191.84316919891833      n 
  287.57414021551119    134.76400198602641    190.43409155903640      c 
  286.34807159287232    134.38404810535511    187.84299645528986      c 
  287.64653025812186    134.35372864567159    185.91837537217683      o 
  287.86918027770128    132.28365796765343    191.90536655562261      c 
  289.13048882429302    130.29650639938686    190.23959054400788      c 
  289.46225668597327    132.71379663801125    194.27674126926769      c 
  285.63963575211079    136.25466352957042    193.65059458016017      h 
  289.46241131884619    135.53067311017861    190.02912646397544      h 
  285.97623287497277    131.64294456284838    192.42899226225254      h 
  289.37199489600141    128.55394638348594    191.29384141695735      h 
  288.00484715083945    129.91659038220956    188.57021234378061      h 
  290.97976462801898    130.95192352917812    189.62904831341393      h 
  289.68160944784364    130.94898464117676    195.30332949378817      h 
  291.33557086315466    133.38817483899442    193.76560163091668      h 
  288.60621613842591    134.09320524959821    195.53157319741970      h 
  288.69891063629603    139.15498471740833    183.30084311521625      n 
  291.35372603218059    138.82907365293815    182.70573654620006      c 
  291.67260632873763    136.76570596211940    180.70376308328142      c 
  293.01540897146640    137.08445804322736    178.83519465254423      o 
  292.80000942047286    138.19603982000285    185.12398884071476      c 
  292.80177921723242    140.41713474989459    186.99198330801292      c 
  293.48927521564326    139.51330814234157    189.64183406331557      c 
  294.64411824461240    142.47850903759547    186.16645291239465      c 
  288.13832850394971    138.83270382801408    185.10586276590948      h 
  292.08834034346074    140.57196968894695    181.85339983165568      h 
  291.89031119326637    136.55528722587209    185.97925187393730      h 
  294.73900436462446    137.68779354294250    184.64949698537691      h 
  290.89579110428895    141.21833386604709    187.06070087138667      h 
  293.20766493216280    141.03642432745505    190.98725751197247      h 
  292.31059196137795    137.93037742135783    190.20184868507013      h 
  295.45758560392409    138.93047951701479    189.71044397618297      h 
  294.48047096335927    144.11944201910717    187.39071912217091      h 
  296.58018756985138    141.79162472552204    186.28599597174679      h 
  294.29447050294647    143.08826357901322    184.23532301633674      h 
  316.03241641222456    139.46912627273517    168.66398222780776      n 
  316.40640713113788    137.82419329281080    170.82459834668634      c 
  316.31585270784313    139.29299814867329    173.32167169447152      c 
  315.26691607061878    138.38809204386448    175.16594635245664      o 
  318.81554240085831    136.26899243459556    170.55558912282058      c 
  318.37948554705468    134.17028342015303    168.61471346822424      c 
  320.80331879132524    132.77184513446400    168.00655336247820      c 
  322.12050329770409    133.37361331834251    166.20243344980472      o 
  321.37805961730106    130.86183954692234    169.53744789921623      n 
  317.31530599387435    139.44978063626544    167.25644757864313      h 
  314.78037278283654    136.53254733602878    170.94195729158884      h 
  320.38258723740324    137.48302518214786    169.97767421865410      h 
  319.29742487706295    135.46093369601712    172.39194995831835      h 
  316.97765196845381    132.84885077865971    169.33842396099939      h 
  317.67098512812134    134.97096237147457    166.85364159998107      h 
  320.41838486691586    130.50767644116075    171.14838360136642      h 
  322.85895993943507    129.72169979885379    169.12999137850329      h 
  317.42064660129199    141.56228189227178    173.29121095830916      n 
  317.31564290120855    143.30784423030573    175.39622932115412      c 
  314.57492897786278    143.84678492760631    176.17280882912470      c 
  313.90010908934374    143.77731230514328    178.38909187216396      o 
  318.61093542322664    145.76683262844668    174.57836422165985      c 
  317.72863241912552    146.38161630074580    172.13065981822427      o 
  318.16940475163273    142.24219923698161    171.67287988924545      h 
  318.26070036494008    142.46100147330597    177.03886601854359      h 
  318.15693057785592    147.24406819900008    175.94915445554105      h 
  320.66281322273755    145.47291047124739    174.53783386345816      h 
  318.01462477847218    148.15282196555461    171.80253559478351      h 
  313.00440102282550    144.42509767010776    174.28827514564782      n 
  310.35276937769396    144.93587766243019    174.75857094596242      c 
  309.18003838959368    142.73578849760099    176.18844645818680      c 
  307.83407858361113    143.04458320487922    178.05569847937156      o 
  308.95868083938456    145.27656222812749    172.27535389842717      c 
  309.65988072295477    147.81302508444901    170.93527127412847      c 
  310.10894551251124    149.66855899949294    172.29479217323134      o 
  309.67811625616719    147.74110473870326    168.57617281740340      o 
  313.66987949123137    144.74168803549875    172.52869064328277      h 
  310.15144539752146    146.65932352969969    175.90131460562006      h 
  309.37928982246893    143.70947817277712    171.00956349862804      h 
  306.92038983213303    145.31981165441616    172.60514819627736      h 
  309.63381555794746    140.47066557527435    175.18667057745452      n 
  308.61376128652995    138.20478672855293    176.32113217487841      c 
  309.56672397903117    137.92820103947778    179.03486394936928      c 
  308.13383306758118    137.24958641665745    180.73014926416150      o 
  309.29563183591830    135.86272615966152    174.78771941617447      c 
  308.11721651739157    135.77494410965431    172.13757381297904      c 
  309.03328794759625    133.38364660888868    170.80575910253589      c 
  305.23532921709455    135.76281604523220    172.28089033096396      c 
  310.75277346025791    140.30860106328075    173.64582948386709      h 
  306.55430626780907    138.40905509450653    176.46626031473841      h 
  311.35537335069921    135.79082233201029    174.64948556179456      h 
  308.64876827776010    134.20385832660310    175.83269510598396      h 
  308.74595099853684    137.42715753261959    171.05633066885756      h 
  308.27308269652406    133.30069784536849    168.90133234447754      h 
  311.08566424774187    133.36258259396860    170.68264274394559      h 
  308.40514373614621    131.74276907061352    171.87113083695246      h 
  304.42403554056727    135.39855630379884    170.43002585220688      h 
  304.63037221119441    134.28205276526811    173.57069274537611      h 
  304.52088463551894    137.57487710847593    172.93841748264089      h 
  311.99421966582622    138.47104722886243    179.42250075409515      n 
  313.07311484132936    138.30120366169930    181.92995807661879      c 
  311.55435910549147    139.93146090102209    183.75055114102977      c 
  311.00812157215523    139.19844218438260    185.88385849592254      o 
  315.81540875471484    139.16777376242510    181.93214722964476      c 
  317.58341093625228    137.43186119070953    180.30447561030874      c 
  317.09210229819774    135.12331368623060    180.27352065487472      o 
  319.36277761519841    138.50732543609303    179.22689301804090      o 
  313.21046166590753    138.72774807367952    177.96230349410706      h 
  312.97669020282541    136.34054991648733    182.61639597268410      h 
  315.96272916054630    141.09007325673824    181.20800768347456      h 
  316.55457517373293    139.11853614571422    183.85950082605592      h 
  310.92820516815107    142.21577391345201    182.89049087218905      n 
  309.46912759365358    143.96440030907601    184.40440841392166      c 
  306.89543017097907    142.81077446374019    185.07813507481407      c 
  306.11296195720882    142.74128561627913    187.25704404758437      o 
  309.13030388116078    146.45078576656903    182.96596014915684      c 
  307.72274272745585    148.11093007190070    184.48562126932669      o 
  311.52419725651106    142.76521085203095    181.15647484776653      h 
  310.44765252837965    144.33641064867376    186.19714270091652      h 
  311.01574503220343    147.21571904582598    182.55083077284920      h 
  308.16762802165761    146.06086543080102    181.17095423450357      h 
  307.51841699206807    149.69834515678170    183.60512395638469      h 
  305.59635940327445    141.89121573912684    183.12665464404122      n 
  303.10571821718116    140.82914774852571    183.53996515553220      c 
  303.31297416880687    138.85346260438328    185.65104421456056      c 
  301.77206005998823    138.69234405027157    187.36795096599579      o 
  301.99921625883923    139.68002997275431    181.11133218819720      c 
  301.58899134479060    141.75119739177759    179.12218271095023      c 
  299.52757710582654    138.31937989398867    181.71396529340660      c 
  300.52759287880212    140.73460820425279    176.63921664453233      c 
  306.30431707080538    142.04394627709439    181.35705605868250      h 
  301.84086807150408    142.32259657794066    184.24096412986455      h 
  303.36918171767246    138.31469423478251    180.37796943447646      h 
  300.30846418173752    143.18754499617012    179.86848166321434      h 
  303.38290314477990    142.68212708800073    178.71713010967252      h 
  298.78694585062107    137.41253780462904    180.03028101661059      h 
  299.82357590384743    136.88802635510075    183.15516866465501      h 
  298.13876611496875    139.67236581348942    182.39130591306966      h 
  300.73673069133775    142.15017493533264    175.16186902078900      h 
  301.55662516167081    139.05278103427952    176.05593222656620      h 
  298.53591426339824    140.26313425750757    176.80579917398569      h 
  305.26370031508912    137.27518226066633    185.37454133176473      n 
  305.77993864796838    135.26202844676283    187.14283069533261      c 
  306.24044022035264    136.28680950632688    189.78823818846638      c 
  305.24421115601228    135.26711265276214    191.63759421823985      o 
  308.07828232093726    133.72104795300541    186.30448689216163      c 
  308.56461686656758    131.50429764669028    188.09327507610590      c 
  306.44469156176518    129.57430284419252    187.94320680767726      c 
  305.33167795116520    129.15995815485346    185.94684536142012      o 
  305.91587525794284    128.32649550152627    190.06292816909783      n 
  306.43028809098865    137.44476327365240    183.86684197881067      h 
  304.11885669236807    134.01772343278699    187.25805182029174      h 
  307.70999254238552    133.00979532472729    184.40313306754717      h 
  309.72620478022810    134.95640371432438    186.22232848592174      h 
  310.30751579688064    130.54900409722822    187.53209958417338      h 
  308.80669294009346    132.15256890838432    190.03129854975253      h 
  306.75720160915455    128.77284387900568    191.71221530588826      h 
  304.57718937676952    126.94053799552914    190.05979286241438      h 
  307.78142571375798    138.23869728264592    190.01003220281990      n 
  308.33803549948465    139.32160703182902    192.46743838973731      c 
  305.85939322789494    139.80929581667968    193.88425557968989      c 
  305.56987302477819    139.18747207183469    196.10110393141233      o 
  309.82610973041437    141.76229923901116    192.14928207497050      c 
  308.70639218472849    138.93674297739099    188.48064583292944      h 
  309.42825981222251    137.95666326553791    193.59213906262715      h 
  310.20228953848095    142.60304956622664    193.98366010644526      h 
  311.60927770819177    141.35523078391540    191.21304132154131      h 
  308.75890783099788    143.08191748942502    190.99092056601225      h 
  304.09810860750139    140.99748610777417    192.54165753569987      n 
  301.66724304819905    141.64448742752097    193.62641422573603      c 
  300.22548797448326    139.25327454395907    194.37696815354462      c 
  299.30620570600485    139.01316358057412    196.49547784687499      o 
  300.18180889027622    143.26856874991191    191.76384307632568      c 
  297.52528794642461    143.81657110001288    192.70664737747802      c 
  297.29895963764579    145.36436168307762    195.17385732844983      c 
  295.03800240395822    145.75962226759330    195.81743407568194      o 
  299.19298595313796    146.09250643234367    196.32880442972930      o 
  304.44832044445752    141.49110004424605    190.72528903131629      h 
  301.96703748154260    142.71538262037186    195.37919180408471      h 
  301.21624596170290    145.03212277432328    191.48526596664416      h 
  300.08426852261192    142.27198574538141    189.95765846211913      h 
  296.47573931086913    144.84295819948878    191.26050569293173      h 
  296.54711808780297    142.03969773795649    193.07123717693389      h 
  299.99554766166636    137.48131668790910    192.59776066889194      n 
  298.79420544469355    135.07877036723008    193.17646943351272      c 
  299.81368489776003    134.06241124835938    195.68714995954286      c 
  298.43613840832847    133.23155325759839    197.34764341876672      o 
  299.24180759071169    133.10837748451249    191.07777002530307      c 
  297.86223790323118    133.88402363321509    188.64822466596544      c 
  298.38680782541564    130.50208287899596    191.98044750826975      c 
  298.32079290614269    132.06897200325653    186.45578845451521      c 
  300.81213182667756    137.71849684376085    190.88039942098044      h 
  296.75651404710777    135.38420715924190    193.43034220801550      h 
  301.27651365177712    133.05078535101831    190.70413394747916      h 
  295.83715486829504    133.98796297917261    189.01899745011718      h 
  298.50984232977061    135.75792908618183    188.08295154633063      h 
  298.84903947497668    129.08030163484349    190.57729245621780      h 
  299.33395422887219    129.98102428154226    193.72515593678386      h 
  296.36014351259161    130.49915505288342    192.31448108843529      h 
  297.55855193739808    132.86077526271632    184.71962424727022      h 
  300.33444969271733    131.74679142353926    186.18009210788838      h 
  297.41845412952932    130.25593557516061    186.78168853986659      h 
  302.32830693216107    134.04510183941014    195.83316133501276      n 
  303.66254500788642    132.93392040410052    197.93995839900606      c 
  302.88888886419647    134.24480597824632    200.38728555153713      c 
  302.27499419513981    133.04617733158074    202.27122752988291      o 
  306.54281451625496    133.07430366414459    197.49715397710025      c 
  307.19541702755708    131.91649741185026    195.18141008515749      o 
  307.95021045651134    131.71006915055270    199.60532708359389      c 
  303.34304225771155    134.81313282112689    194.40997869655249      h 
  303.11066683477668    130.93935115446951    198.12338372627727      h 
  307.07892075369983    135.08301616550946    197.45631780511508      h 
  306.56660032424679    132.96834116435767    193.81401681924126      h 
  309.96786073214861    132.02151871680957    199.40646049907738      h 
  307.31399326286248    132.38201258062375    201.43562540858238      h 
  307.57914441145869    129.69489010487717    199.48030490595914      h 
  302.88575867715855    136.76774011490971    200.32383731398437      n 
  302.00777244849866    138.16987055339453    202.50811060815428      c 
  299.43119535578688    137.13053958138718    203.35169707386896      c 
  299.00338974543240    136.62112036994941    205.57277119957877      o 
  301.80322396676684    140.99911214438805    201.94310012187600      c 
  301.08371075072279    142.44644548709442    204.35120654315344      c 
  300.30779753536655    145.15954668668113    203.82309041529865      c 
  298.14831234641491    145.90986582964658    204.15020414463766      o 
  302.17828746080289    146.68329921092982    203.06834522613462      n 
  303.47274981203839    137.72691052956435    198.77129906413592      h 
  303.31910147367256    137.86082307505052    204.08964022509207      h 
  303.61631406780407    141.64526529333480    201.20342407551678      h 
  300.38774946376196    141.29221655008382    200.47118885418473      h 
  299.49865881991980    141.50196477282489    205.27054860388370      h 
  302.66917720273926    142.44764594740900    205.66894852341161      h 
  303.90229035106313    145.99244627518576    202.67312022780419      h 
  301.77310313088662    148.46353135355818    202.52646825999290      h 
  297.70938809898973    136.97014620110471    201.52302332114576      n 
  295.13250461461627    136.18912545694047    202.04126845700060      c 
  295.13986023832547    133.67959141271490    203.49150991352124      c 
  293.83593610806332    133.35234151199165    205.38122681008630      o 
  293.64874869056166    135.87440613302243    199.57542558310234      c 
  293.28071536615158    138.34989201614599    198.12759051399905      c 
  291.30639898434038    140.10067588146171    199.34847462946539      c 
  292.13194476346166    142.70956010638099    199.31430070785734      n 
  293.02442913552255    144.04920393045612    201.25576270246384      c 
  292.73437676195687    143.33744060355127    203.65158072211946      n 
  294.06030106452420    146.27687275866694    200.72775701208326      n 
  298.15913367327994    137.44232132801775    199.71966204160020      h 
  294.22590886823070    137.58414826290911    203.28156702236222      h 
  294.67479188372533    134.53848115355524    198.39093850272403      h 
  291.80683792156901    135.06968562708082    200.02485370138544      h 
  295.07805255123782    139.34979025686027    197.99927290469739      h 
  292.69128870163473    137.89589255573833    196.20724569721685      h 
  289.52909520771925    139.98018489910169    198.30812341558291      h 
  290.93072526283538    139.51892964637219    201.28445147605171      h 
  292.71984303388246    143.38152722700141    197.60639564349384      h 
  291.72711660531297    141.80778784334007    204.18073395822037      h 
  293.56461634311347    144.38646975476613    205.00274514536019      h 
  294.61964910189073    146.50755518122605    198.85537367327538      h 
  295.11703772550618    147.10259267471170    202.08447538278574      h 
  296.56491363612264    131.88738824189082    202.43936342540493      n 
  296.68217742463088    129.35057675172965    203.45976358829176      c 
  297.58538762304335    129.43813307926345    206.20556145061866      c 
  296.46259425660134    128.42853513206521    207.95982060604797      o 
  298.47028034462403    127.66510807172628    201.94437967156790      c 
  297.65190865193262    127.18820998940885    199.20510888846587      c 
  299.72029081370579    125.69652497917239    197.85150375169184      c 
  295.15174530288778    125.75638486581983    199.07986584835487      c 
  297.59247818793273    132.31865487058155    200.87859543643279      h 
  294.78151367105232    128.52258443418376    203.50102953309067      h 
  300.34943332863548    128.51735653776959    201.96010973449617      h 
  298.59360092381900    125.85612913544320    202.93418089469679      h 
  297.42845685621489    129.00675759763374    198.24608364577119      h 
  299.22777931897525    125.38295207791055    195.88304371450127      h 
  301.52199136221384    126.68167762480950    197.93560079546882      h 
  299.97746586049448    123.85034116828832    198.72265572825259      h 
  294.82116453057716    125.07016123463053    197.17348975143037      h 
  295.20268774890292    124.12879994578756    200.33888306746212      h 
  293.57977861293585    126.95262702331542    199.63846567197541      h 
  299.68895761715083    130.79855059531471    206.52763195701192      n 
  300.87376514497242    130.98234409392421    208.98094640083366      c 
  298.93523486024321    131.93506023444772    210.90232963090668      c 
  298.76447766481880    131.02260507566027    213.03209437589970      o 
  303.11878291576625    132.79213018847412    208.86392026841821      c 
  305.31268209370904    131.68271708387471    207.34992504231948      c 
  305.17061387407318    129.73277748594111    206.13455243844001      o 
  307.43217191059955    133.08143965275454    207.44541403442017      n 
  300.68653978196267    131.43251363446723    205.01903667175725      h 
  301.48926837124486    129.09708477420213    209.60824628820976      h 
  302.49413095849962    134.54671333760641    207.97365697819291      h 
  303.75860411046386    133.19916037283991    210.78023745219136      h 
  309.00307672102161    132.40033650652336    206.61016914634615      h 
  307.58127634226008    134.59920223896245    208.57992947845113      h 
  297.55696442965069    133.89388714908122    210.12944100508022      n 
  295.70572275573596    135.04098449222857    211.78398553482816      c 
  293.66591977553986    133.14015872299578    212.50040113023752      c 
  292.99797036365470    132.85565410841730    214.70799821708135      o 
  294.55840003517915    137.39083910408397    210.56355967771557      c 
  292.50620315714247    138.56437652120579    212.21210892565566      c 
  293.32536373161616    139.27529102233154    214.93040266658474      c 
  295.58962670655956    139.06571078299928    215.55342505288306      o 
  291.60531077261334    140.04250816767902    216.35327403713458      o 
  297.78385912727998    134.61844178905193    208.36783954340746      h 
  296.63953197629843    135.59275072042971    213.55240929551661      h 
  296.07299005516603    138.75925660448826    210.28080103820034      h 
  293.75624154125597    136.86743991115569    208.73513737778529      h 
  291.79308397927002    140.29244051114367    211.33777467799734      h 
  290.90613298349217    137.27244864074470    212.41471199461594      h 
  300.18497514405664    119.13635516310735    191.13464444258247      n 
  299.36466803675580    120.64313207638591    188.98504169037804      c 
  301.54834244048959    122.36811428404917    188.16288498300173      c 
  302.47085388438654    123.92343087286103    189.61153069256983      o 
  297.07111420849799    122.19238793481036    189.81090663155103      c 
  296.07038702910256    124.02518345138265    187.80720038858058      c 
  295.18497812415450    122.65117610099119    185.43411590758834      c 
  293.88506450352764    125.54181809739899    188.92804913631400      c 
  299.49481285684880    119.63989653032333    192.84898379514644      h 
  298.91496738333012    119.35262497352967    187.43740387578256      h 
  295.58078838081593    120.88464878592856    190.38002169424288      h 
  297.62656508350341    123.25854449433447    191.48927183303380      h 
  297.60480738533624    125.31904044062665    187.29790532250007      h 
  294.37376024340125    124.00460195455111    184.12085177223983      h 
  296.75426390865704    121.70595335540307    184.51134208563690      h 
  293.74979238034535    121.26704519238035    185.92945285252810      h 
  293.24168713013108    126.96574884585932    187.59673699640837      h 
  292.31250516490451    124.29202494018733    189.36020728668501      h 
  294.46393575680105    126.47035205821204    190.66505136577487      h 
  302.30510346646417    122.08302353298401    185.76419535922616      n 
  304.47336944996465    123.42145294433099    184.78824602005764      c 
  304.15889037030809    124.01238359146423    181.97611205099784      c 
  303.44660560697565    122.39778164239333    180.47614357691788      o 
  306.89393929776952    121.82429473840202    185.12000066782915      c 
  309.14798076376150    123.42350346668337    184.38366546910956      c 
  309.84414741253244    123.59884103183120    182.17904611471778      o 
  310.24428211030840    124.67226682926626    186.27858071395588      n 
  301.67019882090170    120.59113718189630    184.72948996485601      h 
  304.64975274995754    125.18317689274858    185.85260020678137      h 
  307.02439572649064    121.21763258496786    187.08143096096006      h 
  306.79996300955941    120.16670786458209    183.89446672538423      h 
  311.69509813006709    125.89931428100293    185.96198970360140      h 
  309.55865510906500    124.53967867836951    188.04505226528443      h 
  304.79893840487398    126.36724165565995    181.31148691234392      n 
  304.48500136230348    127.29150681626041    178.75773621413740      c 
  306.91047618278236    128.43872543143672    177.66974482803741      c 
  306.86288390321232    130.13602530275017    176.09983155889958      o 
  302.24878118118681    129.14469581175882    178.51504041141149      c 
  299.76896135899722    127.81733624419159    179.14905866382091      c 
  302.62249387624860    131.48103909434809    180.16821214407437      c 
  305.16802519027368    127.65311791477966    182.68423154294274      h 
  304.06293790628871    125.62473884081867    177.59285780949847      h 
  302.20777308930474    129.73192474918520    176.53179713466903      h 
  298.18640427330536    128.98620600288078    178.56573202295203      h 
  299.64292647363573    126.02178328732418    178.15853810460411      h 
  299.64651897948147    127.46476358810281    181.16950844939939      h 
  301.02153898336451    132.74588096037988    179.94581196554063      h 
  302.77164233587814    130.96133466676176    182.14940127037960      h 
  304.32113995525810    132.49495520215666    179.61332035658523      h 
  309.06479038555062    127.44247028736648    178.53808380995056      n 
  311.51254863200279    128.28989797860930    177.68101729541442      c 
  312.51128618981096    126.54668260045794    175.58650021658150      c 
  311.53335096145292    124.52129625524726    175.09957231741214      o 
  313.36275195290898    128.33493304984421    179.90501668136685      c 
  312.58358000927706    130.33762661418976    181.83908882951624      c 
  314.28594465756146    130.18992774954086    184.13215437923390      c 
  314.04053649622057    128.52677914504491    185.74030516428465      o 
  316.01483562426699    132.00722156390472    184.30539043608943      n 
  309.07216475609704    125.94831437182317    179.74551598759177      h 
  311.28311864364696    130.19718918893076    176.90011863680613      h 
  313.35440581441463    126.47592985477118    180.79870741649026      h 
  315.27656980838520    128.72883289920659    179.24306241409542      h 
  312.72208224820542    132.21167928115429    180.99830364384894      h 
  310.63736710662891    129.98734014269624    182.42821925738082      h 
  316.36773391566373    133.21634962583238    182.82995065245245      h 
  317.27956458219688    131.95731874721903    185.73026589124410      h 
  321.26349019098069    125.45618427991408    182.26989924094624      n 
  322.60114176183612    127.44537743137339    180.97027517225513      c 
  325.39524415996260    126.82266739749929    180.52659578229043      c 
  326.56559227091503    127.88519403573768    178.83024890336370      o 
  322.38483484664482    130.00030713621368    182.31612218125173      c 
  323.82691204399072    130.10504081921437    184.85616007403644      c 
  324.27125889101887    132.23737317642863    185.74881088106471      o 
  324.46037172307825    128.05705226656946    185.84721493606889      o 
  321.53342111771775    125.35041092827761    184.15747509086086      h 
  321.73058108846180    127.63042031265668    179.09538664189768      h 
  323.08434698781275    131.49652408193052    181.08025455326634      h 
  320.39768412969977    130.41746239133556    182.69497636198503      h 
  280.63826385170069    140.00476375024130    193.05469486859658      h 
  284.47683018389716    134.15808379029744    187.70712931145229      h 
  288.23627201270898    140.75841621293404    182.97291794775913      h 
  290.77779076202177    135.11282464783164    180.89960134832702      h 
  314.56055324561760    139.08284216578016    167.90439985573076      h 
  292.83982776546367    132.09155801517247    211.16283890354623      h 
  299.71658470396102    117.51757104679821    190.90505708994374      h 
  314.01640874893229    127.06155957759788    174.56641593385930      h 
  319.58952057350314    125.65810226104577    182.04715090629557      h 
  326.26482938647064    125.55004466896405    181.61990136084080      h 
  -0.9318327667683D-01   0.5715025027638D-01  -0.3836251309443D-01
  -0.6952358170563D-03   0.1484857324585D-02  -0.8034364606387D-02
  -0.8967879188974D-03  -0.4319351405629D-02   0.3797187552974D-02
   0.3301387146386D-02  -0.5784939567461D-03  -0.2214817357033D-02
  -0.4744486435086D-02  -0.3649226425242D-02   0.1008915062071D-02
  -0.1400163789170D-02  -0.6272094560632D-03  -0.9408463229229D-03
  -0.4993972441660D-03  -0.5082267367837D-03  -0.1187296631389D-02
   0.2012707163579D-02  -0.2039152466922D-02   0.1486175959113D-02
  -0.1275872748129D-01   0.1239801712205D-02  -0.8077357359332D-02
   0.2022340548313D-01   0.1490111229834D-01   0.1024392904408D-01
   0.7194030249076D-02   0.3051289756235D-02   0.9961704016033D-04
  -0.1322382548991D-01  -0.1052084455042D-02  -0.1664592222532D-02
  -0.2810370868952D-02   0.2060821470157D-02  -0.5696564537052D-03
  -0.6797853762069D-03  -0.6923119150202D-03  -0.3947974833798D-03
  -0.1018828347609D-02  -0.6776234349411D-03   0.5904375226361D-03
  -0.2072957741971D-03  -0.4081183244967D-03   0.9642106867163D-03
  -0.8505281157652D-03   0.6659734455906D-03  -0.4246901683871D-03
   0.7013512201161D-03   0.6375861219809D-03   0.3431812542834D-03
  -0.1650327177191D-03  -0.1552721212949D-03   0.1460137253434D-03
  -0.4762290882906D-03   0.8002104190760D-03   0.3094147623352D-03
  -0.1617032740605D-01  -0.1689314579447D-01  -0.5867777689543D-02
  -0.1842293978490D-03  -0.1727226658757D-02   0.9482734948046D-03
  -0.4146284454140D-03  -0.4554644059433D-04   0.3812330168260D-03
  -0.1055328958281D-02  -0.7924639908065D-03   0.5856131831733D-03
  -0.8304299845926D-03   0.4011173750091D-02  -0.4331512228383D-02
   0.1164030336238D-02  -0.3859011789047D-02   0.4716386550937D-02
  -0.9688686165904D-01  -0.9414811392801D-02   0.1907856091009D-01
   0.1607083545461D-01   0.2795902683166D-02  -0.2328366666204D-01
   0.1124192706237D-02   0.3497207895545D-03  -0.3323005126916D-03
   0.3447481281982D-03  -0.8844301620540D-03  -0.1400228605238D-02
   0.7895713354972D-03  -0.9641511081309D-03   0.1653640854494D-03
   0.3083938716385D-02   0.4168470513721D-03   0.6043047969115D-02
  -0.7571023568670D-03   0.9977472468353D-03  -0.1107873805065D-04
  -0.1894690199030D-03   0.1471068985396D-02  -0.1197858320709D-02
  -0.1701838113763D-03   0.5645752966683D-03   0.3467664508268D-03
   0.5183851303796D-03   0.1524630778855D-02   0.1375626985123D-02
  -0.1658485799653D-03   0.3229995563633D-03   0.1176841843896D-03
   0.4693926693113D-03  -0.5777780582499D-03   0.1297057355630D-04
  -0.3184056535775D-03   0.5137651524989D-03   0.1698920772967D-03
   0.2634275406456D-04   0.6284168748147D-03  -0.9623178756142D-03
  -0.2065740682516D-01   0.1132749816378D+00  -0.1797338219310D-01
   0.5400244568106D-02   0.5418536624357D-02  -0.2037535625673D-02
  -0.5198805166280D-01  -0.7198850977133D-01   0.2233044387641D-01
   0.1068874438434D-01   0.8548636372489D-03  -0.1723287235652D-01
  -0.9518595804515D-02   0.2605729741960D-02  -0.7854491020435D-03
  -0.5822638155509D-03   0.3935857228544D-04   0.1427110592771D-02
   0.4574136741603D-03  -0.1104303490241D-02   0.3919463742161D-03
  -0.3149816648110D-03  -0.1141886390918D-02  -0.2388115485985D-03
  -0.9414795566949D-02   0.9842903772373D-02   0.3227782565474D-03
  -0.2582379804081D-02   0.1620331609812D-02   0.2162618152515D-03
   0.6866534326299D-03  -0.2274773455837D-03   0.1303727402007D-02
  -0.1965124544992D-02   0.1111231966600D-02  -0.1531874362739D-02
   0.3187501795665D-03   0.1172476760141D-02  -0.1743352235885D-03
   0.1704180604231D-03   0.2839168563267D-04  -0.5790148484251D-03
  -0.7795372925094D-04   0.1834533257530D-03   0.1399009291371D-04
  -0.8002941900784D-04   0.6947132032524D-03   0.1126833300791D-03
   0.4640538819811D-04  -0.1023478693045D-03  -0.3020218511921D-03
  -0.1457951506223D-03   0.4543682969987D-03   0.3356087926962D-03
   0.1544397900497D-03   0.5063377310748D-03  -0.1935410945698D-03
  -0.1001078352382D+00  -0.3873087220152D-01  -0.5257746792432D-01
   0.4722916184634D-03  -0.5357896886512D-03   0.6351423484423D-02
  -0.1101633037094D-01  -0.4648711276568D-02   0.9681196891248D-02
   0.9540537429810D-02   0.1339865285552D-02  -0.7541827880977D-02
  -0.3538240963371D-02   0.4239682388051D-02  -0.5446731568753D-02
   0.4790010628229D-03   0.2267631939647D-02  -0.9443779729207D-03
  -0.2169664187972D-02  -0.8663701163242D-02   0.8156631012300D-02
   0.5521721371775D-03   0.2689043346853D-02  -0.7691702032349D-03
  -0.1159209088011D-02   0.1241357927911D-01  -0.7042718551828D-02
  -0.1441143984678D-01   0.3834230085571D-02  -0.7099340523524D-02
  -0.1992412453502D-02   0.2505823706582D-02  -0.3023345641335D-02
   0.1789656108301D-02  -0.1409811322479D-03   0.2951249586321D-03
  -0.9464482822481D-03   0.8681373690411D-03  -0.7133868819692D-03
   0.7323453845877D-03   0.9666259362278D-03  -0.1059715865615D-02
  -0.9308131193918D-03  -0.1379531240986D-02   0.4503950836378D-03
  -0.3040137223617D-03  -0.1221633142174D-02   0.3986158164362D-02
   0.4783012877895D-04  -0.4807855983947D-02  -0.1629434571621D-02
   0.2768561613762D-02   0.1279993046309D-02  -0.1123938118237D-02
   0.1007098809474D-03   0.1126944390949D-02   0.8624557325310D-03
  -0.3251192585421D-02  -0.5388412613505D-03  -0.2476909426439D-04
   0.1657237117163D-02  -0.3224682437772D-04  -0.9211657537710D-03
   0.6762917765237D-03  -0.7073519227614D-03   0.2656772043644D-02
   0.6136744352128D-03  -0.1041235571094D-02  -0.3424563368516D-02
   0.2293671679370D-02   0.1064263856753D-02   0.2874737847014D-02
  -0.1488127809702D-03  -0.3429328817768D-03  -0.3613415994389D-03
  -0.1405073112419D-03  -0.3368975357827D-03  -0.6715864000957D-03
  -0.3921867454306D-04   0.2436320150668D-03  -0.5341682001571D-03
  -0.7630773839236D-03   0.6640189572209D-03   0.4891283357034D-03
   0.1631139811448D-02   0.2743298854224D-02   0.9909238377662D-03
   0.3943003783428D-03  -0.8485557043382D-03  -0.1328383322941D-02
  -0.2504007804534D-03  -0.4512433597814D-02  -0.4400300090031D-02
  -0.1241043526800D-02   0.1631144629377D-02   0.2246802979116D-02
   0.1942335976147D-02   0.3550262827831D-02  -0.8992617129011D-03
  -0.1776357666920D-02  -0.4258424651327D-02   0.1192499901523D-01
   0.3293217214080D-04  -0.4455156402986D-03  -0.3077493533118D-02
   0.2918172304926D-03   0.6624348518867D-03  -0.6636259948837D-02
  -0.2795948685814D-02  -0.7157751898479D-03   0.9119007844727D-03
  -0.1030397073502D-03   0.2531576902714D-03   0.2085939825247D-03
   0.6773394261176D-03  -0.2294437594336D-03   0.2432970104991D-02
  -0.8537733352196D-03  -0.2737909966763D-03  -0.7748957763741D-03
   0.1241222417859D-02   0.1756537319240D-02   0.3276721131325D-02
   0.3217874410259D-03   0.8733036892589D-03  -0.1350197820806D-02
  -0.6760662933042D-04   0.1838433016297D-02   0.6682917659583D-03
  -0.9692319732890D-04  -0.9407603167828D-03  -0.1074774253481D-02
  -0.2646031975086D-03   0.1176717285042D-04   0.1879896914894D-03
   0.5407759860830D-03   0.9427972526335D-04  -0.2012681846950D-03
  -0.1521231778228D-03  -0.1450294886299D-02   0.3515288816537D-03
  -0.1359160138195D-03  -0.8631710988286D-03   0.1667019409705D-04
  -0.1678368391520D-03   0.4518095798878D-03  -0.3956173490380D-02
  -0.3267336699136D-03   0.1224950070839D-03   0.4481969229949D-04
  -0.5843790310277D-03   0.9478608974145D-03  -0.6182553271181D-03
  -0.4767630166551D-03   0.9620822503005D-04   0.5039378330676D-03
   0.5786847124990D-03  -0.4849835070588D-03  -0.6855957591178D-04
   0.4959307784361D-03   0.9729730419703D-03  -0.6540473809658D-04
  -0.1283716254482D-03   0.7987788167347D-03  -0.9579489990106D-03
  -0.7031297746546D-03   0.1450689485361D-03   0.8996538836852D-03
  -0.8274813833698D-03   0.5194714023552D-04  -0.8327452767012D-04
   0.1009552865789D-03  -0.1566519993923D-03   0.2815589752848D-03
  -0.2917134170410D-04   0.8142130581118D-03   0.4296738807629D-04
  -0.1450043342301D-03   0.7290465133619D-04   0.4514144965345D-04
  -0.2706328194986D-05   0.1354002271385D-03   0.1696959932475D-04
  -0.1474153618055D-03   0.5134282772762D-04  -0.2095427793429D-03
  -0.3059438151515D-03  -0.1141963392614D-03   0.1807903457328D-03
   0.7391663234499D-04   0.6741726210806D-04   0.7049161552290D-05
  -0.8562358670162D-04   0.4151361328934D-03   0.4862246591577D-04
  -0.6736392132863D-04  -0.2637146142350D-03  -0.7230277625368D-04
  -0.1764137016482D-05  -0.1009895843689D-03  -0.1163223463821D-05
  -0.8248690968854D-04   0.5333534930456D-04   0.6418626090340D-04
   0.1518797133422D-03   0.1178891396879D-03   0.1493119761005D-04
   0.2006025551615D-03   0.8522215795538D-04   0.4946261921009D-04
   0.7631290888578D-04  -0.6099807825243D-04  -0.9969358167764D-04
  -0.1484008431569D-03   0.7399106838481D-04  -0.2192249088811D-04
  -0.7807113837314D-04   0.3528666840571D-04   0.4305141109877D-04
  -0.3338317581495D-04  -0.5234526986372D-04   0.1751220228370D-03
  -0.1802895556050D-04  -0.1753005700235D-03  -0.2032914612702D-04
  -0.7174762340099D-04   0.1685076861340D-04  -0.3980977469388D-04
  -0.4176651534388D-05   0.2754380722445D-04  -0.9640255057498D-05
  -0.3687683053988D-03   0.5677083697437D-05  -0.3370517777199D-04
   0.6172575004920D-04   0.2253533899701D-03  -0.9043868097101D-04
  -0.2306683666254D-05  -0.1087498963862D-03   0.6031649576422D-04
   0.1419970962824D-04   0.6273322397278D-04  -0.9225163807294D-05
  -0.2221643523179D-04   0.3020075811914D-04   0.1770478087140D-04
  -0.1561011458025D-03  -0.4831097991643D-02  -0.1414149948864D-02
   0.5389067738438D-03   0.1596120919426D-02  -0.1386079261981D-02
  -0.1673879150821D-02   0.1726944842569D-02   0.4603328551672D-02
  -0.4320962870875D-03  -0.1550560632913D-02  -0.3602916069718D-02
   0.1286201511902D-03  -0.4180820243395D-03   0.9277962190001D-03
   0.6160195176679D-03  -0.1394269645910D-02   0.8558706843901D-03
   0.6923922123474D-04  -0.1033277018021D-02   0.5380726383199D-03
   0.2505472015286D-03  -0.2588465271322D-04   0.7929969959458D-03
   0.5787259599445D-03   0.1658525155281D-02   0.7966591188689D-03
  -0.3572357417581D-03   0.2645643333160D-04  -0.1751905924357D-04
  -0.8800615937182D-03   0.5235528121218D-03  -0.5680517786667D-03
  -0.3786447028833D-04   0.9077841174191D-03  -0.7096714161772D-03
  -0.1231009114149D-02   0.4430075459009D-03  -0.8556627457949D-03
   0.3107113674720D-03   0.3873379375425D-03  -0.4782303522424D-03
   0.1397720021305D-03   0.2390339459963D-03   0.2002277637064D-03
   0.4967333579748D-04   0.2875218749723D-03  -0.1506805449754D-03
   0.5599079454977D-03   0.1523054171305D-03  -0.5006789652082D-03
   0.2886525982386D-03   0.5760988669453D-04  -0.2754474588093D-03
  -0.7276294002636D-03   0.4665516762081D-03  -0.1703606891658D-03
   0.6126551602743D-05   0.4479557444018D-04   0.9015922368495D-04
   0.2921933405006D-04  -0.2007971494570D-04   0.3325829175336D-04
   0.1769046739676D-04   0.1104021529232D-03  -0.5017814330606D-04
  -0.1823517024814D-03   0.5013869693131D-04   0.1279006108984D-03
   0.9216048980678D-05  -0.1750043078640D-04  -0.1756908827576D-04
  -0.1187072242617D-04  -0.4567488057924D-04  -0.3490759430624D-04
   0.1069244565878D-03  -0.1188725345889D-04   0.4961781343726D-04
  -0.9542487547867D-05  -0.7279677628554D-04  -0.2702601706128D-03
  -0.1534973997747D-04   0.6250214010841D-04  -0.1013837696180D-03
   0.1130388401844D-03   0.3288599022242D-04   0.1433956034454D-03
   0.5003836798437D-04  -0.6120557976592D-04  -0.4955242960951D-04
  -0.1140081151572D-04  -0.2374094970701D-04  -0.2433339284669D-04
   0.3321582779431D-04  -0.6298210409380D-04  -0.2973293410060D-04
   0.6763650896691D-04   0.4310494412075D-04   0.1002010623505D-03
  -0.1760559666589D-03   0.1328805861267D-05  -0.2396882496222D-04
   0.1486818406402D-03   0.2046119672871D-04  -0.1548185660168D-03
  -0.1757647124460D-03   0.1879157512757D-03   0.1522121677987D-03
  -0.9999040033338D-04  -0.6924618221786D-05   0.1942658282938D-04
  -0.4189310988127D-04   0.1119008899992D-03  -0.3877738977445D-04
  -0.4713385575296D-04   0.1046707810179D-03  -0.1458890719989D-03
  -0.5776370214260D-05   0.7101650677387D-04   0.1449328726181D-03
  -0.8924042058609D-04  -0.4075564952127D-04  -0.1572587702840D-03
  -0.9962011283589D-05  -0.7557335725532D-04  -0.1396321014396D-04
   0.6068365457315D-05   0.9347784546230D-04  -0.8516037139967D-04
   0.4222022412835D-04   0.1059029312757D-03   0.1856060517587D-03
  -0.5797057386316D-05   0.4568706148038D-04   0.4144066579745D-04
   0.7207827228209D-04   0.1236773414035D-03   0.2945115622959D-04
  -0.1012329596205D-03  -0.6024491004064D-04   0.4894643947373D-04
  -0.8214184112791D-04   0.1993322523505D-04   0.5929515995229D-04
  -0.7783212190232D-04  -0.6530511175289D-05   0.8884829109302D-04
   0.4347993950114D-04  -0.1143583611125D-03   0.5867624418447D-04
  -0.7584510095025D-04   0.1198442875188D-03   0.9481959589518D-04
   0.1374068221532D-04   0.7910672453389D-04   0.2184784464660D-03
  -0.1315624527585D-03  -0.1599747949372D-03   0.1756770181547D-03
   0.1661945237414D-03  -0.6482781256471D-03   0.4503939313184D-03
   0.2372586010401D-03   0.3795933565808D-03   0.7417007830444D-04
  -0.1971013096299D-03   0.1694160685021D-03   0.6167226034722D-04
   0.5534637744699D-04  -0.6855049802143D-04   0.1069900495063D-03
  -0.5935929184286D-04   0.1070866937619D-03  -0.6633793719520D-05
  -0.5058623201418D-03   0.1478336320783D-03   0.1193974062975D-03
  -0.1150419598142D-03   0.2196815971277D-03   0.3644023361360D-03
   0.9618565965305D-04   0.6292040876088D-05   0.7994380917891D-04
  -0.7891348780114D-04   0.2031679906962D-04   0.2312764480508D-05
   0.1742910705013D-04  -0.5389039430332D-05   0.4160017071695D-05
  -0.3120310434089D-03  -0.1214006738664D-03   0.3222177693605D-03
   0.1766915259359D-03   0.1066903525029D-03  -0.2077586525128D-03
   0.5454968323262D-04   0.3534205839748D-04  -0.2693179088876D-04
  -0.6665909225605D-06   0.5080775957147D-05  -0.7249839718220D-05
   0.5240237438631D-04   0.7633862656742D-04   0.6482684845525D-04
  -0.5030960189941D-05   0.1797727727653D-04  -0.1573109453082D-04
   0.9415432215072D-05  -0.6425655443913D-04   0.6101614894595D-04
  -0.9409722178351D-05  -0.1283656428592D-03  -0.9077688552005D-04
   0.4404256334011D-04  -0.5099206366198D-06  -0.9608168175259D-04
  -0.2039184440025D-05  -0.1977259403802D-04  -0.3343903381494D-04
  -0.3156818423381D-04  -0.1158469785135D-04  -0.9697855228311D-04
   0.5090533203935D-04   0.9369155511358D-05   0.1405453453317D-03
   0.4406837666722D-04   0.1677376020155D-03   0.9685373591780D-04
   0.3554979380394D-04   0.1607114091433D-03   0.4400390591434D-04
  -0.2487964084508D-04   0.1336686318461D-03   0.5517241214311D-04
  -0.9415711392999D-05   0.2529554706188D-04  -0.3555451518425D-04
  -0.5472803217631D-05   0.1401548023553D-04  -0.7895017385574D-04
   0.8325648965052D-04   0.5941127148994D-04   0.1078295219252D-03
  -0.1760283268899D-04  -0.3358008019301D-04   0.5618670735926D-04
   0.6253089762730D-04   0.7563646027763D-04   0.1231323378979D-04
   0.3042986700936D-04  -0.9768661745889D-04   0.1665209280428D-03
  -0.2010485392220D-05   0.2877093703386D-04  -0.6518236460144D-04
   0.1285588354388D-04  -0.9630314344521D-05  -0.1518003188634D-04
  -0.4869640068243D-04   0.3582791564168D-04   0.5339344824050D-06
   0.2126476885649D-04  -0.7339398470694D-04   0.1028587380991D-03
   0.5274026607290D-04  -0.4053315720034D-04  -0.1719344261993D-04
  -0.6692109904833D-04  -0.1958550187102D-06   0.6616735528319D-05
   0.1749028448497D-03   0.3569449568446D-04  -0.7540632411248D-04
   0.3331594151180D-04   0.4023160395730D-04   0.2679102611239D-04
  -0.8761878171717D-04   0.1320532711897D-03  -0.5756779657871D-04
  -0.3958375022411D-04   0.6689462766065D-04   0.6691267402228D-04
   0.1374550927610D-04  -0.1945373462966D-03   0.1557719988827D-03
   0.7691861614668D-04   0.3415864569695D-04   0.6540124271848D-04
   0.7987883320789D-04  -0.6736600993845D-04  -0.5875348007163D-04
   0.1037807987292D-03  -0.1110429772152D-03   0.1361053114338D-03
   0.1074509192354D-03   0.3804080234974D-04   0.1487676402212D-04
   0.1485932470757D-05   0.6398976468037D-04   0.2869246713762D-04
  -0.2543381609522D-03   0.1688579753962D-03   0.1436050391174D-03
   0.1622863163856D-03   0.8523654959428D-04   0.2508907989592D-03
   0.3846622516394D-04   0.7439944175822D-04   0.7587738811264D-04
  -0.7047966709608D-04  -0.2058719750881D-05   0.1435046123988D-04
   0.1524848013308D-03   0.1418747640798D-03   0.5698806763012D-04
  -0.4078728831071D-04   0.4431197925040D-04  -0.4825089159941D-04
  -0.1863640559223D-05  -0.9960366491948D-04   0.5607753728720D-04
  -0.1281423743020D-05  -0.7328606437839D-04  -0.1441095202474D-03
  -0.2024058694871D-03   0.2052411147711D-03   0.1474107396758D-03
  -0.2372287904216D-04  -0.5963375321215D-04   0.1893799721875D-03
   0.1799951064465D-03   0.5069815709946D-04  -0.5163339863486D-04
   0.1724970988610D-02  -0.3517304943438D-02  -0.6387960232826D-03
  -0.8152074274381D-03   0.9691182132912D-03   0.2144615828234D-02
   0.3117535273362D-02   0.2248341660815D-02  -0.5001812841779D-02
  -0.6218835094965D-03  -0.1974698741119D-02   0.3108926695922D-02
   0.9454982189777D-03  -0.1533445326528D-03   0.2499315494623D-03
   0.6992301891804D-03  -0.7511534551945D-03  -0.2782288612601D-03
   0.5499545627406D-03  -0.7777524355371D-03  -0.5598717491757D-03
   0.3891813563427D-02  -0.6542043654587D-03   0.3197781090789D-03
  -0.5017297231941D-02  -0.4134820669547D-03   0.9665047112160D-03
   0.3420271709746D-02   0.2053627067431D-03  -0.1415781209770D-02
   0.2551810069870D-02   0.9367212006270D-03  -0.5406930685282D-03
  -0.1362155698757D-02   0.1305641329938D-02  -0.7891700999976D-03
  -0.1669613218147D-02   0.1667342079777D-04  -0.6893819849260D-03
  -0.5858895831163D-04  -0.4370350323646D-03  -0.4845111407030D-03
  -0.2246807433905D-03   0.1298421407884D-02  -0.7421999114887D-03
  -0.2656800230446D-03   0.7526598045048D-03   0.6046564557680D-03
  -0.1096454626684D-02   0.1750938921275D-03   0.7408574348450D-04
  -0.2831201722063D-03  -0.8129083957991D-03  -0.5043558544215D-03
  -0.7759831554774D-03   0.7861139961733D-03  -0.3510787612995D-03
  -0.4899496130631D-03   0.3923433251654D-03   0.9147305987103D-04
  -0.2845036881679D-02  -0.2248616838195D-02   0.1645183205124D-02
  -0.7339331009370D-03   0.2651011054819D-03  -0.8405212460416D-03
  -0.3889418472901D-03  -0.5915277608083D-03  -0.1627843261874D-02
  -0.5993557705530D-03  -0.1142738261473D-03  -0.2690847870070D-03
   0.1373642529339D-02   0.1059927024908D-02   0.3618887467870D-02
  -0.8464702269847D-03   0.1658981080328D-02  -0.5020599347253D-03
   0.2148660555025D-03  -0.5983203414655D-02  -0.2761047729303D-02
   0.9364183561059D-03   0.3499826808348D-02   0.2474987337241D-02
  -0.3059040019333D-03   0.6515467495265D-03   0.7805586489943D-03
   0.6119209395233D-03  -0.5666192260984D-03   0.1283533603886D-02
  -0.2754456289688D-04   0.3635910613467D-02  -0.3725151323257D-03
   0.8336964994916D-03   0.2471280850480D-02  -0.1063738211788D-02
  -0.8037206048039D-03   0.2239532208275D-02  -0.7660270508994D-03
   0.7875617283474D-03  -0.1797387008616D-02  -0.4166610814626D-04
   0.1925924262522D-03  -0.6710076060469D-03  -0.3310671830003D-03
  -0.7829889865712D-03  -0.3645580152046D-03  -0.5006699917420D-04
  -0.4644408676703D-03   0.6689561916247D-04  -0.5530761409386D-03
  -0.5312209919509D-03  -0.1933803183545D-02   0.1068580200072D-02
   0.4170232435054D-03  -0.5249659238625D-03   0.6785064435600D-03
   0.2906689727306D-03  -0.8995651339630D-03  -0.1527757945579D-02
   0.4709017753588D-03  -0.1413583625582D-02   0.5671207800228D-03
  -0.2647524817747D-03  -0.4905947963117D-03   0.2536845296729D-03
  -0.5065569255355D-03  -0.8738776901845D-05   0.2959773213450D-03
  -0.3727282733016D-02   0.2040039964579D-02   0.1607922430004D-02
   0.3791763442000D-03  -0.1049092072593D-02   0.2252240373746D-02
   0.1376364633726D-02   0.2524858539752D-02  -0.8608222999347D-02
  -0.1610685806411D-02  -0.3933569988477D-03   0.4087802753147D-02
  -0.6878582211439D-03   0.1280861866527D-02   0.2389683617770D-03
   0.2843989355257D-02   0.3550653897889D-03   0.1569133336447D-02
  -0.9166480526320D-03  -0.1154070878925D-02  -0.1665893221638D-02
  -0.1516198316312D-02   0.7336599726141D-03  -0.1076577475488D-02
   0.1628042915796D-02  -0.7282145126708D-03  -0.9186847925441D-03
  -0.1764086942376D-03  -0.1040707326899D-02  -0.3117271562723D-03
  -0.1340863576483D-03   0.1682466295357D-03   0.1303672303454D-05
   0.6666071197669D-03  -0.2942335261941D-03  -0.1632968581160D-03
   0.2092779089156D-04  -0.6528485897409D-03   0.5090448247514D-03
   0.6036571348650D-03   0.3255977526888D-03   0.3666150476120D-03
   0.2009264085605D-02  -0.1996691882159D-02   0.2691600170071D-02
   0.1762852151289D-02   0.6160673554802D-02  -0.1355418574087D-02
  -0.2905285004433D-01  -0.4134857350450D-01  -0.8371073992439D-01
  -0.5986943344338D-02  -0.2862877246533D-02   0.2355372662306D-01
   0.3052191560644D-02  -0.1122905213416D-02   0.7702741338703D-03
   0.2007365666053D-02   0.1250735345257D-02   0.4666433810268D-02
  -0.4628721630660D-02   0.2257327481708D-03  -0.9903861408795D-02
  -0.1523381955313D-02  -0.1957963400917D-02   0.3350516567055D-02
   0.4693323547477D-02  -0.1434160105453D-02   0.1454006772486D-02
   0.7633677292907D-03   0.7861024917003D-03  -0.4844350495060D-03
   0.9854158058792D-03  -0.6751361602697D-03  -0.6994208054413D-03
  -0.7297832610213D-03   0.5782359219089D-03  -0.1151974884028D-03
  -0.1212432669444D-02   0.1898182269239D-02   0.2984711759942D-03
  -0.4234396450193D-03  -0.3798980380010D-03  -0.3362361485143D-03
  -0.5053184602292D-03   0.6903493894112D-04  -0.3745370954858D-03
  -0.4236397012271D-01  -0.1068700715474D+00  -0.2132436656267D-01
   0.9697721435445D-03  -0.3569148620067D-02  -0.8668961221927D-02
   0.5502802885991D-02  -0.3819488552958D-02  -0.1218545789173D-01
   0.7340116426061D-03   0.5248670251628D-03   0.4288447347634D-02
   0.3614769530271D-02  -0.5210217800330D-02   0.5696169047900D-02
   0.1601681969536D-02  -0.8978286999678D-03  -0.2520139469898D-02
   0.6591526647293D-04  -0.5895278756625D-03  -0.1484457203734D-02
   0.5234215932121D-03  -0.2641782219774D-03  -0.3913494874348D-03
  -0.1677059093223D-02  -0.1205776267983D-01   0.4178676157106D-02
   0.1329238938231D-02  -0.1846188486164D-02   0.1082111364720D-02
   0.1381299125441D-02   0.5201169280148D-03   0.1620105246518D-02
  -0.1518295500062D-02  -0.1728836900948D-02   0.1038885209362D-02
  -0.3240611815112D-03  -0.3075512525016D-03   0.2447380445534D-03
  -0.3379310359834D-04   0.6821243685251D-03   0.1076143375675D-02
   0.5970374635112D-03   0.1413798746868D-03   0.1687048317780D-02
  -0.5968772596009D-04   0.5888551503400D-03   0.1110494181270D-02
   0.7842351557523D-04  -0.5379419777715D-04   0.4580857376118D-04
   0.1286301446650D-03   0.1750359444944D-03   0.4858097172545D-03
  -0.5176448394866D-03  -0.6158969604087D-03   0.2709222990182D-03
  -0.8343505330949D-03   0.6241234417812D-02   0.5685074281176D-02
  -0.2022108287672D-02  -0.4076662649802D-03   0.8944029347319D-03
   0.2036365576465D-02   0.4646072888263D-02   0.5883993187741D-02
  -0.1499680123574D-03  -0.1455496066593D-02  -0.3947969984603D-02
   0.5773135651976D-04   0.1587779293094D-02  -0.1187739630591D-02
  -0.6722691520660D-03  -0.8045867926724D-03  -0.2582528111968D-03
  -0.1235672927212D-02  -0.5671919552861D-03  -0.6932531983747D-05
   0.6660335208250D-03  -0.2284393899214D-03   0.3697410569240D-03
  -0.2763835685162D-02  -0.6398741440813D-02  -0.9016150914296D-03
   0.9344457534359D-03   0.5863263445216D-03  -0.5696660185380D-04
  -0.3946715470037D-03  -0.9175900827411D-04  -0.1060871935419D-02
   0.4942578670021D-03  -0.1382521723075D-02   0.1029719381208D-02
   0.6573755897440D-04   0.4048650543273D-03  -0.7018116575922D-04
  -0.6645696967579D-03   0.2950902946658D-03  -0.7812192904526D-03
   0.8694593794082D-03  -0.1413992097009D-02  -0.6684312291565D-04
  -0.2623301667581D-03   0.5711805811490D-03   0.5923745894887D-03
   0.5055462645956D-03   0.4959430958951D-04  -0.1801677545114D-02
   0.2878422806151D-03  -0.5436272114027D-03   0.1029146941037D-02
  -0.4838911910330D-04  -0.7471971868803D-04   0.8518487408655D-04
   0.2198772484522D-03   0.1211503652961D-03   0.8697196377620D-03
   0.1113381085778D-02   0.3380214641282D-03   0.1093534549160D-02
  -0.4300535728538D-03   0.7650996329612D-03   0.8594215495668D-03
  -0.7996201786990D-03   0.8799191443230D-03  -0.2351547247422D-03
  -0.7564996670605D-03  -0.3965388031182D-03  -0.4303901129255D-03
   0.2840526764196D-03  -0.7004897325917D-03  -0.1679143655515D-02
  -0.1933102734201D-03   0.2730975122775D-03  -0.5150315333556D-03
   0.3485169477134D-03  -0.4034589091765D-04   0.2361224525053D-03
   0.2392047998607D-03  -0.3099455487238D-03  -0.2619844393140D-03
  -0.4487857175488D-03  -0.5352499959272D-03  -0.1529248637825D-03
  -0.8272084424492D-03  -0.2711902506860D-03  -0.6825909778567D-03
  -0.9762653635742D-03  -0.1265277636940D-02  -0.8389573756741D-03
  -0.1442701039828D-02   0.5422706014856D-02   0.7276566759614D-02
   0.7062362918559D-01   0.3933556209457D-01  -0.3832420191616D-01
  -0.2582536692841D-02  -0.1340695942996D-01  -0.5164601134535D-02
  -0.3430237894596D-02   0.9512593921009D-03  -0.1421381999920D-03
   0.5387614343732D-03  -0.1958082555335D-03   0.1096804026862D-02
   0.5800470126120D-03   0.2163059751061D-02  -0.2442755869666D-02
   0.2576757184613D-03  -0.2355050682272D-02   0.1435437513778D-02
  -0.8585925541261D-03  -0.8009086696221D-03   0.1085766832570D-03
   0.6281245437721D-03   0.9503629564929D-03   0.1962196683268D-03
  -0.1131446229992D-02   0.1303937095799D-03   0.1179191496836D-02
   0.8886510302897D-03   0.6667315819162D-03  -0.2956638426173D-03
   0.6214351533651D-03  -0.1258090612460D-02   0.7122427058748D-03
  -0.7602253727065D-04  -0.2596971581469D-03   0.2623305331571D-03
  -0.3347355857166D-03   0.2364345452536D-03  -0.5768409993093D-04
  -0.3807587308463D-05  -0.3649645655488D-03  -0.4003131162802D-04
  -0.1095515729394D-03   0.2427263867279D-03   0.2631813735029D-04
  -0.1215230480749D+00   0.3138283710686D-01  -0.1275032948307D-01
  -0.9579433185544D-02   0.8184750801561D-02  -0.3737055966288D-02
   0.3517202290575D-01  -0.6545201208647D-01   0.5947499315692D-01
   0.7513239898372D-02   0.7743178311123D-02  -0.1492842346610D-01
  -0.9125573462660D-03  -0.6618943596328D-02   0.6409990935156D-02
  -0.6647682918446D-02   0.5352087624533D-02  -0.5767668952553D-02
   0.2398926348473D-02  -0.5365043120104D-02   0.7248482318279D-03
   0.9365651527919D-03  -0.7593963851086D-03   0.1337348188963D-02
  -0.1391755915002D-01  -0.6379580376668D-02  -0.1948121637164D-02
  -0.1288286637663D-02  -0.8598117235709D-03   0.8242628540731D-04
  -0.1505343705373D-02  -0.2833635440752D-02  -0.1836508380803D-02
   0.7081993747383D-03   0.3340351214355D-03   0.1801114016094D-03
   0.1198881516637D+00  -0.5003367102900D-01   0.4781475932026D-01
   0.7525106620441D-01   0.7763334987316D-02  -0.1850495510101D-02
   0.4028302873164D-01  -0.1277777890006D+00   0.3241252235788D-01
   0.4025475027154D-01   0.6276903056765D-01  -0.1551262856219D-01
   0.1231676917057D+00   0.2540892737458D-01   0.5856983406602D-01
   0.2801606447601D-01   0.3905606670251D-01   0.6092289905256D-01
   0.3294978182035D-01   0.1327918057949D+00   0.1969259656456D-01
  -0.6232293293249D-01  -0.3031965783239D-01   0.3464841452771D-01
   0.1376296568149D+00  -0.1605410142459D-01   0.2058969792561D-01
  -0.2808549152087D-01   0.5086575299551D-01  -0.4715645520855D-01
$end                                                                            
