   -0.14848133
   -0.03645826
    0.26403306
   -0.45254844
   -0.09141351
   -0.03438594
   -0.20434336
   -0.06987309
    0.31332763
    0.30087238
    0.29384444
    0.16331564
    0.09927473
    0.10393001
    0.07324400
    0.06585846
    0.06888258
    0.06682822
    0.04819783
   -0.16410273
    0.00748431
    0.27867623
   -0.45491535
   -0.13639833
    0.23540603
    0.10269386
    0.06199503
    0.08080888
    0.06241470
   -0.19337276
    0.01964526
    0.27622769
   -0.47111086
   -0.11586951
    0.29203579
   -0.46625564
   -0.27043450
    0.21691909
    0.06609438
    0.07865641
    0.10287470
    0.19609320
    0.21138308
   -0.17646657
    0.00198161
    0.26917627
   -0.49175001
   -0.10221174
   -0.07782311
   -0.09878027
   -0.05389614
   -0.14479382
    0.22474736
    0.08905788
    0.08938964
    0.09107546
    0.07759712
    0.04894606
    0.06765816
    0.08677988
    0.12418750
    0.11159386
    0.30152791
    0.28319298
    0.30312279
   -0.18231446
    0.02104896
    0.28182555
   -0.50095283
   -0.13943314
    0.24043300
    0.07294636
    0.05774152
    0.08278000
    0.07529534
   -0.18227044
    0.01865949
    0.27583622
   -0.47248321
   -0.02432723
   -0.12447585
   -0.12272790
    0.22314525
    0.07593327
    0.05884863
    0.04702922
    0.05258836
    0.04524051
    0.05541559
    0.04959363
    0.04461348
   -0.16947849
    0.04131497
    0.21162126
   -0.39233890
   -0.11404737
    0.29257974
   -0.48553123
   -0.29216671
    0.24078384
    0.06968617
    0.09381990
    0.10199826
    0.23199640
    0.22778357
   -0.40296359
    0.04194150
    0.27332315
   -0.52539283
   -0.07286702
    0.00950978
   -0.03864413
   -0.04185896
   -0.03395794
   -0.03371839
   -0.03687331
    0.18268240
    0.02009175
    0.05779474
    0.05791440
    0.03100887
    0.03603502
    0.03091662
    0.03521257
    0.02916651
   -0.17816491
    0.02850327
    0.21123882
   -0.38145206
   -0.02241968
   -0.06280311
   -0.11268941
   -0.10764441
    0.24272028
    0.06930136
    0.06679990
    0.04105820
    0.04571784
    0.05552244
    0.02856927
    0.04993054
    0.04745290
    0.03922864
    0.04204147
   -0.39802406
    0.02820845
    0.27994427
   -0.48287194
   -0.02089759
   -0.10185560
   -0.11638716
    0.17143531
    0.03166166
    0.04533640
    0.04777572
    0.04434828
    0.02194324
    0.05400738
    0.02863337
    0.03549512
   -0.21144415
    0.05363907
    0.28461609
   -0.49004041
   -0.09578269
    0.37254411
   -0.61779171
   -0.61618713
    0.22334020
    0.01121945
    0.03404662
    0.02929521
   -0.16549537
    0.02775193
    0.26674104
   -0.48950752
   -0.06997451
   -0.08255976
   -0.01696948
   -0.14938356
    0.23046781
   -0.26409445
   -0.25907654
    0.19772890
    0.06129942
    0.05052766
    0.04807209
    0.08557978
    0.06031784
    0.08658823
    0.07370010
    0.24038245
    0.23162647
    0.25751555
    0.23859270
    0.26128869
   -0.16786677
    0.02892771
    0.19500456
   -0.37358699
   -0.13303424
    0.21122924
    0.10183533
    0.08709343
    0.08805305
    0.05604777
   -0.39994984
    0.03767340
    0.25353952
   -0.51795945
   -0.10785143
    0.28887453
   -0.48001944
   -0.28922112
    0.16295742
    0.06609958
    0.05502185
    0.06928138
    0.24289737
    0.22528671
   -0.10433896
    0.02271507
    0.27396088
   -0.48218617
   -0.06633722
   -0.07059907
   -0.01978097
    0.08057052
    0.05916589
    0.07519929
    0.07983376
    0.06307967
    0.08319861
    0.08742114
   -0.15908424
   -0.03123499
    0.28244737
   -0.47655064
    0.20621385
    0.10316975
    0.08749033
   -0.21293523
    0.04972877
    0.26469812
   -0.49916277
   -0.09651921
    0.37121150
   -0.62648840
   -0.62684590
    0.22581703
    0.03482187
    0.03769099
    0.05091884
   -0.17454323
    0.00798677
    0.27241248
   -0.48049524
   -0.01965827
   -0.12528434
   -0.11497821
    0.22013526
    0.08649736
    0.04685271
    0.06673269
    0.04330428
    0.06210078
    0.06713439
    0.05032794
    0.01981343
   -0.18226205
    0.02801740
    0.27329050
   -0.46190852
   -0.07086427
    0.01288316
   -0.03328579
   -0.04426656
   -0.02905353
   -0.03376686
   -0.03401908
    0.23535991
    0.06246882
    0.05650766
    0.05383327
    0.01735087
    0.04335932
    0.03138673
    0.05467163
    0.05117177
   -0.18534142
    0.02103232
    0.26918593
   -0.46697286
   -0.06659502
   -0.10279239
    0.28722145
   -0.50633664
   -0.28035679
    0.20263482
    0.08176410
    0.05145665
    0.05075956
    0.07847108
    0.06512336
    0.23344159
    0.24175237
   -0.20303700
    0.03410484
    0.27438384
   -0.47139104
   -0.10167544
    0.37388582
   -0.61623116
   -0.63391569
    0.21005787
    0.08449508
    0.02942964
    0.02369882
   -0.16878113
    0.01656669
    0.27021748
   -0.48662606
    0.12062971
   -0.49445772
   -0.13890817
    0.19375780
    0.08247607
    0.02370679
    0.34586809
    0.06749025
    0.05236742
    0.07296855
   -0.16650250
    0.01226251
    0.26716957
   -0.45078211
   -0.01938917
   -0.11858415
   -0.10816282
    0.22041994
    0.06172862
    0.06828937
    0.06601668
    0.04698522
    0.03698194
    0.05958973
    0.01297655
    0.04489219
   -0.16910011
    0.00093132
    0.26276621
   -0.48669368
    0.11986854
   -0.48594642
   -0.13064835
    0.21021573
    0.08272582
    0.03256807
    0.33353586
    0.06812617
    0.06419344
    0.05208295
   -0.15914589
    0.01987934
    0.20321342
   -0.35099483
   -0.01911270
   -0.12798401
   -0.11602694
    0.22821176
    0.08995155
    0.06808330
    0.06778657
    0.05650963
    0.04706901
    0.05786152
    0.04322388
    0.04747836
   -0.39604035
    0.04700495
    0.20588857
   -0.39341318
   -0.07417764
   -0.00952034
   -0.11145506
   -0.11575114
    0.17700308
    0.03220280
    0.04816320
    0.06579639
    0.01803766
    0.04349782
    0.02908285
    0.03997081
    0.04551622
    0.04712705
    0.04173755
   -0.38931177
    0.03651692
    0.20551556
   -0.36151185
   -0.08137207
   -0.01682313
   -0.10915529
   -0.11544129
    0.15897594
    0.05936338
    0.04534667
    0.05662733
    0.04358327
    0.03645671
    0.04308496
    0.02558796
    0.03279606
    0.03567795
    0.04141674
    0.07808264
    0.17647552
    0.07117577
    0.18704378
    0.08906963
    0.18162060
    0.07920042
    0.17421634
    0.07160875
    0.19102504
    0.06265238
