           2           1   1.02889840290883     
           3           2  0.945355086309171     
           4           3   1.60415435415179     
           5           2  0.939583458411790     
           6           5   1.00075676107351     
           7           5   1.00356200230854     
           8           1  0.945175930887234     
           9           2  0.952450681254092     
          10           5  0.963080889882360     
          11           6  0.815968389766500     
          12           7  0.974521704574914     
          13           7  0.985360302704332     
          14           7  0.983586170862192     
          15           3   1.31514164375438     
          16          15  0.970722201281853     
          17          16  0.979555799583336     
          18          17   1.84542917358629     
          19          16  0.953077691644134     
          20          19   1.00414499753654     
          21          20   1.41093243798493     
          22          20   1.41597304124345     
          23          21   1.44446223567214     
          24          22   1.44160712103843     
          25          23   1.43643583205900     
          25          24   1.43913076200143     
          26          15  0.908212404374915     
          27          16  0.946995391966788     
          28          19  0.959535770516519     
          29          19  0.968994453283983     
          30          21  0.967482038983144     
          31          22  0.967776586989524     
          32          23  0.965170352235444     
          33          24  0.969376829140649     
          34          25  0.969384474584364     
          36          35   1.01824179612220     
          37          36  0.937402069910181     
          38          37   1.61465913961181     
          39          36  0.961659471852866     
          40          39   1.00281742253770     
          41          35  0.945672198055857     
          42          36  0.963759824376878     
          43          39  0.972170557202101     
          44          39  0.964451877496291     
          45          40  0.821817587037294     
          46          37   1.32374813144519     
          47          46  0.988538760522781     
          48          47  0.986187445507139     
          49          48   1.86503031663518     
          50          47  0.982312297464619     
          51          46  0.879500817112976     
          52          47  0.910762193412117     
          53          50  0.976709639198140     
          54          50  0.975264864342021     
          55          50  0.981965499415597     
          57          56   1.02962724011303     
          58          57  0.951359032882855     
          59          58   1.61179012265697     
          60          56  0.951170625833342     
          61          57  0.964325218544683     
          62          57  0.956668978298502     
          63          58   1.31594504941988     
          64          63  0.991444441551218     
          65          64  0.981890283595775     
          66          65   1.88634608918860     
          67          64  0.958410134281809     
          68          67  0.991038017157510     
          69          68   1.00573897172449     
          70          68   1.01119614497804     
          71          63  0.883411324746545     
          72          64  0.919440718882868     
          73          67  0.970856614062834     
          74          67  0.970012774601998     
          75          68  0.965979354159000     
          76          69  0.984500309796979     
          77          69  0.984960996508600     
          78          69  0.985854909702565     
          79          70  0.966026418032610     
          80          70  0.984729793425057     
          81          70  0.980329878714202     
          83          82   1.01775838210083     
          84          83  0.982450552509012     
          85          84   1.89291134091984     
          86          83  0.937071986830154     
          87          86  0.994491759095991     
          88          86   1.00836546410057     
          89          87   1.01718153811221     
          90          82  0.956328271134742     
          91          83  0.958681120996121     
          92          86  0.965589020184880     
          93          87  0.973025824585828     
          94          87  0.967870974861005     
          95          88  0.979012587361094     
          96          88  0.983353562841046     
          97          88  0.981952440709670     
          98          89  0.980938019426559     
          99          89  0.986266955566364     
         100          89  0.982666589722258     
         102         101   1.01841056760268     
         103         102  0.978636395055123     
         104         103   1.89399246276213     
         105         102  0.955571376115077     
         106         105  0.991194828068639     
         107         106   1.00991589153693     
         108         106   1.00690602387527     
         109         101  0.956748084419238     
         110         102  0.955007938783306     
         111         105  0.971065244496259     
         112         105  0.970924422937840     
         113         106  0.967963745935918     
         114         107  0.983587315527378     
         115         107  0.974821787106676     
         116         107  0.985792959865223     
         117         108  0.980367708765222     
         118         108  0.985953180830926     
         119         108  0.984253212497276     
         121         120   1.02480563576987     
         122         121  0.938297693364644     
         123         122   1.65006826054241     
         124         121  0.972559266184205     
         125         124   1.00397723601849     
         126         125   1.00625733828432     
         127         126   1.01097250251758     
         128         127  0.967487812144390     
         129         120  0.954969592294307     
         130         121  0.956379178476757     
         131         124  0.971658060155596     
         132         124  0.974430061160650     
         133         125  0.974689780837469     
         134         125  0.973543792956615     
         135         126  0.969140276145825     
         136         126  0.965166863329251     
         137         127  0.968757585106944     
         138         127  0.970124700191213     
         139         128  0.916175370692228     
         140         128  0.697768204726931     
         141         128  0.917788511244715     
         142         122   1.27578205994128     
         143         142  0.992109057820604     
         144         143  0.941069930656515     
         145         144   1.61130368519806     
         146         143  0.944467256857454     
         147         146   1.01045504602218     
         148         147   1.39686056544035     
         149         147   1.41449609265298     
         150         148   1.46350917385640     
         151         149   1.44416820427015     
         152         150   1.36288631945950     
         152         151   1.37698131721473     
         153         152   1.06667980005840     
         154         142  0.925038510497411     
         155         143  0.954956393338504     
         156         146  0.955201624128579     
         157         146  0.969480192159730     
         158         148  0.967965873564896     
         159         149  0.965967327558297     
         160         150  0.968168796071846     
         161         151  0.965205224163926     
         162         153  0.861003189813501     
         163         144   1.30311640348940     
         164         163  0.985511375864621     
         165         164  0.936835200705633     
         166         165   1.63676034009526     
         167         164  0.947967292075970     
         168         167   1.01079630910026     
         169         168   1.40741255728231     
         170         168   1.40114578446344     
         171         169   1.45406367555197     
         172         170   1.46032545140542     
         173         171   1.36726434096905     
         173         172   1.36429348820503     
         174         173   1.08002179407096     
         175         163  0.922531999818914     
         176         164  0.945546638736485     
         177         167  0.971437021440166     
         178         167  0.967408963142451     
         179         169  0.968592392005081     
         180         170  0.967143351366316     
         181         171  0.968051809503748     
         182         172  0.961098663937388     
         183         174  0.823864802529361     
         184         165   1.30584595265234     
         185         184  0.981062940553832     
         186         185  0.978768423408936     
         187         186   1.90568569236932     
         188         185  0.961399839367683     
         189         184  0.898739227021357     
         190         185  0.951832140166748     
         191         188  0.970591162446079     
         192         188  0.976451769856886     
         193         188  0.982444217781484     
         195         194   1.03141712895313     
         196         195  0.949781567131949     
         197         196   1.63198286551091     
         198         195  0.942525563958502     
         199         198   1.01013134580728     
         200         199   1.40795934244453     
         201         199   1.40077825691242     
         202         200   1.45099528788708     
         203         201   1.45888357918738     
         204         202   1.37080139259312     
         204         203   1.36653186962604     
         205         204   1.06807065970792     
         206         194  0.935997434414646     
         207         195  0.953236120380469     
         208         198  0.974083585262236     
         209         198  0.965378401489178     
         210         200  0.967758319818475     
         211         201  0.961869292153998     
         212         202  0.968008720743230     
         213         203  0.963999003751367     
         214         205  0.866707864222100     
         215         196   1.27875599171448     
         216         215  0.981298998170380     
         217         216  0.936089870776376     
         218         217   1.59397794052901     
         219         216  0.975272081477257     
         220         219   1.00485980963326     
         221         220  0.938587698030728     
         222         221   1.42267822058718     
         223         221   1.53354055299295     
         224         215  0.928366569856095     
         225         216  0.949254408048346     
         226         219  0.964426254253627     
         227         219  0.974770017066118     
         228         220  0.978555737937307     
         229         220  0.953759441930107     
         230         217   1.33332397477504     
         231         230  0.985390286835429     
         232         231  0.942701726419197     
         233         232   1.63023456633913     
         234         231  0.946577007936441     
         235         234   1.00741542585478     
         236         234   1.01103600055092     
         237         230  0.890852945939243     
         238         231  0.943395461908711     
         239         234  0.961983149088559     
         240         235  0.981320568783398     
         241         235  0.979895834297757     
         242         235  0.984758867379187     
         243         236  0.980753626691919     
         244         236  0.984574274354286     
         245         236  0.983252414302154     
         246         232   1.29992427286237     
         247         246  0.999150135675018     
         248         247  0.926986049515307     
         249         248   1.63345200085531     
         250         247  0.970085177578319     
         251         250  0.995885382138134     
         252         246  0.877916895557260     
         253         247  0.948862188344849     
         254         250  0.969443242868983     
         255         250  0.964775246736461     
         256         251  0.865201220154936     
         257         248   1.30390583111200     
         258         257  0.976103299992221     
         259         258  0.977490033865502     
         260         259   1.89753876764698     
         261         258  0.934651456599252     
         262         261   1.00815047347549     
         263         261   1.00829589035077     
         264         257  0.923182736918152     
         265         258  0.943403126385015     
         266         261  0.964827664278706     
         267         262  0.982813062108452     
         268         262  0.982758374955533     
         269         262  0.983543026234648     
         270         263  0.978766231585043     
         271         263  0.980585020562531     
         272         263  0.984726828354796     
         274         273   1.01907482574138     
         275         274  0.935495208760830     
         276         275   1.63459043673368     
         277         274  0.973987738171469     
         278         277   1.00577994480862     
         279         278  0.915747029336835     
         280         279   1.48782298951690     
         281         279   1.50381100341543     
         282         273  0.957259985142563     
         283         274  0.959265300514805     
         284         277  0.976625178215779     
         285         277  0.971978165333424     
         286         278  0.967315308990995     
         287         278  0.977343693283142     
         288         275   1.29570167590436     
         289         288  0.975141510627817     
         290         289  0.941515757919248     
         291         290   1.57604340476147     
         292         289  0.950779571679167     
         293         292   1.00759374121350     
         294         292   1.00859651788883     
         295         288  0.922956805595111     
         296         289  0.949729772544941     
         297         292  0.964578526588482     
         298         293  0.979620969414150     
         299         293  0.983081574393178     
         300         293  0.983097188640473     
         301         294  0.980572554233485     
         302         294  0.980511893800313     
         303         294  0.985267369779829     
         304         290   1.33359782340269     
         305         304  0.995060169139539     
         306         305  0.942508699889164     
         307         306   1.60046995841687     
         308         305  0.929653471718342     
         309         308   1.00642179740394     
         310         308   1.00384177514500     
         311         304  0.886927387068973     
         312         305  0.949840815021639     
         313         308  0.957441985228116     
         314         309  0.853331318598239     
         315         310  0.982304228763738     
         316         310  0.983775839117971     
         317         310  0.985313711740945     
         318         306   1.32871806967902     
         319         318  0.968779777087471     
         320         319  0.933739686187443     
         321         320   1.62620182366603     
         322         319  0.983820731306038     
         323         322  0.993811921483621     
         324         323   1.00860514909657     
         325         323   1.00665231550258     
         326         318  0.872259425814337     
         327         319  0.949232791415766     
         328         322  0.964250472207444     
         329         322  0.968785887363082     
         330         323  0.960900394365789     
         331         324  0.982169989865089     
         332         324  0.982923984463890     
         333         324  0.982845462595150     
         334         325  0.982324473723166     
         335         325  0.979484913291430     
         336         325  0.977048998120838     
         337         320   1.30788871614255     
         338         337  0.984074407756829     
         339         338  0.931823552336345     
         340         339   1.64997018891087     
         341         338  0.993408906281025     
         342         337  0.885093580671979     
         343         338  0.952269333055113     
         344         341  0.980970507838634     
         345         341  0.979833774668718     
         346         341  0.979712065687189     
         347         339   1.28421169469827     
         348         347  0.993423122944845     
         349         348  0.955403193945651     
         350         349   1.61713470332961     
         351         347  0.921632984543495     
         352         348  0.950625454638641     
         353         348  0.954979343420851     
         354         349   1.30006055842751     
         355         354  0.988866781738014     
         356         355  0.949105065738202     
         357         356   1.65372044305117     
         358         354  0.926052621698339     
         359         355  0.946677841130752     
         360         355  0.960504380371005     
         361         356   1.24169036954633     
         362         361  0.958781001020630     
         363         362  0.970538381100925     
         364         363   1.89713481393986     
         365         362  0.991221650468258     
         366         361  0.913081886923873     
         367         362  0.954117443876881     
         368         365  0.981317278441376     
         369         365  0.978114757236928     
         370         365  0.973044222778543     
         372         371   1.01678006686152     
         373         372  0.976013501834267     
         374         373   1.89818241692236     
         375         372  0.955998226805160     
         376         375  0.990410507123499     
         377         376   1.00572534066039     
         378         376   1.01022833478974     
         379         371  0.951182285126097     
         380         372  0.959895877485665     
         381         375  0.973357673518493     
         382         375  0.974483611668000     
         383         376  0.962578387119883     
         384         377  0.983261444781072     
         385         377  0.985555194938160     
         386         377  0.986319690404579     
         387         378  0.985289020142701     
         388         378  0.985960575327134     
         389         378  0.984428224298681     
         390           1  0.954409400996517     
         391          17  0.951286269622852     
         392          35  0.955198529192458     
         393          48  0.952717465654267     
         394          56  0.957304919611583     
         395          65  0.953162899725013     
         396          82  0.946283139880925     
         397          84  0.955834709804685     
         398         101  0.941335327044687     
         399         103  0.956048081154365     
         400         120  0.954714090358260     
         401         186  0.951557525808835     
         402         194  0.951060360490520     
         403         259  0.955307112564792     
         404         273  0.955624837880163     
         405         363  0.955311322384413     
         406         371  0.956245872743355     
         407         373  0.955151369290448     
