$grad                                                                           
  cycle =      1    SCF energy =  -384.63949767955   |dE/dxyz| =  0.584088
  302.32830693216107    134.04510183941014    195.83316133501276      n 
  303.66254500788642    132.93392040410052    197.93995839900606      c 
  302.88888886419647    134.24480597824632    200.38728555153713      c 
  302.27499419513981    133.04617733158074    202.27122752988291      o 
  306.54281451625496    133.07430366414459    197.49715397710025      c 
  307.19541702755708    131.91649741185026    195.18141008515749      o 
  307.95021045651134    131.71006915055270    199.60532708359389      c 
  303.34304225771155    134.81313282112689    194.40997869655249      h 
  303.11066683477668    130.93935115446951    198.12338372627727      h 
  307.07892075369983    135.08301616550946    197.45631780511508      h 
  306.56660032424679    132.96834116435767    193.81401681924126      h 
  309.96786073214861    132.02151871680957    199.40646049907738      h 
  307.31399326286248    132.38201258062375    201.43562540858238      h 
  307.57914441145869    129.69489010487717    199.48030490595914      h 
  299.68895761715083    130.79855059531471    206.52763195701192      n 
  300.87376514497242    130.98234409392421    208.98094640083366      c 
  298.93523486024321    131.93506023444772    210.90232963090668      c 
  298.76447766481880    131.02260507566027    213.03209437589970      o 
  303.11878291576625    132.79213018847412    208.86392026841821      c 
  305.31268209370904    131.68271708387471    207.34992504231948      c 
  305.17061387407318    129.73277748594111    206.13455243844001      o 
  307.43217191059955    133.08143965275454    207.44541403442017      n 
  300.68653978196267    131.43251363446723    205.01903667175725      h 
  301.48926837124486    129.09708477420213    209.60824628820976      h 
  302.49413095849962    134.54671333760641    207.97365697819291      h 
  303.75860411046386    133.19916037283991    210.78023745219136      h 
  309.00307672102161    132.40033650652336    206.61016914634615      h 
  307.58127634226008    134.59920223896245    208.57992947845113      h 
  328.89817883878840    127.49250916299768    189.74651317707796      n 
  327.99421955395439    127.28304442163672    192.32236134920083      c 
  329.94569956634189    125.75941119446442    193.80381373058248      c 
  330.92901264030127    123.90178749366517    192.83048700769947      o 
  325.44082027731127    125.86298383003080    192.30115007152801      c 
  323.59319252342777    127.18052659689120    190.92618112048126      o 
  324.40098292526784    125.47871899332939    194.96237384085629      c 
  328.50860672093131    125.99882749043299    188.60578518321063      h 
  327.77096789571044    129.18086537788869    193.11167516400837      h 
  325.81389942266230    124.01132254265802    191.41716892823402      h 
  324.16665969622352    127.50924388436496    189.19390795364109      h 
  322.61441016324096    124.47775432508195    194.83352801308962      h 
  325.69935484718297    124.41402128409675    196.14155759300769      h 
  324.04577629715232    127.30693283683429    195.82793904579347      h 
  330.55063913177224    126.55245996379362    196.13004331932177      n 
  332.06511284309533    124.91957684179400    197.73339803943958      c 
  330.35733215444674    122.72993447979984    198.57177622560729      c 
  328.32529568182883    123.15007455611376    199.62914646067748      o 
  333.10078306520580    126.34299923847824    200.01675143410358      c 
  335.24788290751576    128.14750662358395    199.34323631499208      c 
  335.90202837986652    129.78439697767817    201.68834964884923      c 
  334.20535581215267    131.11703754276971    202.58235248884279      o 
  338.12680897266830    129.62440796397789    202.54408744907144      o 
  329.59225264630612    127.96256316645201    196.98012903861365      h 
  333.61796517087680    124.16368121770766    196.59795577591527      h 
  331.59103920281837    127.42854269266977    200.91391924116317      h 
  333.77834603304763    124.96545395374699    201.40171607846491      h 
  336.91939014499604    127.11030510494726    198.72633720560859      h 
  334.64614339285856    129.42318058319438    197.83792270552217      h 
  331.16627212042334    120.43923587948584    197.96184787097619      n 
  329.86417869618964    118.15969218934315    198.70809458913635      c 
  331.60832394082848    116.70508088045960    200.49046557707337      c 
  333.89024921006626    117.07785820123866    200.55392088635858      o 
  329.06575219388679    116.54051971507620    196.40861955746172      c 
  327.40052961742919    118.09377043696097    194.63509679044034      c 
  331.36636688828997    115.51827756997722    195.00297515581076      c 
  332.90361587192916    120.23497303587838    197.15995736494801      h 
  328.17509913483434    118.75485103536008    199.75035245977878      h 
  327.96905492159658    114.95036054893970    197.15317851054294      h 
  326.71108101961903    116.91282135725183    193.10520523708823      h 
  325.78676571003831    118.87637525939796    195.63907069419426      h 
  328.47038193893667    119.65947423080878    193.83515240904345      h 
  330.76334512956964    114.39895634328656    193.39321105804888      h 
  332.52802313595259    117.06899355614790    194.31790957551729      h 
  332.48366827289595    114.34203032212686    196.26039034292594      h 
  330.47210079851129    114.96528619256996    201.93367805109389      n 
  331.90984262475678    113.65376485603332    203.85821069408766      c 
  330.99607887496910    110.94169793974140    204.15741305682715      c 
  328.75618533551500    110.40378778804667    204.30447662792616      o 
  331.77877806011549    115.07253829898134    206.41466792790757      c 
  329.10506243238802    115.11629259598193    207.49683190732725      c 
  333.66814370632636    113.92888837494642    208.26386840262185      c 
  328.55985631449846    114.83852733751259    201.95589099199012      h 
  333.88426821931091    113.68845014844365    203.23709941277525      h 
  332.37059818008811    117.01644984536939    206.00367916281968      h 
  329.05524844982949    116.20851673123671    209.23841641910315      h 
  327.80618639206079    115.98124397163249    206.15841193516141      h 
  328.46595506598300    113.20877449552538    207.91065106520261      h 
  333.65653696513715    115.00588463306228    210.01047500416024      h 
  333.20739697223570    111.97191407657994    208.68869042577529      h 
  335.56065034011476    114.04004125026083    207.47171948753052      h 
  323.43999123923049    111.60947781920939    202.99191931433336      n 
  321.82162161333235    113.71162439519794    203.65203753464388      c 
  322.94711378659770    116.18985085848172    202.66506859572914      c 
  325.17652150906866    116.37545480639135    202.09897174738765      o 
  321.56807076271571    113.89033069561607    206.54979656268677      c 
  320.71506012087519    111.43916188159710    207.71521748572493      c 
  318.35126837574239    110.42285708611138    207.18099907108635      c 
  322.26744977401336    110.17395391744536    209.40734943334490      c 
  317.55925530738040    108.19984690196250    208.29773298251706      c 
  321.46424757311001    107.99057239931285    210.59037690527370      c 
  319.10288572264045    106.98497210972369    210.04645525735557      c 
  318.26124832045883    104.84139234800075    211.18666119855567      o 
  325.14515204621608    111.47622871020573    203.85824755734970      h 
  319.98015215298557    113.35575513316654    202.77676259576992      h 
  323.40649520861876    114.40381218365279    207.33209541449307      h 
  320.21020612431460    115.37087832062173    207.01687473418644      h 
  317.06626726874094    111.38105086053774    205.91862424776153      h 
  324.11851779212884    110.91673328026228    209.83366111933836      h 
  315.72553399932571    107.41880236728238    207.85634847612312      h 
  322.65481055270595    107.06435491218954    211.96578740571732      h 
  319.41728443867754    104.36196731677397    212.52087208017971      h 
  321.33500068426980    118.15322960136270    202.49494983779161      n 
  322.29353753050538    120.70574107568419    202.12536213120723      c 
  323.55992842700766    121.57324610566222    204.57861186759990      c 
  322.53698089823439    121.22775855485553    206.63375672303076      o 
  320.13209363153669    122.49791036183225    201.47972209350038      c 
  319.62451292105789    118.01465267933094    203.33058171736255      h 
  323.70301402048153    120.65073239277139    200.61590501507948      h 
  320.90087166595180    124.33019770142808    200.97185655653459      h 
  319.07105217522007    121.75758255560719    199.88720276698967      h 
  318.89660151628590    122.71537606340077    203.10691115166213      h 
  325.74648236660812    122.81201033109399    204.33786285279911      n 
  327.17519075744110    123.55346084467047    206.55799276446612      c 
  325.48722295984527    124.84882762044613    208.50803996679679      c 
  325.62992054004741    124.34333393917949    210.76718397120845      o 
  329.31461639772658    125.34009024329579    205.83488725101301      c 
  326.63608341522462    122.95071767804235    202.63367429205104      h 
  327.96816060161018    121.87262436522688    207.48774894049680      h 
  330.27658602185591    126.02927549626756    207.51649820364543      h 
  330.68498954263458    124.35351761392772    204.66755893989097      h 
  328.61130023217555    126.96228415162814    204.79128336334787      h 
  323.90825694191773    126.59267176125444    207.59624085150597      n 
  322.37215432896721    128.16234752150916    209.22548208647515      c 
  320.49889942171745    126.63665459698704    210.84591960092919      c 
  319.77931999629010    127.47125088273825    212.87557897782685      o 
  320.89171314390950    130.05387032863052    207.61011093938544      c 
  319.34684506095368    128.70183356915226    205.92886925734487      o 
  323.86417999291962    126.94633580267603    205.72112055684329      h 
  323.58619812763686    129.19077008978053    210.55760836397243      h 
  319.77351750167799    131.23831407324647    208.89228608255013      h 
  322.24579046272703    131.25782724091360    206.59758564606500      h 
  318.46653092651792    129.88940488485844    204.85245309048238      h 
  319.60245194379667    124.52557385251211    209.78187218872560      n 
  317.91048608437939    122.83298761704160    211.09938647647104      c 
  319.23908042344829    121.04570298806868    212.96295566763393      c 
  318.00529178861541    119.81110554523829    214.47087569390266      o 
  316.41462579060942    121.26212223253889    209.17540037170153      c 
  314.41771575823196    122.77330943737076    207.72100652511034      c 
  312.21127455325649    123.55258094102534    209.43283954132875      c 
  309.74345644878997    124.09563114314473    208.03798034121877      c 
  309.91563765816397    126.42962873007808    206.45876837772659      n 
  320.50591808801460    123.77700904645826    208.26359280574530      h 
  316.65469696033426    123.98599066690809    212.27217191400101      h 
  317.79529508732105    120.44837556455090    207.87559925118475      h 
  315.52095946413118    119.71635537910304    210.20619542589569      h 
  315.34068525884879    124.41660164214161    206.88864245281439      h 
  313.71162666570370    121.55228933930383    206.21845607953750      h 
  311.83921672673540    122.00824642634872    210.74546150093451      h 
  312.75159365445904    125.17741177389219    210.57847641884689      h 
  309.24205072946637    122.50383964363850    206.83143414325855      h 
  308.24911356300538    124.36387531334965    209.42920318911663      h 
  308.13216681646526    127.16213143380348    206.04070840477917      h 
  310.91498443187072    127.76851376228829    207.45535841921856      h 
  310.86289367422933    126.05991457607230    204.80051163479700      h 
  321.75979588314129    120.87024457324566    212.73377522684933      n 
  323.31087478437757    119.44860557878093    214.46284476150771      c 
  324.35298299779549    121.04519175578332    216.65029254167123      c 
  324.68467530577561    120.06068965038295    218.72601089831412      o 
  325.53059402023439    118.25669544416932    213.05771727246935      c 
  322.69761913408752    122.00097448480687    211.51602974606280      h 
  322.11114361301168    117.99035726686367    215.31772806828471      h 
  326.66356889447593    117.15369240866474    214.36806561566914      h 
  324.84049009173225    117.04194728548994    211.55272464485719      h 
  326.68989338638630    119.75374802027585    212.25257109158471      h 
  324.87669277738809    123.45223437001053    216.14470836917670      n 
  325.89387410675965    125.19335192691386    218.00651289418599      c 
  324.56047832951100    124.79843294324478    220.53866358656455      c 
  322.30144746204707    125.22934080689711    220.78982141466170      o 
  325.43285692453981    127.92317559110535    217.15287784286122      c 
  327.65828911412410    128.94858553937107    215.65405098737614      c 
  330.03376718304185    129.24721411403809    217.39472741421281      c 
  329.67486155319676    130.18960954161182    219.52282203471859      o 
  332.09891447962070    128.55634284152725    216.49025629162523      o 
  324.85090893210338    124.08555491878091    214.34064556798984      h 
  327.93006113735879    124.86955105572754    218.24561113302565      h 
  323.66939097118421    128.00574749961856    216.07964884753363      h 
  325.21209172064579    129.11285170511675    218.82704232320944      h 
  328.15837324906971    127.71963631846161    214.07378507912455      h 
  327.21763636309697    130.83179245873112    214.92780869230850      h 
  322.19733173171505    120.54159877580530    223.33628943239174      n 
  319.92265806206416    119.03232913731026    223.41924725525811      c 
  320.40041303135365    116.74072368359140    225.10022609833993      c 
  322.39398115878981    115.56957293818711    225.04687575615023      o 
  319.12247890111536    118.09818591052081    220.79747822931773      c 
  316.71145468552453    116.65100241268871    221.01257503714353      c 
  314.43341742292557    117.81963859104603    221.34427653750657      n 
  316.37237606033943    114.08625900572524    221.07939559969000      c 
  312.77338366939654    116.00582860325481    221.57860689762066      c 
  313.84797886326407    113.69708287464961    221.43348922098431      n 
  323.26635847579695    120.46384450836003    221.74786631874545      h 
  318.41515832690925    120.19364545502201    224.23670319336853      h 
  318.86247462976775    119.71623080269927    219.54946848944343      h 
  320.59734898925927    116.87560120950776    220.03458962371135      h 
  317.68380642811451    112.56255516667515    220.88715648627837      h 
  310.79721933251631    116.29955100829541    221.89940002769583      h 
  312.99608486445544    111.98972800928748    221.60025048355254      h 
  309.08770113572155    106.09914058192902    212.91714085030790      n 
  309.42584193470447    108.42782581624918    211.51790909325925      c 
  309.60604907021138    107.68177748756626    208.73676879218129      c 
  310.28157241488424    105.56143063762794    208.11052004143187      o 
  311.85474430911864    109.77200282548046    212.40594379471258      c 
  312.13718679823847    112.53850741110833    211.60366623425961      c 
  310.03630823554289    114.17866137709699    212.71258661058113      c 
  314.70515530221388    113.50091824864131    212.51304323734547      c 
  309.63345760473533    104.53282183799810    211.96503074621916      h 
  307.77510624946353    109.62354933543442    211.86731177923255      h 
  311.84358193547473    109.67300861869991    214.46842339729415      h 
  313.47025064361230    108.68221572654124    211.72775612334513      h 
  312.10521277010281    112.65092133286302    209.53700972543683      h 
  310.41469646220247    116.16069896219653    212.33964607360491      h 
  308.19363520363669    113.71104031945742    211.93154487949843      h 
  309.93791345871517    113.90775611332960    214.74840299089951      h 
  314.93733276747383    115.49000270627654    212.06585863629138      h 
  314.86851118999334    113.29475579241634    214.55155428334169      h 
  316.22284673475957    112.44759564309321    211.61564559350114      h 
  316.41716303228901    113.03627976398684    197.68965064560788      n 
  316.26941740788334    115.15004770008447    195.94444744091990      c 
  314.94622220123370    114.34259408369135    193.48532195809020      c 
  315.07488151002559    112.19099468370958    192.65981689141367      o 
  318.92171435371205    116.11644578037991    195.36278111610468      c 
  318.12685291011940    112.25035031531779    198.04922062259442      h 
  315.11183109077666    116.61660322289738    196.84103831464716      h 
  318.83496824825767    117.73547247551795    194.10520156459484      h 
  319.87399196651046    116.64028649284741    197.10547486035210      h 
  320.00858285558229    114.63218648000861    194.44559095566578      h 
  301.36266045294542    132.86179701202579    195.08491101923013      h 
  302.87347044315550    136.13197814490366    200.48427859069380      h 
  299.34048657476325    129.16929426370285    206.18608589681273      h 
  297.75908444421822    133.34023124179600    210.44056258747781      h 
  328.19557239950183    128.85349903130759    189.00718054419045      h 
  332.24631931160462    109.52707446480221    204.23989601159357      h 
  322.64800362944544    110.14820641007893    203.35247924939179      h 
  325.53546996860752    124.17595121604431    222.03297679552597      h 
  321.79593779502170    122.18400532233754    223.52053279216875      h 
  319.06139227675806    116.15035744279716    226.29586621314758      h 
  310.00291605179711    106.15939486685426    214.34938142069825      h 
  309.16824000770555    108.93516091469994    207.39199469493454      h 
  315.83881897476095    113.51781778000061    199.21483957228244      h 
  313.93494349246981    115.59867943002692    192.50011683268477      h 
  -0.5813899850600D-01  -0.9103709557854D-01  -0.4717835501014D-01
  -0.4966109388700D-03  -0.6079337954306D-03  -0.2026703715683D-02
   0.3149683034384D-02   0.8775772816050D-01  -0.1296904645660D-01
  -0.8484214345924D-02  -0.9474608575662D-02   0.1917108761631D-01
  -0.7176874186857D-02   0.2248188280459D-02  -0.6960967542729D-02
   0.3392408975529D-02  -0.6441490290308D-02   0.1291543592614D-02
  -0.2263842948589D-02   0.1349142352032D-02  -0.1063977632391D-02
  -0.1041437415680D-01  -0.6619834362965D-02  -0.7192709707579D-02
  -0.2599149070751D-02  -0.6850117190812D-03  -0.1820081775915D-02
  -0.5981674932933D-03  -0.3361516736725D-03  -0.3701106841297D-03
  -0.3551921798780D-02   0.6113927081079D-02  -0.2135511634060D-02
  -0.4993004039917D-03  -0.2646087619230D-03   0.4067665445508D-03
   0.2777066588705D-03  -0.1100272876152D-02   0.2829308051164D-03
   0.6915019504511D-03  -0.1993374140322D-03   0.1673855591050D-02
  -0.1431638972462D-01  -0.1181263050580D+00  -0.1762556189863D-01
   0.1184523448755D-02  -0.1188945916004D-02   0.4452561689610D-02
  -0.4825375694014D-01   0.6581459406528D-01  -0.4363125281597D-01
  -0.3800575830336D-02  -0.6393390514822D-02   0.2031148663706D-01
  -0.4782728975089D-02  -0.1002762675110D-02  -0.4082279626350D-02
   0.6122340120230D-02  -0.7993258337678D-02  -0.2205331963854D-02
  -0.8487456682271D-02   0.6012374941529D-02  -0.2108121082855D-02
   0.1425972186033D-02   0.6176563194634D-02  -0.2711380551081D-02
  -0.3657878739115D-02  -0.6894178087698D-02  -0.9138455232678D-02
  -0.2845047526139D-02  -0.2463097531883D-02  -0.4415945872562D-02
  -0.8790600572223D-03   0.6970757272637D-03  -0.9065198001871D-05
  -0.1732835568006D-02  -0.1526959025167D-02  -0.5455802192688D-03
  -0.7603151350375D-03  -0.3839978404555D-02   0.1700183194806D-02
   0.4406344205929D-03  -0.2184466690044D-03   0.1445632166252D-02
  -0.5503487597457D-01   0.9211502284337D-01  -0.4299924488386D-01
  -0.4785671347660D-03   0.6594799487563D-02   0.2140727511682D-02
   0.6027742823425D-03   0.5063495003935D-02   0.1177412880373D-01
   0.2065465813692D-02   0.8016624723187D-03  -0.4751839172412D-02
   0.1529994136532D-02   0.4815848633006D-02  -0.1129013867669D-01
  -0.1301892112348D-02  -0.4837719974631D-02   0.1120701937827D-01
   0.3342228098872D-02  -0.4707990486974D-03  -0.1993682918533D-03
  -0.4186649603102D-02   0.7064891014696D-02  -0.1038796927617D-01
  -0.7039971943727D-03   0.1421776042895D-02  -0.8713170281573D-04
   0.5828983950287D-03   0.6512227529877D-03  -0.7851241117029D-03
   0.2638625855789D-02   0.3200859703189D-02  -0.1127686902885D-01
   0.7605799750119D-04   0.7132463839701D-03  -0.1304084018442D-03
  -0.2539767105607D-03   0.5316611859102D-05   0.1484304156384D-02
  -0.6127722900761D-03  -0.5601358361144D-03   0.3069425613213D-03
  -0.1986497363027D-03  -0.5030611811325D-04  -0.2765694223460D-02
   0.1789488727988D-02   0.2313190972614D-03  -0.4759160036032D-03
   0.1428235059882D-02  -0.5165831874135D-02  -0.1225154020518D-02
  -0.3111251096296D-02   0.1924128397810D-02   0.1189088055763D-02
  -0.5389656884542D-03   0.3942959846465D-03  -0.5243325771624D-03
   0.3712514503701D-02   0.2803363556870D-02   0.2084307402933D-02
  -0.2705213096887D-01   0.5362903137751D-02  -0.8058773854273D-02
   0.1282902308530D-01  -0.6853121282069D-02  -0.2050089481030D-02
   0.1305082800122D-01   0.8461776999264D-03   0.8526722313922D-02
  -0.5927080095866D-03  -0.2630224537388D-03  -0.5608915405348D-04
  -0.4911738528987D-03  -0.1524729329106D-02   0.1080166292919D-02
  -0.3118216441080D-03  -0.2486264014139D-03   0.2675480246928D-03
  -0.1404170371379D-02  -0.8282708798114D-03   0.2398224259977D-03
  -0.3148514956662D-03  -0.1045326033719D-02  -0.1340052118867D-02
  -0.9601072782894D-04  -0.2460384406150D-03   0.2104009034253D-03
  -0.4168955863155D-02  -0.6964024197366D-04   0.3087107189770D-02
   0.6219298301061D-03   0.1265672275641D-02  -0.1845236945864D-03
  -0.8630448326663D-04   0.3617569566218D-02  -0.1222280112481D-02
  -0.2382134521947D-02  -0.3723354803893D-02   0.1939430262527D-02
   0.8696538862039D-03  -0.1063123127864D-02  -0.3899506309276D-03
   0.6218861653188D-03  -0.1506361421362D-02  -0.8468548491235D-03
   0.1583378630162D-02  -0.9709760175616D-03  -0.1425157540705D-02
   0.6513533066382D-02   0.9033148401699D-03  -0.3873124398003D-02
  -0.7372988759535D-03   0.1920416836891D-02   0.5181802302814D-03
  -0.2554381599324D-03  -0.1088839805961D-02  -0.2075884179862D-03
  -0.4572572272656D-03  -0.1131934693965D-03   0.4683631208219D-04
  -0.3138835086200D-03   0.9796282002847D-03  -0.5990994308870D-03
  -0.3067733482242D-03   0.3827163984700D-03   0.3966773289800D-03
  -0.2722557740519D-03   0.5948156149663D-03  -0.1983774537836D-04
  -0.4288999559727D-03   0.1043940765571D-02   0.7157830769060D-03
  -0.2103049527959D-02   0.3183624561903D-03   0.1138276299142D-02
   0.1244359827221D-02   0.2870073557361D-03   0.1827117242849D-03
  -0.5433750898521D-03   0.7911845255686D-02   0.2148923414655D-02
   0.7295290955454D-01  -0.5225631709057D-01   0.4725727849335D-02
  -0.1664694307070D-01  -0.5847160475327D-02   0.5539743104250D-03
   0.9391917529257D-03  -0.1139180842248D-02  -0.2684367811606D-02
  -0.5967675427127D-03  -0.7728870613675D-03   0.5493888591689D-03
  -0.5929974598110D-03  -0.1133763843849D-02  -0.4159916794541D-03
   0.1791933603559D-02  -0.2612546091528D-03  -0.1156404015316D-02
   0.1725875766996D-03   0.1735496486792D-02   0.5221034775908D-03
   0.7880990587220D-03   0.3476444125876D-04  -0.3259929798802D-03
  -0.1302538309629D-02   0.1662184563432D-03   0.4371588141921D-03
   0.1828617184366D-03   0.2242709828832D-03   0.2602566376713D-03
   0.2920962203374D-03   0.1278287083935D-04  -0.4120253747813D-03
   0.1843639893092D-03   0.1715711867305D-03  -0.1467931851513D-02
  -0.2694727008490D-03  -0.6056851785198D-03   0.2480635736620D-05
  -0.3364514394702D-03   0.1963920970257D-02  -0.7328436128216D-03
  -0.5975269153017D-01  -0.1022491648154D+00   0.3954795163389D-01
  -0.1067596200788D-01   0.2074329809741D-02  -0.2532507917368D-02
   0.1366517928685D-02   0.5718802617311D-02  -0.4798081570303D-02
  -0.3956400719007D-02  -0.2240142380880D-02   0.9064557284097D-03
   0.7071494530125D-02  -0.5440221331204D-02  -0.3974333902062D-02
   0.3718779286955D-03  -0.2516609071125D-02   0.4252143816344D-03
   0.1058827265573D-02   0.5411922708114D-03  -0.8817476005578D-03
   0.4192966079928D-03  -0.3049164856798D-04   0.1077933900222D-03
   0.1240570742672D-02  -0.7656667400160D-03   0.1634940274271D-03
  -0.1250938283302D-03  -0.1454376206811D-03  -0.4397232173534D-03
  -0.1042876449297D-03   0.1651863906483D-05   0.1199636150836D-02
   0.1959699206780D-02  -0.3146555845558D-03  -0.1673413643352D-02
   0.3613107740077D-03  -0.1406399134418D-01   0.5125480983791D-03
  -0.9649933886779D-03  -0.1368681106300D-02  -0.4539273573131D-03
   0.4037806016606D-03  -0.1415615970416D-02   0.9209253337072D-05
  -0.3356033955690D-03  -0.1681830417456D-02  -0.3023977795367D-02
  -0.1762302337506D-02  -0.7867355127239D-04   0.7093993416431D-03
  -0.6017259482787D-03  -0.4714273506332D-03  -0.6082470706845D-03
  -0.1006072443181D-02   0.1117500122728D-02  -0.5967035848812D-03
  -0.1502554881525D-02  -0.1064172555017D-03   0.2647737274784D-03
   0.3406443105844D-03   0.1412219006525D-02   0.1570287074032D-02
   0.1102309595498D-03  -0.4592008621338D-05   0.3785626205278D-04
   0.9424234957718D-04   0.6922553619240D-05   0.8457289308277D-04
   0.3934082571486D-04   0.3867166190193D-07   0.1012178432762D-03
   0.4742943700901D-04  -0.2025687040290D-03   0.1276642788098D-03
   0.5401510716522D-04  -0.3097006125586D-04   0.7167167236184D-04
   0.1374309072779D-03   0.1116394141658D-03   0.1263460660176D-03
   0.1481023001758D-03   0.1476010664464D-03   0.1270084540068D-03
   0.1583715346525D-03  -0.8855054575124D-04   0.4457363000209D-04
  -0.4381330143962D-04   0.2624267220316D-04   0.1025838584514D-03
   0.5233122334120D-04   0.6261221364059D-05   0.6499102200873D-04
   0.5342667131488D-03  -0.1518700525318D-03   0.9205254222785D-03
  -0.2866898592125D-03   0.1830039093080D-03  -0.4539517155538D-03
  -0.6069568103331D-03   0.3855232590242D-03   0.7941375298266D-03
   0.9097492190071D-03  -0.8979032223441D-04  -0.2421765321731D-03
   0.1138405935758D-03  -0.2788169160466D-04  -0.1118301650922D-03
   0.3619329798269D-03   0.8426160905035D-04  -0.7916038583782D-03
   0.7600433966346D-04   0.1152858380468D-03  -0.2127247184912D-03
  -0.2914514399953D-03   0.5355612100378D-03   0.2600896697382D-03
  -0.2417648686370D-03  -0.4153577129434D-03  -0.8433671016600D-04
   0.3756602240986D-04  -0.1875004556360D-04   0.3641246381107D-04
   0.6502924172406D-05  -0.5806594022501D-05   0.4812057324653D-04
   0.3731454343105D-04   0.3838770484568D-04   0.5312756250689D-05
   0.1615146865330D-04   0.2094354617312D-04   0.6424667172433D-05
   0.5702405696667D-04  -0.6553524642069D-05  -0.3257010623276D-04
   0.1156711756336D-03   0.7724852865663D-04  -0.4040367545900D-04
   0.2392698858785D-03   0.3902667308535D-05  -0.1065175033544D-03
   0.1200809282354D-03  -0.3446800590703D-04   0.5158201408734D-04
   0.8685572373706D-04  -0.8813909034694D-04   0.6194329401114D-04
   0.3590456239166D-04   0.6496557799400D-04  -0.1045692767744D-03
   0.1015570195640D-03   0.1583850016482D-03   0.4940020311486D-05
  -0.1538915667600D-03  -0.7109803241747D-04   0.1637121162537D-03
   0.6251141265897D-04  -0.5229253921835D-04   0.4564814206607D-04
   0.3368261210775D-04  -0.2690318422246D-04   0.2718573849217D-04
  -0.4424931957711D-04  -0.1058970756780D-03   0.5522135603640D-04
  -0.3266065214098D-04   0.6006953459885D-04   0.9916700984129D-04
   0.2422065746384D-04   0.8067219701512D-05  -0.2645009884780D-05
   0.6030341838559D-04  -0.3540774090437D-04  -0.5297141030859D-04
   0.1024648338800D-03  -0.4646545802940D-04  -0.2758045901021D-04
   0.1425491407459D-03  -0.1220474227481D-03  -0.4197754207351D-04
   0.2778160461705D-04  -0.9226194643785D-04  -0.1146363226147D-03
  -0.1653410474454D-03   0.9501684005802D-05  -0.1078561854410D-03
   0.8541733919381D-04  -0.6270912097325D-05   0.4118606619806D-04
  -0.4730879585788D-04  -0.2260128576406D-04  -0.6067765138208D-04
   0.1377241047191D-05   0.5250344556323D-04   0.4209667275694D-04
   0.3994718614981D-04  -0.4426788901871D-04  -0.9783715256689D-04
   0.2403780845553D-04  -0.3452084437779D-04  -0.3015595638860D-04
   0.6929460685484D-04  -0.3978788458724D-04  -0.5647907334317D-04
   0.2059957089131D-03  -0.8685994206765D-04  -0.3169846440262D-04
   0.2110574744676D-03  -0.2014394325185D-03  -0.5749377126038D-05
   0.1472617442638D-03  -0.1140339429024D-03  -0.4613420032774D-04
   0.1059423677644D-03  -0.2034906006509D-03  -0.2296171266413D-04
   0.8678893654970D-04  -0.9883022893751D-04  -0.7166472618946D-04
   0.4685564800745D-04  -0.7059290273836D-04  -0.1038702254338D-03
   0.3771230953827D-03  -0.1302611724585D-02  -0.6450405889576D-03
   0.3813751327408D-03  -0.5086364667685D-03   0.6460182274892D-03
   0.2437824078253D-03   0.5727086649736D-02   0.1220045845248D-03
  -0.3285495059660D-02  -0.5446160696021D-02   0.2991111574698D-02
   0.5693542819266D-05  -0.6125529600721D-03  -0.4673678275618D-03
  -0.3318078583051D-03   0.3214649436156D-04   0.7468620111649D-03
  -0.3572847945517D-03  -0.2602126408540D-03   0.1953047352050D-04
  -0.1972537349418D-03  -0.3748089559544D-03   0.4754007691622D-03
   0.4576773252187D-03  -0.2643424743382D-03  -0.1797972829613D-03
  -0.4176280842621D-03   0.6687530579694D-03   0.1182990987355D-03
   0.1610984890775D-02  -0.2252676987806D-02   0.1099050653766D-02
   0.6795435238365D-03   0.2550518001462D-02  -0.6335653790812D-02
   0.6226946489745D-01  -0.2548668852187D-01   0.6167443706363D-01
  -0.1793094710956D-01   0.3045277844536D-03   0.5759137361312D-02
   0.1595460463368D-02  -0.2661278898674D-02   0.1590854819154D-03
   0.1111316356717D-03   0.8024325202187D-03   0.4179650068509D-03
   0.7165155853825D-04  -0.1691923606953D-02   0.1249868096254D-02
   0.2045049120602D-03   0.4710859858543D-03  -0.3281496810065D-03
  -0.2737981719286D-03   0.1162798818486D-02   0.5891083552012D-03
  -0.2684408691992D-03  -0.5753909231290D-04   0.1195707663722D-02
  -0.3822666426206D-03  -0.9310447470584D-04  -0.1158152608218D-02
  -0.2573804847120D-03   0.5305428513423D-03  -0.1355916129161D-04
  -0.8620949853539D-03  -0.2885873870942D-03   0.6441705843930D-04
  -0.2082961501163D-04  -0.1526985332161D-03  -0.1146944217675D-03
  -0.2389988416962D-03   0.6461902967089D-03  -0.2293537396585D-03
  -0.3671866864523D-01   0.1137486227149D+00   0.3096306938200D-02
  -0.4101129153920D-02   0.1883994219427D-02  -0.2263983041441D-02
  -0.7645366007220D-01  -0.1211496086543D-01   0.5128871637828D-01
   0.1494687906651D-01  -0.8298226723239D-02   0.1730397537429D-03
   0.1036627360197D-01   0.7943618277330D-02   0.2311887339702D-02
   0.2211549931626D-03  -0.8394789810317D-03   0.1062886116774D-02
   0.1148708542308D-02   0.2319830467595D-02   0.6628782142364D-04
  -0.1366687426976D-02   0.4631482251879D-03   0.1478715090705D-02
   0.3825771251478D-03  -0.1379549293493D-02  -0.1396405773985D-02
   0.3343348072867D-02   0.4748412373463D-02  -0.8216473896337D-03
   0.4659698917489D-02   0.1602248064457D-01  -0.1275525423263D-02
   0.1953534929072D-02   0.3839651339268D-02  -0.1618429792304D-03
  -0.7505326579310D-03  -0.6891409535880D-03   0.6000757868946D-04
  -0.1512687901517D-02  -0.1674130131172D-02  -0.4624303916351D-03
  -0.1482083734062D-02   0.8722768146597D-04   0.4071438146872D-04
   0.2090540022422D-03  -0.1187811157915D-03   0.8073114521905D-03
  -0.1373859104612D-02  -0.4745210852846D-02   0.3823252839971D-03
   0.7473465274001D-01   0.8093079667065D-02   0.9565609288563D-01
  -0.6192682927992D-03   0.1284882837556D-01   0.1343858216591D-01
  -0.2326537359207D-01   0.5936106590603D-01  -0.5178338372449D-01
   0.3968880411373D-02  -0.1335924818640D-01  -0.3037075209271D-02
   0.3808102029882D-03  -0.3142847067471D-02   0.3920799221777D-02
   0.5693398713902D-03   0.4353503535941D-04  -0.2066961141149D-03
   0.1864219937924D-02   0.8971296129314D-03  -0.7274399244813D-05
   0.1377072264712D-02   0.5861512441869D-03   0.9505870605259D-03
  -0.9006906623445D-04  -0.2098454403066D-02   0.8868680070501D-02
  -0.1930484423881D-03  -0.8088674553186D-03   0.3422495862381D-02
  -0.1211321093335D-02  -0.2042136424783D-02  -0.2059429775119D-04
  -0.1285071776234D-02  -0.1704674977223D-03  -0.4545196818951D-03
   0.1324191692220D-02  -0.2077039184968D-04  -0.7808416835159D-03
  -0.2686360364233D-03   0.2048915634169D-03  -0.4321619322705D-03
  -0.1154118506101D-02  -0.7870993947590D-04   0.1325247178319D-02
  -0.1113866102015D-02  -0.1294293707767D-02   0.7506302840203D-04
  -0.1088423662822D-02  -0.3861589927370D-03  -0.7149911913333D-03
  -0.9630251184389D-03  -0.5700909102654D-03   0.1946404616662D-03
  -0.1355031732650D-02   0.4694352390404D-04  -0.8488998517507D-03
  -0.3767328981381D-01   0.4262854335972D-01   0.1001082066992D+00
  -0.1086377123347D-02   0.6699280497970D-02   0.1705541062638D-02
  -0.4612951820816D-01   0.7283747300431D-01  -0.3543920409502D-01
  -0.6480992441740D-03  -0.1344540869629D-01  -0.6994303318955D-02
  -0.7660506767892D-03  -0.6794998563820D-02   0.7528941676101D-02
  -0.3547975531646D-02  -0.2470258951768D-02   0.1626425875327D-01
  -0.9843174330812D-03  -0.1876391797483D-02   0.4446883352165D-02
  -0.2003715212929D-02  -0.1731842581912D-02   0.3666295209332D-03
  -0.1368356455904D-03  -0.9621856885005D-03  -0.2264902567451D-03
   0.3776975072866D-03   0.2310793869594D-03  -0.5474741054321D-04
   0.8527257996067D-01   0.9326436184368D-01   0.5707765275038D-01
  -0.1011609845443D-02  -0.7633176310556D-01   0.5447838102633D-02
   0.3507673564962D-01   0.1310111176758D+00   0.2660477931785D-01
   0.4379985114830D-01  -0.5597811720834D-01   0.2771250673015D-01
   0.5228771911692D-01  -0.1148895391960D+00   0.5988327734953D-01
  -0.5756452831989D-01   0.5055797955839D-01  -0.4298299233303D-02
   0.6727288037994D-01   0.1196330584563D+00  -0.2531043508573D-01
  -0.4739736169496D-01   0.2247904015029D-01  -0.5567083626130D-01
   0.3312623304626D-01  -0.1326826649631D+00  -0.1906617172675D-01
   0.6039272732078D-01   0.1878518784346D-01  -0.4645747832004D-01
  -0.7029906262128D-01  -0.3185585867353D-02  -0.1198650806480D+00
   0.1751683415444D-01  -0.5538809854123D-01   0.4974568417771D-01
   0.5365454208235D-01  -0.3643782594472D-01  -0.1224228258816D+00
   0.3827415477227D-01  -0.5878623915837D-01   0.3425868308419D-01
$end                                                                            
