           2           1   1.02358247217053     
           3           2  0.941244595785907     
           4           3   1.63875035491977     
           5           2  0.961439376575932     
           6           5  0.919241464917595     
           7           6   1.50110851091187     
           8           6   1.47938930629999     
           9           1  0.934596933583479     
          10           2  0.956437719542706     
          11           5  0.978906713876855     
          12           5  0.975071731617591     
          13           3   1.27915176120429     
          14          13  0.991054765906721     
          15          14  0.940484016100963     
          16          15   1.62477928939131     
          17          14  0.940665156684951     
          18          17   1.00243380305273     
          19          17   1.00401857391843     
          20          13  0.918275223056002     
          21          14  0.933501859151517     
          22          17  0.957006470375501     
          23          18  0.835911436279098     
          24          19  0.984126736438746     
          25          19  0.983486718837511     
          26          19  0.981065487232570     
          27          15   1.31223993396089     
          28          27  0.965816961975055     
          29          28  0.929525271016732     
          30          29   1.64292601827413     
          31          28  0.983785771939993     
          32          31  0.993722375479028     
          33          32   1.00965762922973     
          34          32   1.00786483444930     
          35          27  0.918752751529717     
          36          28  0.946320453205566     
          37          31  0.971083249927400     
          38          31  0.969799988864432     
          39          32  0.967478151912956     
          40          33  0.984821671547986     
          41          33  0.982339214164794     
          42          33  0.985615546396278     
          43          34  0.985450284085966     
          44          34  0.985839881119412     
          45          34  0.986036462628237     
          46          29   1.29806531197739     
          47          46  0.989616166522172     
          48          47  0.974263770511870     
          49          48   1.90901352375554     
          50          47  0.935271973403339     
          51          50  0.966518630732617     
          52          51   1.63542001265150     
          53          51   1.32307803974413     
          54          46  0.876401778812599     
          55          47  0.954946876820278     
          56          50  0.963154959255230     
          57          50  0.966813259862564     
          58          53  0.917776387788268     
          59          53  0.926755823245745     
          61          60   1.02281739082734     
          62          61  0.941649826837691     
          63          62   1.64903412676552     
          64          61  0.985462253505306     
          65          60  0.953523952486141     
          66          61  0.951151280973728     
          67          64  0.981286416955378     
          68          64  0.983052516609008     
          69          64  0.983934782926224     
          70          62   1.28416675649493     
          71          70  0.988594974016114     
          72          71  0.974004135853283     
          73          72   1.89515307407940     
          74          71  0.954896102515899     
          75          74  0.988375892035098     
          76          75   1.00555125816411     
          77          75   1.01057852360657     
          78          70  0.925062735699310     
          79          71  0.941293757338796     
          80          74  0.973487782384540     
          81          74  0.970925973223158     
          82          75  0.967167931144636     
          83          76  0.984572134486126     
          84          76  0.985984780745456     
          85          76  0.985924344486931     
          86          77  0.984489637251021     
          87          77  0.985863243909312     
          88          77  0.984465595879768     
          90          89   1.04249414931560     
          91          90  0.994222642883914     
          92          91   1.87654404065492     
          93          89  0.959790723582409     
          94          90  0.942360011604943     
          95          90  0.932917822818923     
          97          96   1.02659481847024     
          98          97  0.948044827016499     
          99          98   1.63606570125290     
         100          97  0.950245604312585     
         101         100   1.00850283361208     
         102         100   1.01035730452121     
         103          96  0.955890882626580     
         104          97  0.948605361943546     
         105         100  0.967203121564301     
         106         101  0.984190332743912     
         107         101  0.985515772688899     
         108         101  0.979727912636755     
         109         102  0.985758558560392     
         110         102  0.982673541047996     
         111         102  0.986336539071139     
         112          98   1.28679066401668     
         113         112  0.987399259150829     
         114         113  0.950397392017117     
         115         114   1.62803387309011     
         116         113  0.942860468508790     
         117         116   1.01093755763867     
         118         116   1.00863932422494     
         119         112  0.899286503360433     
         120         113  0.951767716433935     
         121         116  0.964953086882774     
         122         117  0.981742054119535     
         123         117  0.981017882864712     
         124         117  0.982014134383356     
         125         118  0.982410150634934     
         126         118  0.983496412585643     
         127         118  0.978822571772695     
         128         114   1.28321297633442     
         129         128  0.982848466325714     
         130         129  0.920250142698774     
         131         130   1.63496742984837     
         132         129  0.977081586084009     
         133         132   1.00372175730746     
         134         128  0.923650884764740     
         135         129  0.949181971384584     
         136         132  0.968147430947349     
         137         132  0.966884675368781     
         138         133  0.860802078866004     
         139         130   1.31897274145172     
         140         139  0.971267336083677     
         141         140  0.970981079067499     
         142         141   1.89692531018211     
         143         140  0.942471822819285     
         144         143  0.994213750621613     
         145         143   1.00821368893482     
         146         144   1.01683642342412     
         147         139  0.895177543759113     
         148         140  0.957486690934865     
         149         143  0.959873861799499     
         150         144  0.976278920467714     
         151         144  0.974003624074964     
         152         145  0.980669744700628     
         153         145  0.982612242382486     
         154         145  0.984555050311696     
         155         146  0.984667058834405     
         156         146  0.982415907897303     
         157         146  0.985149451730029     
         159         158   1.03182698158150     
         160         159  0.960851842185153     
         161         160   1.61607776274748     
         162         158  0.953248153719706     
         163         159  0.950604410629634     
         164         159  0.957436788095182     
         165         160   1.30451448996246     
         166         165  0.993929256917963     
         167         166  0.940606758482331     
         168         167   1.60391564860947     
         169         166  0.964912626399066     
         170         169   1.00510717224140     
         171         170   1.00573607710565     
         172         171   1.01304717950263     
         173         172  0.957172699316612     
         174         165  0.892102645157621     
         175         166  0.946110409561319     
         176         169  0.971488996584665     
         177         169  0.969192753653416     
         178         170  0.976204227969881     
         179         170  0.970860614291417     
         180         171  0.959846781650912     
         181         171  0.966866133243996     
         182         172  0.965719545490810     
         183         172  0.965335253041511     
         184         173  0.893576097398180     
         185         173  0.895507002291159     
         186         173  0.893045720996622     
         187         167   1.31501604754919     
         188         187  0.982874357923743     
         189         188  0.935989884174896     
         190         189   1.61292861962064     
         191         188  0.956311175085402     
         192         191  0.988591266008055     
         193         191   1.00505160186822     
         194         187  0.852043545718097     
         195         188  0.937225873332179     
         196         191  0.959831934591117     
         197         192  0.872830060233225     
         198         193  0.982479656984239     
         199         193  0.974628697280290     
         200         193  0.981564528529800     
         201         189   1.32434841082798     
         202         201  0.986620550410555     
         203         202  0.938141134455399     
         204         203   1.64355351749536     
         205         202  0.955869774401129     
         206         205   1.00656038242012     
         207         206   1.40236326758601     
         208         206   1.41215327971827     
         209         207   1.45849871906085     
         210         208   1.44800539680821     
         211         209   1.36338834688657     
         211         210   1.37307367437842     
         212         211   1.07327843902994     
         213         201  0.896128371744107     
         214         202  0.947336314653514     
         215         205  0.969706184243095     
         216         205  0.960068153178668     
         217         207  0.961255564295356     
         218         208  0.962675782793531     
         219         209  0.967801594595910     
         220         210  0.958837573872469     
         221         212  0.859680687821913     
         222         203   1.28362364154892     
         223         222  0.967107374162221     
         224         223  0.970203497640900     
         225         224   1.88547068240595     
         226         223  0.978592384419058     
         227         222  0.920745589499794     
         228         223  0.954094599659097     
         229         226  0.977877932685837     
         230         226  0.974607980811051     
         231         226  0.979557586587002     
         233         232   1.02599721546643     
         234         233  0.938605369054356     
         235         234   1.64424371481548     
         236         233  0.969679322446954     
         237         236   1.00540049217089     
         238         237   1.00598278671421     
         239         238   1.01201961108236     
         240         239  0.953955421488284     
         241         232  0.928461234161002     
         242         233  0.949428888828102     
         243         236  0.970813290028706     
         244         236  0.971702342927531     
         245         237  0.972692550350326     
         246         237  0.973280478776497     
         247         238  0.964216422193006     
         248         238  0.967975649891240     
         249         239  0.965767364239322     
         250         239  0.966184453243485     
         251         240  0.896360534586460     
         252         240  0.892835753404974     
         253         240  0.898700858822895     
         254         234   1.28094543491786     
         255         254  0.993575008911008     
         256         255  0.971233291678177     
         257         256   1.87013750967555     
         258         255  0.971649303734095     
         259         254  0.912028918505224     
         260         255  0.944731285837541     
         261         258  0.981317898207021     
         262         258  0.975824301391625     
         263         258  0.982129344336230     
         265         264   1.02035604121063     
         266         265  0.976141142249411     
         267         266   1.90334196532147     
         268         265  0.940184212370725     
         269         268   1.01375705418679     
         270         269   1.27395038436818     
         271         269   1.55215448067492     
         272         270   1.54417453762381     
         273         271   1.20536225082044     
         273         272   1.26727151556023     
         274         264  0.907727745675327     
         275         265  0.961429443859916     
         276         268  0.960621707354002     
         277         268  0.970907199211460     
         278         271  0.961906238371018     
         279         272  0.965256139168969     
         280         273  0.939042089203314     
         282         281   1.02741531051351     
         283         282  0.978714243655293     
         284         283   1.88232124199441     
         285         282  0.944518599770567     
         286         285   1.01066626822756     
         287         286   1.41125003864471     
         288         286   1.40506067116739     
         289         287   1.43854568560507     
         290         288   1.44880075684350     
         291         289   1.44219530709998     
         291         290   1.43300007259098     
         292         281  0.948694153782618     
         293         282  0.939040044555248     
         294         285  0.969634770211222     
         295         285  0.965620914303611     
         296         287  0.967338348147499     
         297         288  0.968114992501590     
         298         289  0.968970884659842     
         299         290  0.967863911718432     
         300         291  0.969003754757566     
         302         301  0.998127998640342     
         303         302  0.945822001318965     
         304         303   1.61099903182661     
         305         302  0.971591291057102     
         306         305   1.00730906953005     
         307         301   1.00333062422677     
         307         306   1.00526444249641     
         308         302  0.956190478365364     
         309         305  0.978586642530636     
         310         305  0.975001400083447     
         311         306  0.976508553409157     
         312         306  0.977255532228807     
         313         307  0.974706272535648     
         314         307  0.975904635322746     
         315         303   1.30545722584248     
         316         315  0.991928922443610     
         317         316  0.930390344218623     
         318         317   1.63946326445945     
         319         316  0.976577719226093     
         320         319  0.910108998449418     
         321         320   1.48750772380675     
         322         320   1.51439603302379     
         323         315  0.877780507590030     
         324         316  0.953189679117124     
         325         319  0.980289132118855     
         326         319  0.968354957465286     
         327         317   1.29689183190196     
         328         327  0.980227749808101     
         329         328  0.949716585017904     
         330         329   1.63257346562718     
         331         328  0.956733897882291     
         332         331  0.994694191630630     
         333         332   1.01009919829339     
         334         332   1.00557789933821     
         335         327  0.909496758346790     
         336         328  0.949503683990212     
         337         331  0.969770639772489     
         338         331  0.971481612807843     
         339         332  0.964107364326388     
         340         333  0.983109171999838     
         341         333  0.982859053807206     
         342         333  0.986419487808567     
         343         334  0.981366210462964     
         344         334  0.985645008218253     
         345         334  0.983084466548129     
         346         329   1.29901538337876     
         347         346  0.984672327423259     
         348         347  0.928372518450100     
         349         348   1.65102820669070     
         350         347  0.991379550855200     
         351         346  0.921209027277965     
         352         347  0.952881724299161     
         353         350  0.980913759012638     
         354         350  0.981785031843079     
         355         350  0.982450779745576     
         356         348   1.29031837643444     
         357         356  0.983603554484322     
         358         357  0.930708826138942     
         359         358   1.64263444479409     
         360         357  0.976336757773508     
         361         360  0.996935693299021     
         362         361  0.917633169893216     
         363         362   1.45819349927838     
         364         362   1.52862946431525     
         365         356  0.930424509275407     
         366         357  0.943701229316424     
         367         360  0.976011755764107     
         368         360  0.969318249433208     
         369         361  0.972207702917708     
         370         361  0.975911048788357     
         371         358   1.29707805617383     
         372         371  0.977604695496596     
         373         372  0.932258595179269     
         374         373   1.65494525357217     
         375         372  0.993468718750007     
         376         371  0.905712781967448     
         377         372  0.950153270124209     
         378         375  0.978705080572149     
         379         375  0.977820360024872     
         380         375  0.984159472319822     
         381         373   1.27866439344767     
         382         381  0.978697214498134     
         383         382  0.929408779044489     
         384         383   1.65475893914169     
         385         382  0.994856113563629     
         386         381  0.918072563863394     
         387         382  0.956787316408805     
         388         385  0.980043553680557     
         389         385  0.980051339389854     
         390         385  0.980392397150132     
         391         383   1.28743727340603     
         392         391  0.985797146532590     
         393         392  0.979356651183178     
         394         393   1.90450490177441     
         395         392  0.973656803267815     
         396         391  0.923745107736603     
         397         392  0.930353474439932     
         398         395  0.979004657112239     
         399         395  0.980041469008436     
         400         395  0.983503180546093     
         402         401   1.01720729871828     
         403         402  0.968089060434191     
         404         403   1.90871868361087     
         405         402  0.936703881128978     
         406         405  0.982988921277216     
         407         405   1.00070887521086     
         408         401  0.926929395940293     
         409         402  0.967259085856476     
         410         405  0.957396478662857     
         411         406  0.872364757827119     
         412         407  0.982960089914670     
         413         407  0.981173312310901     
         414         407  0.983377794276725     
         415           1  0.953161925029275     
         416          48  0.952131011927356     
         417          60  0.952329508024515     
         418          72  0.952765560875654     
         419          89  0.952484206848002     
         420          91  0.954958547549485     
         421          96  0.945802138616009     
         422         141  0.951375869564301     
         423         158  0.950511183331198     
         424         224  0.953172033219913     
         425         232  0.948416198142399     
         426         256  0.952001511312449     
         427         264  0.955167821364239     
         428         266  0.955424311909213     
         429         281  0.957018703652697     
         430         283  0.951462345868326     
         431         301  0.958771817387118     
         432         393  0.951196485779952     
         433         401  0.955083761210333     
         434         403  0.953697055442005     
