   -0.39275360
    0.02118301
    0.25486122
   -0.48786028
   -0.07430565
   -0.01106930
   -0.11153559
   -0.11586533
    0.16160379
    0.05506195
    0.04422867
    0.05185751
    0.03491372
    0.03301454
    0.03646993
    0.03461584
    0.03663281
    0.04608846
    0.04152131
   -0.16845004
    0.00684662
    0.27193303
   -0.48230516
   -0.07091128
   -0.10635884
    0.29088052
   -0.50886061
   -0.29078137
    0.21996556
    0.09332545
    0.06906869
    0.06708429
    0.07535048
    0.08198187
    0.23415601
    0.22462718
   -0.18185074
    0.01115105
    0.27864647
   -0.48977470
   -0.08544396
   -0.07989891
   -0.03194475
   -0.14591884
    0.23815041
   -0.26809949
   -0.27528507
    0.21742317
    0.09048991
    0.07984731
    0.06657468
    0.07682979
    0.05802414
    0.09693215
    0.08076088
    0.23171631
    0.25386737
    0.22063630
    0.24819472
    0.24219799
   -0.17661101
    0.02063330
    0.28223234
   -0.49755650
   -0.02707322
   -0.11781048
   -0.12064639
    0.20181577
    0.06677026
    0.06682288
    0.06155500
    0.04337109
    0.04290400
    0.05775777
    0.04843600
    0.04146012
   -0.18334798
    0.02494056
    0.28268786
   -0.48499891
   -0.09077921
   -0.08754371
   -0.02959147
   -0.14642663
    0.23289320
   -0.25568134
   -0.25943607
    0.23365845
    0.06584038
    0.08465125
    0.06187185
    0.06150466
    0.07691035
    0.09162695
    0.08373434
    0.22339327
    0.23955462
    0.25393640
    0.23307026
    0.23998518
   -0.16564273
    0.03526034
    0.20773940
   -0.37469973
   -0.04983101
   -0.09360620
    0.36823551
   -0.62105152
   -0.60165932
    0.21470907
    0.07515019
    0.06711915
    0.03727204
    0.02665121
    0.04308689
   -0.41208993
    0.04174124
    0.27120246
   -0.52215729
   -0.12288616
    0.18613952
    0.02414920
    0.04470859
    0.05898385
    0.06621532
   -0.16686484
    0.02906650
    0.21955542
   -0.38469692
   -0.01740711
   -0.11662609
   -0.12681285
    0.23010916
    0.07263473
    0.05365132
    0.05995749
    0.02905056
    0.05088818
    0.05803933
    0.05212667
    0.06301439
   -0.39307944
    0.03495634
    0.19543711
   -0.38455841
   -0.06971569
   -0.01205479
   -0.11721587
   -0.11883684
    0.15490919
    0.08489720
    0.03401356
    0.05420429
    0.02896518
    0.03895707
    0.03972575
    0.04685817
    0.03911545
    0.04815460
    0.04445258
   -0.39303673
    0.03475807
    0.20544538
   -0.38032966
   -0.06769167
   -0.01060255
   -0.12330004
   -0.11403154
    0.16590789
    0.06313871
    0.05287321
    0.04888986
    0.01117476
    0.04269357
    0.03996905
    0.05303237
    0.03886935
    0.04782813
    0.03581304
   -0.37908433
    0.03032020
    0.19959541
   -0.38529497
   -0.01908060
   -0.11375683
   -0.10634768
    0.15840487
    0.07855683
    0.03702721
    0.04189081
    0.04216415
    0.04664067
    0.04128419
    0.04098032
    0.03017963
   -0.39143623
    0.01688426
    0.26874172
   -0.47712785
    0.11107960
   -0.47556215
   -0.15329966
    0.16493880
    0.03218281
    0.04674375
    0.32665513
    0.07569467
    0.05980991
    0.05949938
   -0.17650045
    0.02067115
    0.27137677
   -0.45125816
   -0.06153687
   -0.09535141
    0.37041869
   -0.63559711
   -0.65906674
    0.20652171
    0.06221848
    0.06862292
    0.05114263
    0.01446334
    0.02477556
   -0.16396104
    0.02657433
    0.26517637
   -0.46557651
   -0.10642675
    0.28755654
   -0.51104981
   -0.28363096
    0.20323822
    0.07405034
    0.08896252
    0.09808835
    0.22932342
    0.22814106
   -0.09080042
    0.01166696
    0.27768761
   -0.46910503
   -0.07671125
   -0.07236929
   -0.01781194
    0.08974013
    0.06786614
    0.07998937
    0.05155693
    0.07276084
    0.06153182
    0.08075298
   -0.18003568
    0.02107066
    0.28293952
   -0.49243957
   -0.07770156
   -0.01251847
   -0.11948672
   -0.12057213
    0.20752691
    0.07429146
    0.05497713
    0.05701995
    0.03366408
    0.04476660
    0.04179542
    0.04694007
    0.04968463
    0.04834381
    0.03899280
   -0.18482979
    0.02552300
    0.27653435
   -0.50385225
   -0.07624601
   -0.10853745
    0.28268970
   -0.50354319
   -0.28124408
    0.22222911
    0.06148781
    0.08664534
    0.07161022
    0.09831882
    0.06638058
    0.22838947
    0.23713078
   -0.17113372
    0.01275371
    0.26883459
   -0.49675699
   -0.08543895
   -0.08157904
   -0.09465395
   -0.04650400
   -0.15114626
    0.22647474
    0.08221158
    0.07669913
    0.07373428
    0.06698174
    0.06059118
    0.07882874
    0.08317300
    0.11749668
    0.10612795
    0.27895148
    0.29072681
    0.28292472
   -0.18118883
    0.01872056
    0.27677607
   -0.49463245
   -0.02765895
   -0.07250935
   -0.11724500
   -0.10330824
    0.23141994
    0.07582128
    0.04647277
    0.05730755
    0.05685717
    0.06279851
    0.03314981
    0.05493625
    0.04645653
    0.02755810
    0.03373835
   -0.19460996
    0.04001053
    0.27562819
   -0.50329015
   -0.10228698
    0.37108906
   -0.61275352
   -0.60509242
    0.22761349
    0.06267378
    0.04616505
    0.02700699
   -0.18698275
    0.02671977
    0.27537527
   -0.50705300
   -0.13810754
    0.22552587
    0.06045321
    0.07246063
    0.07534102
    0.07870028
   -0.18090102
    0.02765762
    0.27844894
   -0.50623386
   -0.13204650
    0.23742359
    0.06105649
    0.06672648
    0.07914749
    0.07526821
   -0.18231657
    0.02564638
    0.27973591
   -0.51951270
   -0.07853621
   -0.01654607
   -0.13071456
   -0.11585678
    0.22509212
    0.07375086
    0.06073053
    0.05023905
    0.04784871
    0.06132746
    0.04833229
    0.05144155
    0.05466654
    0.04166384
    0.02703757
   -0.19566902
    0.03169638
    0.28622400
   -0.51226289
   -0.13241569
    0.23474274
    0.05683875
    0.06332358
    0.06848666
    0.07421539
   -0.17456649
    0.03375626
    0.21578175
   -0.36765040
   -0.06708879
   -0.10558235
    0.29177838
   -0.49763353
   -0.29373645
    0.22547837
    0.07543626
    0.08260882
    0.06042365
    0.07621092
    0.08236152
    0.22230863
    0.23815112
    0.17901432
    0.07447490
    0.16930771
    0.05693208
    0.18745850
    0.06484275
    0.18399381
    0.06029516
    0.18210087
    0.07439362
    0.18540153
    0.06731522
