   -0.39846800
    0.02727670
    0.26809940
   -0.50127740
   -0.01477472
   -0.12586614
   -0.11720852
    0.16481262
    0.03378636
    0.03609610
    0.04575243
    0.04350539
    0.05854886
    0.03927534
    0.05322300
    0.04054120
   -0.16665632
    0.02237586
    0.27200849
   -0.47562063
   -0.07320845
    0.01090489
   -0.03533288
   -0.04166509
   -0.03182026
   -0.03303047
   -0.03605675
    0.21944575
    0.08837069
    0.05783705
    0.06887250
    0.03832850
    0.03837572
    0.03944165
    0.03527584
    0.03386427
   -0.17118635
    0.01690442
    0.27190212
   -0.48240479
   -0.07098597
   -0.01425477
   -0.11856664
   -0.10727115
    0.19631100
    0.10054822
    0.04711489
    0.06226190
    0.03876751
    0.04732482
    0.04604155
    0.03688048
    0.04420397
    0.02891182
    0.03639671
   -0.17134773
    0.00228148
    0.27710772
   -0.46618028
    0.06875738
   -0.46903865
    0.20845339
    0.08885738
    0.05750606
    0.04274012
    0.33636414
   -0.18334446
    0.00516302
    0.27261933
   -0.46469672
    0.07128779
   -0.47040637
    0.20511542
    0.07756290
    0.06009380
    0.04304657
    0.33260165
   -0.18991102
    0.01728157
    0.26261605
   -0.48671459
   -0.12140537
    0.21464026
    0.08275502
    0.06975701
    0.06261667
    0.05202605
   -0.16438933
   -0.00165633
    0.26036704
   -0.45758223
   -0.07885200
   -0.04042136
   -0.01168887
   -0.02041697
   -0.10756639
    0.04433651
   -0.04185152
   -0.05125169
   -0.04642064
   -0.03982181
    0.22485889
    0.11015489
    0.07162665
    0.07225469
    0.03360119
    0.18869868
    0.03861676
    0.02200086
    0.01989187
    0.01708583
   -0.17074511
    0.01434789
    0.18917143
   -0.35236139
   -0.12196793
    0.22373547
    0.12302746
    0.06953950
    0.06794204
    0.06122233
   -0.40066880
    0.04098339
    0.20343987
   -0.39480176
   -0.07742999
   -0.01000125
   -0.10980332
   -0.11797567
    0.18044694
    0.04656559
    0.06526852
    0.05618075
    0.01437083
    0.03582751
    0.02929653
    0.04610369
    0.03837030
    0.05643153
    0.04126456
   -0.40005605
    0.03553488
    0.26655021
   -0.46802764
   -0.07192015
    0.01062621
   -0.04080147
   -0.04106159
   -0.03160330
   -0.03337036
   -0.03466314
    0.16170010
    0.05291536
    0.04710617
    0.05354094
    0.04633452
    0.02688262
    0.04134295
    0.02899292
    0.03084276
   -0.18095374
    0.00668592
    0.28854630
   -0.47842823
    0.06831733
   -0.46664817
    0.20818051
    0.08673997
    0.07872208
    0.05285157
    0.31511729
   -0.17220582
    0.02255958
    0.26269395
   -0.48286761
   -0.04788346
   -0.09752022
    0.37089282
   -0.64564244
   -0.65950028
    0.18793995
    0.07691953
    0.02502033
    0.06865075
    0.02850320
    0.02151636
   -0.17390724
    0.01138450
    0.26652757
   -0.45867986
   -0.01958296
   -0.11660745
   -0.12365485
    0.21285140
    0.09039223
    0.07014476
    0.05241529
    0.04527715
    0.02859792
    0.04901009
    0.05930136
    0.03939411
   -0.16580147
    0.01964571
    0.26651670
   -0.50212814
   -0.06760281
   -0.03715621
   -0.02075903
   -0.02128187
   -0.09932890
    0.03865675
   -0.03621428
   -0.05521134
   -0.03763784
   -0.03653018
    0.19301594
    0.07792364
    0.06157536
    0.05288073
    0.04986084
    0.18980225
    0.02772309
    0.04015995
    0.00338038
    0.02075320
   -0.16537466
    0.00853412
    0.25608421
   -0.49975371
   -0.08469248
   -0.08659002
   -0.09574036
   -0.05257316
   -0.14594969
    0.24424308
    0.08391663
    0.08257338
    0.07393988
    0.05567659
    0.08005021
    0.08541987
    0.07090595
    0.10666065
    0.11831378
    0.28953170
    0.29533256
    0.30319393
   -0.07761017
    0.01981275
    0.27797545
   -0.44779529
   -0.06665648
   -0.07338877
   -0.02468655
    0.05432113
    0.05648084
    0.04911885
    0.07594431
    0.05851591
    0.08070067
    0.09178431
   -0.18480089
    0.01895959
    0.26445682
   -0.51679104
    0.05953664
   -0.46764625
    0.18461258
    0.08673492
    0.06964059
    0.04952096
    0.33554150
   -0.06260088
    0.01914201
    0.27862614
   -0.49507488
   -0.06435950
   -0.06703848
   -0.01302157
    0.06147661
    0.05148536
    0.05331084
    0.06522905
    0.06554564
    0.06519164
    0.09008949
   -0.18547744
    0.03200819
    0.19233056
   -0.35252176
   -0.05913066
   -0.08959213
    0.28931296
   -0.49156833
   -0.29050520
    0.22962289
    0.08959061
    0.06132850
    0.06617087
    0.06102579
    0.07079210
    0.22415528
    0.23339360
   -0.39215412
    0.03341073
    0.20633283
   -0.36259874
   -0.01390824
   -0.11556664
   -0.11156664
    0.16389875
    0.05457187
    0.03999624
    0.05651310
    0.02886183
    0.04648221
    0.05854969
    0.04357055
    0.03186608
   -0.38476532
    0.04513510
    0.26712786
   -0.52110797
   -0.06503027
    0.00416127
   -0.04509239
   -0.04505829
   -0.03265783
   -0.03566482
   -0.03668416
    0.15540877
    0.02742162
    0.04552415
    0.03904068
    0.04239530
    0.03581226
    0.03602395
    0.03841424
    0.04448154
   -0.07896081
    0.02704112
    0.21260363
   -0.37257354
   -0.06848215
   -0.07959102
   -0.02116630
    0.06810219
    0.06731235
    0.07716951
    0.09434564
    0.07896910
    0.07289168
    0.07307289
   -0.39988920
    0.02256493
    0.27053925
   -0.49780249
   -0.08004220
   -0.07278444
   -0.09916388
   -0.04981060
   -0.15149361
    0.15890648
    0.05958696
    0.04183558
    0.04563772
    0.05453077
    0.05158780
    0.08297242
    0.08327533
    0.11009894
    0.10618972
    0.30375075
    0.29896822
    0.30273804
   -0.18149188
    0.01122625
    0.26595005
   -0.47089669
   -0.01851942
   -0.12122678
   -0.12135578
    0.22671255
    0.07465391
    0.04777958
    0.05684082
    0.03532265
    0.04028772
    0.05118572
    0.04046975
    0.05669502
   -0.16870095
    0.01012255
    0.26473661
   -0.49458555
   -0.07903160
   -0.00517880
   -0.05134135
   -0.04494621
   -0.06276083
   -0.07393256
    0.13806352
   -0.41616859
    0.21980595
    0.09579727
    0.07976735
    0.06098580
    0.05885382
    0.04376507
    0.04982269
    0.03776543
    0.32439282
   -0.19669087
    0.01117732
    0.28089083
   -0.48575183
   -0.08896065
   -0.08289948
   -0.02617737
   -0.15655149
    0.23528324
   -0.25883410
   -0.26205724
    0.25177758
    0.08041344
    0.08301521
    0.07178837
    0.07769519
    0.04800819
    0.07528341
    0.08964756
    0.23001306
    0.23181311
    0.24100538
    0.23445409
    0.24775585
   -0.17221010
    0.02229315
    0.27142746
   -0.49277149
   -0.07386488
   -0.00384446
   -0.03891022
   -0.04399682
   -0.06051277
   -0.07679582
    0.14542986
   -0.43112910
    0.20066774
    0.07674575
    0.06140780
    0.06585597
    0.01710481
    0.05435625
    0.04512025
    0.05917530
    0.35399296
   -0.17895013
    0.03037121
    0.28378007
   -0.47632864
   -0.10450530
    0.28376975
   -0.49791772
   -0.27322543
    0.22244266
    0.07333243
    0.08378140
    0.08910219
    0.23891007
    0.23696476
   -0.18142750
    0.03567358
    0.21484385
   -0.38037495
   -0.13658692
    0.22477004
    0.06961936
    0.07207366
    0.08875771
    0.08303188
   -0.40554400
    0.04298319
    0.26862314
   -0.51025270
   -0.06272229
   -0.00871227
   -0.11994286
   -0.11318205
    0.18018319
    0.03010181
    0.03823080
    0.03705566
    0.03662007
    0.04801363
    0.04828035
    0.04753717
    0.05109795
    0.03802034
    0.02434061
   -0.17906866
    0.04647481
    0.21504015
   -0.36132004
   -0.10079268
    0.36967931
   -0.59883015
   -0.61567686
    0.23270039
    0.08223620
    0.05669948
    0.03635365
   -0.41110839
    0.03319798
    0.27192557
   -0.49463203
   -0.02118625
   -0.12497345
   -0.10974711
    0.17387432
    0.03261761
    0.03316052
    0.06170259
    0.03721202
    0.04696853
    0.04794159
    0.04573565
    0.03407708
   -0.17755490
    0.02006865
    0.20228021
   -0.34962814
    0.11741526
   -0.45481197
   -0.13312568
    0.23484517
    0.08903387
    0.02743476
    0.32625654
    0.06488137
    0.04546576
    0.07342206
   -0.40419557
    0.04675661
    0.20150481
   -0.39745902
   -0.06692770
   -0.01047139
   -0.11996006
   -0.11133659
    0.18598687
    0.03957869
    0.05368984
    0.03528850
    0.04664436
    0.05322352
    0.03522914
    0.04724898
    0.04209194
    0.03791998
    0.02971456
   -0.38789504
   -0.01769875
    0.18949914
   -0.37492814
    0.17087215
    0.08853887
    0.09195381
   -0.39468634
    0.04366168
    0.19494337
   -0.34941569
   -0.06279112
    0.00356944
   -0.04075246
   -0.04049577
   -0.06370345
   -0.07356976
    0.13677241
   -0.43793465
    0.19138572
    0.04822432
    0.05640927
    0.03666611
    0.05697165
    0.03276815
    0.04616496
    0.04257338
    0.35047207
   -0.38757339
    0.04689003
    0.20309074
   -0.38408174
   -0.07238244
    0.00923950
   -0.03541135
   -0.04147895
   -0.03133036
   -0.03340483
   -0.03585228
    0.16917323
    0.05033208
    0.06328498
    0.05406673
    0.04321893
    0.02942463
    0.03993947
    0.03059643
    0.03384205
    0.18073108
    0.10060178
    0.18673507
    0.07011725
    0.18061605
    0.08392653
    0.18569701
    0.07206024
    0.16714647
    0.06392612
    0.18367283
    0.08301821
    0.16762820
    0.04918883
    0.17258875
    0.06640580
    0.17281386
    0.06722578
    0.18175058
    0.06808625
    0.17073506
    0.05971861
    0.17995011
    0.07191052
