           2           1   1.01424473577950     
           3           2  0.949791598877837     
           4           3   1.58473768577833     
           5           2  0.955664797527827     
           6           5   1.01095006676790     
           7           5   1.00904884315238     
           8           1  0.950729940658575     
           9           2  0.959566767978294     
          10           5  0.964922934047254     
          11           6  0.983760309965121     
          12           6  0.981422850300549     
          13           6  0.977653732564358     
          14           7  0.985610503711532     
          15           7  0.982146320792282     
          16           7  0.985325357027020     
          17           3   1.31464158042493     
          18          17  0.985197328192858     
          19          18  0.933923433804456     
          20          19   1.62329191856122     
          21          18  0.964473655359813     
          22          21   1.00726161976103     
          23          22   1.41146825473725     
          24          22   1.41629569459061     
          25          23   1.44641283716579     
          26          24   1.44185585650730     
          27          25   1.43747085957425     
          27          26   1.44032726508252     
          28          17  0.912732792822292     
          29          18  0.941728400454042     
          30          21  0.968736537675053     
          31          21  0.955547706367200     
          32          23  0.963811274788116     
          33          24  0.967277561100358     
          34          25  0.969911385439327     
          35          26  0.970920517904554     
          36          27  0.971220796510996     
          37          19   1.29696054401968     
          38          37  0.984226745613977     
          39          38  0.936345461197295     
          40          39   1.64552189655422     
          41          38  0.979693560420080     
          42          41  0.994313677631572     
          43          42   1.00785093577494     
          44          42   1.00923810749837     
          45          37  0.922483834547238     
          46          38  0.930303427275077     
          47          41  0.974018027899242     
          48          41  0.967663828003962     
          49          42  0.967362403784646     
          50          43  0.985453653867744     
          51          43  0.985496410731536     
          52          43  0.985919967603041     
          53          44  0.984860504575065     
          54          44  0.983005579080638     
          55          44  0.981270570086402     
          56          39   1.28587926363117     
          57          56  0.994663497872942     
          58          57  0.934419875921554     
          59          58   1.64056805884041     
          60          57  0.960449711096564     
          61          60   1.02164353630106     
          62          56  0.908158902063032     
          63          57  0.937894230899761     
          64          60  0.964000537133950     
          65          60  0.966708852261926     
          66          61  0.835922927260490     
          67          58   1.28934879637341     
          68          67  0.968463387486980     
          69          68  0.922542544149800     
          70          69   1.66307834575483     
          71          68  0.974627035284117     
          72          71   1.02051184166844     
          73          67  0.922686067298019     
          74          68  0.947327253110944     
          75          71  0.967288039847429     
          76          71  0.967809898120069     
          77          72  0.827324483424236     
          78          69   1.28697100595642     
          79          78  0.979646548006091     
          80          79  0.946344999680066     
          81          80   1.57314019263327     
          82          79  0.985199153044160     
          83          78  0.903966886272758     
          84          79  0.936174670980913     
          85          82  0.974808037424585     
          86          82  0.979059043884654     
          87          82  0.983653873166925     
          88          80   1.34468416420625     
          89          88  0.976075734155663     
          90          89  0.941004314178107     
          91          90   1.63754106913487     
          92          89  0.945497332372140     
          93          92   1.01807521847535     
          94          93   1.56284441183516     
          95          93   1.20744762136092     
          96          94   1.21256344064650     
          97          95   1.24287229260366     
          97          96   1.18995719377136     
          98          95   1.32961833325144     
          99          97   1.33382320615479     
         100          98   1.50190698176105     
         101          99   1.49673863245265     
         101         100   1.36340030489139     
         102          88  0.887363151607268     
         103          89  0.938907371911371     
         104          92  0.967841408860366     
         105          92  0.961320073241329     
         106          94  0.966806996290969     
         107          96  0.919573014618977     
         108          98  0.962949948812192     
         109          99  0.962454573520820     
         110         100  0.966064293292091     
         111         101  0.970184925118810     
         112          90   1.29568344710772     
         113         112  0.989980663737634     
         114         113  0.989918510312368     
         115         114   1.87995328410645     
         116         113  0.960410305833001     
         117         112  0.892929488208498     
         118         113  0.931723424089022     
         119         116  0.979051110493005     
         120         116  0.975800351512288     
         121         116  0.976883365681615     
         123         122   1.00926379866200     
         124         123  0.971425585108939     
         125         124   1.88762959648687     
         126         123  0.966479530856349     
         127         126  0.994561916096658     
         128         127   1.00897552829812     
         129         127   1.00786743170942     
         130         122  0.948796837437898     
         131         123  0.960734308899011     
         132         126  0.967630668605670     
         133         126  0.972549795555604     
         134         127  0.967853071308332     
         135         128  0.984785705963975     
         136         128  0.984792646747484     
         137         128  0.979394401072262     
         138         129  0.986210721271181     
         139         129  0.984164308444415     
         140         129  0.984955103117691     
         142         141   1.01218887562205     
         143         142  0.938754557174741     
         144         143   1.61875946234286     
         145         142  0.960767929948646     
         146         145   1.00990082116183     
         147         146   1.40515196355621     
         148         146   1.41946181238915     
         149         147   1.45241269722503     
         150         148   1.43754405630654     
         151         149   1.43258736817949     
         151         150   1.44476157300310     
         152         141  0.952309348325487     
         153         142  0.962787799162308     
         154         145  0.969612678433769     
         155         145  0.963567553123113     
         156         147  0.967179530896674     
         157         148  0.969008763881740     
         158         149  0.969402012605169     
         159         150  0.971352213707341     
         160         151  0.971454165291248     
         161         143   1.29269545579614     
         162         161  0.981273161572661     
         163         162  0.933882001639821     
         164         163   1.63877453535958     
         165         162  0.968385701330094     
         166         165   1.00783715392388     
         167         161  0.921110929245205     
         168         162  0.944634565938264     
         169         165  0.967462822427946     
         170         165  0.959141486147880     
         171         166  0.877523993821672     
         172         163   1.29230283072403     
         173         172  0.981559443797890     
         174         173  0.939010140370676     
         175         174   1.60668011621884     
         176         173  0.975726763600028     
         177         176   1.00394865591177     
         178         177  0.910875496032556     
         179         178   1.50257758790617     
         180         178   1.49724254176425     
         181         172  0.923981510335680     
         182         173  0.941375071301247     
         183         176  0.973901109335169     
         184         176  0.970798944501682     
         185         177  0.972172698855183     
         186         177  0.976751296660577     
         187         174   1.32473269402002     
         188         187  0.977646873197502     
         189         188  0.939605917511109     
         190         189   1.63614561987849     
         191         188  0.958518698498155     
         192         191   1.00863820113608     
         193         191   1.01043916635233     
         194         187  0.893844589082748     
         195         188  0.942076266017643     
         196         191  0.962125963926295     
         197         192  0.983256322947160     
         198         192  0.985768667373257     
         199         192  0.984747282511791     
         200         193  0.977995837754318     
         201         193  0.973172739579878     
         202         193  0.980826722600184     
         203         189   1.29446902019658     
         204         203  0.974082313173758     
         205         204  0.928556866375515     
         206         205   1.59273661592484     
         207         204  0.974513246639260     
         208         207   1.01387709265252     
         209         208   1.57057731182870     
         210         208   1.21034483155578     
         211         209   1.20231640426408     
         212         210   1.24456936288459     
         212         211   1.18669394395896     
         213         210   1.32585207905537     
         214         212   1.33427149777656     
         215         213   1.50789011007469     
         216         214   1.49626984216080     
         216         215   1.36731941750163     
         217         203  0.925311861344211     
         218         204  0.949744862410932     
         219         207  0.968603856308539     
         220         207  0.960883850913369     
         221         209  0.966157293740300     
         222         211  0.936407595003114     
         223         213  0.966013716923368     
         224         214  0.967077968123844     
         225         215  0.967612510586427     
         226         216  0.969765673251248     
         227         205   1.34394096148556     
         228         227  0.985049270618676     
         229         228  0.946006780570444     
         230         229   1.58401123003236     
         231         228  0.964974469987412     
         232         231   1.00528144324810     
         233         232   1.00766263521095     
         234         233   1.01145927111569     
         235         234  0.950443735561213     
         236         227  0.878053986023483     
         237         228  0.933156421856401     
         238         231  0.968588996946880     
         239         231  0.966976717761483     
         240         232  0.973896163505553     
         241         232  0.968206335200217     
         242         233  0.968403616913669     
         243         233  0.960874240904640     
         244         234  0.966943257565923     
         245         234  0.955327374538628     
         246         235  0.903047974736333     
         247         235  0.895355835166336     
         248         235  0.893650925717746     
         249         229   1.30447786910676     
         250         249  0.971781745323200     
         251         250  0.940034883421484     
         252         251   1.66902474741028     
         253         250  0.973738298165582     
         254         253   1.00249469398427     
         255         249  0.974296304906642     
         255         254   1.00528872241423     
         256         250  0.950710071194837     
         257         253  0.976058057093790     
         258         253  0.978180875101809     
         259         254  0.973123859320663     
         260         254  0.977184912474216     
         261         255  0.958597320356829     
         262         255  0.957260809148001     
         263         251   1.26546002754603     
         264         263  0.968762029145943     
         265         264  0.941254804929692     
         266         265   1.59563325771514     
         267         264  0.971973573405246     
         268         267   1.00320335261791     
         269         263  0.934620686949966     
         270         264  0.954834768109769     
         271         267  0.963952154971446     
         272         267  0.958761808876230     
         273         268  0.870446571093558     
         274         265   1.31916894935163     
         275         274  0.968943664822542     
         276         275  0.935980347032971     
         277         276   1.62514249147862     
         278         275  0.975507630418816     
         279         278   1.00197959054072     
         280         274  0.972955195500298     
         280         279   1.00431394476410     
         281         275  0.954050136093100     
         282         278  0.972848244726280     
         283         278  0.977873111180304     
         284         279  0.973039806428367     
         285         279  0.972275931663053     
         286         280  0.959234130908251     
         287         280  0.957640654340398     
         288         276   1.30851938447019     
         289         288  0.995912191963287     
         290         289  0.988840799026624     
         291         290   1.87214422208436     
         292         289  0.943715213608923     
         293         292  0.988283750622567     
         294         293  0.963787947745671     
         295         294   1.65510238401431     
         296         294   1.29892969853338     
         297         288  0.872705301551604     
         298         289  0.931855452411212     
         299         292  0.971847798869912     
         300         292  0.972627414981699     
         301         293  0.971872663655272     
         302         293  0.962000629841492     
         303         296  0.930415804184099     
         304         296  0.924421230824462     
         306         305   1.00434783607309     
         307         306  0.985069795016734     
         308         307   1.87288432797758     
         309         306  0.942684635941184     
         310         309   1.00787119564481     
         311         309   1.01028584562739     
         312         305  0.926310751056059     
         313         306  0.962170294769206     
         314         309  0.962697670701695     
         315         310  0.984678847914439     
         316         310  0.983614875483664     
         317         310  0.985165432806791     
         318         311  0.979754387095318     
         319         311  0.985476421665596     
         320         311  0.972111033498807     
         322         321   1.01162541346153     
         323         322  0.934366776240765     
         324         323   1.61125514531482     
         325         322  0.961361712822303     
         326         325   1.00962126760613     
         327         326   1.40436973289611     
         328         326   1.41771743657038     
         329         327   1.44767115139550     
         330         328   1.43722574583074     
         331         329   1.43285604311168     
         331         330   1.44243980942356     
         332         321  0.955846341979432     
         333         322  0.960334542616425     
         334         325  0.965005612547587     
         335         325  0.969952656449921     
         336         327  0.960054323070440     
         337         328  0.963348756863201     
         338         329  0.970487717235745     
         339         330  0.968541274197986     
         340         331  0.963337612977769     
         341         323   1.30359194620717     
         342         341  0.967469276470440     
         343         342  0.987550874613951     
         344         343   1.88082298682266     
         345         342  0.954822657520586     
         346         345   1.00088273044407     
         347         341  0.965940340356590     
         347         346   1.00310548507142     
         348         342  0.949270915254900     
         349         345  0.974207432109997     
         350         345  0.973573066970477     
         351         346  0.969456574124269     
         352         346  0.975773191088065     
         353         347  0.961741715761165     
         354         347  0.965449644864525     
         356         355   1.02536970166652     
         357         356  0.942548617599549     
         358         357   1.62035954121344     
         359         356  0.962390841855591     
         360         359   1.00525089944222     
         361         360   1.00555068913937     
         362         361   1.00898340489080     
         363         362  0.957560376073116     
         364         355  0.940121286755982     
         365         356  0.953130557141396     
         366         359  0.971562043201996     
         367         359  0.967630777072711     
         368         360  0.962663954858117     
         369         360  0.970672604119563     
         370         361  0.969641861530610     
         371         361  0.966599540049027     
         372         362  0.963170178187105     
         373         362  0.964828791710386     
         374         363  0.894268362004887     
         375         363  0.896181156240952     
         376         363  0.892681144248350     
         377         357   1.30236947201644     
         378         377  0.984931347392767     
         379         378  0.934257813913990     
         380         379   1.60956361526807     
         381         378  0.960801072055219     
         382         381   1.00862254277548     
         383         381   1.00787620224385     
         384         377  0.888871142614529     
         385         378  0.949563482427977     
         386         381  0.958797915500333     
         387         382  0.982172905994511     
         388         382  0.984265369859496     
         389         382  0.983870428446599     
         390         383  0.982106435638322     
         391         383  0.986238926459551     
         392         383  0.983517614279398     
         393         379   1.31467425801165     
         394         393  0.980889391656313     
         395         394  0.928623636205594     
         396         395   1.60707019742857     
         397         394  0.973606234720687     
         398         397   1.01139502372057     
         399         398   1.40231901057334     
         400         398   1.40642932084749     
         401         399   1.45480053208736     
         402         400   1.45278963530319     
         403         401   1.36449415003053     
         403         402   1.36932185955508     
         404         403   1.06636533006357     
         405         393  0.902213709317215     
         406         394  0.946045656229887     
         407         397  0.942198776282647     
         408         397  0.962605264577065     
         409         399  0.962590302752577     
         410         400  0.965802118790224     
         411         401  0.965653366933212     
         412         402  0.965341402603182     
         413         404  0.871390125712944     
         414         395   1.32332249772165     
         415         414  0.984711675040414     
         416         415  0.944335296227825     
         417         416   1.62206919839088     
         418         415  0.971177444621525     
         419         418   1.00730878626003     
         420         419  0.993992301471662     
         421         420  0.988255948452061     
         422         421   1.28033501984409     
         423         422   1.35554570388107     
         424         422   1.30914650842301     
         425         414  0.855653654481152     
         426         415  0.946550975259511     
         427         418  0.961049507838259     
         428         418  0.967162887516505     
         429         419  0.970579076651556     
         430         419  0.972011244150718     
         431         420  0.960029483712962     
         432         420  0.964260840361076     
         433         421  0.918207077025087     
         434         423  0.896806220306964     
         435         423  0.858785353957666     
         436         424  0.923836900308377     
         437         424  0.891862618996727     
         438         416   1.28751489240472     
         439         438  0.989700386680814     
         440         439  0.941048763289133     
         441         440   1.63453045791472     
         442         439  0.966125298510763     
         443         442   1.00837913086120     
         444         443   1.39623648429576     
         445         443   1.41669386243690     
         446         444   1.46757053909235     
         447         445   1.44357651905667     
         448         446   1.35556536756280     
         448         447   1.37379050087437     
         449         448   1.08107439776292     
         450         438  0.921853242636110     
         451         439  0.923354748660495     
         452         442  0.967752652355747     
         453         442  0.961431540911089     
         454         444  0.968677810846479     
         455         445  0.964901321603824     
         456         446  0.968770793424168     
         457         447  0.963916462840308     
         458         449  0.854444596956637     
         459         440   1.28912813693884     
         460         459  0.983313957863346     
         461         460  0.922548869168897     
         462         461   1.64185980742343     
         463         460  0.970169034225875     
         464         463  0.961831852154713     
         465         464   1.62692952390404     
         466         464   1.33351278346152     
         467         459  0.889786249338024     
         468         460  0.952561078981370     
         469         463  0.962522539368698     
         470         463  0.958215897835007     
         471         466  0.921399710479916     
         472         466  0.906263143103940     
         473         461   1.29278980988727     
         474         473  0.975015241311112     
         475         474  0.975073970502886     
         476         475   1.89363770311080     
         477         474  0.978473998413266     
         478         473  0.915525129762992     
         479         474  0.948598097839560     
         480         477  0.980485446319805     
         481         477  0.974257001961866     
         482         477  0.981272136427613     
         484         483   1.01792746007477     
         485         484  0.936916172653307     
         486         485   1.58928293169508     
         487         484  0.973172404453232     
         488         487  0.990856147756355     
         489         488   1.00627977801226     
         490         488   1.00985598036944     
         491         483  0.928687366661565     
         492         484  0.959591331956825     
         493         487  0.972034582151871     
         494         487  0.973048838995344     
         495         488  0.964307549274610     
         496         489  0.978861072545099     
         497         489  0.982361100111810     
         498         489  0.984487446274840     
         499         490  0.983857323249846     
         500         490  0.986634193101930     
         501         490  0.985041073476073     
         502         485   1.32096470006292     
         503         502  0.976407554212700     
         504         503  0.974468370851686     
         505         504   1.85756678164045     
         506         503  0.964895686875603     
         507         506  0.903941443699926     
         508         507   1.44910679163437     
         509         507   1.54684079982512     
         510         502  0.890121492702356     
         511         503  0.946282764940144     
         512         506  0.962033583888270     
         513         506  0.977283425323657     
         515         514   1.01278329616907     
         516         515  0.934923868529961     
         517         516   1.61031360529678     
         518         515  0.963791129807675     
         519         518   1.00699811343778     
         520         518   1.00847888743965     
         521         514  0.929008656259741     
         522         515  0.964286924052846     
         523         518  0.963369980722755     
         524         519  0.980826217701617     
         525         519  0.983460930639433     
         526         519  0.983746649414583     
         527         520  0.983793286553520     
         528         520  0.985726338195898     
         529         520  0.982350795385941     
         530         516   1.30728324430191     
         531         530  0.983064499568438     
         532         531  0.971746064580361     
         533         532   1.89978300043265     
         534         531  0.948219056236825     
         535         534  0.988892195883718     
         536         534   1.00007987208059     
         537         530  0.886645435568232     
         538         531  0.945504520391385     
         539         534  0.964658339537415     
         540         535  0.852921973795432     
         541         536  0.982937509319698     
         542         536  0.981454012283691     
         543         536  0.982423087637208     
         545         544   1.01526166680243     
         546         545  0.976410067174237     
         547         546   1.87609166724625     
         548         545  0.960499101582863     
         549         548  0.989749411728914     
         550         549   1.00617222838556     
         551         549   1.01024025326243     
         552         544  0.922940814181208     
         553         545  0.954927980400006     
         554         548  0.970781598500034     
         555         548  0.974083355854752     
         556         549  0.962972822248014     
         557         550  0.984160275939217     
         558         550  0.984305789350572     
         559         550  0.986090160248090     
         560         551  0.983673182875509     
         561         551  0.986202881831224     
         562         551  0.983134814175259     
         564         563   1.03890763486539     
         565         564   1.00285739731852     
         566         565   1.85712820896687     
         567         563  0.955800837721875     
         568         564  0.928540568363829     
         569         564  0.931026441582029     
         571         570   1.03395904592583     
         572         571  0.985966231781395     
         573         572   1.88851259544043     
         574         571  0.919824583697948     
         575         574   1.01392163905136     
         576         575   1.39799574924186     
         577         575   1.40697730129902     
         578         576   1.45267439563630     
         579         577   1.45087179314861     
         580         578   1.37272631363675     
         580         579   1.37500647360116     
         581         580   1.05643570684809     
         582         570  0.922523731584879     
         583         571  0.955074198692671     
         584         574  0.967725241081481     
         585         574  0.970403663171315     
         586         576  0.961011064642350     
         587         577  0.965698779200353     
         588         578  0.962186557668777     
         589         579  0.965770642056799     
         590         581  0.856999591021008     
         592         591   1.00977219794647     
         593         592  0.971691580556211     
         594         593   1.89322337789988     
         595         592  0.952956564380978     
         596         595   1.00626800944467     
         597         596   1.41191321376482     
         598         596   1.40989269873211     
         599         597   1.44557325570907     
         600         598   1.44345308596813     
         601         599   1.43715770337531     
         601         600   1.43812898162163     
         602         591  0.951915035722802     
         603         592  0.961694108537988     
         604         595  0.960270974383881     
         605         595  0.971265895301530     
         606         597  0.966397504546410     
         607         598  0.967548819761848     
         608         599  0.957899362088608     
         609         600  0.971067716131986     
         610         601  0.969907488983092     
         611           1  0.956661547646399     
         612         114  0.949191361609009     
         613         122  0.954867709826980     
         614         124  0.954344692126183     
         615         141  0.956137601192503     
         616         290  0.951882443100194     
         617         305  0.937174998071716     
         618         307  0.955738163768541     
         619         321  0.960971379593313     
         620         343  0.954967645723154     
         621         355  0.941271873476399     
         622         475  0.951015374878368     
         623         483  0.961018313847562     
         624         504  0.958336641205695     
         625         514  0.958756090941401     
         626         532  0.955069541067221     
         627         544  0.958746379466761     
         628         546  0.955412172676700     
         629         563  0.954066339319861     
         630         565  0.953445815828797     
         631         570  0.948714344401110     
         632         572  0.955843556891312     
         633         591  0.953786691618522     
         634         593  0.954931881709738     
