   -0.39507541
    0.04539453
    0.19771955
   -0.38879752
   -0.06850746
   -0.00554775
   -0.04699391
   -0.04339620
   -0.08110465
   -0.06563104
    0.14304874
   -0.41329289
    0.17464201
    0.04353279
    0.06351941
    0.05296749
    0.05368581
    0.02821354
    0.06957507
    0.04934363
    0.34896950
   -0.38972699
    0.03344760
    0.20737418
   -0.38921477
   -0.01707714
   -0.05855071
   -0.11237054
   -0.10964395
    0.15357929
    0.06399911
    0.03037186
    0.05040136
    0.03045825
    0.04883822
    0.01811135
    0.05998972
    0.04283753
    0.02767926
    0.04969902
   -0.38825050
    0.02967045
    0.19539382
   -0.38019305
   -0.06839232
   -0.01198982
   -0.11781248
   -0.11182348
    0.16776248
    0.08530997
    0.04842747
    0.02930417
    0.03579021
    0.04858494
    0.04899991
    0.04283532
    0.04659190
    0.03845872
    0.02781444
   -0.39667949
    0.03111502
    0.20014991
   -0.36126473
   -0.07929419
   -0.08501995
   -0.02638300
   -0.13012943
    0.22782981
   -0.25598301
   -0.24064814
    0.15524478
    0.07771107
    0.06713274
    0.04555934
    0.06724517
    0.06138208
    0.09001897
    0.09021088
    0.22554815
    0.23902539
    0.25299722
    0.24143934
    0.25302663
   -0.38764727
    0.03857257
    0.20240122
   -0.37998216
   -0.02222466
   -0.12360810
   -0.11703725
    0.16102835
    0.04048596
    0.05832234
    0.07585006
    0.04377840
    0.03393047
    0.06058631
    0.04010652
    0.03750285
   -0.40976061
    0.04668092
    0.20515772
   -0.40516073
   -0.07545029
   -0.01072013
   -0.12023891
   -0.11126137
    0.19498495
    0.03486217
    0.07535125
    0.05474141
    0.02264442
    0.04263476
    0.04591798
    0.05511447
    0.04008179
    0.04486166
    0.01623102
   -0.38737475
    0.03292239
    0.26995412
   -0.49366046
   -0.10883658
    0.14991694
    0.04791340
    0.04248707
    0.04920236
    0.03492926
   -0.18183171
    0.02086418
    0.20117140
   -0.35123591
   -0.07853072
   -0.08518972
   -0.02668829
   -0.14047236
    0.22777793
   -0.23515106
   -0.25045324
    0.23040399
    0.08155308
    0.08369692
    0.07293560
    0.09112110
    0.06882773
    0.07532475
    0.08151217
    0.23879473
    0.23362717
    0.24758626
    0.25489508
    0.24160096
   -0.39785730
    0.02356882
    0.27429006
   -0.48955959
   -0.08407242
   -0.07368667
   -0.09181659
   -0.05188440
   -0.14848277
    0.15308188
    0.04605689
    0.06186005
    0.04708316
    0.04586959
    0.05491052
    0.08069755
    0.07817710
    0.11084208
    0.12318005
    0.29797913
    0.29918989
    0.29513291
   -0.17786299
    0.00620609
    0.26365065
   -0.47157585
   -0.06583463
   -0.10467596
    0.28820071
   -0.51317056
   -0.28055294
    0.20799090
    0.09322293
    0.05988303
    0.04912358
    0.07878246
    0.06787457
    0.22553880
    0.22149309
   -0.16930292
    0.00330965
    0.26986458
   -0.48051023
   -0.03055039
   -0.06702781
   -0.12967338
   -0.12148227
    0.21749350
    0.07738342
    0.05788663
    0.04426190
    0.04189207
    0.07697184
    0.04496830
    0.04245275
    0.05030117
    0.04670736
    0.04821792
   -0.17105679
    0.00850712
    0.26680782
   -0.45436327
   -0.08056059
    0.00264815
   -0.04913750
   -0.03786551
   -0.08068752
   -0.05562224
    0.14168125
   -0.43014631
    0.22706772
    0.08952945
    0.06414416
    0.06070522
    0.05662139
    0.04001063
    0.04365758
    0.03532277
    0.33628913
   -0.17199641
    0.01496457
    0.27212206
   -0.46428928
   -0.07618474
   -0.00423122
   -0.03964900
   -0.04134586
   -0.07339310
   -0.05607143
    0.14500144
   -0.41688521
    0.20971316
    0.07163317
    0.06269137
    0.06650880
    0.04662028
    0.04524625
    0.05401728
    0.03864697
    0.32159064
   -0.15943355
   -0.00616261
    0.26433045
   -0.48221047
    0.10952944
   -0.45063239
   -0.13061396
    0.20843226
    0.10577346
    0.02920527
    0.32729317
    0.07726855
    0.03290448
    0.06955897
   -0.16228205
    0.02175313
    0.19630666
   -0.35988204
   -0.01111904
   -0.12445080
   -0.11832928
    0.22378922
    0.08324324
    0.04626268
    0.06566525
    0.03275422
    0.05232754
    0.06646630
    0.05261506
    0.04687613
   -0.39385068
    0.02586145
    0.27189631
   -0.48720541
   -0.02070984
   -0.10209377
   -0.11705315
    0.16533643
    0.03309831
    0.02989338
    0.04217401
    0.03074284
    0.04383802
    0.04943783
    0.04568423
    0.03486073
   -0.16900012
    0.01216733
    0.26695871
   -0.49041734
   -0.12826703
    0.19981972
    0.09731403
    0.06724085
    0.07176432
    0.06526912
   -0.15922094
    0.01390059
    0.26055775
   -0.47851293
   -0.06998985
   -0.00385330
   -0.04162924
   -0.04196327
   -0.07940782
   -0.06251116
    0.14156001
   -0.39588627
    0.22337242
    0.08488101
    0.06021191
    0.04987811
    0.02644817
    0.04143105
    0.04441750
    0.07065992
    0.32010613
   -0.15162906
   -0.03170775
    0.20054529
   -0.36634325
    0.21440253
    0.11550718
    0.12397748
   -0.39109708
    0.04124850
    0.20217738
   -0.35832523
   -0.07631034
    0.00842079
   -0.04017397
   -0.04141860
   -0.03536406
   -0.03715710
   -0.04217935
    0.16778123
    0.05455860
    0.04864232
    0.05995703
    0.02789835
    0.03718473
    0.03619272
    0.04242005
    0.03909641
   -0.39477319
   -0.00511062
    0.27145398
   -0.47924095
    0.16945599
    0.05296456
    0.03191161
   -0.18945080
    0.01998854
    0.25909049
   -0.50805002
   -0.06839597
   -0.01256517
   -0.11269478
   -0.12117907
    0.20852142
    0.08466738
    0.04813861
    0.04306882
    0.03415224
    0.04303638
    0.03019984
    0.04406515
    0.04448698
    0.05084515
    0.04472376
   -0.08042856
    0.02087352
    0.28684680
   -0.49855776
   -0.06479414
   -0.07972315
   -0.01465141
    0.05255569
    0.05458221
    0.05407361
    0.09387253
    0.07028100
    0.07005343
    0.07231253
   -0.18336309
    0.02392371
    0.20326724
   -0.37236873
   -0.02884700
   -0.06940008
   -0.12756784
   -0.10993737
    0.22491674
    0.08131586
    0.06094981
    0.04560076
    0.05166290
    0.07294014
    0.04328778
    0.05753077
    0.02942178
    0.05771047
    0.02713601
    0.17332355
    0.06988544
    0.18672447
    0.06984793
    0.16800608
    0.06515552
    0.19337817
    0.06039238
    0.17545761
    0.07620080
    0.17267440
    0.06414443
    0.18635163
    0.06887372
    0.18727130
    0.07373855
    0.17167681
    0.09247667
    0.18950635
    0.06715464
    0.17807118
    0.07835089
