   -0.39563853
    0.02264698
    0.27414012
   -0.49785902
   -0.02457341
   -0.05934473
   -0.11364488
   -0.10880922
    0.16463161
    0.04022831
    0.04395528
    0.03356794
    0.03416161
    0.04691840
    0.04582570
    0.03198755
    0.03792740
    0.03942153
    0.03906865
   -0.17053605
    0.00641180
    0.26238266
   -0.46725542
    0.11702828
   -0.48543619
   -0.14584711
    0.21057914
    0.09919144
    0.02519727
    0.34306760
    0.06397513
    0.07233031
    0.06776035
   -0.16351597
   -0.00007213
    0.26702416
   -0.48037396
   -0.02679951
   -0.11223347
   -0.12412233
    0.20597059
    0.09870675
    0.05594080
    0.05473345
    0.03095383
    0.03853528
    0.06055860
    0.05168586
    0.05597545
   -0.18118210
    0.02012431
    0.28029574
   -0.49489750
   -0.13853389
    0.22505984
    0.07201567
    0.07473175
    0.08632376
    0.07494328
   -0.16591475
   -0.03286859
    0.28629859
   -0.50492241
    0.20947873
    0.09146429
    0.09882565
   -0.18656258
    0.04179604
    0.26989593
   -0.52603489
   -0.10477717
    0.36905945
   -0.62568435
   -0.60852113
    0.22020016
    0.05392551
    0.04048577
    0.05825188
   -0.08818368
    0.02636798
    0.27667919
   -0.50887084
   -0.07211061
   -0.07334419
   -0.00606368
    0.06532003
    0.06942037
    0.07613300
    0.06059329
    0.08142233
    0.06687444
    0.06365469
   -0.19825620
    0.03313071
    0.27805533
   -0.49653307
   -0.06896633
   -0.00452146
   -0.11549081
   -0.11600660
    0.22738280
    0.07024527
    0.05513617
    0.05063832
    0.02099521
    0.04967972
    0.03750692
    0.04328835
    0.04952490
    0.04643543
    0.03713181
   -0.18502845
    0.02905971
    0.28069979
   -0.49858754
   -0.07267738
   -0.07942123
   -0.01967172
   -0.14098361
    0.23262789
   -0.24620885
   -0.26610210
    0.19874178
    0.07164876
    0.06892061
    0.05873559
    0.06489247
    0.06123419
    0.07082842
    0.09907401
    0.21238759
    0.25533080
    0.25451760
    0.24107787
    0.26192209
   -0.17931972
    0.02482085
    0.28627297
   -0.50019114
   -0.02275616
   -0.11827253
   -0.11355880
    0.19956776
    0.07010337
    0.05329142
    0.06459202
    0.03381287
    0.05338813
    0.05688186
    0.05496496
    0.03015197
   -0.17972713
    0.03407468
    0.21995420
   -0.36928915
   -0.01928773
   -0.06509069
   -0.11663159
   -0.10970479
    0.21441757
    0.07088583
    0.05270661
    0.04454963
    0.04278304
    0.06723561
    0.03224720
    0.05243861
    0.04724561
    0.03448046
    0.05137044
    0.18073881
    0.06086096
