           2           1   1.01874445288038     
           3           2  0.932897705738895     
           4           3   1.61918661812349     
           5           2  0.977054318416999     
           6           5  0.993711441696823     
           7           6  0.966748925876939     
           8           7   1.64004758655830     
           9           7   1.30331454796854     
          10           1  0.951726020339975     
          11           2  0.957839688391004     
          12           5  0.970772966107957     
          13           5  0.975412252546435     
          14           6  0.973260264071059     
          15           6  0.952627562123298     
          16           9  0.924884290359125     
          17           9  0.929613004215116     
          18           3   1.30703770221844     
          19          18  0.979377527104176     
          20          19  0.937291525869662     
          21          20   1.61977007099947     
          22          19  0.981152331562600     
          23          22   1.00638180643217     
          24          23   1.00114357171973     
          25          24  0.980775851957968     
          26          25   1.31579865297462     
          27          26   1.34794568177006     
          28          26   1.27670322800239     
          29          18  0.914665861605349     
          30          19  0.943025020507565     
          31          22  0.964510095741638     
          32          22  0.963142462348370     
          33          23  0.966383383023797     
          34          23  0.972911122301350     
          35          24  0.951420708590137     
          36          24  0.958135219635696     
          37          25  0.917722813233605     
          38          27  0.817195364353819     
          39          27  0.930200655217562     
          40          28  0.923601261353051     
          41          28  0.923976159614977     
          42          20   1.30384997940624     
          43          42  0.975913934733577     
          44          43  0.938772305629822     
          45          44   1.60399977442771     
          46          43  0.964885640079111     
          47          46   1.00757964515379     
          48          46   1.00761459129361     
          49          42  0.911338647082696     
          50          43  0.935505517372638     
          51          46  0.962937400572317     
          52          47  0.981792565407347     
          53          47  0.978104127768468     
          54          47  0.983911178506783     
          55          48  0.981037103855107     
          56          48  0.984150274187430     
          57          48  0.980287972622883     
          58          44   1.31302249014045     
          59          58  0.975745265626697     
          60          59  0.933886842814939     
          61          60   1.61276084276098     
          62          59  0.979180586518807     
          63          62   1.00361837150058     
          64          63  0.992224551136520     
          65          64  0.989949910180130     
          66          65   1.29885093740052     
          67          66   1.33104045509218     
          68          66   1.31978950168562     
          69          58  0.917027651721710     
          70          59  0.947296869175426     
          71          62  0.958987725688563     
          72          62  0.967962808239768     
          73          63  0.968354149646471     
          74          63  0.971130654513602     
          75          64  0.968082416544939     
          76          64  0.959319619458501     
          77          65  0.916574293518762     
          78          67  0.913137925359792     
          79          67  0.914486705322315     
          80          68  0.917257727929288     
          81          68  0.915124434618845     
          82          60   1.30345440866797     
          83          82  0.987703723232831     
          84          83  0.940686368908339     
          85          84   1.57241370641932     
          86          83  0.970287375624140     
          87          86  0.994704025194866     
          88          87  0.921524063684420     
          89          88   1.53893434406937     
          90          88   1.44163970611764     
          91          82  0.905374182007829     
          92          83  0.951391912134534     
          93          86  0.966493045967541     
          94          86  0.974258711396533     
          95          87  0.979826593086580     
          96          87  0.971580385467714     
          97          84   1.33711972719460     
          98          97  0.977112036154039     
          99          98  0.934428405635021     
         100          99   1.58624152658668     
         101          98  0.981309588644215     
         102         101  0.991792337351097     
         103         102   1.00780438682651     
         104         102   1.00969678770137     
         105          97  0.887252484730871     
         106          98  0.945268539904699     
         107         101  0.963409080656504     
         108         101  0.969833347679339     
         109         102  0.962252014662156     
         110         103  0.978994471356920     
         111         103  0.971748498491173     
         112         103  0.981965793538167     
         113         104  0.982532676154851     
         114         104  0.983317367263123     
         115         104  0.980763459861774     
         116          99   1.34236038432565     
         117         116  0.972029515484906     
         118         117  0.937463127441482     
         119         118   1.58647885683238     
         120         117  0.994507389116452     
         121         116  0.878049417869385     
         122         117  0.951848745570877     
         123         120  0.979828069609835     
         124         120  0.976973826273024     
         125         120  0.973531960023342     
         126         118   1.33450924705629     
         127         126  0.976985741814693     
         128         127  0.936483190396324     
         129         128   1.62736648370591     
         130         127  0.966794063406071     
         131         130   1.00775283677873     
         132         130   1.00602643817372     
         133         126  0.891591447182142     
         134         127  0.949574855485207     
         135         130  0.962192852422554     
         136         131  0.983501068835097     
         137         131  0.984712167389084     
         138         131  0.985046933441667     
         139         132  0.982428211605687     
         140         132  0.984385450921104     
         141         132  0.974585118252467     
         142         128   1.29007827302544     
         143         142  0.986705014576719     
         144         143  0.937981281669308     
         145         144   1.56927376924954     
         146         143  0.979276584273202     
         147         146  0.987405960263080     
         148         147  0.965844667329204     
         149         148   1.65533147682169     
         150         148   1.29483217221343     
         151         142  0.896966007373167     
         152         143  0.949468911929123     
         153         146  0.966254374373342     
         154         146  0.974118917992309     
         155         147  0.970005910890890     
         156         147  0.964644304049297     
         157         150  0.916954875992042     
         158         150  0.928458416492258     
         159         144   1.34301706891580     
         160         159  0.981995761346156     
         161         160  0.935444164695256     
         162         161   1.63308823775474     
         163         160  0.960842344301062     
         164         163   1.02792984436516     
         165         159  0.874844410535700     
         166         160  0.946216710839401     
         167         163  0.966521394255833     
         168         163  0.954857989305596     
         169         164  0.813546306973301     
         170         161   1.30460301735185     
         171         170  0.983827146871877     
         172         171  0.939127353784150     
         173         172   1.63814044749423     
         174         171  0.990685225796936     
         175         170  0.906267551672678     
         176         171  0.941613331291709     
         177         174  0.979925500430139     
         178         174  0.980107974256340     
         179         174  0.979213808732240     
         180         172   1.28843740188828     
         181         180  0.984855511267393     
         182         181  0.929892038617922     
         183         182   1.59152124776594     
         184         181  0.968820166424724     
         185         184  0.956500582650157     
         186         185   1.64643158740342     
         187         185   1.32115523086765     
         188         180  0.895367894767603     
         189         181  0.951740612977325     
         190         184  0.963997743579941     
         191         184  0.963595888883906     
         192         187  0.928112400762238     
         193         187  0.891831114426959     
         194         182   1.32313115932447     
         195         194  0.984412488212831     
         196         195  0.937160287925055     
         197         196   1.65819484508130     
         198         195  0.973766649637943     
         199         198   1.00886604165197     
         200         194  0.901614628792232     
         201         195  0.938657913084372     
         202         198  0.966629152023484     
         203         198  0.966961892193765     
         204         199  0.853811942476279     
         205         196   1.27707419637377     
         206         205  0.993173246525370     
         207         206  0.928611823452684     
         208         207   1.63452231937194     
         209         206  0.958240308571337     
         210         209  0.990041436423195     
         211         209  0.996498752781838     
         212         205  0.904623975539836     
         213         206  0.949538180233637     
         214         209  0.962594528806711     
         215         210  0.861810995056681     
         216         211  0.980227459887570     
         217         211  0.982821839053356     
         218         211  0.982202566279676     
         219         207   1.30070311681928     
         220         219  0.980871413517682     
         221         220  0.958315587254366     
         222         221   1.91481254336863     
         223         220  0.962058737010964     
         224         223  0.959069405887434     
         225         224   1.62225817643714     
         226         224   1.34140239104951     
         227         219  0.886820593651116     
         228         220  0.954260924601368     
         229         223  0.963237996917753     
         230         223  0.958839672235477     
         231         226  0.928864763990409     
         232         226  0.872667412380027     
         234         233   1.00865951894300     
         235         234  0.943474518337369     
         236         235   1.59531613629506     
         237         234  0.981902506736608     
         238         237  0.902042331566286     
         239         238   1.51122940498823     
         240         238   1.49363866128884     
         241         233  0.958934649726268     
         242         234  0.961110674940344     
         243         237  0.971506814295430     
         244         237  0.957053778022283     
         245         235   1.31278718564319     
         246         245  0.971796993375801     
         247         246  0.977628557853854     
         248         247   1.87711666754327     
         249         246  0.963926829543702     
         250         249  0.989065411166984     
         251         250   1.00496164189994     
         252         250   1.01025277049297     
         253         245  0.918795055396895     
         254         246  0.939407421318468     
         255         249  0.971262179417012     
         256         249  0.958668608666370     
         257         250  0.965511515728823     
         258         251  0.985126025878508     
         259         251  0.985919835752263     
         260         251  0.981864749146003     
         261         252  0.983928726234624     
         262         252  0.981901846191730     
         263         252  0.980943054256936     
         265         264   1.01476664507510     
         266         265  0.933739471541781     
         267         266   1.61493901850484     
         268         265  0.977015481460189     
         269         268  0.998966586031553     
         270         264  0.957715137976681     
         271         265  0.964363755057607     
         272         268  0.967532248745688     
         273         268  0.963523167823101     
         274         269  0.868210758358819     
         275         266   1.32304545265268     
         276         275  0.975163378676619     
         277         276  0.934173092900070     
         278         277   1.61510693261020     
         279         276  0.967618694216174     
         280         279  0.994684209204022     
         281         279   1.00708125105600     
         282         280   1.01614509233965     
         283         275  0.895968364866193     
         284         276  0.951844738656699     
         285         279  0.961893422622806     
         286         280  0.976768313977855     
         287         280  0.968336671011910     
         288         281  0.978136916797708     
         289         281  0.980487793476496     
         290         281  0.982165652849942     
         291         282  0.984972530925902     
         292         282  0.982220298925972     
         293         282  0.984931906654890     
         294         277   1.30901131193386     
         295         294  0.978505460070186     
         296         295  0.978913980545822     
         297         296   1.89219195363563     
         298         295  0.964752506180455     
         299         298   1.00498577714359     
         300         299  0.973579679114012     
         301         300   1.58470323143383     
         302         300   1.35002856597065     
         303         294  0.889655967194630     
         304         295  0.941005236741633     
         305         298  0.962051293019846     
         306         298  0.972584131650229     
         307         299  0.940442019684229     
         308         299  0.967820789094198     
         309         302  0.930057009273192     
         310         302  0.892106969456741     
         312         311   1.00664302782918     
         313         312  0.940599228001006     
         314         313   1.59186855885285     
         315         312  0.979296740895602     
         316         315   1.00923962293925     
         317         316  0.931945733860969     
         318         317   1.41645451370408     
         319         317   1.55385871447572     
         320         311  0.946007131980816     
         321         312  0.962180687284038     
         322         315  0.976368516258634     
         323         315  0.969749051823494     
         324         316  0.964793130919973     
         325         316  0.956362688444093     
         326         313   1.32799390028086     
         327         326  0.971372073607814     
         328         327  0.972688436980346     
         329         328   1.88299862089102     
         330         327  0.952297185986207     
         331         330  0.993295653594072     
         332         330   1.00662709030446     
         333         331   1.01683527008283     
         334         326  0.898180348137657     
         335         327  0.947497781082817     
         336         330  0.960211913441369     
         337         331  0.973781603147390     
         338         331  0.968040148143192     
         339         332  0.979135898153402     
         340         332  0.980644465184134     
         341         332  0.982255021148203     
         342         333  0.984702122732574     
         343         333  0.982899281689400     
         344         333  0.982296302748379     
         346         345   1.01329373698291     
         347         346  0.972148861307676     
         348         347   1.88563328690347     
         349         346  0.964556916098967     
         350         349   1.00361698596635     
         351         350  0.990021210759836     
         352         351  0.985062248278494     
         353         352   1.30219648787956     
         354         353   1.30634371210122     
         355         353   1.32912226519896     
         356         345  0.931397074056505     
         357         346  0.954300428563526     
         358         349  0.960062082004842     
         359         349  0.972988295271346     
         360         350  0.965732086818110     
         361         350  0.973328115454785     
         362         351  0.957512630368965     
         363         351  0.958219725759863     
         364         352  0.896351677977491     
         365         354  0.910958191652007     
         366         354  0.921786668395752     
         367         355  0.828401937255838     
         368         355  0.924842366222535     
         370         369   1.00826094098471     
         371         370  0.936737388131151     
         372         371   1.64218810897563     
         373         370  0.978307892142986     
         374         373  0.994564114092938     
         375         374   1.00895943436282     
         376         374   1.00762152820297     
         377         369  0.953541045940258     
         378         370  0.964460064046267     
         379         373  0.972679443553573     
         380         373  0.971122339902687     
         381         374  0.965591299924488     
         382         375  0.982812886819792     
         383         375  0.984698734691769     
         384         375  0.985562286804754     
         385         376  0.983803751815405     
         386         376  0.985173322274028     
         387         376  0.983617835927321     
         388         371   1.27804509821791     
         389         388  0.989404799357017     
         390         389  0.940023071204010     
         391         390   1.63226179642597     
         392         389  0.946243974889907     
         393         392  0.970556539563396     
         394         393   1.59179015327641     
         395         393   1.34874235852219     
         396         388  0.924204621032624     
         397         389  0.939026831032569     
         398         392  0.967387707119981     
         399         392  0.968842854795129     
         400         395  0.876827387721393     
         401         395  0.931426999880492     
         402         390   1.30513961530519     
         403         402  0.986099697643568     
         404         403  0.940503610769945     
         405         404   1.62458377294331     
         406         403  0.962764418527799     
         407         406   1.00876089547998     
         408         406   1.00971177678666     
         409         402  0.889129331717658     
         410         403  0.928388214979218     
         411         406  0.961088366726868     
         412         407  0.982972162881724     
         413         407  0.985346105808090     
         414         407  0.985474330476386     
         415         408  0.982541066186857     
         416         408  0.977659373079406     
         417         408  0.985055132410184     
         418         404   1.30538801810986     
         419         418  0.995074268843521     
         420         419  0.930748327994724     
         421         420   1.64714596098537     
         422         419  0.974020716855698     
         423         422  0.988315927886068     
         424         423  0.972639237687374     
         425         424   1.60457927420257     
         426         424   1.33657688959763     
         427         418  0.879189544226406     
         428         419  0.943340234748576     
         429         422  0.967452626794837     
         430         422  0.971810372911674     
         431         423  0.972406584884435     
         432         423  0.957801658708303     
         433         426  0.924202880958506     
         434         426  0.920301009098823     
         435         420   1.28821119966575     
         436         435  0.982907420619919     
         437         436  0.979518712799123     
         438         437   1.90157271696046     
         439         436  0.949485894346599     
         440         439   1.00512652301467     
         441         440  0.967227871705542     
         442         441   1.64619858112510     
         443         441   1.29907125412065     
         444         435  0.916927875943151     
         445         436  0.947866054367238     
         446         439  0.969333683343213     
         447         439  0.971685807968895     
         448         440  0.962176084710846     
         449         440  0.948596756053520     
         450         443  0.928420408185193     
         451         443  0.928112259284742     
         453         452   1.01924868467782     
         454         453  0.983631485235942     
         455         454   1.89154726168038     
         456         453  0.919831718542342     
         457         456   1.00665174556711     
         458         456   1.00251361701006     
         459         452  0.943393060930339     
         460         453  0.959107671598828     
         461         456  0.961648610505572     
         462         457  0.863972730718763     
         463         458  0.983189097301495     
         464         458  0.983695155050418     
         465         458  0.978023650059794     
         467         466  0.995472362262157     
         468         467  0.942914540662572     
         469         468   1.61897249268969     
         470         467  0.973170451954185     
         471         470   1.00648197086849     
         472         466   1.00092512462020     
         472         471   1.00612076548158     
         473         467  0.967497023244562     
         474         470  0.976352005807475     
         475         470  0.975199968357548     
         476         471  0.973488828696560     
         477         471  0.977317362360191     
         478         472  0.973281035966989     
         479         472  0.976104448060725     
         480         468   1.30507097714949     
         481         480  0.971967194274729     
         482         481  0.972200817215321     
         483         482   1.89349124913114     
         484         481  0.971523870317214     
         485         484  0.989495734224562     
         486         485   1.00684848379159     
         487         485   1.01031686661033     
         488         480  0.914077864011268     
         489         481  0.936699795590765     
         490         484  0.970741157619615     
         491         484  0.968434290623756     
         492         485  0.965699924306459     
         493         486  0.985015270511991     
         494         486  0.986139241564959     
         495         486  0.985481389721698     
         496         487  0.984042958582982     
         497         487  0.984174979997011     
         498         487  0.979857321051052     
         500         499   1.01083356937742     
         501         500  0.977763980124574     
         502         501   1.88196544659422     
         503         500  0.946824708440026     
         504         503  0.993737106270666     
         505         503   1.00919250651314     
         506         504   1.01823183695579     
         507         499  0.925878272161877     
         508         500  0.961144680016506     
         509         503  0.959231280403124     
         510         504  0.975489069089798     
         511         504  0.970551468321837     
         512         505  0.980761050996383     
         513         505  0.983555729660758     
         514         505  0.985408333846222     
         515         506  0.984027441602855     
         516         506  0.980985571729020     
         517         506  0.980570621099117     
         518           1  0.952081810954131     
         519         221  0.955349195738329     
         520         233  0.955875964415403     
         521         247  0.950241387551260     
         522         264  0.949899922541048     
         523         296  0.954099916310045     
         524         311  0.960046601552053     
         525         328  0.956483395548412     
         526         345  0.958855758071501     
         527         347  0.955140387108406     
         528         369  0.956352271674173     
         529         437  0.951706452409022     
         530         452  0.957339350270005     
         531         454  0.954488453979295     
         532         466  0.952154671114239     
         533         482  0.955560237124141     
         534         499  0.959169853359583     
         535         501  0.953487432590735     
