   -0.39889003
    0.02710353
    0.27082280
   -0.49933382
   -0.02712089
   -0.05973388
   -0.10876378
   -0.11382778
    0.16757652
    0.04493611
    0.03773279
    0.04024155
    0.03844308
    0.04637701
    0.01544291
    0.04956669
    0.04737031
    0.04024108
    0.04391467
   -0.17383808
    0.03548670
    0.20968023
   -0.37200111
   -0.07723854
   -0.00878287
   -0.11064323
   -0.11914027
    0.21887611
    0.06920651
    0.07239323
    0.06251749
    0.03122723
    0.03818775
    0.02797676
    0.04748920
    0.04371270
    0.05284138
    0.04306035
   -0.38806969
    0.04578909
    0.19908409
   -0.36650465
   -0.05967726
   -0.00284587
   -0.23579025
   -0.06010508
    0.16533827
    0.04789058
    0.06239024
    0.04734758
    0.04833967
    0.05701567
    0.06519572
    0.05151997
    0.06450575
   -0.37845285
    0.03905353
    0.19993791
   -0.39157133
   -0.07881733
   -0.00789651
   -0.04262647
   -0.04705828
   -0.07354873
   -0.07466985
    0.14528902
   -0.43347833
    0.15055546
    0.06394883
    0.06403202
    0.07570971
    0.02800267
    0.04881888
    0.03668574
    0.06140231
    0.33236981
   -0.38691509
    0.03413625
    0.20543027
   -0.38252110
   -0.07040010
   -0.01471209
   -0.12034105
   -0.11359394
    0.15359900
    0.06157204
    0.05158739
    0.03771290
    0.02751213
    0.05555185
    0.03941758
    0.04428142
    0.04582983
    0.04225509
    0.03004286
   -0.39304912
    0.03121621
    0.27061155
   -0.48150161
   -0.13052458
    0.15699339
    0.04232530
    0.05927699
    0.05612550
    0.05353529
   -0.17411972
    0.01042942
    0.26853345
   -0.46806334
   -0.01916175
   -0.11533881
   -0.11761057
    0.20562760
    0.06942793
    0.05538581
    0.05571418
    0.03813261
    0.04704314
    0.05404199
    0.04196598
    0.04419905
   -0.17567937
    0.00207629
    0.27139273
   -0.48290006
   -0.07758134
   -0.08003059
   -0.09418395
   -0.03917457
   -0.16473323
    0.20288159
    0.10619593
    0.06834928
    0.05635467
    0.06770258
    0.06219763
    0.07939366
    0.08140677
    0.09977181
    0.09930278
    0.30664803
    0.28762989
    0.27921997
   -0.18114404
    0.02939637
    0.25119218
   -0.48691543
   -0.10490497
    0.29847444
   -0.49753974
   -0.28062613
    0.21514756
    0.07905874
    0.07367061
    0.08101993
    0.23253087
    0.22591904
   -0.08673909
    0.02472627
    0.20166804
   -0.36282597
   -0.06625146
   -0.07346750
   -0.01849064
    0.10029476
    0.06274715
    0.07810708
    0.07512739
    0.06638043
    0.06919685
    0.08298973
   -0.39735991
    0.03511546
    0.20641718
   -0.38861680
   -0.01786073
   -0.11777731
   -0.11308490
    0.17168569
    0.06184436
    0.03755593
    0.05393792
    0.03018859
    0.05018069
    0.05641967
    0.04561543
    0.03653235
   -0.28734839
    0.02300838
    0.26871039
   -0.48014944
   -0.07807375
   -0.07256620
    0.01361172
    0.03170956
    0.05024318
    0.05752977
    0.04922650
    0.05996527
    0.03038715
    0.01800236
   -0.17485353
    0.02189830
    0.19758849
   -0.35400844
   -0.07889125
   -0.01731804
   -0.11202836
   -0.11899499
    0.20593507
    0.09009860
    0.06657725
    0.06552955
    0.05499225
    0.04724209
    0.04037229
    0.03826240
    0.04429777
    0.04113240
    0.03791045
   -0.37424273
    0.03503928
    0.20290065
   -0.38020665
   -0.07484946
   -0.00107556
   -0.03626648
   -0.04515576
   -0.07236880
   -0.05960764
    0.14064146
   -0.43397291
    0.15698407
    0.07000762
    0.05427291
    0.07000267
    0.04380307
    0.03758533
    0.04111466
    0.04597605
    0.34343670
   -0.39916903
    0.03595149
    0.26494950
   -0.49404821
   -0.07723918
    0.00607890
   -0.04673258
   -0.05091127
   -0.03454150
   -0.03403789
   -0.03425868
    0.18441793
    0.03594445
    0.05058961
    0.04489249
    0.03248936
    0.05822207
    0.02374052
    0.04888135
    0.03053656
   -0.19053085
    0.01510699
    0.27068703
   -0.42438016
   -0.07760723
   -0.01616314
   -0.11157394
   -0.12054879
    0.21990246
    0.07275046
    0.05042190
    0.07012745
    0.04958575
    0.04471728
    0.04711920
    0.01970440
    0.04913475
    0.03293195
    0.04037827
   -0.19526038
    0.01596802
    0.28197232
   -0.45057267
   -0.06663795
   -0.08022800
   -0.02173593
   -0.13445635
    0.22331723
   -0.22521870
   -0.23633680
    0.18427911
    0.08586744
    0.05553207
    0.04542280
    0.06933351
    0.09088960
    0.07369733
    0.09043455
    0.22243837
    0.23238729
    0.23275156
    0.23220613
    0.24361773
   -0.22073933
    0.03253379
    0.26783119
   -0.47073282
   -0.10095564
    0.37173772
   -0.61754407
   -0.60404482
    0.20459094
    0.07662984
    0.03778031
    0.04008279
   -0.18668692
    0.01088069
    0.27842901
   -0.46413783
   -0.10947256
    0.28487266
   -0.48574318
   -0.26939024
    0.20381605
    0.09685084
    0.09798485
    0.10652528
    0.25874409
    0.20895606
   -0.18043097
    0.01007923
    0.27339949
   -0.48973284
   -0.01552084
   -0.11500420
   -0.11978795
    0.19640525
    0.08916662
    0.05156321
    0.05231975
    0.04419470
    0.04422365
    0.05553391
    0.04197655
    0.04779305
   -0.16920972
    0.01834621
    0.19726950
   -0.36422988
   -0.01688918
   -0.12775793
   -0.12205555
    0.20674370
    0.09752309
    0.05553194
    0.07053576
    0.04345372
    0.05269911
    0.06680237
    0.04635679
    0.04988204
    0.18383424
    0.07657865
    0.17973112
    0.06798758
    0.18394966
    0.05937370
    0.18890247
    0.06960685
    0.17776624
    0.07328187
    0.18796446
    0.06584057
    0.16628468
    0.07804993
    0.18048417
    0.06109892
    0.17284735
    0.07557490
