$grad                                                                           
  cycle =      1    SCF energy =  -415.26259856018   |dE/dxyz| =  0.447972
   35.98035985862280     44.92274797257917    149.26451384286619      n 
   34.78351905541066     46.25704254147278    151.33589246408664      c 
   36.59321934430819     46.16891459357117    153.58555049606630      c 
   38.08124550079873     44.42624259288844    153.88754781866479      o 
   32.24623345285094     45.04244402471112    152.09100702891126      c 
   30.05155980153040     46.28705504446658    150.68458509838464      c 
   27.52678992252993     45.02982024076394    151.22601498503545      c 
   26.97364338671696     44.08390515174443    153.25790947914126      o 
   25.90072705278379     45.06477600076769    149.29025024355732      n 
   37.12519820768565     43.50247265160260    149.85674390997076      h 
   34.48951406056262     48.22349633013332    150.76990713565434      h 
   32.32411545688868     43.02792171039247    151.66478178654165      h 
   31.98353234264073     45.25707748893065    154.12133403181386      h 
   29.91967455347571     48.25815801117380    151.29758905154014      h 
   30.44263946905050     46.27716823375971    148.66033610665735      h 
   26.32209458830487     45.91905478081202    147.64816928584574      h 
   24.16249049628474     44.31376297424421    149.49960870691990      h 
   31.50819722808951     58.86937770322935    161.97876893084938      n 
   31.64578109176498     56.96296064573901    160.02867209694537      c 
   32.65385970251254     58.04673198183157    157.54010198340723      c 
   32.52260205153185     60.29682064493853    156.98142795761859      o 
   29.05945365414984     55.66043756982302    159.61257357846407      c 
   28.05918502563772     54.60857344399115    162.10923128764077      c 
   27.13289869674294     57.46339721778672    158.44442324940420      c 
   30.70917224598805     60.53765462540851    161.49635624421956      h 
   33.01982294571766     55.56045718631221    160.68845513467454      h 
   29.40901264956095     54.11568432853672    158.28340350660571      h 
   26.28108678385009     53.64220146742512    161.77940636848228      h 
   29.42197724803972     53.32214602324370    162.93992540930427      h 
   27.74277198041352     56.14122778424002    163.43853342866626      h 
   25.35803655773115     56.49639177352406    158.08177105153763      h 
   26.75596727947078     59.04545911610035    159.70266424203490      h 
   27.79912953969338     58.23653408065948    156.65554232508026      h 
   33.58899483227983     56.24221573769062    156.02942061153573      n 
   34.81922374536654     56.71222427962986    153.64385393960430      c 
   34.12565355264888     54.68238146060925    151.72667462241293      c 
   33.95545352496818     52.44383606430859    152.30095406934154      o 
   37.72289714225438     56.54466525677993    153.93373700355153      c 
   38.81683379289579     58.90957959569162    154.99462859420680      c 
   40.27899358354892     58.93756403893848    157.11836078046895      n 
   38.61291125812927     61.31257679855707    154.05374025595884      c 
   40.93325170832171     61.30175207698835    157.43778632305552      c 
   39.98220683538064     62.82106623478115    155.62842889053852      n 
   33.91453641375293     54.49120960186385    156.76207969442981      h 
   34.27760173008946     58.58535357074868    152.96220718025563      h 
   38.18306629597047     54.97307781233835    155.18632080921242      h 
   38.56571359774605     56.16671291487469    152.08377992130653      h 
   37.62293369068807     62.04554875071541    152.44712527197407      h 
   42.11770516461724     61.97062744929743    158.93576746362837      h 
   40.07938418782395     64.73720789343821    155.49860747757756      h 
   33.90965969456057     55.51615604400688    149.35176290776366      n 
   33.66456131032540     53.75708904271511    147.28108741596341      c 
   35.04464681267672     54.78942218832307    144.97312529963969      c 
   34.90529201576047     57.02430022314262    144.38608266009012      o 
   30.87137130533538     53.22998452956955    146.56420738071776      c 
   29.57188885705331     55.34750247034425    145.64631837789099      o 
   33.85007558185702     57.39742651564431    148.98987711527894      h 
   34.49418942416385     51.97793483586199    147.93433159845154      h 
   30.81888057680332     51.67893940983027    145.18724212884734      h 
   29.86942483469528     52.66141894948397    148.27366853481195      h 
   30.26612695413253     55.83589894376792    144.03179363149505      h 
   36.30899362871338     53.04780611056492    143.66670936483553      n 
   37.39709899004353     53.50168447223148    141.21043956934204      c 
   36.85348496607734     51.24477274495885    139.52442471734332      c 
   36.67433169312680     49.10057443416976    140.38862260596761      o 
   36.25842379224685     51.22134972069662    144.25326341233938      h 
   36.62712722897428     55.23950533891045    140.40007999550096      h 
   39.45814594886409     53.66335075849631    141.38674966872159      h 
   34.41227420883505     58.25163946217190    132.40181715952801      n 
   32.71352802839638     59.41973809966815    134.19010008650031      c 
   33.95780024523352     59.40781039703030    136.78648149752317      c 
   35.32833241813906     57.63990158156079    137.41362261560522      o 
   30.16570049381941     57.99570719988989    134.39133165302684      c 
   28.46023809469818     59.26702091374826    135.95979674258868      o 
   35.40118207800540     56.73100419356645    133.02640891125972      h 
   32.30041865347729     61.34535998504546    133.56873245535911      h 
   29.40325155789952     57.72943357581163    132.47961175126838      h 
   30.48434864963775     56.12285198498515    135.22425606686124      h 
   27.66329291889829     60.62062551837546    134.96720140789876      h 
   33.44444732375688     61.40330587089097    138.22173009418432      n 
   34.49120058787107     61.75260202469774    140.72012533550668      c 
   32.49759447165209     63.02854837148520    142.37315578110821      c 
   31.50843474453154     65.02494430769758    141.73531242309997      o 
   36.88763340756555     63.39492588041293    140.57984202457982      c 
   38.32347792231284     63.36833119907685    143.08382238798396      c 
   40.55589106531146     65.20869689468516    143.13738288206110      c 
   42.57119749155510     64.57692062863775    141.16998563997254      c 
   44.78282416821917     66.29569336237162    141.46842412370481      n 
   32.39622958495987     62.82830956889568    137.49656235455018      h 
   34.97213681271943     59.89114453973325    141.47041921113544      h 
   38.04421386134393     62.62032427262654    139.06030597913448      h 
   36.31383631790980     65.31371040301316    140.08139746896910      h 
   37.01089154586877     63.87942273936715    144.59382011521055      h 
   38.95842026337262     61.44561208204600    143.46759141558729      h 
   39.83499343679281     67.11276947047952    142.81279211128611      h 
   41.36834008664696     65.12775262376165    145.03101486843937      h 
   43.19627344927860     62.62928001195669    141.40922707978797      h 
   41.80299631620603     64.80689719773673    139.27255478835204      h 
   46.06540704829229     66.01182371612114    140.03010460313430      h 
   44.18498252400340     68.15078941260627    141.42704926681847      h 
   45.65985871577324     65.97617318382125    143.17997568603005      h 
   32.01044380932016     61.83436448308456    144.54645146637631      n 
   30.42056637940187     62.86185195656367    146.51517405906671      c 
   31.95539128041897     63.00472847359315    148.96143829177390      c 
   33.27486824301559     61.22341249149672    149.64295403018642      o 
   28.06905661686974     61.24203224926937    147.03270735764420      c 
   26.28364791336650     61.67280124886697    145.10801017035388      o 
   32.90877006959823     60.18034554338182    144.93244827583862      h 
   29.81065245452913     64.74278010717997    145.91986634856534      h 
   28.61589383357100     59.24446108738686    147.10916482238864      h 
   27.28519669779461     61.77924231589241    148.88376397995637      h 
   24.85109283097313     60.58480614775473    145.40855542564321      h 
   31.74509661450683     65.17604932135595    150.21705102728717      n 
   33.05407628532640     65.71388480676589    152.56644002162906      c 
   31.16937220582759     67.10353679918143    154.26369131904875      c 
   30.25944686663218     69.13500374808245    153.59615756221271      o 
   35.35284935297485     67.38004034470417    152.09964065028041      c 
   36.57230968730592     68.07566719798201    154.69509143930335      c 
   35.08733760403839     68.67012820108710    156.41257554396802      o 
   38.92517498597729     67.97394068577324    154.80884174350200      o 
   30.70769638249384     66.60852433360421    149.47885738759825      h 
   33.61578596669101     63.91835119332225    153.42643683063784      h 
   36.73115778331065     66.43979029049737    150.88739449121454      h 
   34.72030321389850     69.14372209966089    151.23225560637280      h 
   30.35174582653079     65.76018033692529    156.23038686583018      n 
   28.39909923604805     66.62656361991066    157.93570116486109      c 
   29.34496127176742     66.37494931736107    160.64455431248123      c 
   30.01812485479818     64.32992666011387    161.50586808983439      o 
   26.00812803558490     65.03364230484885    157.51895333918924      c 
   24.67173602830175     65.84386782436570    155.09732472139865      c 
   22.97975814229055     63.68851296822543    154.05001906865766      c 
   24.04649686175102     61.80637585182704    153.17546178779492      o 
   20.62379327089754     64.01441838638343    154.14588912588573      o 
   31.15097229310269     64.07100929185809    156.64030389212115      h 
   28.02798119953227     68.61022556675999    157.49824172660027      h 
   26.56717029072640     63.05287613228128    157.36653048186540      h 
   24.75204673005035     65.22796604015072    159.14178570522856      h 
   23.58429496082277     67.55230159474353    155.46985313446766      h 
   26.08988707413467     66.23778346163250    153.64813365922038      h 
   26.00061640630590     76.08342393435426    162.26713247012921      n 
   27.53441767452366     76.59087241560607    160.06560060687417      c 
   26.69998007510754     74.73941793643968    158.01685095425304      c 
   26.69039016566963     72.45665232553644    158.40424040311183      o 
   30.38634260020924     76.19311690925646    160.63003401431121      c 
   31.90025091686669     78.52004539726443    160.15296512287776      c 
   32.24049100239115     80.50784173832413    161.76661265074014      c 
   33.25135067633103     79.12175597776066    157.89408109770250      c 
   33.72271752625954     82.30796908412127    160.65996459711818      n 
   34.38923899961234     81.51346306169695    158.29885042074559      c 
   33.63160714993687     77.87341149920162    155.60018749388439      c 
   35.90046400595521     82.65444797249981    156.47715248610646      c 
   35.13917584062475     79.01397270510074    153.81193989628352      c 
   36.25883789790967     81.37096780651535    154.24078232084275      c 
   26.19947579890338     74.32597642801205    163.01153144770433      h 
   27.18347081146306     78.54783228723775    159.50474071297018      h 
   30.56587812257843     75.62743889864051    162.60583509710906      h 
   31.10383594809044     74.64267111175563    159.46806212288868      h 
   31.50596418598940     80.75032801012652    163.64178128497059      h 
   34.25712273104857     83.94520205195515    161.46353131481879      h 
   32.78144835286384     76.04005285034357    155.26229682979954      h 
   36.77068081704796     84.46974395744066    156.80951540000038      h 
   35.49060243386121     78.09486247311536    152.02200522051913      h 
   37.43192123146033     82.17548462021971    152.77649966686022      h 
   25.89052938631566     75.80909571548861    155.87635033618037      n 
   25.20619110050194     74.40782999197660    153.62706587977723      c 
   26.98837353574113     75.18045728627871    151.48670335078268      c 
   27.34889266726994     77.38967667507104    150.93829196855512      o 
   22.49021403943170     75.06226728053281    152.79075910537048      c 
   20.49310064570802     73.19761562184286    153.73249695706880      c 
   20.37534716571155     70.83342766467327    152.06182196661288      c 
   17.91070937534240     69.36933319167949    152.34593541869128      c 
   17.79208376093107     68.00090272510954    154.78764307464763      n 
   26.09874711018384     77.69042878694373    155.61038698563880      h 
   25.42232069741621     72.40074804159197    154.05666635013756      h 
   22.08356926731886     76.96064411913694    153.47885238360394      h 
   22.42704035959520     75.14063018448677    150.73084082260075      h 
   20.91755192390542     72.71874962559806    155.69285484489640      h 
   18.66524020571103     74.14889771699562    153.66218076717809      h 
   20.53056236127758     71.41733363580288    150.09278642831327      h 
   21.96832324257471     69.58391928292610    152.43828824390528      h 
   16.31629617417801     70.66888320786876    152.20434206375384      h 
   17.77780890131220     67.96693570071398    150.84437124055560      h 
   16.01705641867528     67.28421516374306    155.07286766555313      h 
   19.09947155344506     66.39495594519688    154.71430683000250      h 
   18.25563159913561     69.17127448995069    156.25650210403975      h 
   27.89303172305628     73.22157927629014    150.15200090362916      n 
   29.46700220017013     73.57147246501107    147.94417179566636      c 
   29.07996610757613     71.22659216837852    146.28798552889444      c 
   29.31756268098142     69.08258256146532    147.13595985246985      o 
   32.24518197248310     73.94424373110817    148.68148049313382      c 
   34.01252117636347     73.97804430145014    146.39342395268460      c 
   36.65851219494957     74.61271206986484    147.31401391359864      c 
   37.46630027960764     76.76828520352520    147.40920565502003      o 
   38.06578271938594     72.59439119341599    147.97144171841398      n 
   28.01425240816281     71.49401771364855    150.96387979937009      h 
   28.79159134483595     75.27024637736702    146.97752469616705      h 
   32.38785837018015     75.73240324725971    149.70283451900409      h 
   32.77146280397612     72.43707847895807    149.98988869551954      h 
   33.97605769284191     72.14880235953451    145.44139852135748      h 
   33.40684941922864     75.44754322171744    145.08456563571912      h 
   37.24632650900381     70.89614239205970    148.22180821432121      h 
   39.69614431598969     72.90578410625582    148.90817973867587      h 
   28.39479936515035     71.76375872557335    143.93129950652076      n 
   27.82305648696998     69.96409468766666    141.95034883244983      c 
   29.09475420088913     71.00461950197935    139.57681759000755      c 
   29.01083256771087     73.26632182871955    139.07193908615801      o 
   24.93058849165212     69.71650169718178    141.59244926907857      c 
   24.30125282726624     68.03626063693667    139.31984981913246      c 
   23.71763934810804     72.32577559152864    141.31188155647504      c 
   25.00794909176558     65.26869418066076    139.68861216825533      c 
   28.33579776160450     73.57609528969556    143.31903222542104      h 
   28.63381304177734     68.14041958889163    142.46183666055492      h 
   24.19109544276336     68.80195655176112    143.29866014008238      h 
   22.26850648533159     68.13722508351927    138.97571929904927      h 
   25.23752031559330     68.74545493186915    137.62273237497018      h 
   21.71906484870495     72.12740638722836    140.89334872307248      h 
   23.91204997943412     73.41514100587014    143.04325970545295      h 
   24.60621246914503     73.35784053702535    139.77293759505085      h 
   24.68333958303500     64.23138547374465    137.94399244763466      h 
   26.98931641355867     65.04166378218898    140.17157638671020      h 
   23.89708329038931     64.41211187249431    141.18823199980287      h 
   30.34923080368193     69.31795201195909    138.20377647198976      n 
   31.73253768009608     69.97665102332630    135.93615745317555      c 
   31.61708153332213     67.68134730883939    134.20141614531966      c 
   32.08427352641722     65.56545855466275    135.00431929047747      o 
   34.48578188450502     70.55291641689215    136.67575186412961      c 
   36.27624770403022     71.12520144346340    134.47228819469683      c 
   35.67174880360506     73.66996153141578    133.24250662358395      c 
   38.99676349206692     71.07202947307297    135.45198436380278      c 
   30.46924912589781     67.49818739282183    138.78469925937483      h 
   30.82179022129560     71.62778958434458    135.09031665381843      h 
   34.44234746311661     72.15022250993930    137.98351272936407      h 
   35.15775899119324     68.89718313028040    137.70983957247142      h 
   36.06099676637655     69.63294998314932    133.05120084449587      h 
   37.19146100835852     74.21528824991461    131.97170177342846      h 
   33.93826202546950     73.56806990307936    132.14083869817082      h 
   35.45350217996896     75.13425581798431    134.67185242634955      h 
   40.31018614367519     71.38894434352679    133.90521993594359      h 
   39.25979006127361     72.53910122536257    136.86708443953165      h 
   39.38286172444372     69.23673384472342    136.29109756983888      h 
   31.17563640905507     68.15778109928610    131.75835098904290      n 
   30.82573375469687     66.17180195195840    129.91904074014820      c 
   32.08294599280400     66.99413705570039    127.46137309263818      c 
   32.14410908756737     69.22099130903698    126.83357091553785      o 
   28.01036573472564     65.66187243287817    129.45599962893343      c 
   26.79793613580448     64.95736223340361    132.05730388452446      c 
   26.62011673479696     62.65648324117329    132.54846743905816      o 
   26.16427111153643     66.76045404766637    133.41993861754378      o 
   30.56487406261562     69.87155467772746    131.19287960673140      h 
   31.70396147067998     64.45487933362821    130.65202739342956      h 
   27.11273618333486     67.36361535112073    128.70834552395544      h 
   27.78868589477938     64.10024609768757    128.13506529437794      h 
   34.78657170245751     44.24267262089078    148.26205220931075      h 
   36.58209793217494     47.56208288731077    154.86227387359767      h 
   30.59145741334387     58.28054249043128    163.28468744915457      h 
   36.63253124501231     51.48711913981338    137.66337344427842      h 
   33.53065886334571     57.70882248889531    131.05249655701382      h 
   29.42702576184018     67.89674643804611    161.76190077007467      h 
   26.40055838434932     77.18125284465171    163.50300466010199      h 
   32.87696705693665     65.70619565511943    126.32920629299150      h 
  -0.9233078681639D-01  -0.5188458926778D-01  -0.6685857844875D-01
  -0.1743846810079D-01   0.4514431316684D-02  -0.5963504981929D-02
  -0.9682923059348D-02   0.6902717043806D-01   0.4838546722811D-01
   0.1046115917049D-01  -0.9611408271187D-02   0.4529346575365D-02
   0.2142498031595D-02  -0.4373308540471D-02  -0.5888618998611D-02
  -0.2475461784055D-02  -0.7892320208134D-03   0.3353864548011D-03
  -0.1121980029140D-02  -0.5958169703224D-03  -0.4239232846514D-02
  -0.2368690368599D-02   0.8602950868517D-03  -0.1396506470048D-02
   0.2774023247413D-02   0.1331647788213D-03   0.6108526342567D-02
  -0.1126348911884D-02  -0.2993158831924D-02  -0.6873662770960D-02
   0.2496029317379D-04  -0.1424398325297D-02  -0.3998561748454D-02
   0.6924558885576D-03   0.7644931229311D-03  -0.1342527447117D-02
   0.3756057023428D-02   0.1144240004953D-02  -0.1399926375782D-02
   0.5658499702053D-03   0.7843588108798D-03   0.1241829486895D-03
   0.1534343161652D-02   0.5757627881279D-03   0.1306955772745D-03
   0.6534549165679D-04  -0.2284752987997D-03   0.7780300807405D-03
  -0.4698933152934D-03  -0.4918404225375D-03  -0.1242267725744D-02
  -0.7571079325494D-01  -0.5110181958377D-01   0.9150509396993D-01
   0.3288759482529D-02  -0.1118328111893D-01  -0.3872236082324D-03
   0.4797991774110D-02  -0.4527600047252D-02  -0.7412062941254D-02
   0.1146681869775D-03   0.5471122365246D-02   0.2957952065537D-02
  -0.4323870812100D-03   0.3816453736423D-02   0.6410158226685D-02
  -0.1173715104068D-02  -0.3087280415102D-03   0.2710979576232D-02
  -0.1913387520633D-03  -0.5130460985004D-03   0.4125340698090D-03
  -0.5387972673832D-02  -0.2283998240281D-03   0.1242637641661D-01
   0.3424087507747D-03   0.1949929885303D-02  -0.8720243559153D-03
   0.3254122533391D-02   0.2370276362331D-02   0.4465171562505D-03
  -0.2334559814859D-03   0.1277278225728D-02  -0.1031132140175D-02
   0.2042884865181D-03   0.2591818468368D-02   0.1021021452158D-03
   0.3984248806661D-02   0.9726456514532D-03  -0.5962250087537D-03
   0.3193795842825D-03   0.4137089254706D-03  -0.3078597434679D-03
  -0.1093708197316D-03  -0.1673246180831D-03  -0.7744388840239D-03
  -0.4020335504215D-03   0.5071655155312D-03  -0.2699514588865D-03
  -0.4729965789113D-02   0.3401268935057D-02   0.1508795518903D-03
  -0.3338650256705D-02   0.1925129507351D-03   0.2045837259560D-02
   0.3558288541951D-02   0.3413159847481D-02  -0.2877232614708D-02
   0.1891517147413D-04  -0.3072604140920D-02  -0.2683972936625D-04
  -0.1770005338560D-02   0.4085947808807D-03   0.1773967877788D-03
   0.4594091511995D-03  -0.9502284557615D-03   0.4590716208635D-03
  -0.4212801664180D-03  -0.5592195004736D-03   0.7621837628259D-03
  -0.2302503198255D-03  -0.2542622254022D-03   0.2623568511973D-03
   0.2058549975206D-03  -0.1729904947745D-03  -0.3528544796401D-03
  -0.9680020974734D-03  -0.2174495915897D-03   0.2924277793273D-03
   0.3406788656046D-02  -0.5360198357672D-02   0.3825334659492D-02
   0.1019737808346D-02   0.1100855478941D-02  -0.1334186614032D-02
  -0.2935295448776D-03  -0.1101570344400D-03   0.5003374524157D-03
   0.1059634334319D-02  -0.7425851407907D-03  -0.4146021426280D-03
  -0.1273465859140D-03   0.1099053324355D-02  -0.5001284860004D-03
   0.3110889851026D-03  -0.2407802307753D-03  -0.7785076022685D-03
   0.7302229879719D-03   0.2274209422562D-03  -0.6051256544772D-03
   0.1982562691887D-04  -0.1594875663745D-03  -0.3468559656423D-03
   0.4691934199318D-03   0.2681367166306D-03  -0.5964003470625D-03
   0.9417097689049D-03   0.3637642698795D-03  -0.1438360518972D-03
  -0.6244820154907D-03  -0.3443327724242D-03   0.4632710596880D-03
   0.2525841535657D-03   0.3656828138460D-03  -0.6106228177564D-03
  -0.4063924688435D-03   0.1394715946538D-03   0.2039352883800D-03
   0.2304716736575D-03  -0.1274353852898D-03   0.4796083968431D-03
   0.1979456054564D-03   0.8543510384524D-03   0.4196092013982D-03
  -0.3613311841316D-03  -0.9190370391288D-05  -0.3145836596709D-03
   0.5244327502814D-03   0.3597598670125D-03  -0.8172687473145D-03
   0.2704744755918D-03  -0.1178254452817D-02   0.2786579044430D-03
   0.1882506761548D-02  -0.3124881486209D-03  -0.5002528423573D-02
   0.1696157724586D-02   0.6124312638547D-02   0.6125002391259D-02
  -0.8162586595127D-02   0.3562350450093D-01  -0.8266739944600D-01
   0.7713263004776D-03  -0.2216774150591D-01   0.4806562496816D-02
  -0.2236452632526D-02  -0.1018323716864D-02   0.3088006725782D-02
  -0.7905924782781D-03   0.2298828638451D-03   0.1344054350347D-02
   0.4104285951147D-03  -0.1135287242586D-02   0.2448463483563D-02
  -0.7389697657934D-01  -0.4034352880096D-01  -0.8843703843271D-01
  -0.3933421401589D-02   0.7868212912008D-02  -0.4369659767145D-02
  -0.1016164228777D-02   0.2504529861723D-02   0.4890372942089D-02
   0.3313351676872D-02  -0.2543233805211D-02  -0.3855616721858D-02
  -0.2080216364047D-02   0.4324288715327D-03  -0.1913295414778D-02
   0.6610339901326D-02  -0.1487498003669D-02  -0.4109308060337D-03
   0.2504196382786D-02  -0.4066453978597D-02  -0.1416906648786D-01
  -0.1012702642098D-02  -0.1347206656169D-02  -0.1615087095626D-02
   0.1699153847344D-02  -0.1125618442254D-02   0.3013121479131D-03
  -0.2158819619263D-03  -0.2216398273721D-03  -0.1136193341810D-02
  -0.2207341138386D-02   0.2075758603678D-02  -0.1672322889249D-02
  -0.4263775692762D-03   0.2150647911907D-03   0.1798689014141D-03
  -0.3083186206297D-04   0.2398190443560D-03   0.7726172242039D-05
  -0.4997251427046D-03  -0.6021797832368D-03  -0.1966558007524D-03
  -0.2690912321586D-03   0.3341550839326D-03   0.1007390452117D-03
   0.3161429694037D-03  -0.7293720437791D-05  -0.1287588763186D-03
   0.1760846859682D-03  -0.5129074167236D-04   0.7350707080567D-05
   0.1806173489386D-03  -0.5597154758186D-05   0.5987406840245D-04
  -0.2246403930764D-04   0.2090160075881D-03  -0.2867632351840D-03
   0.8163003769068D-04   0.5542737203989D-04   0.1715220763415D-03
  -0.5010887466384D-03   0.2844327103053D-03  -0.2996154386675D-03
   0.2019941960109D-03   0.1775852359214D-03  -0.1582134496163D-03
   0.3778104436696D-03  -0.2363835855688D-03  -0.1888776087077D-03
  -0.4898311125508D-04  -0.7658202631563D-04  -0.1903246915154D-03
  -0.2108873337011D-03   0.9137537427733D-05  -0.2987423510062D-03
  -0.4502393478943D-03  -0.3112863446318D-03   0.1312511958170D-03
   0.3362637916762D-03   0.2109886864209D-04  -0.2002763263607D-03
  -0.2868632885540D-03  -0.3823182615414D-03   0.2998061393675D-03
   0.2793458410286D-03   0.4173472563435D-03   0.1090886509718D-03
  -0.6901705676792D-04  -0.8336855637016D-04  -0.5144039353387D-03
  -0.3509277711954D-03   0.1037240317953D-03  -0.2109195254712D-03
  -0.3384436966892D-03  -0.6123180752471D-04   0.1455136917595D-03
   0.2845051937771D-03  -0.8623515883986D-04   0.2278400123619D-03
   0.1504701455434D-03   0.7951185027142D-04  -0.6967763443673D-04
   0.1388188533949D-03  -0.3112403908595D-03   0.2619694462227D-04
  -0.2549072726541D-03   0.3272084996636D-03   0.3686805351251D-04
  -0.2662525406425D-03  -0.8154688818638D-04  -0.1581444414314D-03
  -0.1840460064711D-03   0.3430933556515D-04  -0.2452952359312D-03
   0.4064686857136D-03   0.8225512706255D-03  -0.2044889622381D-04
   0.1662123614625D-03   0.7077488670246D-04  -0.1168659322623D-03
   0.3482594416325D-03  -0.6097420616092D-03  -0.4703724742231D-04
  -0.9313644080815D-04   0.1099872138085D-03   0.3163165307422D-03
  -0.3788341228139D-03  -0.2565235286605D-04  -0.3913152811742D-03
  -0.4532765856038D-03  -0.3332098792555D-03   0.2904294263320D-03
  -0.1059195247952D-02   0.2399772166540D-02   0.1075471680073D-02
  -0.4369510177891D-03   0.5675021754354D-04   0.5878458205490D-03
   0.1234649694339D-02  -0.1926377928940D-02   0.3105387935608D-02
  -0.1085432656002D-03   0.1737422474059D-02  -0.6328792308287D-03
  -0.4249717903107D-03  -0.3592913303482D-03  -0.8443951338989D-03
  -0.1251722825556D-03   0.6121636760122D-03   0.8938951540884D-03
  -0.4184206747836D-03   0.2536663523248D-03  -0.1078928421528D-02
   0.5610012363816D-03  -0.4373149547848D-03  -0.8614700773948D-03
   0.4331654645613D-03  -0.1511842017949D-02   0.1283638626500D-02
   0.6887306436917D-03  -0.3278432601782D-03  -0.5710886298159D-03
   0.5967705215313D-03  -0.4391009070971D-03  -0.5839889241302D-03
   0.2252284269467D-03   0.4446837648035D-03   0.8197069636542D-04
  -0.4912508012604D-03   0.1174402435476D-02  -0.1084258470628D-02
  -0.3702079307566D-02  -0.4580447173323D-02  -0.5923073434665D-02
  -0.5045954896651D-02   0.8769771924358D-01   0.3823112017818D-01
   0.8204546951638D-02  -0.2115971878145D-01   0.9059901899053D-02
   0.1985919841276D-02   0.1549990913196D-02  -0.8002719280580D-03
  -0.7845631886371D-03  -0.3790426526734D-03  -0.1112966341592D-02
   0.1734426071150D-02  -0.3510304188601D-03   0.1015398572946D-03
  -0.7552915359056D-03   0.4404888671186D-03  -0.7438789497368D-04
  -0.1571631863008D-02   0.6756931245876D-03  -0.5186743393374D-03
  -0.3366091289964D-03   0.4107011842192D-03  -0.2248442339042D-03
   0.2025843573573D-04  -0.1271771602227D-02  -0.1211556142985D-02
  -0.6173661998415D-03   0.2839571432406D-03  -0.3895997357922D-04
   0.6419177955552D-03  -0.3050704856939D-03   0.2648022312127D-03
  -0.2348069660757D-03   0.2838427789969D-03   0.2224994957070D-03
   0.2288990495761D-03  -0.3509051609308D-04   0.7649578955109D-04
   0.4249890765056D-01   0.8051109404491D-01   0.8432611229313D-01
  -0.1134575179613D-02   0.1065212891285D-01  -0.1958638699208D-02
  -0.2312662810903D-02   0.1105061723182D-02  -0.4575213862387D-02
   0.8566661952028D-03  -0.1165219967977D-02   0.2204559186014D-02
  -0.4746170617987D-02  -0.1959775884485D-02   0.4558757402229D-02
  -0.5378719204703D-03   0.8807844846529D-03   0.1238682246336D-03
   0.1000101122896D-02   0.1284911421791D-02   0.8501040417494D-03
  -0.2010264572980D-03  -0.9421164169307D-04  -0.6626922904102D-04
  -0.8581436255132D-03  -0.1170207359984D-02   0.7627274596564D-03
   0.3794053174026D-03  -0.3524909571800D-03  -0.7143123867341D-03
  -0.6441370748624D-03  -0.5475659599326D-03  -0.6332935283215D-03
   0.1843815461264D-03   0.1546442620041D-03  -0.1583239284381D-03
  -0.3068899747156D-05  -0.5892115718810D-03   0.4336935308886D-03
   0.2319390465804D-03  -0.3913940224647D-04  -0.7296036079775D-03
  -0.2117134461195D-02   0.3480062681247D-02   0.1120109478457D-01
   0.4109583785303D-03   0.8577900043758D-03   0.1027820105424D-02
  -0.1781090714983D-02   0.2559097450012D-03  -0.2619143713617D-03
  -0.1012309900342D-02   0.4525544333155D-03  -0.6549422094116D-03
  -0.1136414839906D-02  -0.5895127983357D-03   0.3761956520328D-03
  -0.1637294734750D-03   0.1150939682379D-04  -0.2007321697605D-03
  -0.4070709764731D-03  -0.2824695303723D-03   0.4687607920872D-03
   0.3249907193226D-03   0.4081422137852D-03   0.1581955340396D-03
   0.2240293589070D-03   0.7937933853679D-03   0.2164858666997D-04
   0.5364582633282D-03   0.2767777368853D-03  -0.2785903695437D-03
   0.2104935822199D-02  -0.1391091444694D-02   0.3194500913892D-02
  -0.3054377683948D-04  -0.1303354835624D-02   0.4283278943699D-04
   0.1324413980502D-02   0.3346189822253D-02  -0.6680874735490D-03
  -0.3752092719615D-03  -0.1676262673906D-02   0.2583813872487D-03
   0.1542548391596D-03  -0.1144520437160D-03  -0.2340589653981D-03
  -0.1198924486519D-03  -0.2413272806038D-03   0.1500365814867D-03
   0.5567319197988D-03  -0.3512058895160D-03  -0.1537972937801D-03
   0.2989976294330D-03   0.5387570066634D-04   0.1529358546246D-03
   0.6999804840020D-04   0.8678090415682D-04  -0.5468938234733D-04
  -0.5510267910366D-03   0.9726541359407D-03  -0.7099722946096D-04
  -0.5258670339049D-03  -0.1940968989039D-03   0.9262076087404D-04
   0.4052489424764D-03   0.3315792753420D-04  -0.6115867107277D-03
  -0.4406822033410D-03   0.9820474987859D-04   0.4049043037528D-04
  -0.1064529395049D-03  -0.1640278627697D-03   0.3957421841256D-03
  -0.2541567728319D-03   0.6098718324945D-04  -0.9837147962507D-04
   0.5730585045712D-03  -0.2619034098761D-04   0.3382400735156D-03
  -0.5379464434505D-06  -0.3066488615850D-03   0.6568999013233D-03
   0.1546426894000D-03  -0.3044716472627D-03  -0.2406463547654D-03
   0.1816758306450D-03   0.2454939119216D-03   0.2843010418063D-03
  -0.4792316083271D-03   0.5986723244042D-03  -0.2206050612394D-03
   0.5325916521494D-03  -0.1328051464106D-02   0.4231321368324D-03
  -0.4013546248526D-03   0.9346877299902D-07  -0.4773660550607D-04
  -0.4995024622767D-03   0.1776895859485D-03  -0.4379007213191D-03
  -0.1461916911946D-03  -0.3490229830461D-03  -0.2928630164402D-03
   0.3268292775312D-03  -0.6174014043942D-03  -0.1020487269257D-03
  -0.1345112667120D-03  -0.2077634563263D-03   0.6112151709988D-03
  -0.3490418634560D-03   0.3544156591741D-03  -0.5638467995453D-03
   0.1657927112401D-03  -0.4038924377215D-03   0.4892323922807D-05
  -0.4272874428361D-03  -0.6185059781852D-03   0.4441803044181D-03
   0.7932729771057D-03   0.1786889140860D-02  -0.1170696455751D-03
  -0.5813417483010D-03   0.2900721545130D-03  -0.1533374199692D-03
  -0.3261633764715D-03   0.2659166579543D-03  -0.4796268304517D-03
   0.1685646251082D-03  -0.2853459659003D-03   0.1143976905378D-03
  -0.3787687872365D-04   0.1036359242458D-05  -0.5495310154424D-04
  -0.1176273716067D-03   0.9613885957042D-03  -0.5193393426812D-03
  -0.3790984209715D-03  -0.5374453016619D-03  -0.4998683350204D-03
   0.3302031221779D-03  -0.3669102610277D-03   0.4469615907780D-03
  -0.8566890653439D-04  -0.2525234431954D-03   0.3210954176315D-03
  -0.6965293876849D-03  -0.2218934094488D-03   0.8014954696730D-04
   0.1160047664183D-03  -0.2014398740722D-03  -0.1565201627504D-03
   0.2477493333775D-04   0.9984589149907D-05  -0.2759280801344D-03
   0.5767783202694D-03  -0.6898084376983D-03   0.4207304984223D-04
  -0.5789902564637D-03   0.2523692097502D-04   0.4368128828036D-03
  -0.1406213049445D-03   0.2919292652307D-05   0.2323921633849D-04
  -0.6498900640078D-04   0.9581091624476D-04  -0.2751065542329D-03
   0.3937774000500D-03   0.3945037845911D-03  -0.3102199622612D-04
  -0.1249116882181D-03  -0.1133448929539D-04  -0.1720269297314D-03
   0.3098857482830D-04  -0.2106843819924D-03  -0.3756721377375D-03
   0.1193735260036D-04   0.3182263627986D-03  -0.1631368478910D-03
  -0.3528723031622D-03  -0.1421418051110D-03   0.1520514567238D-03
  -0.1663781373485D-03  -0.1901952622416D-03   0.3073383013887D-04
   0.2677373515547D-03   0.2057044708765D-03  -0.2208162786866D-03
   0.3425371768900D-03   0.4395872901446D-03   0.1568325358798D-03
   0.2224479405021D-03   0.3266117011997D-03   0.1484767183259D-03
   0.5666131660715D-03   0.1440846478973D-03  -0.2644536620270D-03
   0.1132638761320D-03  -0.3828499578192D-03  -0.1347333043747D-04
  -0.8291481651553D-04   0.2521534803925D-03  -0.2030269817038D-03
  -0.2903150599436D-03  -0.1383584093151D-03  -0.2889992173074D-03
  -0.1364677232119D-04  -0.5249985269776D-04  -0.5271292988952D-03
   0.1390595954418D-03   0.3450518942032D-03  -0.3794634115333D-03
  -0.1059857560663D-04  -0.4831036248828D-04   0.2946775977061D-03
   0.5123683609085D-03  -0.2682649717520D-03  -0.1642440748141D-03
   0.7503924843474D-04   0.2758434518794D-03   0.5895024794055D-04
   0.2822185940483D-03   0.3086057378024D-03  -0.7776156124058D-04
  -0.4419446985128D-03   0.8534415665432D-03  -0.8464625325651D-04
   0.6613337879710D-03  -0.2221916100340D-03   0.2575540853058D-03
  -0.2008845966437D-03  -0.5653504053199D-04  -0.1154216305061D-03
  -0.2105849084980D-03   0.6138626508644D-03  -0.3506811905675D-04
  -0.3305184923502D-03   0.5555735855455D-04   0.4580411734482D-03
  -0.3793170266220D-03   0.3544494815950D-03   0.5969203723671D-03
   0.1005271180646D-03  -0.2117073668667D-03  -0.1224413329748D-03
   0.4075330594161D-03   0.4042423908479D-04   0.9101238582708D-04
  -0.2083225285364D-03  -0.1337800697155D-03  -0.1208121395880D-02
  -0.2715131690422D-03   0.9497199915036D-03   0.6056148334948D-03
   0.2204957177839D-03  -0.1414825959875D-03  -0.5145654855340D-03
  -0.6702074166341D-05   0.3208712159965D-03   0.3056946058601D-03
  -0.1318723084270D-03  -0.8564970781314D-03   0.5090458060789D-03
  -0.6997787336380D-04  -0.5189866891317D-03  -0.1765844868577D-03
  -0.8228687144806D-02  -0.3005035161047D-03   0.5046485088581D-02
   0.3241630488583D-01  -0.7487648642008D-01  -0.4026928606200D-01
   0.1488079832384D-02   0.1664945332498D-01  -0.6222551467332D-02
  -0.1511225833314D-02   0.1754514412344D-04   0.5784338608143D-02
   0.2136050730688D-02  -0.1612545071173D-02  -0.6754620851143D-02
  -0.6918220265558D-03  -0.2314736828131D-02   0.3110727516226D-02
  -0.6777430973403D-03   0.2562965540863D-02   0.3033991664602D-02
  -0.2087762698741D-03  -0.1581391202140D-02  -0.7331895796121D-03
  -0.1384153880694D-02   0.1235945195989D-02  -0.7760861043229D-03
   0.7100952744882D-03   0.6845689154023D-03  -0.1051785252417D-02
   0.8209111958414D-03   0.8260270245335D-03   0.3072699211633D-04
   0.9592125313486D-01   0.5348161416502D-01   0.8578772900959D-01
   0.8920464756571D-02  -0.5954747674364D-01  -0.4737512733790D-01
   0.6833210042772D-01   0.4966284735208D-01  -0.1082846709136D+00
   0.4707252008775D-02  -0.1832166949263D-01   0.7304181504900D-01
   0.7201064486621D-01   0.3974452890528D-01   0.1139833905112D+00
   0.4576717630071D-03  -0.6495895319168D-01  -0.3918850935659D-01
  -0.3008996134259D-01  -0.9299073914750D-01  -0.1003844732649D+00
  -0.2694321159153D-01   0.5765677172418D-01   0.4150929219672D-01
$end                                                                            
