   -0.39894297
    0.00949733
    0.25724930
   -0.48039627
   -0.08332091
   -0.08267470
   -0.09394288
   -0.05009118
   -0.14013676
    0.16200551
    0.06692026
    0.06850235
    0.04580253
    0.05633148
    0.06290195
    0.08194588
    0.07796731
    0.11532534
    0.11726415
    0.29359956
    0.29427133
    0.28328488
   -0.17053884
    0.00505965
    0.27195103
   -0.45747242
    0.06644825
   -0.47777874
    0.22173678
    0.10707958
    0.06312346
    0.04996547
    0.34905860
   -0.17952064
    0.00971288
    0.27257387
   -0.47523294
   -0.09025826
   -0.09650692
    0.29158621
   -0.53156009
   -0.28214921
    0.22707277
    0.08614155
    0.08635677
    0.08353571
    0.07334732
    0.07400147
    0.23827988
    0.22639596
   -0.17749217
    0.00073164
    0.26933631
   -0.51104688
    0.03897698
   -0.45259743
    0.22308317
    0.07856994
    0.08770608
    0.08481796
    0.32543210
   -0.17727972
    0.01891222
    0.26747516
   -0.48648507
   -0.14579553
    0.23934743
    0.07887566
    0.07804580
    0.08543746
    0.08317154
   -0.18310623
    0.01965147
    0.28945915
   -0.49002587
   -0.09140237
   -0.01540772
   -0.11275126
   -0.11654796
    0.23054192
    0.08321201
    0.05928078
    0.07661757
    0.04135283
    0.03700987
    0.03610741
    0.02989391
    0.03528486
    0.04941050
    0.04566469
   -0.17983677
   -0.01451145
    0.29967646
   -0.49531945
    0.22830172
    0.05651155
    0.07946648
   -0.19206249
    0.02868905
    0.27461019
   -0.50441473
    0.11354789
   -0.49230663
   -0.16650123
    0.22429062
    0.06393558
    0.02594767
    0.35662874
    0.07956101
    0.08196696
    0.06994955
   -0.17382710
    0.02342744
    0.26851268
   -0.48947078
   -0.14033935
    0.23391934
    0.08571075
    0.08024030
    0.09116420
    0.06840231
   -0.17589381
    0.03102640
    0.28094724
   -0.50807322
   -0.01418469
   -0.06137664
   -0.10899572
   -0.10947628
    0.23140352
    0.07015488
    0.03264658
    0.05058653
    0.03580526
    0.04752280
    0.01923156
    0.05178726
    0.04992393
    0.04050638
    0.04406693
   -0.19219354
    0.04609243
    0.27705064
   -0.51455430
   -0.06201175
   -0.09505414
    0.37204219
   -0.63981975
   -0.65232452
    0.21650417
    0.03329137
    0.06951530
    0.04996738
    0.03362155
    0.00751904
   -0.18050068
    0.01928918
    0.27197792
   -0.50284931
   -0.09034977
   -0.09224774
   -0.03112906
   -0.13594698
    0.22714244
   -0.22778173
   -0.24560436
    0.23347073
    0.07804224
    0.08061214
    0.07244401
    0.08157388
    0.07100512
    0.08005245
    0.09834084
    0.24635033
    0.22895206
    0.24765034
    0.24929417
    0.24453130
   -0.19020809
    0.02828429
    0.28727847
   -0.50046158
   -0.07371228
   -0.01064505
   -0.11002671
   -0.11690261
    0.24276237
    0.07136822
    0.05435503
    0.04601811
    0.04881657
    0.05335905
    0.03610623
    0.03619966
    0.05408653
    0.03922840
    0.03351069
   -0.19330719
    0.02505164
    0.28743788
   -0.48177689
    0.07877395
   -0.48661469
    0.21555193
    0.07267157
    0.03807268
    0.03941681
    0.35503159
   -0.19092954
    0.00856886
    0.26971547
   -0.50594491
    0.08271195
   -0.48259117
    0.22140476
    0.08340520
    0.05036227
    0.03496703
    0.34203161
   -0.15500082
   -0.03200800
    0.20087291
   -0.36383097
    0.23081903
    0.12855674
    0.11214299
   -0.40076592
    0.02940437
    0.27793886
   -0.51289309
   -0.12097624
    0.28552360
   -0.47542578
   -0.26823772
    0.16348447
    0.05598809
    0.09111095
    0.06796766
    0.24350819
    0.22849377
   -0.20453013
    0.00250646
    0.26837208
   -0.48891524
    0.06007891
   -0.45040521
    0.24502172
    0.07062040
    0.07796726
    0.04675166
    0.32318455
   -0.17367919
    0.02388918
    0.21334081
   -0.37958270
   -0.14265058
    0.23390451
    0.09941718
    0.08140765
    0.10035647
    0.07796934
   -0.38684955
    0.03671197
    0.19137538
   -0.36768575
   -0.06159452
   -0.00788832
   -0.22269715
   -0.06572742
    0.16465233
    0.07832101
    0.05319302
    0.05014053
    0.04786115
    0.04773592
    0.08177181
    0.06326506
    0.04865731
   -0.39613808
    0.03449179
    0.26659015
   -0.50086782
   -0.12839044
    0.16260851
    0.02983671
    0.05722039
    0.06219168
    0.06268271
   -0.16615121
    0.02659077
    0.20457289
   -0.36220865
   -0.06937725
   -0.10571792
    0.29206643
   -0.50713166
   -0.28784246
    0.23810066
    0.08461785
    0.07745401
    0.05993847
    0.06916611
    0.08618720
    0.22577556
    0.22011044
   -0.40488645
    0.04019114
    0.20031738
   -0.39404722
   -0.05081048
   -0.09557220
    0.28821851
   -0.50828045
   -0.27541269
    0.18302504
    0.07037900
    0.06169653
    0.03545429
    0.07454013
    0.06126580
    0.21627517
    0.22846379
    0.19039266
    0.09892497
    0.18479138
    0.06606377
    0.18773521
    0.08647940
    0.17704409
    0.07425480
    0.17523864
    0.06882596
