   -0.39113033
   -0.02147534
    0.26336469
   -0.50236358
    0.16639938
    0.06772707
    0.07541548
   -0.17219685
   -0.03343536
    0.26962343
   -0.49064064
    0.20662752
    0.09094650
    0.08895007
   -0.15111300
    0.01238326
    0.27064329
   -0.43798319
    0.11786214
   -0.46931889
   -0.13976037
    0.23201366
    0.05858064
    0.03345169
    0.34510603
    0.06073116
    0.05355401
    0.05869164
   -0.17544698
   -0.03925871
    0.27764029
   -0.48300682
    0.21017195
    0.09307980
    0.10680483
   -0.17315615
    0.01909018
    0.19770812
   -0.37200957
   -0.06978836
   -0.07051764
   -0.09326080
   -0.05110129
   -0.14646869
    0.22053509
    0.11807096
    0.04673787
    0.07595378
    0.04558323
    0.06191757
    0.07426376
    0.07454257
    0.12463779
    0.11623209
    0.30380851
    0.29827081
    0.29269534
    0.18048631
    0.07313003
