$grad                                                                           
  cycle =      1    SCF energy =  -464.40785897807   |dE/dxyz| =  1.677245
   32.03069085546117     64.63447616456536     39.86160958277006      n 
   33.95555080144601     64.69451323172882     41.75890197398127      c 
   36.53723196117687     65.15722945993561     40.54579249285958      c 
   37.95908898541861     66.78629187505148     41.36269030192265      o 
   33.54093709374435     62.67025343284782     43.74014766545335      c 
   35.49644095647648     62.43459845421173     45.70934454137353      c 
   36.27424124309499     64.93865063589467     46.83574187768386      c 
   34.57551389226362     66.26725677365653     47.79445982391610      o 
   38.53623627288898     65.56110895676055     46.71693297402840      o 
   31.03983667306490     63.18511055085777     39.95850557032628      h 
   33.89564717425689     66.26058836844199     42.89974603991865      h 
   31.83239489826151     62.97734897810992     44.60224062972775      h 
   33.32475667000506     60.98129827612018     42.84203790257352      h 
   34.90122708296271     61.26232746811532     47.12884357162287      h 
   37.05454408774104     61.56098514116045     44.97456393005248      h 
   37.16690141843964     63.79898688598221     38.57330005696012      n 
   39.53366847434071     64.14048711692563     37.28831931213372      c 
   40.42267858883430     66.52890238140618     35.99737170886746      c 
   42.46781741320480     67.46531783848762     36.51252455576039      o 
   39.90290913899059     62.10265697093636     35.40245198952805      c 
   42.35085404841470     60.74743949220343     35.82701360107576      c 
   42.71372121243456     58.65889027128642     33.99985031820906      c 
   44.49404604971121     62.55083227329158     35.77562894803908      c 
   36.17564034081888     62.50448070349811     37.90525995844946      h 
   40.63603483452785     64.21612670412179     38.88396631971677      h 
   38.40255267110307     60.87718346495086     35.44425254403411      h 
   39.85499853413958     62.83839412543917     33.61120269226988      h 
   42.28457896301138     59.97980229932783     37.61160436466979      h 
   44.36007611608255     57.72471515556054     34.31338440204328      h 
   41.29087759345517     57.37535338158711     34.10554583808080      h 
   42.75686884239886     59.34236508329931     32.20684617759274      h 
   46.16380959283851     61.67220957793992     36.12143243664703      h 
   44.61648723794368     63.39172369311561     34.05489008409016      h 
   44.28706219481163     63.93854859711848     37.08656411199529      h 
   38.95833635897355     67.50603747182939     34.26436146216865      n 
   39.56104902391309     69.77234752736730     32.93090685831814      c 
   39.71679262162551     71.82891141561903     34.92774947774589      c 
   41.20829909357784     73.55697808367654     34.84492606125970      o 
   37.55479700885106     70.42930993047585     30.99291406418333      c 
   35.55737271590242     72.07330078696127     32.13338789482376      c 
   36.26465469774722     68.13367808114053     30.09203036615746      c 
   33.66777139497642     73.06271384488441     30.39453077273199      c 
   37.39705183608987     66.82095883674216     33.83515950345259      h 
   41.24564955398877     69.56800889233223     31.97884899513634      h 
   38.44223370066960     71.35501482168755     29.52980846512566      h 
   34.67658631703109     71.04919053891318     33.52323306485241      h 
   36.39368070332425     73.54079873556925     33.07696442152484      h 
   34.90742503239841     68.55123529873526     28.80076954005922      h 
   37.48338104211054     66.89302754071481     29.28557292314488      h 
   35.40040554577119     67.23904567838007     31.55674031779068      h 
   32.35079365239542     74.13298605934050     31.29888046228593      h 
   34.48939322695008     74.16180879805758     29.05211909483790      h 
   32.74356720071456     71.63534667665047     29.50372663594804      h 
   38.06184207934408     71.57260932697676     36.79840121323430      n 
   37.76448998715478     73.21204125532530     38.89937398878403      c 
   40.19679892348360     73.44068462635754     40.40828777733193      c 
   40.57426862465708     75.22448411256373     41.81594588059207      o 
   35.43121226883407     72.54590949505277     40.36854252580695      c 
   34.87968971531392     74.24179614218495     42.58013211281982      c 
   33.82732535823629     76.27812602699520     42.20569969975656      o 
   35.56579544990274     73.46954683596950     44.64917335695793      n 
   36.95377948251215     70.20883905045353     36.85011997057470      h 
   37.46975223803079     75.03933312270449     38.31838818111723      h 
   33.90866059890782     72.51318160137872     39.17247117629356      h 
   35.59302063849078     70.72953180962462     40.99613870123596      h 
   35.35676975254001     74.38212408598208     46.18388832165616      h 
   36.37830869527538     71.89059818745802     44.95055662822700      h 
   41.87261092776360     71.65341902257856     40.10698075726081      n 
   44.24256200049111     71.54953518543107     41.39468202979849      c 
   46.25907695069890     73.11876634929476     40.08466965247147      c 
   47.65605552060193     74.51195009607935     41.29271881316291      o 
   44.49283577793952     68.90135184021325     42.42070727151050      c 
   46.81967056313039     67.78169073516123     43.57600973443190      c 
   46.10216435188467     65.95883642997056     45.58764804519378      c 
   48.41431558831535     66.56306184320921     41.61476097801331      c 
   41.62516067508268     70.29209780329563     39.01440054831533      h 
   44.46448002943286     72.56101309587643     43.02485501398908      h 
   43.07599334899614     68.69204025641616     43.72585686618507      h 
   43.99821174590912     67.73060750494079     40.97585387002458      h 
   47.86293102050531     69.21099570170495     44.37343892743993      h 
   47.64734097247490     65.19282764040163     46.43016391237220      h 
   45.04488754883383     66.79133032776201     46.95948992290410      h 
   45.06548961325360     64.52192300062175     44.84873903047157      h 
   50.02542781883712     65.83814222119069     42.36680710788669      h 
   47.46062996584548     65.12311196119803     40.77684129151733      h 
   48.91752783878128     67.80772753311433     40.24164502628098      h 
   46.36606687142982     72.93339019405332     37.61797286017166      n 
   48.02478888132873     74.30286776948806     35.96407660261139      c 
   47.75457009452749     77.17971347635007     35.88472080584113      c 
   49.57476533213087     78.57593411383552     35.76851729909936      o 
   47.76408853471897     73.20865596813439     33.37272102678789      c 
   48.18928003444442     69.85787135732174     33.25030816290179      s 
   45.32435377438554     71.81758806094578     36.73839148605894      h 
   49.79855645894535     74.09961882715822     36.72882308415899      h 
   46.01526944033839     73.65678388069813     32.69220385263721      h 
   49.00573471108717     74.05724432565376     32.17023640036989      h 
   47.88848762019744     69.16070159118327     31.00916037095018      h 
   45.41688291783362     78.02505334545178     35.94294463654769      n 
   44.73992189006761     80.62628544922735     35.92792711822122      c 
   45.63544751582863     81.89423459636191     38.31666936746300      c 
   46.22603119869513     84.09220056848248     38.34311795994409      o 
   41.93865254810837     81.11932760149217     35.70206688832396      c 
   40.88898358916632     79.34812581043261     34.02208773389091      o 
   41.41928597706561     83.76101163020498     34.90791441170393      c 
   44.02465361852473     76.95160768548520     36.01913676581643      h 
   45.60249152996484     81.38605200060940     34.36444226269285      h 
   41.17033809030267     80.85914994571007     37.46951292256965      h 
   39.20575816466490     79.61563740928702     33.93969431320613      h 
   39.53181486105431     84.10029828965062     34.80483921512425      h 
   42.17624066687976     85.03402254152040     36.12969874725910      h 
   42.16994371659130     84.09502360626759     33.17345248093238      h 
   45.64064051032729     80.48102226444878     40.38982482429423      n 
   46.44409546018663     81.41131362258461     42.79986177656236      c 
   49.27673706557232     81.01959644411025     43.20086840466274      c 
   50.62376251107238     82.68083923617580     44.05041432808356      o 
   44.96006176909416     80.27572834214381     44.94564436291159      c 
   45.61086542418698     77.54178003586171     45.48788236856588      c 
   47.74904506932139     77.01839427661726     46.19265627872974      o 
   43.92969102980729     75.99603109230355     45.17693929913013      n 
   45.14787750516717     78.79306086622090     40.41340682836599      h 
   46.11972132589371     83.32850480215269     42.77608658240530      h 
   45.21424323297641     81.32944891717382     46.54872409483356      h 
   43.06953590862918     80.41041287752994     44.57471574874552      h 
   44.13477771796165     74.22988511373296     45.43127319435457      h 
   42.26116801107440     76.37398317947374     44.62110968921831      h 
   50.19348895150937     78.81309148469457     42.50799600156666      n 
   52.78269638041514     78.09712947377973     42.79895071606062      c 
   54.64748459731622     79.57614753475991     41.18331407513619      c 
   56.88560194668985     79.64434777318284     41.76107587351731      o 
   53.08580604635203     75.31480538033702     42.99769046368319      c 
   49.19833152240896     77.53912804586501     41.80447609577932      h 
   53.38433943911347     78.76424559683461     44.51616362936684      h 
   54.92343887981883     74.82184018791737     43.23727104637868      h 
   52.09448010332115     74.61796117637407     44.49211805303199      h 
   52.43836093656028     74.45145311346145     41.41647461211769      h 
   53.79649561868928     80.76623192557444     39.18550564644445      n 
   55.41978919143276     82.22077346331928     37.56856473292144      c 
   56.98455669296901     84.38799857820800     38.57660696379886      c 
   59.27171274347655     84.38215959752316     38.29757721864315      o 
   54.03923948130349     82.99775485817362     35.22071106985965      c 
   54.94709468071247     81.64029354114726     32.90294616117858      c 
   53.80031766765640     82.62072165780518     30.56845159427297      c 
   57.71576057519933     81.79149269660606     32.79885116869913      c 
   52.11458183048153     80.72615407264477     38.66550308265325      h 
   56.85627867985106     80.95043486997156     37.27147810149665      h 
   52.13810976269087     82.72291906024080     35.46890336104012      h 
   54.20915841432793     84.90657060944002     34.95290965167324      h 
   54.42536612287535     79.77644658578112     33.04599448698911      h 
   54.42281749465199     81.66460199650304     29.02466700591027      h 
   51.88659742276152     82.47733443629079     30.61344741797862      h 
   54.24704273630352     84.47062658493678     30.33504764093604      h 
   58.40847387622061     80.85088833938178     31.27917242796866      h 
   58.26529918594763     83.62314086361157     32.67122842806965      h 
   58.51340750035253     81.04275521854434     34.37266929365030      h 
   55.78429942454444     86.28361298008157     39.65445502816959      n 
   57.08387437585659     88.32692546123393     40.78347881709808      c 
   58.00505536726956     87.31235164621397     43.27828454684542      c 
   56.53355490294501     87.07188088467748     45.00207427904216      o 
   54.02942332385939     86.35238543035655     39.79350718566403      h 
   58.52370847700448     88.94977482970452     39.65471280133995      h 
   55.95799484732206     89.88534924063065     41.03317445538004      h 
   60.42816854752980     86.65933006002564     43.48560545647786      n 
   61.36244357136587     85.44361281869898     45.71423649213498      c 
   64.15695857036638     85.51608588830896     46.49446238789626      c 
   64.88311778930183     84.21819736698437     48.19951772020589      o 
   60.49175656357569     82.74240437032385     45.72476809150869      c 
   59.71583881117643     81.69522989895674     48.25179015326547      c 
   58.17490874059857     82.88760168038968     49.51722387995282      o 
   60.67836546037523     79.69553757147463     48.92123907875407      n 
   61.63003034824285     86.90669634008840     42.22937301198468      h 
   60.56727328513701     86.53504968958795     47.10928987216874      h 
   59.02666669104413     82.54826612787556     44.47274784313294      h 
   61.89541373093016     81.63815430466533     44.99384276697755      h 
   60.31419115931021     78.88621418577208     50.48236223170286      h 
   61.86881159897158     78.76037136251850     47.95864132993924      h 
   61.66201663881022     68.50179023320088     50.55174970330358      n 
   60.20239527072649     68.25298428148632     48.31285174971427      c 
   60.56962255993389     65.83684243895893     46.85083653896995      c 
   58.83806924091939     64.65640962463127     45.93392570534872      o 
   60.82922054908406     70.13635907068267     46.31514114514293      c 
   59.40385507551856     69.61405568920327     43.98981516571593      c 
   60.31726006858270     72.69740466871158     47.18353570408524      c 
   63.35196757661129     68.89825764810831     50.27119229348593      h 
   58.41212695704272     68.43303222874695     49.04161419578007      h 
   62.72714522596833     69.93724466315881     45.94611022665638      h 
   59.86660700764050     70.85127581011324     42.60071120214047      h 
   59.73469076071032     67.84293770465496     43.33122333488027      h 
   57.51945957220460     69.77419998584219     44.32256975139106      h 
   60.79022390455705     73.98851540105862     45.84630816883553      h 
   58.44811962384778     72.90133803614313     47.56597479321012      h 
   61.30011838944100     73.11036706093532     48.77776614493979      h 
   56.97294239136428     60.84615281559908     50.74512604736643      n 
   54.32142734383560     60.93357404397915     50.40517960087703      c 
   53.57785195342672     60.63752804532832     47.65013116738993      c 
   51.37314113875566     60.69724833905373     47.00203809154611      o 
   53.23349547087493     63.33743315576334     51.36829915593879      c 
   53.63248228353577     65.45751159167347     49.65606117277225      c 
   52.62168395803705     67.92699924123724     50.60846395119095      c 
   50.88398936057835     68.94857477927151     49.44067846377224      o 
   53.58883496883445     68.75407056928334     52.52897763917520      n 
   57.69353852223355     62.40338355563503     51.11993402116335      h 
   53.59496024167781     59.42996993597193     51.39843207378186      h 
   51.34116147980358     63.13912015096794     51.69660378924824      h 
   53.99304764739891     63.76605754638814     53.08856792070015      h 
   55.52045853255297     65.63366601070500     49.30580690220891      h 
   52.85096716722106     65.03158814552992     47.94035269712838      h 
   54.94145738934436     67.97297922136714     53.43171897824937      h 
   53.10764288227352     70.29278504938024     53.32338345699134      h 
   55.38653227918373     60.38275893960372     45.96434057635054      n 
   54.80939020679007     60.14732075108443     43.34955625833204      c 
   54.56134659660167     57.43823596784942     42.57221676570154      c 
   53.58839568427412     56.83704173399288     40.59159086711323      o 
   56.63890355681573     61.45887394065270     41.62666802273401      c 
   55.47480330107155     63.02667373159611     39.62757608783114      c 
   54.02810394535850     61.95388450818918     37.76345796831860      c 
   55.65604418470288     65.61388229002887     39.63323460176653      c 
   52.83457538859475     63.39301663850787     36.05038383565462      c 
   54.46707671981219     67.04199677514488     37.91755306473298      c 
   53.05224695048310     65.92647326644384     36.12741803852267      c 
   57.10271656949129     60.32987780767451     46.34609453229340      h 
   53.08942484452186     61.01633351913119     43.11915161811753      h 
   57.81455882476885     62.55749435056980     42.69033746423647      h 
   57.78991802312141     60.13796194227999     40.82083760212977      h 
   53.88477529419916     60.05204987077487     37.72540737993919      h 
   56.71874067207650     66.43569208699559     40.98222717015467      h 
   51.76935611329936     62.54538591038474     34.70095779455829      h 
   54.64590705617245     68.94810583357267     37.99157653996697      h 
   52.14837422114473     67.01177259034148     34.83108359266988      h 
   47.22123187625258     54.16482655887368     46.66484710529701      n 
   44.67052811093961     54.23366245461870     45.71527499726651      c 
   43.80860099789625     51.79524199811610     44.44322194740568      c 
   41.61461938500533     51.48164424714698     43.80604023441975      o 
   44.22513894871447     56.49086918304086     43.94588519771239      c 
   41.58928223673104     56.64412902946736     43.04295464510323      c 
   44.94435350717830     58.87677296110570     45.17666449593847      c 
   48.29294511521528     55.24626632350000     45.78667789541826      h 
   43.55770953574233     54.42962050995918     47.29566985890513      h 
   45.36289967562099     56.20616025828473     42.39577487513353      h 
   41.34368523054071     58.11782149180031     41.83775415047125      h 
   41.06656085259597     55.04173460760578     42.12847165938310      h 
   40.39685630406719     56.89420408012242     44.52538248752413      h 
   44.70419979951519     60.37741946432090     44.00103136310128      h 
   43.85783407718616     59.17686771234275     46.73057446988557      h 
   46.77947666968910     58.86454052145023     45.73648562355080      h 
   60.65986325829648     71.39618620459996     27.38792195322225      n 
   57.99443883454100     71.58745651995704     28.31879673476521      c 
   56.54535020949313     73.00621584929785     26.53851628091502      c 
   53.87334261869076     72.15924386868022     26.38799279829220      o 
   58.45083401826451     73.55200116667901     30.71305854903894      c 
   59.60521399426726     72.15800538878031     32.88212874472346      c 
   55.59371944384005     74.30946602429592     31.52735310281474      c 
   60.36568067890899     73.88898996113326     35.03400929510841      c 
   61.80101807473738     72.19553960104031     27.88111461630078      h 
   57.73529609114345     70.19604016298811     29.10614561196375      h 
   58.99569417967809     74.88965049310698     30.20035456436658      h 
   58.82228666231804     71.00290142248366     33.52094442663693      h 
   61.18357308380939     71.44506237626311     32.27536621566090      h 
   55.76938850830439     75.30161269269205     32.95485771761999      h 
   54.72854980181877     75.13690454971554     30.26430442286957      h 
   54.64782433942835     72.73620659285322     31.94025513794754      h 
   61.30506360836443     73.23651583138701     36.26976799380986      h 
   61.45146257021702     75.38482549325722     34.42503464037740      h 
   58.87689116270793     74.84583833874494     35.67592086402201      h 
   53.79511414965187     66.95647180133930     21.40568390108071      n 
   51.97867021950264     65.28952284495371     22.48865326960573      c 
   49.59587887941368     66.75151483909191     23.13498142985207      c 
   47.64284571978774     65.67288310272441     23.71052276263723      o 
   52.98450735052372     63.71587332588706     24.68508090786063      c 
   51.46569974851149     63.52148619216933     27.08193900622260      c 
   52.14914497951028     61.26129269273589     28.59801631857726      c 
   51.74738049306956     65.87455195315839     28.55550988018646      c 
   55.14203520102130     67.31203178968802     22.48053230140691      h 
   51.49058917629983     63.97516008888969     21.14337564996652      h 
   53.34822324961583     61.92389993666773     24.05526097172052      h 
   54.71849709074801     64.41949572492969     25.16360227024872      h 
   49.59947765007892     63.31505957776795     26.58844516070097      h 
   51.07973932250982     61.13422106422335     30.18829419408537      h 
   51.90107948535053     59.64085560743861     27.59935883261499      h 
   53.98891358974874     61.34658360546332     29.13172664108809      h 
   50.70040055783954     65.82921953184459     30.16341848003824      h 
   53.58263031805259     66.12949670059520     29.05638621206059      h 
   51.19914734525819     67.41093557931798     27.54138760762320      h 
   49.74797489238295     69.24980254461427     23.08887680283163      n 
   47.67436231519095     70.85367182463585     23.76486247935144      c 
   46.09604734659233     71.35657857387902     21.44433315445188      c 
   43.79427297008190     71.34187072003056     21.53955692748400      o 
   48.37171202273507     73.36897793170478     25.00975503992746      c 
   46.05815701415440     74.92335907574714     25.54692573108678      c 
   50.12108824366339     74.80456964288300     23.43412343191013      c 
   46.52152328767869     77.42244609830740     26.58464954786606      c 
   51.19311309276593     70.12800785827419     22.60072888279440      h 
   46.64714377673750     69.86479462817431     25.08823096309921      h 
   49.28004852967416     72.98731669006337     26.68453626578739      h 
   45.05272199300477     75.09387522037511     23.90195354879762      h 
   44.88086515452308     73.94782647481867     26.73213733522865      h 
   50.62269271944906     76.46561252065140     24.25419344720142      h 
   51.72932201886378     73.81769384969415     23.10236243938373      h 
   49.32294671732493     75.20865565255015     21.73678366508040      h 
   44.88770734781763     78.39266872389793     26.87800463723630      h 
   47.43871074203000     77.30007954026597     28.26644466600851      h 
   47.60869703320208     78.46327676589883     25.39372705244364      h 
   31.00942079824065     65.98188684581798     40.04614656873200      h 
   65.36455075469418     86.64519554487281     45.57909543202972      h 
   61.01320585676717     69.74231037894562     51.51752209344748      h 
   62.30769621128467     65.13837273733191     46.60122840274732      h 
   57.34624175611779     59.79665191414310     52.03033319591247      h 
   55.20869179431482     56.06818147344427     43.70135760746787      h 
   47.23090359570629     54.63103072361803     48.30042715743303      h 
   45.05171883859862     50.41039898086324     44.11469186506616      h 
   61.23812478468936     69.81711817057294     27.64232266707757      h 
   57.35826530773451     74.40081948835065     25.55601238968583      h 
   54.43753763719931     66.25693709117432     19.99483124255944      h 
   46.93590034178717     71.71042311625409     19.78888603981207      h 
  -0.1108294220861D+00   0.3048992059440D-01   0.3501899916394D-01
  -0.1564226861038D-01   0.1333723958532D-01   0.6672393448991D-02
   0.5192479828759D-03   0.4748376693153D-02  -0.2491242846945D-01
  -0.1657246125250D-02  -0.1397208371608D-01   0.6427433811274D-03
  -0.2054883206713D-01  -0.9588570974012D-02   0.1692360543918D-01
  -0.1528148461718D-02  -0.2159930193372D-01   0.6481859620742D-02
  -0.5053047354203D-02  -0.2049531973286D-01  -0.6235647936171D-02
   0.1097891857117D-01  -0.5594151442157D-02  -0.4546103550999D-02
  -0.1106242443814D-01   0.1458109613577D-02  -0.1873646197410D-02
   0.4646333962829D-01   0.7913050209093D-01  -0.3966864999728D-02
   0.1141802093385D-01  -0.5499891052992D-01  -0.2648671907734D-01
   0.4628224715697D-01  -0.1996346540032D-01  -0.2313363376689D-01
   0.5843480850208D-03   0.5772366933255D-01   0.2967200636201D-01
   0.2290613542244D-01   0.2786714098242D-01  -0.4274723338067D-01
  -0.5143304758335D-01   0.1921099986424D-01   0.2377636622546D-01
  -0.1980774177626D-01  -0.5118690003696D-01   0.9246159477947D-02
   0.1147895748569D-01  -0.1120402191889D-01   0.2842618497787D-02
  -0.3894388954319D-02  -0.9591159509727D-02  -0.1753315194804D-01
  -0.9677433755479D-03  -0.9273334085326D-02  -0.6401601744660D-02
  -0.2200803713023D-01   0.2958152342242D-02  -0.1558225841842D-01
   0.2161291259487D-02  -0.4676360588140D-02   0.1039254075595D-01
   0.5020636591028D-02  -0.1824398512870D-01  -0.1101465886636D-01
   0.1635837166424D-01   0.1876484473189D-01   0.2751156556117D-02
   0.5566905635547D-01   0.5759586426398D-01   0.2577986334856D-01
  -0.5096789548672D-01   0.1239975274662D-01  -0.3717749859260D-01
   0.3711526246422D-01   0.3822019438444D-01  -0.7354401687019D-02
  -0.4970401735348D-02  -0.2247645673939D-01   0.4998510598027D-01
   0.2624896105415D-02   0.2124250500309D-01  -0.4892426570657D-01
  -0.5239045437296D-01   0.2681111272485D-01  -0.1268733644926D-01
   0.4637271149940D-01   0.3935295822692D-01  -0.5627198684381D-02
  -0.1977503593267D-02  -0.2308563359193D-01   0.5730443758780D-01
  -0.5158461739045D-01   0.3071856919122D-01  -0.1135987769527D-01
  -0.4156998733643D-02  -0.2657751345198D-01   0.5559225894311D-01
   0.4047141169168D-02  -0.3859695687884D-01  -0.3992486061427D-01
  -0.4596824468055D-01  -0.2458184132470D-01  -0.8838655720639D-03
   0.2552473828659D-01  -0.9535644633187D-02  -0.2429607173834D-01
  -0.1413819249142D-01  -0.4483172312008D-02   0.5488250489719D-02
  -0.1650504723525D-01  -0.1454350592391D-01   0.1090343913357D-02
   0.1182620322212D-01   0.2703861807531D-02  -0.2129387969673D-01
  -0.1198287778380D-01   0.4804594015683D-02   0.5544561227265D-02
  -0.1305007404374D-01  -0.9338967204922D-02   0.1843254796212D-02
  -0.6441243309361D-02   0.4385294560578D-02   0.6031104502871D-03
   0.7376631645478D-01   0.4047675597556D-01   0.1319504086663D-01
  -0.4573771516215D-01   0.3525842025876D-02   0.1597114573192D-01
  -0.2021527964091D-01  -0.2371514790427D-01   0.3581314560038D-01
   0.2885210759044D-01   0.3105359900456D-01  -0.3639379863341D-01
  -0.2420052142878D-01  -0.4692495294078D-01  -0.1967894669951D-01
   0.3864770364699D-01  -0.1475678023673D-01   0.4118059430881D-01
  -0.4143745985200D-01   0.3915422287518D-01   0.2788690461051D-01
   0.3424908619634D-01   0.2669495375115D-01  -0.4040816704693D-01
   0.3786043831678D-01  -0.3184143779571D-01  -0.3073299789189D-01
  -0.2701132445906D-01  -0.3509578667987D-01   0.4280470920199D-01
   0.3074089333911D-01   0.4349475515013D-01   0.2769811055513D-01
  -0.3202539681284D-01  -0.4250618442262D-01  -0.3754215643193D-02
  -0.1920154712787D-01   0.7897425922077D-02  -0.1175696934047D-01
   0.9814685444025D-02  -0.2349094395117D-02  -0.9941192847737D-02
   0.1041690240434D-01  -0.1632451673430D-01  -0.1801635527843D-02
  -0.2028440123709D-01  -0.8343116271139D-02  -0.9316274400481D-02
   0.4025427913267D-01  -0.6361226729871D-01   0.1223955793223D+00
   0.3890484379694D-02  -0.6283704221297D-02  -0.8283706057939D-04
  -0.2964459146412D-01   0.3605086242778D-01  -0.8291211967716D-01
   0.5104171186256D-01   0.6973774753643D-01  -0.4337851179038D-04
   0.6523444066405D-02  -0.5386827737277D-01   0.2345012084437D-01
   0.4103998266858D-01  -0.9951585930344D-02   0.3466809832838D-01
  -0.1046164584193D-01   0.5597648939860D-01  -0.2517446269923D-01
   0.1191245628718D-01  -0.3880911411454D-01  -0.5063334763625D-01
  -0.2661239626185D-01   0.5523182813250D-01  -0.3698315176628D-02
  -0.2291724984261D-01  -0.4511844734316D-01  -0.4070487992605D-01
  -0.2070942064309D-01   0.2083412568705D-02   0.1181507967943D-01
  -0.1397159977825D-01   0.1329761503183D-01  -0.6733889171274D-03
   0.3687876782236D-02  -0.8413086559575D-04   0.2572531865725D-02
  -0.2151180648875D-01  -0.3702597313161D-02   0.1399145666199D-01
   0.3076886464905D-02  -0.3337850428504D-02   0.1051952372727D-01
  -0.6595700001948D-02  -0.1668876946595D-01   0.2043579478319D-01
   0.1319532714652D-01  -0.9435821025674D-02  -0.1582331079864D-01
   0.1431776653022D-01   0.6637803328147D-01   0.5126769796809D-01
   0.2249307944317D-01  -0.2917807043170D-01  -0.4660614342783D-01
   0.4093792335133D-01  -0.9494694041433D-03  -0.3572165508827D-01
   0.1522538344093D-01   0.3987368004533D-01   0.4837097961227D-01
  -0.2927453450760D-01  -0.3935707019943D-01  -0.2580123619087D-01
  -0.5059090638891D-01   0.2175739380856D-01  -0.2404490484885D-01
   0.3231382530756D-01  -0.2767292287099D-01  -0.4113481074715D-01
   0.3362590398785D-01   0.4381462520223D-01   0.2439109365054D-01
  -0.4924112904904D-01   0.2133937353224D-01  -0.2647246747475D-01
   0.3117336786007D-01   0.4568353553863D-01   0.2567756615105D-01
  -0.1441300055472D-01  -0.4095056831742D-01   0.4160602481456D-01
  -0.2987295204662D-01  -0.4876850722615D-01  -0.1147684858174D-01
   0.1750719032679D-01  -0.3354305164077D-02   0.1835193408632D-03
  -0.1728206728409D-02  -0.6257413028870D-03   0.1452368548968D-03
  -0.9635465118317D-02  -0.1251562408221D-02  -0.1048569047937D-02
  -0.4641711149383D-02   0.8396463431370D-02  -0.1346599661340D-01
  -0.1377314499254D-01   0.1930918121800D-01  -0.5981824031528D-01
   0.5516822780292D-01   0.5624302448837D-01   0.3646829439262D-01
  -0.5393725924511D-01   0.1042334555844D-01  -0.1440274400586D-01
   0.5723348008621D-01  -0.9005807773596D-02   0.1614038792517D-01
  -0.4459195061581D-01  -0.2328956350751D-01   0.3353697409498D-01
   0.8462629102471D-02  -0.2163591016538D-02   0.4535798099812D-01
  -0.3098770459293D-01  -0.3067652018519D-01  -0.1183845665865D-02
   0.1999750891705D-02   0.8890278123330D-02  -0.2211349219303D-01
  -0.3366970116548D-02  -0.2428336185450D-02   0.1758295409459D-02
  -0.8470215398671D-02  -0.2683711324285D-01   0.6719342996336D-03
  -0.3404035157089D-02   0.1365836651092D-01   0.2364344381193D-01
  -0.6445304618570D-01   0.1743548134698D-01   0.4086372712795D-02
  -0.6835783421023D-02   0.2243618875011D-01  -0.3192525529558D-02
   0.6761504158450D-01   0.6071938775568D-01  -0.5705496295961D-03
  -0.2701410496915D-01  -0.2824100958419D-01   0.3832106423175D-01
   0.2392126334768D-01   0.1100933664332D-01  -0.5038386361075D-01
   0.6621173099058D-01  -0.1023871208683D-01   0.5251413270337D-02
   0.5939153604064D-01  -0.6700385722051D-02   0.1066688868622D-02
  -0.2564298644408D-01  -0.3574670498880D-01  -0.4009271372979D-01
  -0.2487240682044D-01  -0.8599463859196D-02   0.5561621717181D-01
  -0.1529903921892D-01  -0.5243909987358D-01  -0.5931733963049D-02
  -0.1606593402340D-01   0.2671493911659D-01  -0.1038980699539D-02
  -0.5723626871630D-02  -0.4578574356585D-02  -0.2352982947232D-02
  -0.3434149865419D-02  -0.1511577336592D-01  -0.6454276028761D-02
  -0.1576098648190D-01   0.2165744278916D-01   0.1892989855077D-01
  -0.1180655995498D+00  -0.9417293729057D-01  -0.2279505925392D-01
  -0.1133376424251D-01   0.5252104240824D-02  -0.1351427040083D-01
   0.7647937304678D-01   0.5350525820229D-01   0.6199127290650D-03
   0.2416037410268D-01   0.8331309313139D-01   0.5341512733537D-02
   0.4448157495136D-02  -0.5135837960487D-01  -0.3782797358112D-03
  -0.1750060799340D-01  -0.2671269058843D-01  -0.4367619410687D-01
   0.5509010396060D-01  -0.1879729860016D-02   0.1732673658225D-01
  -0.1529990773832D-01   0.5809162986297D-01  -0.2000145871615D-01
   0.5656298007391D-01  -0.1786334450542D-01   0.2146543955348D-01
  -0.4425097322896D-01  -0.4356010093164D-01  -0.2945904498243D-02
   0.1968178682443D-02  -0.1424035383938D-01   0.1446554361467D-01
  -0.8194484709114D-02   0.1483949135181D-01  -0.3104150128762D-02
  -0.8151694069275D-02   0.1795466486668D-02  -0.5030444490321D-02
   0.1242534467376D-02  -0.2441861661861D-01   0.1290131868852D-01
   0.5040711458633D-01   0.6016256686882D-01   0.2939235628981D-01
  -0.1092549892926D-01  -0.2316974193154D-01  -0.5710192325130D-01
  -0.5973943586240D-01   0.9600567771588D-02  -0.6825128642701D-02
   0.3288235191517D-01   0.1466406504703D-01  -0.4457839059477D-01
   0.2235278514021D-01   0.2792231517150D-01   0.5306932230401D-01
  -0.4825849732201D-01  -0.2300402352647D-01  -0.1746737565588D-01
   0.1200529336360D-01  -0.9718816774891D-02  -0.9762527261396D-02
  -0.7169202571778D-02   0.8207236207992D-02  -0.7008403946894D-02
  -0.6898280204454D-02  -0.1255100974073D-03   0.5345641372692D-03
  -0.1853670163850D-01   0.1612773100105D-01   0.1950215550076D-03
   0.8605031903182D-03  -0.8729990429378D-02  -0.1135986904305D-01
  -0.4692346521861D-02   0.1247871764117D-02  -0.1538071779377D-01
   0.1316927692693D-01   0.1804033219820D-02   0.6483570299318D-02
   0.8247853710575D-01   0.6069948170802D-02   0.1910746262206D-01
  -0.3860415214874D-01   0.3614288614386D-01   0.1800220178049D-01
   0.5204028577964D-01   0.1397134112338D-01  -0.6576268066876D-02
  -0.1139700538893D-01  -0.5434150136022D-01   0.8712893415759D-02
   0.1481566683270D-01   0.5161283391613D-01  -0.8299863919520D-02
  -0.2115852256589D-01   0.3185507054087D-01   0.4608948838795D-01
   0.6068248731906D-01   0.5501578772482D-02  -0.3941945203191D-02
  -0.1485732592688D-01  -0.6088085557491D-01   0.7452736751617D-02
  -0.2070332775986D-01   0.3060729228147D-01   0.5020758621062D-01
  -0.1849658591558D-01  -0.5996784758372D-01   0.3793261275697D-02
  -0.2792638981055D-01   0.2343833271762D-01  -0.4531732127635D-01
  -0.4419184235875D-01  -0.4895073783734D-02   0.1383797058722D-01
  -0.1308744385226D-01   0.2155163092400D-01  -0.1682635489997D-01
  -0.2862840953200D-02  -0.6658449410898D-02  -0.8753184716655D-02
   0.1674084050847D-01   0.2157161315943D-02  -0.1992032486458D-01
   0.8344941188636D-01   0.5137383429645D-02  -0.8100630517585D-02
  -0.4740323659110D-01  -0.9007609219572D-02   0.3410838708493D-01
   0.3779198565336D-01  -0.3345640539819D-01  -0.1258916746841D-01
   0.2166347290291D-01   0.1977789323259D-02  -0.3701420577329D-01
  -0.2390282187720D-01   0.9707386810951D-02   0.1080877384249D-01
   0.5612150602589D-01   0.3740363125538D-01  -0.1535587500686D-01
  -0.3821542272597D-02   0.9507364631121D-02  -0.1095675343772D-01
  -0.6352358666068D-02  -0.5643367472151D-02  -0.2910888950880D-01
   0.6687048404516D-01  -0.1291975085275D+00   0.2946752806943D-01
   0.5156810750341D-02  -0.2489413266253D-02  -0.1062237329887D-01
  -0.4013739527822D-01   0.7936798690501D-01  -0.2129215123705D-01
  -0.5285943829353D-01  -0.1227211236968D-01   0.7137568559152D-01
   0.2980936051443D-01  -0.1899037021053D-01  -0.5047270405363D-01
   0.4599895598435D-01   0.3581972353003D-02   0.2737060999640D-01
  -0.4433736044009D-01   0.3231235749208D-01   0.1975294997832D-01
   0.1978519278742D-01   0.2224399552305D-01  -0.5853411633996D-01
  -0.4275463318185D-01   0.2802187118323D-01   0.3992187577740D-01
   0.6371309292756D-02   0.1130583043623D+00   0.3822274983284D-01
  -0.2486128971828D-01   0.2819583271168D-01   0.3730490430383D-02
   0.7189145192866D-01  -0.4769693157340D-02  -0.2516589079451D-01
   0.6520311307377D-02   0.2765873762774D-02  -0.2895048995150D-02
   0.9828359230021D-02   0.3267556223123D-02   0.2739697417190D-02
  -0.7927338946546D-02  -0.5976296498670D-02  -0.8526958206887D-02
  -0.2533877582959D-02   0.4763599765245D-02  -0.1041782105227D-02
  -0.9167533973012D-01  -0.1228432805409D-01   0.1863589629292D-01
   0.5479675660054D-01  -0.1173473920158D-02  -0.4996193042712D-03
  -0.5293533151763D-01   0.4323130331217D-02   0.1050686174151D-01
  -0.1562784970275D-01  -0.4225055269567D-01   0.4370199808536D-01
  -0.1193655989195D-01   0.5115591028173D-01   0.2389098514043D-01
   0.6086274286849D-01  -0.5224957988521D-02  -0.1103621622547D-01
  -0.1508985382368D-01  -0.4023849557564D-01   0.4406869636406D-01
   0.6147218765440D-01  -0.7450751469944D-02  -0.1169027760065D-01
  -0.3273027938671D-01  -0.1365448443038D-01  -0.5141677305331D-01
   0.2533265443336D-01   0.1232362340800D-02   0.1087353492705D+00
  -0.1197844469289D-01  -0.1352208099772D-01   0.2907661121458D-01
   0.8580957472837D-02  -0.1843109495274D-02  -0.5688403021869D-02
   0.2487507589075D-01   0.3801818902744D-02   0.5274125598818D-03
   0.3136896949221D-02   0.7649578655337D-02   0.3115507088844D-02
   0.4994816286806D-02  -0.2081812519165D-01  -0.8099313851688D-02
   0.7960970596850D-01   0.4937354190091D-01   0.1327060871432D+00
   0.3677959574517D-02  -0.7510897769496D-02  -0.1904243402355D-03
  -0.5136903165823D-01  -0.3698467499167D-01  -0.9292651491230D-01
  -0.3676827730132D-01  -0.8500740723661D-01  -0.1016462237806D-01
   0.2750807643356D-01   0.3928482237651D-01  -0.2099772874965D-01
   0.5908771205299D-01   0.9198026160436D-02  -0.4486807029451D-02
  -0.2742678021939D-01  -0.7926844138615D-02  -0.5353427428707D-01
  -0.5839502701963D-01  -0.8549858465813D-02   0.8441900621300D-02
   0.2927524875715D-01   0.5449092023895D-02   0.4758226687557D-01
  -0.4393716217655D-01   0.3159389089320D-01  -0.2430212863465D-01
   0.2465423112059D-01  -0.5700505094391D-01  -0.2200259380475D-01
   0.4572648306828D-01   0.3194529062981D-02   0.2095969250009D-01
  -0.1279471776010D-01   0.2135178831420D-01  -0.6157466477072D-02
   0.3377394277925D-01  -0.4249229168174D-01   0.5444105331920D-01
   0.1784276333722D-02   0.3370121577594D-02   0.3499232682100D-02
   0.1722374400388D-01  -0.7423128425647D-02   0.9850229578664D-02
   0.8472128561584D-02  -0.2208835550110D-02  -0.5177691835491D-03
  -0.1630870761802D-01  -0.1457430852633D-01  -0.1899725468473D-01
   0.1974663730200D-03   0.3317599458147D-01  -0.2927291043245D-02
  -0.4441014419401D-02  -0.3803775171686D-02  -0.3484352757624D-02
   0.7498137833939D-03   0.7200054952480D-02   0.3548411947432D-02
   0.4848931574401D-03   0.6987891136598D-03   0.1788081409806D-02
  -0.8206154097216D-01   0.1661839256180D-03  -0.2934049173397D-01
   0.5134847197359D-01  -0.1960357007150D-01   0.8139307763104D-02
  -0.2893327899537D-01  -0.3571080719200D-01  -0.3360093270772D-01
  -0.3227428776421D-01   0.4196968799710D-01   0.2873097510680D-01
   0.6653812798202D-02   0.5830347868024D-01   0.2900647488801D-02
  -0.3244822898790D-01  -0.2643628450394D-01  -0.4321230595306D-01
   0.3038883031911D-01   0.2242021605853D-01   0.3856186695148D-01
  -0.4229601895700D-02  -0.5431418033078D-01  -0.1200692216016D-02
   0.2644998155243D-01  -0.2941418042418D-01   0.3658270014789D-01
   0.3743362829317D-01   0.9351795825760D-01   0.8119704761588D-01
  -0.1482200610301D-01   0.1272946622082D-01   0.2827408563491D-01
   0.5909014339953D-01  -0.5530639614263D-01  -0.9719913119080D-02
  -0.8844094894814D-02   0.3354741056901D-02  -0.4774286837624D-02
   0.8646903221596D-02   0.1793391264745D-01  -0.1294759692083D-01
  -0.1771559417483D-01   0.2463312976966D-02  -0.7678528775316D-02
   0.2704359661996D-02   0.1843411894219D-01   0.4209179713163D-02
  -0.5647712154280D-01  -0.5014385137076D-01   0.5198128236601D-01
   0.3875631992736D-01  -0.5524424503363D-02  -0.3660574880321D-01
  -0.3329579600169D-01   0.7884458064708D-02   0.4145883051199D-01
   0.3690763006599D-02  -0.4779556071916D-01   0.3700133218360D-01
   0.1656457889055D-01   0.4932146006257D-01   0.2935002334760D-01
   0.3859255477643D-01  -0.8541983081915D-02  -0.4838754449430D-01
   0.7860912599530D-02  -0.4336237482273D-01   0.3805083282874D-01
   0.3604109589987D-01  -0.1071439104358D-01  -0.5007379321151D-01
  -0.5938055605761D-01  -0.2292384552013D-02  -0.1704784523906D-01
   0.3777093741022D+00   0.1480283387181D+00   0.1811242407164D+00
  -0.1295749610361D+00  -0.2877516696336D+00   0.1089671713019D+00
   0.1956826644476D+00   0.1191222133275D+00  -0.2850096243016D-01
  -0.1601871069595D+00  -0.6101186369441D-01  -0.9153752514264D-03
   0.2458947333381D+00   0.3724000789650D+00  -0.1344901864725D+00
  -0.1706149048069D+00  -0.3477510723034D+00   0.1434182623485D+00
  -0.1255326321885D+00   0.1243157729642D+00   0.2167008671830D-01
   0.8516088879811D-01  -0.6769686268657D-01   0.1694140277258D+00
  -0.3413176204568D+00  -0.2842618628396D+00  -0.1549474698296D+00
   0.8143286725406D-01   0.2722425390236D+00  -0.1348155301883D+00
  -0.1815222354797D+00  -0.3903457007250D+00   0.1497892678933D+00
   0.2560550779801D+00   0.3411396675372D+00  -0.1833457801735D+00
  -0.1085422359138D+00   0.4315133142362D-01   0.4303537397939D-01
  -0.1532843640597D-01  -0.1028208947041D+00  -0.1486934500760D+00
   0.8498256061984D-01  -0.8978826270100D-01   0.1390541682825D+00
   0.3947099010787D-01   0.7197603628700D-01  -0.1968800628881D-01
  -0.1236583677747D+00   0.1120400182353D+00  -0.1762441838427D+00
  -0.3555017477937D-01  -0.4017558345269D-01   0.3143915685048D-01
   0.7339946203838D-01  -0.3019375467649D-01  -0.3640440702629D-01
   0.9055259518999D-01  -0.4670813716220D-01  -0.4382136494386D-01
   0.6482982901915D-02  -0.2234558530749D-01  -0.2685087988442D-01
   0.1612784966941D-02   0.7695252473182D-02  -0.6374008557854D-02
   0.1463630062963D-01   0.8880958679569D-02  -0.8314993873110D-03
   0.2344821487186D-01  -0.1239712247690D-01  -0.5982012312288D-02
  -0.1082598153347D-01  -0.2776485377449D-02   0.8889779829313D-02
   0.2770017762383D-03  -0.2042771282186D-01   0.1499939956688D-01
   0.1717550179360D-02   0.1712133357367D-01   0.8615878436101D-02
  -0.6416144941738D-01  -0.2412168040011D-01  -0.6110337159667D-01
   0.2115539859583D-01   0.2972910136189D-01   0.3718490808027D-01
  -0.4638277461057D-02   0.5157379086848D-01   0.2089954641827D-01
  -0.5057988182375D-01  -0.2551925245928D-01  -0.1564864853621D-01
   0.5153187536093D-01   0.4610858949367D-02   0.1395369424377D-01
   0.3469773701084D-01   0.4973036640972D-03  -0.4780836503451D-01
   0.9240728002093D-02   0.4975501774014D-01   0.3364849361698D-01
  -0.6062829724176D-01  -0.3642555918571D-02  -0.1786581071228D-01
   0.3359151598222D-01   0.4286497278999D-02  -0.5075364726927D-01
  -0.5883430218967D-01  -0.7421230599518D-02  -0.1630143696210D-01
   0.1661208220713D-01  -0.4644956007244D-01   0.3300475675743D-01
   0.5038377920054D-01   0.1560096726316D-01  -0.1878179667882D-01
  -0.8373417481318D-02  -0.1379721860045D-01   0.2649379556064D-01
   0.5844321623671D-01   0.1652427441428D-01  -0.6615976182491D-01
  -0.7050619700765D-02   0.1196175205867D-03   0.3056682003310D-02
   0.1451723837753D-01   0.5710142174599D-02   0.1228145844556D-01
  -0.1295910258939D-01   0.1934205875399D-01   0.6777755575657D-02
   0.6954794290875D-02   0.4912813347995D-02   0.4504408179855D-02
  -0.4215179946666D-02   0.4782300006324D-02   0.9903290239959D-03
  -0.7608964350857D-01  -0.3248244286298D-01   0.2395933226163D-01
   0.3428081276282D-01   0.2606792126416D-01  -0.2856170065297D-01
  -0.2285229460461D-01   0.1398498574871D-01  -0.4467101364501D-01
   0.2684511399803D-01  -0.7999445474915D-02   0.4888233041397D-01
   0.3135326267294D-01   0.3049036916424D-01  -0.3744249888923D-01
  -0.1665411896837D-01  -0.4853372696261D-01  -0.2809844165181D-01
  -0.5212776634717D-01   0.3104432964282D-01   0.8428094813204D-02
   0.2711007107265D-01  -0.1453161545674D-01   0.5533145329116D-01
   0.5163723233635D-01  -0.2606716962977D-01  -0.8317416873936D-02
  -0.2992792089068D-01   0.3830562165962D-02  -0.5489197020652D-01
  -0.3208652656072D-01  -0.3455398154862D-01   0.3696008342906D-01
   0.8257099932172D-01  -0.1123040776623D+00  -0.1029008266291D-01
  -0.4470783048307D-01  -0.5061745020805D-01   0.4062610756273D-01
   0.5624814944546D-01  -0.9796449715176D-01  -0.8259491393758D-01
  -0.7736714839132D-01   0.1857280371330D-01   0.6091636759102D-02
  -0.3450046843739D-01   0.9021175404746D-01  -0.1012699643684D+00
  -0.3033380189055D-01   0.5112803996084D-01  -0.5271613092520D-01
  -0.2319096841531D-02  -0.3333590423256D-01  -0.1341352298875D+00
  -0.5711264230421D-01   0.5119379198258D-01   0.1024763090199D-01
  -0.3490897558691D-01   0.1473119434788D+00  -0.1035758298120D-01
  -0.1540825468824D-01  -0.4668017617372D-01   0.3694499382966D-01
  -0.5080596436494D-01   0.5298250614382D-01   0.1190955486523D+00
  -0.4123279318919D-01  -0.1241456970794D-01   0.6409590170367D-01
$end                                                                            
