           2           1   1.02743084201919     
           3           2  0.940155751235474     
           4           3   1.64271995235698     
           5           2  0.953081750731350     
           6           5   1.01581275115584     
           7           6   1.39753529131991     
           8           6   1.40955764217297     
           9           7   1.46447246034507     
          10           8   1.44424908687060     
          11           9   1.35915248890773     
          11          10   1.37443687226086     
          12          11   1.07529165670617     
          13           1  0.952225640901427     
          14           2  0.944669368604909     
          15           5  0.965710003574160     
          16           5  0.967071927095150     
          17           7  0.967771173090388     
          18           8  0.967453766711896     
          19           9  0.968823056638086     
          20          10  0.964634775581445     
          21          12  0.857724755145110     
          22           3   1.29089392899996     
          23          22  0.975601473840115     
          24          23  0.927364984417731     
          25          24   1.64690954863461     
          26          23  0.958816622196678     
          27          26  0.987663914774783     
          28          26  0.996636573795521     
          29          22  0.900383180180252     
          30          23  0.949802899204556     
          31          26  0.963393449768660     
          32          27  0.854015717382743     
          33          28  0.982288041372923     
          34          28  0.981619309739760     
          35          28  0.984232053441382     
          36          24   1.29558017430012     
          37          36  0.983585048771357     
          38          37  0.936211070164599     
          39          38   1.65928594266952     
          40          37  0.972796071239046     
          41          36  0.928197097171354     
          42          37  0.956175188486033     
          43          40  0.980375779471666     
          44          40  0.975053903481137     
          45          40  0.977515265042921     
          46          38   1.25620953567801     
          47          46  0.969350908049878     
          48          47  0.958200518046323     
          49          48   1.83576141423151     
          50          47  0.995461872393897     
          51          50  0.907917487946672     
          52          51   1.46731802406170     
          53          51   1.53040435827979     
          54          46  0.922190251842056     
          55          47  0.938626168077663     
          56          50  0.971837810320324     
          57          50  0.965406898722739     
          59          58   1.01102587385332     
          60          59  0.979890657504541     
          61          60   1.89445161455941     
          62          59  0.942229563655631     
          63          62  0.995297009611319     
          64          62   1.00870992579077     
          65          63   1.01703648708890     
          66          58  0.955420227132693     
          67          59  0.960957649753835     
          68          62  0.962561662325905     
          69          63  0.976152130605641     
          70          63  0.964947896119652     
          71          64  0.982986696296103     
          72          64  0.983449790489464     
          73          64  0.983416654593702     
          74          65  0.984657520207685     
          75          65  0.983253065571613     
          76          65  0.984504945731429     
          78          77   1.02745528363579     
          79          78  0.986423915444129     
          80          79   1.89196423498508     
          81          78  0.932114881543536     
          82          81   1.00844753717834     
          83          82   1.39735093176940     
          84          82   1.40869106280985     
          85          83   1.45994915539574     
          86          84   1.44726353740862     
          87          85   1.35799972348638     
          87          86   1.37185794112765     
          88          87   1.06214361127586     
          89          77  0.956314692205993     
          90          78  0.949459291916779     
          91          81  0.972805154206757     
          92          81  0.962207871680087     
          93          83  0.965015585916403     
          94          84  0.964620618904323     
          95          85  0.967145640365121     
          96          86  0.961049870046929     
          97          88  0.874102963900957     
          99          98   1.02256477538738     
         100          99  0.939080358853282     
         101         100   1.65464674252126     
         102          99  0.967412734263978     
         103         102   1.00403131092624     
         104         103   1.00600321374833     
         105         104   1.01328821276454     
         106         105  0.954179354621169     
         107          98  0.954323457587847     
         108          99  0.951604589557797     
         109         102  0.973155571389296     
         110         102  0.972097473059530     
         111         103  0.973455850008010     
         112         103  0.971563032421730     
         113         104  0.963960337563955     
         114         104  0.969101630716235     
         115         105  0.963513651167804     
         116         105  0.965606909732534     
         117         106  0.893173267676921     
         118         106  0.896290041809698     
         119         106  0.899048854115682     
         120         100   1.26214039792335     
         121         120  0.993897969833555     
         122         121  0.932751915867919     
         123         122   1.58849188180474     
         124         121  0.988037730953012     
         125         120  0.916188626345268     
         126         121  0.950379712911707     
         127         124  0.982079223653488     
         128         124  0.977747577414299     
         129         124  0.982868036616667     
         130         122   1.32287150394338     
         131         130  0.974029646688196     
         132         131  0.938094522579246     
         133         132   1.65034888851988     
         134         131  0.980028062701087     
         135         134   1.00844175225336     
         136         135  0.914607484704853     
         137         136   1.50598244601563     
         138         136   1.49086790535054     
         139         130  0.913213538804376     
         140         131  0.953121052450036     
         141         134  0.970548031930093     
         142         134  0.971278245575937     
         143         135  0.974331513700024     
         144         135  0.963623594770182     
         145         132   1.27976433082245     
         146         145  0.995635133619601     
         147         146  0.957155439298873     
         148         147   1.57398763962957     
         149         145  0.926459711079981     
         150         146  0.954987439179418     
         151         146  0.939331980356406     
         152         147   1.34714683945962     
         153         152  0.982576077590034     
         154         153  0.938228020153330     
         155         154   1.61919402194532     
         156         153  0.966373783413687     
         157         156   1.01074258281918     
         158         157   1.26879791194828     
         159         157   1.55587213947164     
         160         158   1.53214911993158     
         161         159   1.21970801826954     
         161         160   1.28041509831139     
         162         152  0.867454653685657     
         163         153  0.948646265505512     
         164         156  0.954439740659686     
         165         156  0.972331657055997     
         166         159  0.964080271801350     
         167         160  0.954148672807370     
         168         161  0.911378501613703     
         169         154   1.29524017176661     
         170         169  0.970181189410342     
         171         170  0.927722602278879     
         172         171   1.61568010581919     
         173         170  0.981781877741175     
         174         173  0.976060173843267     
         175         174   1.57736287749737     
         176         174   1.36063660086292     
         177         169  0.919612695738779     
         178         170  0.930925842820998     
         179         173  0.964245170987871     
         180         173  0.942410663855470     
         181         176  0.908582868690968     
         182         176  0.923499740999980     
         183         171   1.29858925538628     
         184         183  0.990069934689600     
         185         184  0.928365447187287     
         186         185   1.61948176208137     
         187         184  0.968222266138330     
         188         187   1.00911581452940     
         189         188   1.41418287614572     
         190         188   1.40689767394627     
         191         189   1.44026318842029     
         192         190   1.44476090224711     
         193         191   1.43955890149721     
         193         192   1.43357492912006     
         194         183  0.914716792739981     
         195         184  0.937035272493077     
         196         187  0.947996907382942     
         197         187  0.965688033204129     
         198         189  0.966284064204385     
         199         190  0.968891762343287     
         200         191  0.968620820277547     
         201         192  0.967681210190054     
         202         193  0.967645439088786     
         203         185   1.31399319757991     
         204         203  0.961459169677900     
         205         204  0.925379874749185     
         206         205   1.64035684243787     
         207         204  0.976774425232614     
         208         207   1.00099593454001     
         209         208   1.00758102450648     
         210         209   1.01155199979236     
         211         210  0.953769295329919     
         212         203  0.891193046356278     
         213         204  0.958108879371869     
         214         207  0.968136977418668     
         215         207  0.960902026088893     
         216         208  0.972914814201863     
         217         208  0.975344609390480     
         218         209  0.964677681590709     
         219         209  0.966001541563338     
         220         210  0.962342803662038     
         221         210  0.963979128555226     
         222         211  0.895600097797926     
         223         211  0.901923432676328     
         224         211  0.891128758669964     
         225         205   1.29632269020820     
         226         225  0.980381073530626     
         227         226  0.931232120540065     
         228         227   1.64077518019284     
         229         226  0.993531282041120     
         230         225  0.878142713598937     
         231         226  0.950814456197605     
         232         229  0.980722503939972     
         233         229  0.975392137941691     
         234         229  0.981881633561685     
         235         227   1.28331659522163     
         236         235  0.978034064377686     
         237         236  0.937306346150691     
         238         237   1.56953570576098     
         239         236  0.983041564076425     
         240         239   1.00472175626143     
         241         240  0.968357941807092     
         242         241   1.64278620590443     
         243         241   1.30930104922962     
         244         235  0.901840556370946     
         245         236  0.949241714360983     
         246         239  0.965226708014671     
         247         239  0.975300786068459     
         248         240  0.970666394871662     
         249         240  0.948561456285030     
         250         243  0.928208538277463     
         251         243  0.918670044556956     
         252         237   1.32918567408624     
         253         252  0.966495884626095     
         254         253  0.943231272421806     
         255         254   1.61736287791706     
         256         253  0.973694778758945     
         257         256   1.00514800590721     
         258         252  0.969166790326067     
         258         257   1.00532579955348     
         259         253  0.945443756733983     
         260         256  0.976606628298565     
         261         256  0.974081504461534     
         262         257  0.975105291264482     
         263         257  0.971750905731799     
         264         258  0.964033562499245     
         265         258  0.958995172235638     
         266         254   1.30426084449712     
         267         266  0.987916459546688     
         268         267  0.930737680792065     
         269         268   1.64013249194065     
         270         267  0.973307390251780     
         271         270  0.908344203872253     
         272         271   1.48485323420911     
         273         271   1.52164191994199     
         274         266  0.882617553076574     
         275         267  0.953220970007314     
         276         270  0.979161327938519     
         277         270  0.969431553106648     
         278         268   1.30005724071111     
         279         278  0.976231054420136     
         280         279  0.996575920631723     
         281         280   1.88961903896911     
         282         279  0.938446449933132     
         283         282  0.992115686840850     
         284         283   1.00988650865380     
         285         283   1.00537456049855     
         286         278  0.910806868426947     
         287         279  0.936706457323577     
         288         282  0.967126686683129     
         289         282  0.971613627444622     
         290         283  0.967367847386733     
         291         284  0.981979561256873     
         292         284  0.983135945427792     
         293         284  0.986996729964948     
         294         285  0.981377631689430     
         295         285  0.986732433193350     
         296         285  0.982784559248817     
         297           1  0.958198257897215     
         298          48  0.954078625427105     
         299          58  0.936428193158263     
         300          60  0.956025021232182     
         301          77  0.952471679565992     
         302          79  0.953116575775034     
         303          98  0.947057461878347     
         304         280  0.948651319495969     
