   -0.41918392
    0.02882407
    0.18685440
   -0.39759414
   -0.15603879
    0.20284383
    0.06438039
    0.06817831
    0.07925817
    0.07813157
   -0.42221849
    0.02885459
    0.27110008
   -0.51601832
   -0.07290243
   -0.11523377
    0.36992578
   -0.67279096
   -0.66459543
    0.18858906
    0.05129481
    0.07715247
    0.03004094
    0.03880859
    0.04243682
   -0.19009506
    0.00492159
    0.20404358
   -0.34578271
   -0.04328756
   -0.09035804
   -0.15887132
   -0.15425344
    0.23068584
    0.07886583
    0.07892611
    0.04304744
    0.05401272
    0.08508454
    0.06788177
    0.06261711
    0.05855348
    0.06871833
    0.06072003
   -0.41501055
    0.03014477
    0.26650220
   -0.48082317
   -0.12905591
    0.29113336
   -0.50954165
   -0.28869616
    0.18085557
    0.06845711
    0.09341127
    0.09706648
    0.20221891
    0.21992718
   -0.18742032
    0.01155020
    0.20308079
   -0.37717536
   -0.10122237
   -0.03560630
   -0.15789915
   -0.16514603
    0.23512727
    0.10988777
    0.07400140
    0.08123833
    0.06384024
    0.06638574
    0.05355778
    0.06189946
    0.06426601
    0.06202657
    0.05493163
   -0.41070554
   -0.00199365
    0.25699033
   -0.50555502
    0.09641026
   -0.50288094
   -0.16041881
    0.19274994
    0.06816654
    0.05586520
    0.33342124
    0.08199456
    0.05893952
    0.06931062
   -0.18968472
    0.00649018
    0.26865844
   -0.50469231
   -0.11730899
   -0.12759499
    0.27599740
   -0.50222713
   -0.29617580
    0.23724195
    0.09720550
    0.09451964
    0.10086022
    0.08685548
    0.09309970
    0.23752963
    0.24043280
   -0.18813245
   -0.00967350
    0.27375460
   -0.49389596
   -0.11678672
   -0.11730733
   -0.04650203
   -0.15344148
    0.22083636
   -0.25052133
   -0.25245817
    0.24051064
    0.09419830
    0.10034923
    0.08655430
    0.10732984
    0.10489292
    0.10180792
    0.07726365
    0.25522484
    0.22016144
    0.23979816
    0.26614337
    0.25298249
   -0.19325705
    0.00993199
    0.28001881
   -0.52196903
   -0.09855339
   -0.03161779
   -0.15528661
   -0.16183653
    0.22715707
    0.09928626
    0.06733239
    0.06356807
    0.06230885
    0.07154520
    0.05360435
    0.04985922
    0.06935617
    0.05462698
    0.05764260
   -0.18948099
    0.02587331
    0.27470665
   -0.50337485
   -0.12944745
    0.29522198
   -0.49380375
   -0.30085813
    0.23673812
    0.08961770
    0.10117435
    0.09919932
    0.23899038
    0.24426713
   -0.20153411
    0.02180235
    0.27658444
   -0.50013209
   -0.08748426
   -0.11052724
    0.36101312
   -0.65032724
   -0.64418484
    0.24261278
    0.08358244
    0.08378588
    0.06635146
    0.04833332
    0.03019853
   -0.20382886
    0.01797537
    0.28988583
   -0.49723104
   -0.03941272
   -0.10284458
   -0.15240820
   -0.15458862
    0.22632919
    0.08021033
    0.06126308
    0.04997168
    0.06674379
    0.08155965
    0.03287561
    0.07371872
    0.07210578
    0.05140927
    0.07095399
   -0.20680032
    0.03773767
    0.26350884
   -0.51344056
   -0.11101448
    0.36518109
   -0.64629137
   -0.63665473
    0.21238996
    0.07141655
    0.05351217
    0.05715108
   -0.17818029
    0.01882551
    0.26872506
   -0.47378636
   -0.10572308
   -0.11074039
   -0.04699992
   -0.13505952
    0.22997321
   -0.24991529
   -0.27734950
    0.22048273
    0.09521448
    0.07433330
    0.07209934
    0.08388688
    0.09153832
    0.11649168
    0.10201989
    0.21153018
    0.25672137
    0.26548146
    0.22855185
    0.26058330
   -0.19680858
    0.00491605
    0.27202674
   -0.49434143
   -0.03512919
   -0.15691354
   -0.14694331
    0.22213863
    0.09498644
    0.06346423
    0.07216367
    0.05768821
    0.07329158
    0.05188976
    0.06325748
    0.05429804
   -0.19128632
    0.00792713
    0.28079291
   -0.47031626
    0.05416478
   -0.49134486
    0.21794516
    0.10088420
    0.05897554
    0.06482543
    0.33805361
   -0.18279796
   -0.05576594
    0.26683461
   -0.45833631
    0.20775393
    0.11986391
    0.10901906
   -0.17914786
   -0.00261344
    0.26045040
   -0.47946368
   -0.09316643
   -0.12898554
    0.29045722
   -0.48228678
   -0.31312807
    0.19847866
    0.12334447
    0.08148205
    0.09141304
    0.10691366
    0.07034490
    0.21871731
    0.22941638
   -0.17516015
   -0.00562849
    0.26227267
   -0.47552598
    0.10415464
   -0.48501249
   -0.16869544
    0.21746509
    0.09518372
    0.05560565
    0.30851371
    0.08373760
    0.07309980
    0.08219324
   -0.15864747
    0.00759404
    0.19341379
   -0.37295564
   -0.10423630
   -0.14005681
    0.28070437
   -0.49850375
   -0.30092342
    0.22210523
    0.12227400
    0.09965578
    0.10076965
    0.11259748
    0.08879619
    0.23390815
    0.23117201
   -0.41251968
    0.01492312
    0.19757116
   -0.36932862
   -0.10394236
   -0.11458432
   -0.11300767
   -0.07845137
   -0.13605078
    0.19567024
    0.07754007
    0.07519067
    0.05411923
    0.07988920
    0.08240435
    0.08464330
    0.08251899
    0.13552962
    0.12937710
    0.28948612
    0.28026305
    0.29808861
   -0.41525274
    0.02287614
    0.26436751
   -0.52287387
   -0.09762369
   -0.03194929
   -0.14836524
   -0.15637518
    0.17699998
    0.06882960
    0.06443043
    0.04643196
    0.05414920
    0.06580822
    0.03562212
    0.04536798
    0.06359652
    0.04718550
    0.05162596
   -0.18637531
    0.01958597
    0.20040601
   -0.37065908
   -0.16496726
    0.23188225
    0.09812511
    0.09091330
    0.09313455
    0.09856326
   -0.41922746
    0.02170884
    0.26881932
   -0.50453818
   -0.07542106
   -0.11030755
    0.27660117
   -0.52554970
   -0.29710337
    0.18898928
    0.06584655
    0.06063151
    0.06371903
    0.05148049
    0.07226438
    0.24695527
    0.24262845
   -0.17388028
    0.00445815
    0.26658813
   -0.48967079
   -0.03841359
   -0.09383660
   -0.16051104
   -0.15431554
    0.21404760
    0.09149693
    0.06337006
    0.05446611
    0.07547076
    0.08261117
    0.04727764
    0.06637964
    0.05827863
    0.06054176
    0.04881898
   -0.18350060
    0.02456424
    0.27147637
   -0.46289411
   -0.12102098
    0.28670996
   -0.50537229
   -0.28304179
    0.22342544
    0.08766229
    0.09380547
    0.09682905
    0.23971343
    0.21706871
   -0.18039693
    0.01322711
    0.20298446
   -0.34038871
    0.06782751
   -0.44980685
    0.21191133
    0.12763482
    0.05573065
    0.07898190
    0.31059981
   -0.43511437
    0.02663553
    0.19802148
   -0.39281067
   -0.09031188
   -0.02420994
   -0.15520059
   -0.15613820
    0.19081641
    0.08497634
    0.05192287
    0.06613774
    0.04229924
    0.06715098
    0.04115598
    0.06625337
    0.06270508
    0.06126847
    0.04548483
    0.17952590
    0.08909396
    0.17963814
    0.07868840
    0.17370112
    0.06936841
    0.19047088
    0.09077424
    0.18987589
    0.06547718
    0.18541348
    0.07565224
    0.19133827
    0.07969448
    0.17741689
    0.06562293
