   -0.38286129
    0.04120174
    0.26648956
   -0.48364999
   -0.09315499
    0.37455574
   -0.64112616
   -0.66269619
    0.14945191
    0.03016244
    0.03087465
    0.01065405
   -0.15825422
   -0.04019916
    0.27616547
   -0.47360083
    0.21408431
    0.09164610
    0.09800904
   -0.16793987
    0.03850781
    0.27193474
   -0.47488120
   -0.09157318
    0.36716399
   -0.58650428
   -0.59328734
    0.20179772
    0.06453936
    0.02769745
    0.04580457
   -0.15136774
    0.01799314
    0.27129121
   -0.48142877
   -0.07530993
   -0.01293181
   -0.11638166
   -0.12000753
    0.20700705
    0.08378444
    0.06228852
    0.05990357
    0.04181561
    0.04687669
    0.03467664
    0.03717760
    0.04907729
    0.04530459
    0.04609537
   -0.15963262
    0.02811334
    0.19688056
   -0.34444591
   -0.07698998
   -0.07075017
   -0.08901358
   -0.03824803
   -0.15109301
    0.22515160
    0.07312686
    0.08174583
    0.06711212
    0.06162805
    0.04820622
    0.07011546
    0.07740274
    0.10466365
    0.10758923
    0.26863328
    0.29250974
    0.28595582
   -0.38940424
    0.04747979
    0.27175330
   -0.50330881
   -0.08437381
    0.36789857
   -0.61597271
   -0.65035913
    0.14923531
    0.03192020
    0.01594354
    0.00163742
   -0.18366215
    0.01647626
    0.27277821
   -0.48817429
   -0.01536421
   -0.11508357
   -0.11808696
    0.21600805
    0.06979568
    0.04331899
    0.05967472
    0.04557319
    0.03677741
    0.05597560
    0.05063792
    0.04242273
   -0.18100136
    0.02278337
    0.19881992
   -0.35761806
   -0.07398108
   -0.07290824
   -0.08795978
   -0.03353894
   -0.17491656
    0.21323873
    0.10019901
    0.06764185
    0.07730228
    0.04760299
    0.05167858
    0.07609044
    0.08652052
    0.11101938
    0.09998465
    0.27134834
    0.28916314
    0.27327743
    0.17479040
    0.07890756
    0.17347624
    0.08102476
