$grad                                                                           
  cycle =      1    SCF energy =  -198.99609137976   |dE/dxyz| =  0.318065
  415.81446471792839    143.28003534411135    233.08226656810612      n 
  415.34749962838544    145.44376849111015    234.69492221358868      c 
  412.79287771549366    146.68790875121886    234.06787073975931      c 
  412.64326782088108    148.80080042007097    233.15265160676029      o 
  417.46035917983329    147.37261890070636    234.39275849589609      c 
  420.18308056283450    146.23077555222233    234.40302357247930      c 
  420.68539764199244    144.51838838634146    235.91856422269547      o 
  421.67955499391644    147.25137567154721    232.87440788819990      o 
  416.63734297274982    143.62973531251134    231.38877851478352      h 
  415.27001928805487    144.70935126917587    236.63256400908082      h 
  417.19540864718942    148.35750763779987    232.60439729193956      h 
  417.34081717419224    148.73775316516813    235.93368344985197      h 
  410.76956563855373    145.30812839028647    234.72515556129531      n 
  408.21179616467271    146.11877140506758    234.21821532013678      c 
  406.74174102435921    144.15862176730727    232.68589619705125      c 
  407.61109066591416    142.07338943003714    232.20896396908665      o 
  411.00652344320321    143.48861137079095    235.25141946065483      h 
  407.20321652445915    146.43249884717270    235.99927932674206      h 
  408.32191382486843    147.89501953825453    233.17067435324037      h 
  404.44080251880064    144.92841769429018    231.95573426152137      n 
  402.82970450071872    143.29256334295243    230.46877053012446      c 
  404.10786586237668    142.90201125611483    227.91155510669526      c 
  405.80832221758737    144.29433164645059    227.16613107713664      o 
  400.20579780601304    144.42881410588203    230.11855103807750      c 
  398.63324495822064    144.54689955857137    232.60075614813834      c 
  399.70453365097359    144.25983491410801    234.65061279390579      o 
  396.31055815266893    144.96333682384613    232.30164961793710      o 
  403.72518453192794    146.58613097830397    232.55434239105438      h 
  402.68316850992426    141.45376558433369    231.42110954238663      h 
  400.35781565405892    146.34958388215702    229.36619912238862      h 
  399.12560040486244    143.32134962280881    228.75539750082990      h 
  403.33541407391544    140.90655106778399    226.57838515075272      n 
  404.36440768581025    140.45638649665332    224.08186695796417      c 
  403.06566280720381    142.21521269867114    222.18554483577017      c 
  400.80969037312758    142.73733782078997    222.32258813804663      o 
  404.07808713019909    137.69289263676978    223.29821824751127      c 
  406.14919712271842    135.97550244959507    224.37633454789801      c 
  406.21241578559142    136.03572224872249    227.26015513062674      c 
  405.72096446642479    133.28278289717136    223.43240475053673      c 
  401.74325211310099    139.99275895717815    227.10065529988950      h 
  406.36787765105402    140.96477754183923    224.17269298949091      h 
  402.22707702273527    137.01967915439150    223.90872926758041      h 
  404.14866091052369    137.60027633670427    221.23937722418384      h 
  407.97262338842756    136.64490232044363    223.66583446499573      h 
  407.53950782824643    134.63746937273913    227.97316361364435      h 
  406.77940085917527    137.87986099723938    227.96317115535163      h 
  404.35058594184494    135.61749630303464    228.02865006481949      h 
  407.18075366201492    132.03569878153874    224.15315581172177      h 
  403.90031835494972    132.58548315757182    224.07944627817153      h 
  405.74854823939336    133.21042016147859    221.38059376871183      h 
  404.58861790073900    143.12163690272709    220.39008068940831      n 
  403.71929339121641    144.90099330931190    218.49381094134696      c 
  402.99379345193330    143.35681785872660    216.14818412057241      c 
  404.53173727684367    142.81143290511008    214.49806192314463      o 
  405.75527458133786    146.87493488552403    217.94517768904132      c 
  406.14312735490563    148.76752853231073    220.10236821079579      c 
  407.73917462571995    147.79317482368762    222.31215400771379      c 
  407.69453379119130    149.70113743927698    224.47787620843727      c 
  408.69726600572369    148.56218502718733    226.84610921111766      n 
  406.39241095034964    142.47165045773133    220.17664712633345      h 
  402.00948362463652    145.82389503093918    219.21356529983925      h 
  407.51528339501971    145.89960601009199    217.49525141367565      h 
  405.12384868465443    147.92781393081785    216.28804911911749      h 
  407.01836587441420    150.45340636765079    219.30230377756595      h 
  404.28668228544063    149.33179280436201    220.80872643884962      h 
  406.91369555373564    146.04206010005043    223.00350540762088      h 
  409.66154028141727    147.43917526463630    221.65502774816895      h 
  408.78420003195151    151.38293158477748    224.00780849388730      h 
  405.73028438882653    150.24691234086666    224.79727620627540      h 
  408.60988514075609    149.82617906427046    228.31513266235214      h 
  407.56067254741828    147.00030852516227    227.31673111180177      h 
  410.52418157367532    147.94941606825660    226.61824159998866      h 
  396.23753516335910    148.44960868292034    220.87308987162450      n 
  396.88919332871558    147.31650733687991    223.29056460343745      c 
  394.87378679121628    145.33522717340500    223.90665338737347      c 
  392.62154458659091    145.89107454050463    223.93666612828378      o 
  396.92689821044087    149.29246241136667    225.36706638414509      c 
  399.43395051593865    150.87680683312055    225.38921031111579      c 
  401.39969348248263    149.76240433706468    224.76764441956558      o 
  399.24234619983486    153.10408076038644    226.10818225390111      o 
  395.84165853838846    150.31683839362259    220.78670502489092      h 
  398.75627624758482    146.42771930638139    223.14671805795285      h 
  395.30662440785915    150.55797231385191    225.19662981549888      h 
  396.79854927647500    148.35125659821438    227.20595400093345      h 
  395.76604322453318    143.04582337683976    224.48052422868665      n 
  394.12248036754266    140.93050130347629    224.99062252032525      c 
  394.91483953788946    139.54596872303242    227.39870252701337      c 
  397.11677307184362    139.08493675880933    227.91351169398325      o 
  394.10433134390547    138.98622086935484    222.80095101686723      c 
  392.69744835841971    140.06233079894628    220.52937104912635      c 
  396.78002169046346    138.20787413181739    222.06710266404875      c 
  397.60575005622883    142.66981221585374    224.11426908707304      h 
  392.22158481980119    141.72603246027617    225.20092672179453      h 
  393.07697242772679    137.31450158591471    223.45735238056150      h 
  392.74534750170483    138.72467591710196    218.97444277594244      h 
  390.72647432298965    140.44563090976359    220.98192828920884      h 
  393.56710045004581    141.82131081955410    219.91743966171185      h 
  396.69272534500067    136.58365083904022    220.81753561934994      h 
  397.71743435781804    139.76111999918515    221.10511209287415      h 
  397.85406328193318    137.70855723524477    223.74525608677897      h 
  392.94806696701221    138.73482263145624    228.79183153977553      n 
  393.12691128942311    136.98614316212306    230.88821443007586      c 
  392.26011873866236    134.30823867544876    230.17003115610072      c 
  392.54716127616672    132.52452567179475    231.60402996946621      o 
  391.53405270948338    137.90588513554042    233.12544939100371      c 
  392.55904566647479    140.38724819902504    234.18058645509447      c 
  390.77796880822126    141.56153151365575    236.12473623375277      c 
  392.02883585076955    143.72069317698950    237.56114715870447      c 
  392.83165030693118    145.79921546591024    235.85722643372847      n 
  391.19395951349082    139.34485592427006    228.35371213438009      h 
  395.12209667399543    136.89275658311547    231.43028373989466      h 
  389.58023253342367    138.11455883988668    232.49075196560790      h 
  391.56183707289313    136.43299704375053    234.56590210187792      h 
  394.39824628669800    140.02988208922662    235.04449960567092      h 
  392.87275858017790    141.69321203371436    232.61449308025823      h 
  389.06468608987473    142.20979704777940    235.17903735111369      h 
  390.22764589071721    140.11845985256434    237.48802497068752      h 
  390.69390960072622    144.47848660881610    238.93905917744843      h 
  393.70481032896242    143.01879995296852    238.53142304508702      h 
  393.47340285502827    147.30682351429843    236.88682395762814      h 
  394.34593001804348    145.27297628926837    234.56433656087188      h 
  391.35856175811483    146.37142925038012    234.73735515052178      h 
  416.84764304403410    142.18980736492722    233.88008075214722      h 
  401.21553067473081    142.75797319087371    215.92406200523430      h 
  397.52736104438804    148.24419527551129    219.78372468896342      h 
  391.44049859039671    133.99757771016087    228.49588159872934      h 
   0.9144506645174D-01  -0.6144121876195D-01   0.6758665040986D-01
  -0.5834150612037D-02  -0.2520294283489D-02   0.4922222241123D-02
  -0.5445259081296D-02   0.4169269513512D-02  -0.3187867282725D-02
   0.5267076065216D-02  -0.1575667466984D-02   0.3370951623504D-02
   0.1530642851117D-02  -0.3310965292401D-02  -0.6304702907720D-02
  -0.1326593798298D-02  -0.1376384014377D-01   0.7563063460411D-02
   0.5935234451858D-03   0.7371644073568D-02  -0.5450389490846D-02
   0.1384965911799D-02   0.4442328962374D-02  -0.2600402182484D-02
   0.3038364776493D-02  -0.1264425737901D-01  -0.5129367283720D-03
  -0.2252499731079D-03  -0.2770198545861D-02   0.3770841994831D-03
  -0.1802312770998D-02  -0.2348129337553D-02   0.3378058507254D-03
  -0.2829517847510D-02  -0.3420280527463D-02   0.2253450047611D-03
   0.9262088642057D-03  -0.8516316858236D-03   0.5575027062439D-03
   0.4735810508305D-03  -0.1145022994200D-03   0.5070949738127D-03
  -0.3607790899379D-02   0.5199421200524D-02  -0.2693415086567D-02
   0.2946385697338D-02  -0.2737207143010D-02   0.1029438387948D-02
  -0.4430748565855D-03  -0.4076747825288D-03   0.1551515868122D-02
  -0.2011672111855D-03  -0.3895177011583D-03   0.1117465795490D-04
  -0.4907635662931D-03  -0.7486426809496D-03  -0.1851091027636D-02
   0.1655970564247D-03  -0.5165878630176D-04   0.2565945447802D-05
   0.1846026596081D-03  -0.3677296547220D-04   0.9812156387662D-04
   0.2031926846784D-03   0.1764918439434D-03  -0.4511373403167D-04
  -0.1224714643719D-03  -0.9357736210340D-04  -0.2281911905911D-04
   0.1694128121667D-03  -0.3409064052097D-04   0.3834592486036D-04
   0.1613828731259D-02  -0.6389345686614D-03   0.1436438801718D-02
  -0.5962009591685D-03  -0.2966059657461D-03  -0.1217699504698D-02
  -0.6839758191053D-03  -0.6320193617348D-04  -0.1439168708905D-03
   0.3714730160174D-03   0.3089913861120D-04  -0.1604839284328D-03
   0.3947824753832D-03  -0.1091464843179D-03  -0.3561996440268D-04
   0.2372792813051D-03   0.7055258254703D-04   0.4000112492418D-03
   0.3116652322630D-03   0.2627111770415D-03  -0.2859012304567D-03
   0.9967069340780D-03  -0.3442109141861D-02  -0.8125459826095D-03
  -0.5152711658231D-03   0.6189087175440D-04  -0.1552510846792D-02
   0.8010804373482D-02   0.1937042943115D-02  -0.2787647236757D-02
  -0.7885507726868D-02   0.7787566811117D-03  -0.7100319355079D-04
   0.2232570060651D-04   0.1756870930361D-03   0.3226310503338D-03
  -0.3708396928143D-04  -0.8144623674898D-04   0.2358053110265D-03
   0.1728507752512D-02  -0.9120930834726D-04   0.1463141393394D-04
   0.8122127524794D-03   0.2258133408762D-03  -0.1433127376133D-03
   0.5304090119983D-03   0.1370280156132D-02   0.3449250904470D-03
  -0.6890236459736D-03   0.1392028133323D-03  -0.9647634274219D-03
  -0.8099375399576D-04   0.2862281661274D-04   0.6362181294622D-03
   0.9450107826192D-03   0.1035002406814D-02   0.3466867443307D-03
  -0.6877383235168D-03   0.5405773290031D-03  -0.3211169888183D-03
   0.2462074435034D-03  -0.8267424972576D-03   0.1934666657650D-03
  -0.1228307996569D-02   0.4405921433809D-03  -0.6924636360562D-03
  -0.5388809313144D-03   0.1241596227630D-02   0.1511204451940D-03
  -0.7941859189218D-03   0.4597516637598D-03   0.1039919227548D-03
   0.2603167117541D-03   0.1441267323087D-03  -0.3963543457163D-03
  -0.3355188528287D-03  -0.1946697399803D-03   0.2999907462915D-03
  -0.4184396155911D-02   0.2258379049207D-02   0.4118206561481D-02
   0.3974366233996D-02   0.7491556404379D-03   0.3460500315376D-02
  -0.9395751184127D-01  -0.1880824198736D-01   0.1928488801143D-01
   0.1440871266395D-01  -0.7184834249765D-02  -0.2152855583337D-01
  -0.3373828040121D-03   0.4359297917548D-03   0.9011935280929D-03
   0.2455674618059D-02  -0.9497420206677D-03   0.1650172035797D-02
   0.1150148231245D-02  -0.4636153284425D-03   0.1765563287274D-02
   0.2109827540407D-03   0.2756260996914D-03   0.2434450988019D-02
   0.3556902157849D-02   0.4944488624845D-03  -0.6529575056604D-03
   0.7320573297871D-02  -0.2753094239669D-02  -0.2033397998735D-02
  -0.7152265028739D-03   0.1896090309892D-02  -0.2218562964501D-02
   0.9976346061243D-04  -0.1748154237843D-02   0.1452921144905D-02
  -0.2259248164018D-02   0.1246656989002D-02   0.9546129397387D-03
  -0.1532992026621D-02   0.6079786176022D-04  -0.1538927423849D-02
  -0.7334400270295D-03   0.1610800518245D-03  -0.2083934204083D-02
  -0.2647766553614D-03  -0.7058114339228D-04  -0.1233956909130D-02
   0.1110413188934D-03  -0.3767048458465D-03  -0.1514916306144D-02
  -0.8236585569036D-03   0.7903426403092D-04  -0.2166653182164D-04
   0.7378001954929D-03   0.6580971093917D-04  -0.8939988389638D-03
  -0.2206583651207D-02  -0.2250268093044D-03   0.1632933509715D-02
  -0.1757369561559D-02   0.1859167601465D-03   0.2538082435302D-02
  -0.1813147344771D-03  -0.6910969304580D-03  -0.1203023720868D-03
   0.9486095657678D-01  -0.1347581458722D-01  -0.6086909089017D-01
   0.4540545213427D-02  -0.6370711273659D-02   0.7896585411047D-03
   0.3539287214129D-02  -0.1092224965751D-01   0.2711126186368D-03
  -0.8079729527642D-03   0.3938750471837D-02  -0.2813598686153D-02
  -0.2603019199404D-02   0.9284561352784D-03  -0.7453562068874D-02
   0.6636349810258D-02   0.4483051789861D-02  -0.1766040210620D-02
  -0.5079007585398D-02   0.1631542357890D-02   0.1540311088712D-02
   0.5450217124688D-04  -0.5298856628497D-02  -0.1017990984821D-02
   0.5009305588270D-02  -0.1206397568180D-02  -0.1630785555770D-01
   0.1236525110985D-02   0.2120960362674D-03  -0.3216285935978D-02
  -0.5182035249206D-03  -0.1030668042978D-03   0.8005214571625D-04
  -0.7810419227283D-03  -0.1141876237324D-02  -0.1816495574599D-02
  -0.1079399906368D-02   0.4388973300250D-02   0.1459362386300D-02
   0.6251172396365D-03  -0.4103169084005D-03  -0.1258514418488D-02
   0.3160738353234D-02   0.2296333997447D-03   0.1110997875155D-04
  -0.3555417031225D-02   0.1923168437222D-03  -0.1114544868846D-02
   0.1943693254040D-02   0.2645980761028D-03   0.1009881887316D-02
   0.2037131590650D-02  -0.8061106277179D-03   0.1192431298673D-02
   0.2685348857523D-02   0.2838666012823D-03  -0.4980148713879D-04
  -0.6155423513823D-04   0.1317190513192D-03  -0.1423074329565D-02
  -0.7830635387241D-03  -0.5541326635504D-03  -0.1753601900105D-03
  -0.1892393405567D-03   0.4237208019802D-03  -0.1869568011940D-02
  -0.8112865138548D-03   0.3931782673966D-03   0.7214636826940D-03
  -0.1549901834717D-02  -0.5156040344454D-03  -0.7435573255265D-03
   0.2311473367975D-03  -0.2195016113681D-03  -0.9089015603312D-04
  -0.1718987700698D-02   0.1993217641527D-03   0.9274586440098D-03
  -0.1272203166219D-02   0.1493390848731D-02  -0.1179293461789D-03
  -0.3088995453988D-03   0.4084234011628D-03   0.7407070836383D-03
   0.1132303529563D-02   0.3415901083333D-02   0.1897123523528D-02
   0.2038861489888D-02   0.5153398947003D-02   0.5090910780798D-02
  -0.4035530520664D-01   0.7557490520249D-03  -0.8138439292293D-01
   0.1580620059012D-02  -0.1491256225344D-01   0.8472558092177D-02
   0.1939112313621D-02   0.1633161722378D-02  -0.1681021930316D-02
  -0.7145004558970D-03   0.1884221801093D-03   0.1330288335087D-02
   0.5794986961993D-04   0.5785779007538D-03   0.1461550309356D-02
   0.2165004537653D-03   0.4281988492312D-03   0.5541667899149D-03
  -0.3343490893013D-03   0.7487167700743D-03   0.1356909882080D-02
   0.5401091052417D-04   0.1017742937844D-02   0.1512209507661D-02
  -0.2127468525859D-03   0.7599297069271D-03  -0.6621165454309D-03
  -0.4349048406156D-03  -0.2312536704845D-02  -0.1835919981124D-03
  -0.6037586964737D-03  -0.4012564146807D-03  -0.1149002907222D-02
  -0.1011817217656D-03  -0.3356294207503D-04  -0.1158108962856D-03
  -0.5381186147619D-03  -0.9129682616943D-04  -0.3749203575853D-03
  -0.4396083629458D-03  -0.9089919668181D-03  -0.4216674533578D-03
  -0.4112278290008D-03  -0.3930458049139D-03  -0.5623367551997D-03
  -0.8600085143800D-03  -0.8736480831556D-06  -0.5023263082890D-03
  -0.3023907147150D-04  -0.3081514564862D-03  -0.6333951270608D-03
  -0.1888822864813D-03   0.3937202057502D-03   0.5018844129277D-03
  -0.1188646949330D-03   0.9984531191113D-04  -0.9558268904464D-04
   0.5576906537942D-03  -0.3173814899968D-03  -0.3310216715336D-03
  -0.8362782193283D-01   0.8865776105444D-01  -0.6699146621093D-01
   0.7344663434393D-01   0.2146644092959D-01  -0.5748509945239D-03
  -0.1038204207001D+00   0.2182434689971D-01   0.9041579034923D-01
   0.3284563129593D-01   0.4043443768521D-02   0.6966765266872D-01
$end                                                                            
