           2           1   1.01198958618098     
           3           2  0.976141895836918     
           4           3   1.88994967796051     
           5           2  0.962321732147360     
           6           5  0.990046190935731     
           7           6   1.00640120955528     
           8           6   1.00910192117547     
           9           1  0.945119665584345     
          10           2  0.955198767189444     
          11           5  0.972384313437477     
          12           5  0.974054245532462     
          13           6  0.959536109078713     
          14           7  0.976992169914129     
          15           7  0.983477940057660     
          16           7  0.982826719099658     
          17           8  0.977510445948389     
          18           8  0.983362137894610     
          19           8  0.978517907895883     
          21          20   1.01880073945980     
          22          21  0.979788648014235     
          23          22   1.88759781251966     
          24          21  0.959832925007588     
          25          24   1.00381175619854     
          26          25   1.40326526221571     
          27          25   1.42199458142950     
          28          26   1.45271054112429     
          29          27   1.43666977482523     
          30          28   1.43210601877691     
          30          29   1.44506444013380     
          31          20  0.956424005642742     
          32          21  0.941668746389109     
          33          24  0.963998616705581     
          34          24  0.955164145190843     
          35          26  0.968300091604981     
          36          27  0.959782015426503     
          37          28  0.970313465117113     
          38          29  0.971225714224023     
          39          30  0.971151268723262     
          41          40   1.01325390309194     
          42          41  0.941831706947050     
          43          42   1.55046729260199     
          44          41  0.969237193233770     
          45          44   1.01015869780830     
          46          45   1.41186138113153     
          47          45   1.41204695233632     
          48          46   1.44506173186330     
          49          47   1.44391460213760     
          50          48   1.43819603977526     
          50          49   1.43930399547865     
          51          40  0.947048493051543     
          52          41  0.960644455926026     
          53          44  0.958498104836466     
          54          44  0.964940306125124     
          55          46  0.967717594601486     
          56          47  0.968506326937336     
          57          48  0.970474178959497     
          58          49  0.971197691218933     
          59          50  0.971373938094146     
          60          42   1.35161332354813     
          61          60  0.978382067227697     
          62          61  0.939668190478231     
          63          62   1.57936194629435     
          64          61  0.962459302520541     
          65          64   1.00782552100101     
          66          64   1.00720303347771     
          67          60  0.910247743721040     
          68          61  0.945418335482287     
          69          64  0.963500318327540     
          70          65  0.983106496725280     
          71          65  0.973450516865954     
          72          65  0.982675624024900     
          73          66  0.981621847071136     
          74          66  0.984534343453475     
          75          66  0.981924282912315     
          76          62   1.32210878169912     
          77          76  0.968143621139128     
          78          77  0.944334530546206     
          79          78   1.60840306490654     
          80          77  0.959240302019891     
          81          80  0.992607727338050     
          82          80   1.01152607349194     
          83          81   1.02092547576149     
          84          76  0.915962580109380     
          85          77  0.930998554510048     
          86          80  0.958233313007822     
          87          81  0.974839037852229     
          88          81  0.973711275100939     
          89          82  0.981713296496648     
          90          82  0.979166538672706     
          91          82  0.982739360645532     
          92          83  0.985746953927781     
          93          83  0.984406659362873     
          94          83  0.983233297046304     
          95          78   1.29723559222760     
          96          95  0.987141847873610     
          97          96  0.936172127902748     
          98          97   1.59452174719795     
          99          96  0.984488742164521     
         100          99   1.00192434532221     
         101          95  0.912017915177309     
         102          96  0.942874547808036     
         103          99  0.971315319389830     
         104          99  0.966140453849146     
         105         100  0.882760719344778     
         106          97   1.30979834560205     
         107         106  0.985471786998178     
         108         107  0.938335006918689     
         109         108   1.56620165608642     
         110         107  0.958316526662385     
         111         110   1.01562257501114     
         112         106  0.874262091880943     
         113         107  0.946913685696997     
         114         110  0.961606734183097     
         115         110  0.965556186659558     
         116         111  0.873589727151201     
         117         108   1.34587915351861     
         118         117  0.980960032079502     
         119         118  0.940162270364609     
         120         119   1.57367555860393     
         121         118  0.954645444443173     
         122         121  0.992782884076243     
         123         121   1.00807408411329     
         124         122   1.01861474873960     
         125         117  0.830221096820409     
         126         118  0.944392337933993     
         127         121  0.965246185310559     
         128         122  0.956165723874200     
         129         122  0.975266376744007     
         130         123  0.978988978420817     
         131         123  0.985049037628353     
         132         123  0.973044960133572     
         133         124  0.981520049115647     
         134         124  0.985263553877122     
         135         124  0.976361998084256     
         136         119   1.32884956880869     
         137         136  0.998318162728137     
         138         137  0.950850043466047     
         139         138   1.60901051214316     
         140         136  0.875210914267304     
         141         137  0.941934618042713     
         142         137  0.947658457410814     
         143         138   1.29654970446332     
         144         143  0.982434027776335     
         145         144  0.938627069342438     
         146         145   1.60115303897560     
         147         144  0.961251773574177     
         148         147  0.985914833296906     
         149         147   1.00206943315596     
         150         143  0.870149549470894     
         151         144  0.945681617179336     
         152         147  0.943811446219275     
         153         148  0.866191183663949     
         154         149  0.982618662608268     
         155         149  0.971936819819581     
         156         149  0.982843982610594     
         157         145   1.31685521304138     
         158         157  0.976124051152755     
         159         158  0.937737459398334     
         160         159   1.56746824943389     
         161         158  0.985908022814453     
         162         161   1.00342313973751     
         163         162   1.40372493537804     
         164         162   1.41856766551093     
         165         163   1.45389345939055     
         166         164   1.43818297911646     
         167         165   1.42648001501396     
         167         166   1.43876974751958     
         168         157  0.849871106974790     
         169         158  0.947531338714506     
         170         161  0.958624352657728     
         171         161  0.957057916869688     
         172         163  0.968726638541541     
         173         164  0.964324848840150     
         174         165  0.969751088088095     
         175         166  0.970576816468408     
         176         167  0.969867118636870     
         177         159   1.33630965194977     
         178         177  0.978593064379258     
         179         178  0.935280705173243     
         180         179   1.59608936508386     
         181         178  0.980647530546861     
         182         181  0.998462461948074     
         183         177  0.835572863371318     
         184         178  0.939300632006647     
         185         181  0.963482118974197     
         186         181  0.946755999882733     
         187         182  0.867086775834076     
         188         179   1.33722885964191     
         189         188  0.981227050873548     
         190         189  0.940953666892914     
         191         190   1.60526788360400     
         192         189  0.965161135897325     
         193         192  0.992954036287633     
         194         192   1.01027983748475     
         195         193   1.01969479547742     
         196         188  0.846794080440217     
         197         189  0.951162497985781     
         198         192  0.957801408333086     
         199         193  0.976754041465622     
         200         193  0.974376153111955     
         201         194  0.981105811701802     
         202         194  0.985366733037289     
         203         194  0.986052042756386     
         204         195  0.985762591975314     
         205         195  0.984487307696999     
         206         195  0.985300671507348     
         207         190   1.31673094931918     
         208         207  0.978275661389251     
         209         208  0.936448469407998     
         210         209   1.59100131555357     
         211         208  0.981763692896944     
         212         211   1.00861693550756     
         213         212   1.40173234802658     
         214         212   1.42234982596179     
         215         213   1.45542598059966     
         216         214   1.43452658456608     
         217         215   1.42917726701709     
         217         216   1.44699116146046     
         218         207  0.873385031412330     
         219         208  0.952803596216923     
         220         211  0.951954154796248     
         221         211  0.954500002329173     
         222         213  0.969245162835807     
         223         214  0.965763883030666     
         224         215  0.969764616377261     
         225         216  0.971200971590612     
         226         217  0.970532189608934     
         227         209   1.34093704264486     
         228         227  0.984587754347746     
         229         228  0.975747372144139     
         230         229   1.87637326536918     
         231         228  0.959569354381166     
         232         231  0.988528805263506     
         233         232   1.00295411189608     
         234         232   1.01056834798674     
         235         227  0.840293741261677     
         236         228  0.943459906338394     
         237         231  0.968358724779762     
         238         231  0.973085928322236     
         239         232  0.940325196401921     
         240         233  0.986767301501815     
         241         233  0.979587807081904     
         242         233  0.983170033257412     
         243         234  0.985078866215305     
         244         234  0.985036461031692     
         245         234  0.984545334082213     
         246           1  0.955786274783654     
         247           3  0.953620559337820     
         248          20  0.953411718716880     
         249          22  0.953079217696324     
         250          40  0.955667015097557     
         251         229  0.956986034421088     
