   -0.39536330
    0.01032902
    0.26900465
   -0.49653885
    0.07434368
   -0.47575629
    0.16782689
    0.05622698
    0.04824736
    0.03884127
    0.32887747
   -0.17264987
    0.02160928
    0.26938346
   -0.49206745
   -0.13168226
    0.22250098
    0.08759973
    0.07599840
    0.07804744
    0.06838605
   -0.16732002
    0.00515007
    0.28241010
   -0.49979993
    0.11119100
   -0.47413176
   -0.14570309
    0.21103337
    0.07979779
    0.04842593
    0.33233286
    0.07663328
    0.06724860
    0.06720440
   -0.17042127
   -0.02926036
    0.28225647
   -0.51222805
    0.22014849
    0.08351073
    0.09606419
   -0.17158594
    0.02952244
    0.20573943
   -0.37102873
   -0.07132778
   -0.01012077
   -0.11751673
   -0.11280417
    0.22374851
    0.09583376
    0.06070267
    0.06530802
    0.03972071
    0.05227688
    0.04322546
    0.04412522
    0.04808657
    0.04361873
    0.02758202
   -0.38673111
    0.03561201
    0.20212035
   -0.38396224
    0.12396453
   -0.48294701
   -0.13095759
    0.18081851
    0.05498136
    0.01136145
    0.34077007
    0.05749405
    0.04919582
    0.06002618
    0.18993500
    0.06944249
    0.18475595
    0.08130649
