           2           1   1.01828043105053     
           3           2  0.938616701343005     
           4           3   1.63401820514814     
           5           2  0.959428474015873     
           6           5   1.00793298671911     
           7           1  0.950011348370583     
           8           2  0.962502193923757     
           9           5  0.971472502263018     
          10           5  0.963079189272634     
          11           6  0.867768806275669     
          12           3   1.29393535145848     
          13          12  0.986562202468559     
          14          13  0.942783142296190     
          15          14   1.60524777624933     
          16          13  0.995692355854152     
          17          12  0.913862398351266     
          18          13  0.930360661804872     
          19          16  0.978181107288547     
          20          16  0.980577254814327     
          21          16  0.982438561014701     
          22          14   1.30217815059386     
          23          22  0.986314055154061     
          24          23  0.939635270902548     
          25          24   1.63296851925630     
          26          23  0.943278573003407     
          27          26  0.998554724028237     
          28          26   1.00347318548259     
          29          22  0.912298526504988     
          30          23  0.948637061593932     
          31          26  0.960063755278206     
          32          27  0.870208845870887     
          33          28  0.979217361961619     
          34          28  0.982208171544474     
          35          28  0.978768464755724     
          36          24   1.29461774962490     
          37          36  0.998058535141898     
          38          37  0.953289310247354     
          39          38   1.61791049254231     
          40          36  0.912602210806337     
          41          37  0.952834829988426     
          42          37  0.951486929638920     
          43          38   1.31450287745125     
          44          43  0.991129737662816     
          45          44  0.979548482184434     
          46          45   1.88965637667971     
          47          44  0.960395214232825     
          48          47  0.991528936297073     
          49          48   1.00625730628045     
          50          48   1.01072304703278     
          51          43  0.886010824557298     
          52          44  0.920924553308752     
          53          47  0.971376008040136     
          54          47  0.970238279311042     
          55          48  0.966032487934758     
          56          49  0.984472559592720     
          57          49  0.985024379533025     
          58          49  0.986153235350879     
          59          50  0.984062911802861     
          60          50  0.985597442777115     
          61          50  0.976973445564552     
          63          62   1.02779934425503     
          64          63  0.982820119898908     
          65          64   1.88675308165812     
          66          63  0.936896529041859     
          67          66  0.992023957391225     
          68          66  0.998692797983398     
          69          62  0.945120563426947     
          70          63  0.945787906274461     
          71          66  0.962160238736779     
          72          67  0.866625626494653     
          73          68  0.980648520333066     
          74          68  0.984348530242911     
          75          68  0.982390727927842     
          76           1  0.952108778274308     
          77          45  0.953887519861480     
          78          62  0.955802813550983     
          79          64  0.952073186298190     
