   -0.14359735
   -0.09038018
    0.27115903
   -0.45211792
    0.31912190
    0.31426427
    0.30429005
    0.15499374
    0.14914393
   -0.17536357
    0.00996069
    0.27796581
   -0.49110089
   -0.14148485
    0.24547438
    0.07837815
    0.06236372
    0.08441519
    0.08341101
   -0.17438249
    0.01800109
    0.28024323
   -0.49768706
   -0.14198003
    0.23584788
    0.07032858
    0.06541148
    0.08468413
    0.08131835
   -0.17824077
    0.01020061
    0.27546479
   -0.51201769
   -0.02939032
   -0.11962420
   -0.13112687
    0.23692576
    0.07881021
    0.07524861
    0.06512403
    0.02539889
    0.04673129
    0.06807235
    0.04834469
    0.06247519
   -0.17094286
    0.03163314
    0.28603752
   -0.51655359
   -0.08827543
    0.00814867
   -0.04027499
   -0.04718123
   -0.02965353
   -0.03423245
   -0.03525949
    0.24036260
    0.05501925
    0.06974062
    0.08738301
    0.04540671
    0.04648754
    0.02492605
    0.03347274
    0.03215995
   -0.18337929
    0.02943793
    0.27318700
   -0.49873352
   -0.07852347
    0.01088586
   -0.04028014
   -0.04054088
   -0.03158691
   -0.03279985
   -0.03429685
    0.24557704
    0.06269505
    0.07536812
    0.05894628
    0.02831488
    0.05187081
    0.02991552
    0.04802378
    0.03616690
   -0.17315583
   -0.02898021
    0.28655313
   -0.48946050
    0.24357431
    0.08415321
    0.09987488
   -0.19452153
    0.03585601
    0.27417156
   -0.50092295
   -0.01079130
   -0.28725281
    0.23877171
    0.06910332
    0.06752889
    0.04564038
    0.20663829
   -0.18578224
    0.02590027
    0.28354233
   -0.50134124
    0.11977908
   -0.48426177
   -0.13789220
    0.23361124
    0.07347479
    0.03229008
    0.34390376
    0.06259716
    0.07270327
    0.04474849
   -0.18153516
    0.02927988
    0.26940015
   -0.50206461
   -0.08021638
    0.01276366
   -0.04026595
   -0.03497393
   -0.03309743
   -0.03325767
   -0.03524430
    0.23145323
    0.06701214
    0.06836473
    0.06853058
    0.02811669
    0.03596793
    0.04001984
    0.04276795
    0.04566254
   -0.17949858
    0.01839026
    0.28397827
   -0.48485877
   -0.01484973
   -0.11127965
   -0.12934231
    0.23309028
    0.07302571
    0.03437634
    0.05968138
    0.02323690
    0.05379585
    0.06426981
    0.05423890
    0.05880327
   -0.20250352
    0.03414693
    0.27614010
   -0.48121507
   -0.11354832
    0.22187504
    0.06751478
    0.05537978
    0.05852598
    0.05449337
   -0.18840437
    0.02554611
    0.26649388
   -0.50415687
   -0.07575427
    0.01464945
   -0.04186756
   -0.04041384
   -0.03269907
   -0.03306941
   -0.03536498
    0.21670728
    0.08376050
    0.07300016
    0.06732123
    0.02151422
    0.04288590
    0.02577624
    0.05198228
    0.03847601
   -0.16612719
   -0.02518801
    0.27240535
   -0.50506667
    0.23202226
    0.08375986
    0.09098197
   -0.08903997
    0.01422858
    0.27846879
   -0.48617852
   -0.07540522
   -0.06960800
   -0.01162887
    0.07698041
    0.06993421
    0.08019139
    0.05524753
    0.07839181
    0.05989400
    0.07653795
   -0.17670922
    0.02396406
    0.28218000
   -0.50904505
   -0.13384182
    0.21550974
    0.07003309
    0.06406932
    0.06906248
    0.07536750
   -0.19299832
    0.03128494
    0.28573094
   -0.51610060
   -0.08062975
    0.00920911
   -0.04202031
   -0.03981390
   -0.03397915
   -0.03335779
   -0.03630773
    0.23282307
    0.05789138
    0.06387405
    0.06748817
    0.03470605
    0.03385705
    0.04292883
    0.04182033
    0.04291519
   -0.18483590
    0.02953904
    0.28248924
   -0.51222637
   -0.13216485
    0.22868954
    0.06115198
    0.06938566
    0.07753464
    0.06859855
   -0.17533254
    0.03512447
    0.21198080
   -0.37757091
   -0.06827199
   -0.01466001
   -0.11771644
   -0.12024277
    0.22885952
    0.08580914
    0.04997986
    0.06048228
    0.05266135
    0.05387103
    0.03640710
    0.04525807
    0.05505708
    0.04522738
    0.03391901
   -0.38641663
   -0.00655150
    0.27120787
   -0.49591793
    0.16535760
    0.03459500
    0.05416331
   -0.16352197
    0.02424054
    0.21213643
   -0.36025647
   -0.02126291
   -0.11937671
   -0.12539016
    0.22108355
    0.07914029
    0.05932518
    0.06492693
    0.04077876
    0.05243802
    0.06448473
    0.05466554
    0.04628845
   -0.39654607
    0.03465593
    0.27280787
   -0.50407090
   -0.01423009
   -0.10480663
   -0.10444286
    0.16647245
    0.04417315
    0.03642331
    0.03465202
    0.04790656
    0.03057185
    0.03187919
    0.04149346
    0.03283176
   -0.16893221
    0.02877803
    0.21805995
   -0.38323508
   -0.02464793
   -0.06346429
   -0.12250015
   -0.11312165
    0.23907612
    0.06613981
    0.06357247
    0.05412309
    0.03232305
    0.05416200
    0.05220372
    0.04361470
    0.04822925
    0.03523745
    0.04476937
   -0.39931984
    0.05002063
    0.19933546
   -0.36345463
   -0.06292470
   -0.00848448
   -0.10185000
   -0.11294611
    0.17825799
    0.03281695
    0.03505957
    0.05151029
    0.02836916
    0.04065723
    0.03154017
    0.02219751
    0.05105205
    0.03232216
    0.03845539
   -0.38212458
    0.04392495
    0.19304082
   -0.35940248
   -0.10709373
    0.14539785
    0.06213694
    0.05317529
    0.04130006
    0.04921761
   -0.39642036
    0.03628918
    0.26949709
   -0.49861243
   -0.07983797
    0.01615144
   -0.03796848
   -0.04162275
   -0.03233548
   -0.03399787
   -0.03655523
    0.17488912
    0.02805323
    0.06991921
    0.05645248
    0.01727762
    0.04970599
    0.02246354
    0.04630719
    0.03197824
   -0.16972070
    0.02581208
    0.20578289
   -0.35752878
   -0.08444709
   -0.01145995
   -0.11695161
   -0.11904468
    0.22886489
    0.08558061
    0.08170852
    0.06627954
    0.03224090
    0.04470007
    0.02892563
    0.05179300
    0.04430383
    0.05111875
    0.04158210
   -0.41039326
    0.04491542
    0.26306985
   -0.51454481
   -0.11194958
    0.19043668
    0.01180104
    0.03375891
    0.05137871
    0.06342378
   -0.17046542
    0.03124193
    0.20048284
   -0.35980599
   -0.07822933
    0.01414864
   -0.03940252
   -0.03814066
   -0.03117424
   -0.03174023
   -0.03452670
    0.24579417
    0.08032858
    0.07410950
    0.07007089
    0.03244736
    0.03869409
    0.03636009
    0.04792979
    0.04055330
   -0.38665000
    0.02307860
    0.26867724
   -0.50316332
    0.11559861
   -0.47162881
   -0.10801668
    0.14740622
    0.03674975
    0.02788468
    0.31460014
    0.05578920
    0.03953135
    0.04582918
   -0.16579822
    0.03915341
    0.20849642
   -0.36056539
   -0.12840966
    0.22804762
    0.08227337
    0.06835618
    0.08437578
    0.07246688
   -0.40515629
    0.03408657
    0.27203005
   -0.52822064
   -0.02494575
   -0.05608530
   -0.11128545
   -0.10456269
    0.17468314
    0.01951828
    0.05083445
    0.02312541
    0.04182075
    0.04641073
    0.03193342
    0.03892473
    0.02427167
    0.04574923
    0.03944305
   -0.17191189
    0.03011395
    0.20711872
   -0.37560352
   -0.07839106
   -0.01459152
   -0.11968473
   -0.12037128
    0.23780749
    0.07774110
    0.06543267
    0.06256790
    0.04674221
    0.05007435
    0.04017700
    0.04810682
    0.05167500
    0.04619923
    0.03308189
    0.06150423
    0.18276544
    0.07251477
    0.17755139
    0.06084919
    0.17226657
    0.06854434
    0.17712268
    0.07805233
    0.17498642
    0.07536445
    0.16378631
    0.07409555
    0.19070318
    0.07238283
    0.17216046
    0.07174088
