           2           1  0.972730907793150     
           3           2  0.956811270445949     
           4           3   1.63737652722233     
           5           1  0.884765731303335     
           6           1  0.888474176168411     
           7           1  0.890371397495782     
           8           2  0.954204910434412     
           9           2  0.942304065910096     
          10           3   1.29693246165920     
          11          10  0.974805887750050     
          12          11  0.943586687519372     
          13          12   1.60416416285275     
          14          11  0.992016526434397     
          15          10  0.905787347846005     
          16          11  0.947832921582487     
          17          14  0.980173488734491     
          18          14  0.976086598177827     
          19          14  0.978925259493584     
          20          12   1.30600311166301     
          21          20  0.977041418412060     
          22          21  0.934768473379792     
          23          22   1.61309546769939     
          24          21  0.994192214847027     
          25          20  0.911310867885886     
          26          21  0.952527775348195     
          27          24  0.980698042985756     
          28          24  0.976631101709324     
          29          24  0.979971193111125     
          30          22   1.30433262646437     
          31          30  0.980618591413708     
          32          31  0.938615937988858     
          33          32   1.56466392979365     
          34          31  0.961811879260510     
          35          34   1.00867614035737     
          36          34   1.00731946829820     
          37          30  0.882474498398455     
          38          31  0.953168746918121     
          39          34  0.957474815897566     
          40          35  0.982355931209226     
          41          35  0.979371114734607     
          42          35  0.985060929901758     
          43          36  0.981587343498434     
          44          36  0.985328929103712     
          45          36  0.981681828299322     
          46          32   1.33312829396904     
          47          46  0.979298313388620     
          48          47  0.938957364865513     
          49          48   1.58786573173058     
          50          47  0.964305098049048     
          51          50   1.00780547230777     
          52          51   1.41573974518197     
          53          51   1.41248372328798     
          54          52   1.44299387512817     
          55          53   1.44491776778119     
          56          54   1.43898739752146     
          56          55   1.43864425530545     
          57          46  0.893467848848774     
          58          47  0.953308684651743     
          59          50  0.966834772787803     
          60          50  0.953309888661054     
          61          52  0.962210119306402     
          62          53  0.963040182961904     
          63          54  0.968940732946652     
          64          55  0.970282078608538     
          65          56  0.971303127002161     
          66          48   1.32859428730874     
          67          66  0.982004005975637     
          68          67  0.935554691243852     
          69          68   1.59298254850954     
          70          67  0.965020066070615     
          71          70   1.00731234523998     
          72          71   1.40794281748515     
          73          71   1.41725636299174     
          74          72   1.45084829682375     
          75          73   1.43762579003586     
          76          74   1.43371397736743     
          76          75   1.44276852610998     
          77          66  0.875453097842099     
          78          67  0.951471228688396     
          79          70  0.964644681510055     
          80          70  0.960809520175989     
          81          72  0.968311796725227     
          82          73  0.962759831150297     
          83          74  0.971200667924942     
          84          75  0.969341587085365     
          85          76  0.971212226719125     
          86          68   1.32943937971954     
          87          86  0.993095706684770     
          88          87  0.950004483670044     
          89          88   1.60974788364140     
          90          86  0.875081213315811     
          91          87  0.958313726109531     
          92          87  0.954741446428843     
          93          88   1.30436654867198     
          94          93  0.987960871157492     
          95          94  0.927829092690354     
          96          95   1.59257655228489     
          97          94  0.989549339423999     
          98          97  0.997387237445467     
          99          93  0.873375019743150     
         100          94  0.951948094447088     
         101          97  0.965624899456529     
         102          97  0.974484724352195     
         103          98  0.918411935890111     
         104          95   1.33128344793668     
         105         104  0.981634184712656     
         106         105  0.938754935505390     
         107         106   1.59911856261908     
         108         105  0.958292709911930     
         109         108  0.993627496328550     
         110         108   1.00617629040877     
         111         104  0.875134710006263     
         112         105  0.947059257277076     
         113         108  0.948856736106395     
         114         109  0.863039524138433     
         115         110  0.980159424831825     
         116         110  0.968669503151972     
         117         110  0.984240026492171     
         118         106   1.32291060558518     
         119         118  0.978822774193727     
         120         119  0.934150786201793     
         121         120   1.58143463265844     
         122         119  0.972847686248001     
         123         122   1.00492369574942     
         124         123   1.41125595678243     
         125         123   1.41563163294150     
         126         124   1.44834894238855     
         127         125   1.44096442567494     
         128         126   1.43535353980024     
         128         127   1.44079536739336     
         129         118  0.888961568933372     
         130         119  0.949818702257016     
         131         122  0.967485672543132     
         132         122  0.957553865281804     
         133         124  0.966842275031985     
         134         125  0.966589554836749     
         135         126  0.970513619099365     
         136         127  0.966736002258684     
         137         128  0.970115654545601     
         138         120   1.34200506847200     
         139         138  0.975536549451180     
         140         139  0.931116544350660     
         141         140   1.63815242560406     
         142         139  0.967643000599077     
         143         142   1.00758876520054     
         144         142   1.00667570256395     
         145         138  0.880895589763259     
         146         139  0.950589265637117     
         147         142  0.960609368989196     
         148         143  0.981941871057100     
         149         143  0.983094461923343     
         150         143  0.983889737324439     
         151         144  0.981369970500275     
         152         144  0.984894554222154     
         153         144  0.978146151685641     
         154         140   1.29400166281035     
         155         154  0.980781487687135     
         156         155  0.934336282835060     
         157         156   1.64012272707510     
         158         155  0.996207136630980     
         159         154  0.889252734814650     
         160         155  0.951267760106439     
         161         158  0.980197130741791     
         162         158  0.979742865515349     
         163         158  0.981428510785079     
         164         156   1.29416921632125     
         165         164  0.987618810122559     
         166         165  0.940722262276456     
         167         166   1.55787857584438     
         168         165  0.972939712172853     
         169         168   1.00588172738563     
         170         169   1.42509819708372     
         171         169   1.40093318437075     
         172         170   1.43272725928211     
         173         171   1.45613860702661     
         174         172   1.44631261782661     
         174         173   1.42936088501945     
         175         164  0.895553215737543     
         176         165  0.936956775943595     
         177         168  0.956648494270616     
         178         168  0.956446098317222     
         179         170  0.964664944494146     
         180         171  0.968937412914415     
         181         172  0.969162063666791     
         182         173  0.969090627219410     
         183         174  0.964458063106244     
         184         166   1.35422517130603     
         185         184  0.984809075657051     
         186         185  0.956832057355314     
         187         186   1.58469403071965     
         188         184  0.872562107508025     
         189         185  0.958774050661594     
         190         185  0.954811233116092     
         191         186   1.30902923009447     
         192         191  0.964855998998679     
         193         192  0.939922287980157     
         194         193   1.61822943799953     
         195         192  0.976255058419992     
         196         195   1.00444394261768     
         197         191  0.972065371403266     
         197         196   1.00499478793938     
         198         192  0.954822309640392     
         199         195  0.974055049153775     
         200         195  0.973205520277727     
         201         196  0.975315873983607     
         202         196  0.971640054654946     
         203         197  0.967747262488264     
         204         197  0.961084660172144     
         205         193   1.30026922054023     
         206         205  0.977213335081176     
         207         206  0.930938969338756     
         208         207   1.62886115482427     
         209         206  0.996642602652029     
         210         205  0.906933156566778     
         211         206  0.955928900283429     
         212         209  0.981235897975312     
         213         209  0.972100656573276     
         214         209  0.973089766784391     
         215         207   1.30869251210568     
         216         215  0.977472860828771     
         217         216  0.933493681649585     
         218         217   1.62522908292250     
         219         216  0.970506535850719     
         220         219   1.00756000482051     
         221         220   1.41796267972044     
         222         220   1.41022962701890     
         223         221   1.44125011345291     
         224         222   1.44913478238360     
         225         223   1.44162287169856     
         225         224   1.43547950910243     
         226         215  0.884433775851065     
         227         216  0.954801940576553     
         228         219  0.962123712289130     
         229         219  0.964661987750322     
         230         221  0.968475629204690     
         231         222  0.968849107744860     
         232         223  0.970204743599684     
         233         224  0.970284323639502     
         234         225  0.970598257145131     
         235         217   1.31324034021336     
         236         235  0.976097685779394     
         237         236  0.933271734528495     
         238         237   1.62464852514631     
         239         236  0.996803132888427     
         240         235  0.894950186193785     
         241         236  0.955617631457396     
         242         239  0.981759165535282     
         243         239  0.978965503356181     
         244         239  0.979737116931391     
         245         237   1.31243740897406     
         246         245  0.980308760269542     
         247         246  0.977890583395732     
         248         247   1.88499588434058     
         249         246  0.962418592983905     
         250         249  0.986624634984499     
         251         250   1.00581600182793     
         252         250   1.01058718415483     
         253         245  0.891038758408032     
         254         246  0.941844704575812     
         255         249  0.973999688704397     
         256         249  0.971501645680225     
         257         250  0.960108431690450     
         258         251  0.984296996625510     
         259         251  0.986631805905617     
         260         251  0.985741629925432     
         261         252  0.983912019556021     
         262         252  0.985954651401304     
         263         252  0.983759560330101     
         265         264   1.02373619817670     
         266         265  0.949700048519857     
         267         266   1.61397989954370     
         268         264  0.959650272872887     
         269         265  0.969090241230441     
         270         265  0.955965125904668     
         271         266   1.31430004486344     
         272         271  0.971360123510255     
         273         272  0.974241525056374     
         274         273   1.86865467410095     
         275         272  0.954583337275517     
         276         275   1.00727628962858     
         277         275   1.00814067134420     
         278         271  0.915055775081222     
         279         272  0.942527001167710     
         280         275  0.964140930720826     
         281         276  0.982745195067853     
         282         276  0.980663220336807     
         283         276  0.984884642101328     
         284         277  0.980424794066972     
         285         277  0.984329190997174     
         286         277  0.982237010770029     
         288         287   1.02412522338182     
         289         288  0.950422151615395     
         290         289   1.56525221297232     
         291         288  0.945472371322742     
         292         291   1.01109765625044     
         293         291   1.00968562640780     
         294         287  0.941910850878107     
         295         288  0.958659785519317     
         296         291  0.960113793383000     
         297         292  0.983851235675513     
         298         292  0.979929979140428     
         299         292  0.982565322721596     
         300         293  0.985335725088327     
         301         293  0.979517863844881     
         302         293  0.987118133254963     
         303         289   1.34306811073155     
         304         303  0.969262127271479     
         305         304  0.979522355047626     
         306         305   1.85579738353688     
         307         304  0.952631355270400     
         308         307  0.995622088231682     
         309         307   1.00912859423593     
         310         308   1.01919114203205     
         311         303  0.882491557099081     
         312         304  0.945918948208094     
         313         307  0.957069178212992     
         314         308  0.974704883161617     
         315         308  0.976215827703195     
         316         309  0.983678828712221     
         317         309  0.982477528293798     
         318         309  0.986398109701012     
         319         310  0.985787635108833     
         320         310  0.985700846254727     
         321         310  0.986330243762720     
         323         322   1.00832004265112     
         324         323  0.976322820128395     
         325         324   1.88330631163818     
         326         323  0.966336257900773     
         327         326  0.994716473407436     
         328         327   1.00928951121338     
         329         327   1.00801037968237     
         330         322  0.926485204050915     
         331         323  0.958710779533212     
         332         326  0.963446334675490     
         333         326  0.967304225783471     
         334         327  0.964387700763859     
         335         328  0.981972683432172     
         336         328  0.981675376198419     
         337         328  0.986888140580354     
         338         329  0.983283270667115     
         339         329  0.985757975902892     
         340         329  0.986644033273509     
         342         341   1.02074890702505     
         343         342  0.981544376469297     
         344         343   1.89075056672377     
         345         342  0.983139986853579     
         346         341  0.959027345408364     
         347         342  0.933391957816806     
         348         345  0.979620970394183     
         349         345  0.981123222389454     
         350         345  0.978386026574518     
         352         351   1.01323525649692     
         353         352  0.935982165067643     
         354         353   1.61756110502090     
         355         352  0.964744996313444     
         356         355   1.00951980857596     
         357         356   1.40397512078714     
         358         356   1.41917386883832     
         359         357   1.45234469500855     
         360         358   1.43712686851583     
         361         359   1.43067375123337     
         361         360   1.44470663565049     
         362         351  0.950237874218581     
         363         352  0.962045330973243     
         364         355  0.969320598356916     
         365         355  0.958550143080783     
         366         357  0.969141716829969     
         367         358  0.967214839264733     
         368         359  0.971541515319290     
         369         360  0.969887812882086     
         370         361  0.971176379899320     
         371         353   1.30133041600093     
         372         371  0.975062740729726     
         373         372  0.972028840868062     
         374         373   1.88046332260662     
         375         372  0.966235152308819     
         376         375  0.993736825028658     
         377         376   1.00932749283750     
         378         376   1.00778340789890     
         379         371  0.912288596216118     
         380         372  0.947185073190013     
         381         375  0.965981361227133     
         382         375  0.970432235533343     
         383         376  0.963622251529370     
         384         377  0.984242920044609     
         385         377  0.983399416034645     
         386         377  0.985130154396044     
         387         378  0.983934919040811     
         388         378  0.985151217911738     
         389         378  0.986298856884236     
         391         390   1.01369599833131     
         392         391  0.935555784388726     
         393         392   1.58964892349144     
         394         391  0.994622494393301     
         395         390  0.916431808248954     
         396         391  0.964516455142963     
         397         394  0.981014228832995     
         398         394  0.981614676286463     
         399         394  0.978914563703059     
         400         392   1.33083661948434     
         401         400  0.979717827379155     
         402         401  0.968853317922466     
         403         402   1.89688563301422     
         404         401  0.962038204684318     
         405         404   1.00369806067946     
         406         405   1.41067420380310     
         407         405   1.41567747148431     
         408         406   1.44793592936253     
         409         407   1.43980990287614     
         410         408   1.43556360275740     
         410         409   1.44105769315643     
         411         400  0.879715217845662     
         412         401  0.943672939304464     
         413         404  0.967702052775089     
         414         404  0.953636587715177     
         415         406  0.965732190828493     
         416         407  0.967344864019664     
         417         408  0.970663768717350     
         418         409  0.967254280543363     
         419         410  0.970618138042123     
         421         420   1.01332135330674     
         422         421  0.934962318015685     
         423         422   1.59141281223007     
         424         421  0.955990898260383     
         425         424  0.987233526777927     
         426         424   1.00550591759747     
         427         420  0.953345663287699     
         428         421  0.964431615710561     
         429         424  0.954778680754408     
         430         425  0.880905750712463     
         431         426  0.977049998608635     
         432         426  0.982506995277892     
         433         426  0.981238196873345     
         434         422   1.33759681219004     
         435         434  0.974387856921723     
         436         435  0.979666273028442     
         437         436   1.86837055628764     
         438         435  0.976412128895558     
         439         434  0.891965951949568     
         440         435  0.942923312001845     
         441         438  0.980137288289971     
         442         438  0.965629213084620     
         443         438  0.978027416919964     
         445         444   1.01323677017113     
         446         445  0.935810545335430     
         447         446   1.60732473483411     
         448         445  0.965651163681549     
         449         448  0.995487095003458     
         450         448   1.00847119442476     
         451         449   1.01751226383096     
         452         444  0.931149197439309     
         453         445  0.964211555210707     
         454         448  0.958736201431458     
         455         449  0.975801446248912     
         456         449  0.967642073939709     
         457         450  0.979408772821012     
         458         450  0.982897396594446     
         459         450  0.986036180285331     
         460         451  0.983033810632806     
         461         451  0.980348910787662     
         462         451  0.981183179392470     
         463         446   1.32006780423552     
         464         463  0.976508504278313     
         465         464  0.972328898825297     
         466         465   1.89220110363780     
         467         464  0.968191382438329     
         468         467  0.989223399326737     
         469         468   1.00623035184819     
         470         468   1.01075475384479     
         471         463  0.888601112814242     
         472         464  0.945749617116689     
         473         467  0.969741323293090     
         474         467  0.970327529828941     
         475         468  0.964287857489894     
         476         469  0.984274088987561     
         477         469  0.986332659049480     
         478         469  0.986010580488952     
         479         470  0.983132060861870     
         480         470  0.985303376779690     
         481         470  0.982513674433632     
         482         247  0.956383188139788     
         483         264  0.957170086126238     
         484         273  0.953931822447921     
         485         287  0.954685057800144     
         486         305  0.956104575930278     
         487         322  0.958226472262614     
         488         324  0.954925020967862     
         489         341  0.957824608100618     
         490         343  0.952643198025402     
         491         351  0.958654507249521     
         492         373  0.953257180274480     
         493         390  0.962413820650427     
         494         402  0.952046392226114     
         495         420  0.954018008282147     
         496         436  0.954449952932861     
         497         444  0.959662082203908     
         498         465  0.954339831982192     
