   -0.38564439
    0.01206832
    0.25626934
   -0.49639776
    0.07495235
   -0.47880275
    0.17165728
    0.04843791
    0.04052375
    0.04804791
    0.34012818
   -0.16360392
    0.00917375
    0.25710563
   -0.46551145
   -0.08860992
   -0.02327915
   -0.13370769
   -0.12000748
    0.22724145
    0.09103585
    0.06987012
    0.08620940
    0.06029183
    0.04485323
    0.05696568
    0.04705278
    0.04771107
    0.03087769
    0.03927718
   -0.17922480
    0.00907724
    0.26933285
   -0.46682932
   -0.13660279
    0.23278559
    0.10077148
    0.08268364
    0.08911327
    0.06033976
   -0.19205096
    0.01698318
    0.27031020
   -0.48744430
   -0.07868202
    0.00983813
   -0.04494577
   -0.04226326
   -0.03540549
   -0.03342526
   -0.03596090
    0.20496543
    0.07994045
    0.07194332
    0.06613033
    0.03189047
    0.03759121
    0.04117295
    0.04485010
    0.04163647
   -0.20092361
    0.02136080
    0.26749369
   -0.53355182
   -0.08126315
   -0.00839745
   -0.04263621
   -0.05514326
   -0.05544275
   -0.07418040
    0.15107021
   -0.44695443
    0.23205145
    0.06463506
    0.06061224
    0.08097353
    0.03071418
    0.07538340
    0.01912903
    0.07261721
    0.35108138
   -0.19149468
    0.01697418
    0.25782823
   -0.52996274
   -0.09191573
   -0.03235896
   -0.14127758
   -0.13781044
    0.26515593
    0.08192023
    0.09581949
    0.05365794
    0.04707797
    0.07263441
    0.03335005
    0.07006822
    0.07204110
    0.05774681
    0.04653615
   -0.08685236
    0.02074485
    0.27880874
   -0.49676623
   -0.07097951
   -0.07539879
   -0.00045795
    0.07417579
    0.05027569
    0.07900237
    0.06427518
    0.09330414
    0.04262128
    0.07603075
   -0.19214912
    0.02709608
    0.27399946
   -0.51672463
   -0.13480086
    0.21321892
    0.07024694
    0.05482786
    0.08498424
    0.06836090
   -0.19850076
    0.03710437
    0.28027038
   -0.51107502
   -0.05462573
   -0.09550417
    0.37316504
   -0.65472019
   -0.64228495
    0.23534721
    0.04357518
    0.04925319
    0.05451446
    0.00997927
    0.04174657
   -0.19492286
    0.00878726
    0.26618641
   -0.43971419
    0.05620562
   -0.44015966
    0.22890529
    0.06738406
    0.06580794
    0.04197738
    0.33501160
   -0.16775030
   -0.02614994
    0.28253529
   -0.46330583
    0.19176217
    0.10544084
    0.09593595
   -0.18523998
    0.02204270
    0.27244770
   -0.49716394
   -0.04650447
   -0.09099063
    0.36998262
   -0.64859855
   -0.65436198
    0.18964044
    0.07451542
    0.04022058
    0.03652904
    0.03552572
    0.02117690
   -0.17555488
    0.01096497
    0.26316753
   -0.43141775
   -0.07646692
   -0.09896765
   -0.09616362
   -0.06264502
   -0.13291585
    0.21447371
    0.07854170
    0.07483214
    0.04557350
    0.05698263
    0.09977702
    0.08889479
    0.05953709
    0.13739528
    0.13195261
    0.28507804
    0.25650543
    0.25764398
   -0.17390316
    0.01847969
    0.19788865
   -0.34080585
   -0.06630212
   -0.00896137
   -0.23643790
   -0.06546983
    0.19266815
    0.11318799
    0.05920947
    0.08820348
    0.06034150
    0.04152185
    0.07065857
    0.05821263
    0.07114560
   -0.39511283
    0.01537434
    0.26725417
   -0.50384893
    0.10809929
   -0.48639353
   -0.16911200
    0.14962937
    0.03583561
    0.03727406
    0.32711652
    0.08153007
    0.08907827
    0.05347508
   -0.16195819
    0.02848088
    0.20670157
   -0.35512913
   -0.13520963
    0.21963268
    0.10107012
    0.08331123
    0.08567191
    0.06390537
   -0.39829135
    0.04270182
    0.20410143
   -0.39842357
   -0.02120584
   -0.11916195
   -0.12218381
    0.17429684
    0.04004056
    0.05500162
    0.06081179
    0.02643368
    0.04216903
    0.05976626
    0.04831651
    0.05086501
   -0.38594634
    0.03769573
    0.20757379
   -0.37694614
   -0.01904111
   -0.06382805
   -0.11828637
   -0.11259246
    0.16828201
    0.03287905
    0.04290102
    0.03795238
    0.03069975
    0.04149047
    0.05761611
    0.04750082
    0.03485801
    0.05537445
    0.03310291
   -0.40067154
    0.03758349
    0.20908322
   -0.38964594
   -0.03104833
   -0.07261465
   -0.11938248
   -0.12213084
    0.16752390
    0.05379463
    0.05504931
    0.04791543
    0.05254831
    0.05826609
    0.04031862
    0.03880061
    0.05971642
    0.04512815
    0.03463396
   -0.38788001
    0.01621811
    0.26665287
   -0.48245015
   -0.03012124
   -0.07192996
   -0.11520651
   -0.12029790
    0.16399763
    0.06250495
    0.04168976
    0.03418894
    0.04239386
    0.05276906
    0.03797222
    0.04228135
    0.05061893
    0.05933210
    0.03845730
   -0.16894831
    0.02651914
    0.20438124
   -0.37990453
   -0.11630292
    0.28745674
   -0.48147514
   -0.27517611
    0.22592285
    0.10307117
    0.10486316
    0.09579407
    0.22803913
    0.23991013
   -0.39140881
    0.02825657
    0.26698551
   -0.52213646
   -0.07703608
    0.05210760
   -0.28943567
   -0.02640280
    0.08273088
   -0.09691923
    0.18149699
    0.01537588
    0.09272362
    0.03311210
    0.02293027
    0.05412686
    0.20808023
   -0.20710515
    0.01898405
    0.27947007
   -0.52055368
   -0.09134026
    0.02063021
   -0.11538076
   -0.00812306
    0.06866336
   -0.23754987
    0.25961907
    0.05876336
    0.09381657
    0.06268345
    0.19078441
    0.05806396
    0.07529011
   -0.21250354
    0.02361921
    0.28635379
   -0.51769836
   -0.09488422
   -0.09074567
   -0.02042317
   -0.15373136
    0.23717739
   -0.24474769
   -0.26091969
    0.24776108
    0.05097094
    0.06781573
    0.09702146
    0.10000493
    0.06921030
    0.06638615
    0.09703737
    0.20969343
    0.25361751
    0.26793677
    0.20968892
    0.26104888
   -0.17038398
    0.00089285
    0.37853699
   -0.63578031
    0.09325702
   -0.48096201
   -0.63085503
    0.19248920
    0.05081880
    0.02897818
    0.02286134
    0.36427427
    0.17590508
    0.08327276
    0.18070540
    0.06681145
    0.17328627
    0.06666471
    0.17944472
    0.07379046
    0.18031532
    0.06542831
    0.17840235
    0.09313289
    0.18090846
