$grad                                                                           
  cycle =      1    SCF energy =  -608.89188729133   |dE/dxyz| =  0.725403
   68.10841868677426     49.91274918823988     61.14428134874882      n 
   67.85542902712788     52.00047004098400     59.39711874580552      c 
   70.29877406977012     52.34325412074585     57.89912643014932      c 
   70.26368558807685     53.00776034083551     55.68317308098236      o 
   67.29528271131682     54.50772743144708     60.71788969900181      c 
   65.09931971944523     54.48172092995834     62.60197078461006      c 
   65.03248220624599     57.05518586116116     63.90805204989346      c 
   62.60384212258101     53.91481152251327     61.29183276223926      c 
   68.07432218610452     50.26996153670701     63.02666321923962      h 
   66.37605667238989     51.55030863438841     58.01389092664338      h 
   69.00938874943341     55.10280942741191     61.70019263412793      h 
   66.87480263399830     55.87992179369159     59.23453689903455      h 
   65.44407793071078     53.03784284910504     64.03103029351639      h 
   63.38512444695753     57.21502833020452     65.12088149819590      h 
   66.71906672614769     57.29805532459955     65.05760296067899      h 
   64.98082267669628     58.56628084453214     62.51713532210360      h 
   61.05343025189707     53.93203621259160     62.63901889605008      h 
   62.24427247440678     55.33177897799312     59.85357203066512      h 
   62.65313035125508     52.06712540368799     60.39796888570005      h 
   70.74134042853618     47.89379026963480     53.50071009910744      n 
   69.36753411512808     48.91854475152618     51.37403685638344      c 
   71.01544847070716     50.80858139992637     49.93846865282911      c 
   70.84570584098796     50.97538500350525     47.63423409312789      o 
   66.89533685971314     50.21605568103966     52.17230913097060      c 
   64.90579083632581     49.81002770394934     50.19500359293595      c 
   64.75095732855188     51.36038840879142     48.08981373897284      c 
   63.24129446133040     47.79622543757833     50.44116973809495      c 
   62.86517691104113     50.98002639814870     46.31711020103169      c 
   61.36669523195309     47.40669178263632     48.66487693329831      c 
   61.14902174726858     49.03248806779793     46.62720219043426      c 
   70.02131391775981     48.17492597206464     55.25855124197892      h 
   68.95434573265676     47.37955701667907     50.03668499171715      h 
   66.25957024438276     49.38905967709195     53.95092223936456      h 
   67.25737362542753     52.22516077863965     52.45500605146941      h 
   66.10727409186103     52.86779372208851     47.84306139534417      h 
   63.42437490019886     46.54032238554620     52.04216811848642      h 
   62.70892761397193     52.23435652639345     44.71393348251586      h 
   60.07124911886804     45.84588131564837     48.86854168960322      h 
   59.64150555921470     48.78487336889722     45.27869840948948      h 
   72.85198509437085     48.65458118948649     43.57627343775128      n 
   72.54277621302170     50.46414371131519     41.56543405096433      c 
   75.09166251607259     51.42441030213581     40.64302723816969      c 
   75.38674650815496     51.75649492251425     38.35672455312989      o 
   70.81942153655659     52.62801146273746     42.34047701048227      c 
   67.97190319175847     51.99510800974328     42.25643589295580      c 
   66.76204818324960     53.17687851515010     39.92737370574088      c 
   67.24404045479960     49.20303045958551     42.32575250172315      c 
   72.21802108125357     49.19683961740911     45.30871111846341      h 
   71.70339674441037     49.55160487886423     39.90054936997860      h 
   71.37121908620942     53.21981085392823     44.22817211948979      h 
   71.17651363798211     54.18326602167296     41.03703086863559      h 
   67.11565348613053     52.88673372756040     43.90421264813988      h 
   64.72207682506992     53.06028268051428     40.10270239824743      h 
   67.31657084301015     55.13983679476326     39.76880112743318      h 
   67.30949458580288     52.23477310003835     38.18106535568063      h 
   65.19901253957889     49.07668423507088     42.46847245817026      h 
   67.76403366501425     48.27048607228512     40.57038374381393      h 
   68.05829780157221     48.19036536263860     43.91241297556891      h 
   52.78323078338627     79.96470774613407     49.60135528178214      n 
   52.15799697496450     77.69659410515865     48.19379818815344      c 
   50.14102086397288     78.34581523949083     46.25497797411023      c 
   50.38409483941166     77.70190081505015     44.03833290398760      o 
   51.42581674484652     75.38725331111168     49.81054663138776      c 
   53.69044865590030     74.59828550323573     51.40435663921009      c 
   49.11649311839289     75.84041654057471     51.47074082076014      c 
   52.06448012240737     80.21767330100315     51.35847526554713      h 
   53.81192260529109     77.17381919963833     47.06271213865086      h 
   51.02084958166948     73.87095150725109     48.46674915509408      h 
   53.20415016000499     73.07481619221507     52.68906130679160      h 
   55.18609007310707     73.90015720101050     50.19224953940765      h 
   54.37004665185349     76.18983038783639     52.49870634010237      h 
   48.75984537033961     74.19207545993190     52.64309482478518      h 
   49.46812451578135     77.43774333386889     52.70320071841333      h 
   47.43437312499029     76.19662330218044     50.34965412119183      h 
   54.09828163156520     80.49763534623540     41.79796458166022      n 
   55.48436365292795     78.37639461434908     40.75008561554592      c 
   53.91333412966385     76.62612423311614     39.06699130438825      c 
   54.95924764510856     75.04771681421080     37.76082745505731      o 
   56.83995311892276     76.82478874564640     42.82328799786295      c 
   55.60135279339101     74.26833138294718     43.35458176056167      c 
   59.54886840847999     76.37528275383565     41.96422445571452      c 
   54.51368778715095     80.96229967062455     43.62650643075630      h 
   56.94170113470106     79.14518287898464     39.49229338256145      h 
   56.83188675170963     77.98622728478544     44.52838602588479      h 
   56.44805717331845     73.38701566087705     45.00700775615339      h 
   53.57550027489844     74.42075150073531     43.64483560121234      h 
   55.91351804686392     73.02182722685401     41.75133013406510      h 
   60.58042542965659     75.19707296209215     43.28929904962281      h 
   59.47413713639169     75.39331638041287     40.16243021270416      h 
   60.52874723358295     78.16176776738290     41.72097261775762      h 
   51.40374768295978     77.02013888692044     39.13605639214353      n 
   49.55617809200645     75.58006180348718     37.77732820114002      c 
   47.99325673348095     77.11507481481725     35.96856934687632      c 
   46.81385988430418     75.90403875820364     34.11783682976098      o 
   47.63934385653685     74.54905611476957     39.68800880918428      c 
   48.65981751162172     72.33198274600841     41.09556753667004      c 
   48.87471289488139     72.42841111426443     43.69942467066707      c 
   49.11858700598738     70.08521672208666     39.81882748381894      c 
   49.53072279938863     70.30539018702353     45.04598841284299      c 
   49.63674929568970     67.91057357623419     41.16067408603310      c 
   49.83609163383174     68.02749435718383     43.78715501512669      c 
   50.09381910004977     65.97096226073660     45.26898072925508      o 
   50.74868730394802     77.79431878799932     40.75797404937619      h 
   50.52882986033830     74.06966703104364     36.72762150059132      h 
   47.15519639506051     76.08492436315197     40.97414540356477      h 
   45.91761432492395     73.99054721776972     38.71158532095654      h 
   48.41119494269275     74.14831074751775     44.67263289015859      h 
   48.86698711278712     69.98011030292572     37.79519346012714      h 
   49.65272579702310     70.30065606182701     47.07593331674910      h 
   49.73552162483324     66.11134836406235     40.20048774544848      h 
   50.70864524034914     64.48842283906909     44.38466672075062      h 
   67.12032329639410     74.36037415326577     47.38817554915342      n 
   66.93895881089071     72.08403315327647     48.90243557253387      c 
   68.91580763164313     72.14878030681062     50.98622428314475      c 
   68.37282902027953     71.66075168422771     53.20365318967033      o 
   67.23420975648122     69.68944174396309     47.32243345830847      c 
   65.33894260422302     69.57201400320945     45.13670970460825      c 
   65.40469184068870     66.94911189475528     43.97151675357328      c 
   62.64419598094597     70.21381312983858     45.90688039656126      c 
   67.12070251922769     74.19211987057041     45.47655942226240      h 
   65.10231829292893     72.00954797490732     49.84014025016873      h 
   69.15256313640538     69.59200796591297     46.57232172032487      h 
   66.94937647547439     68.07768058155031     48.58161007731134      h 
   65.89436766991840     70.93720253776588     43.69689788200650      h 
   64.22339425412952     66.95904804734050     42.29225200568899      h 
   67.32740390204977     66.41305610694609     43.47967422730901      h 
   64.65016181723304     65.57838150755005     45.30371689365488      h 
   61.37422752821994     69.78569306946410     44.35360936371303      h 
   62.06215138099472     69.12083721624774     47.53974395706270      h 
   62.46667316959161     72.20640637846003     46.36893140835266      h 
   67.26721331411710     77.67447306806041     55.74165011039968      n 
   65.04086235999635     77.06850791831077     57.19785230812829      c 
   65.71636029881557     74.99897651686696     59.11221658674449      c 
   64.90045345826084     75.08906189940967     61.27721367165324      o 
   62.81937226818855     76.43459104327347     55.43708233040853      c 
   62.98644124617147     73.75348715797047     54.41764819788364      c 
   61.40001031884855     72.96460625443353     52.18266695020115      c 
   61.41393171165368     70.74756354401927     51.53408985355872      o 
   60.19515063648049     74.72754073408220     50.81594564229763      n 
   67.21243599828912     77.44418636847699     53.83453801340595      h 
   64.53609220679665     78.72750353425997     58.34493123778600      h 
   61.07876863454035     76.71449573607907     56.49660118218232      h 
   62.90353501905959     77.78428919829247     53.87911420551216      h 
   64.91374936405998     73.44368042421173     53.75477274949419      h 
   62.64356658390801     72.36163120331362     55.90062016931718      h 
   59.87845031247186     76.47310321025510     51.49211582693481      h 
   59.12717016751627     74.11609993483093     49.35997552578129      h 
   52.25113452324086     61.54654845599374     66.18558998869301      n 
   53.05552077502348     59.33089454977714     64.81459954704025      c 
   51.82244164006594     59.19420386393777     62.22370736830226      c 
   52.97574562973474     58.15980466129630     60.48574357390188      o 
   52.41075885195824     56.85121276564303     66.16275297921909      c 
   54.38895860604442     56.10924900495536     68.10966813955687      c 
   53.77158574538899     53.05264548933943     69.56818110305800      s 
   51.14421780274535     53.90108964413928     71.60793843786863      c 
   51.67085433848764     61.27454411325234     67.99727880408165      h 
   55.10619675380609     59.47105000127934     64.48909025191296      h 
   50.54950703664024     57.06798449597022     67.01624171983505      h 
   52.29589051407840     55.36141199585938     64.73701949588688      h 
   56.21118539315163     55.85881710960142     67.18802038299984      h 
   54.53584698348528     57.51758815788872     69.60217709090524      h 
   50.86827632105734     52.35963792283894     72.92769366695765      h 
   51.65119190061191     55.62712155941848     72.58648246128338      h 
   49.45493153069351     54.16727575500882     70.47555377927615      h 
   49.49603299506861     60.09743248585550     61.97274199424216      n 
   48.23633059478028     59.92327119158522     59.56572398613652      c 
   48.82469860212814     62.17398717227569     57.87493024511295      c 
   48.83497414798209     61.86910112671887     55.56729577589937      o 
   45.37125866859812     59.65722241919466     59.76174678254316      c 
   44.41353802844816     57.30664159264894     61.18973507421692      c 
   41.87081261428354     56.52851683649445     60.06845158482434      c 
   46.21123541325264     55.05007180996402     61.11087510525302      c 
   48.46328047656470     60.68099167828943     63.48184366104469      h 
   49.01312487860874     58.28129216682516     58.55835621640280      h 
   44.62396472195347     61.36219132734465     60.65078271806313      h 
   44.68591881763778     59.58504180565129     57.81577904405795      h 
   44.14224634992819     57.82314372484563     63.17312608482080      h 
   41.15867163717504     54.85626666629629     61.01630187056791      h 
   40.50052665150427     58.04238952879420     60.27736647394864      h 
   42.07247289518828     56.07409037739075     58.07268795488303      h 
   45.37098378433722     53.49487575165267     62.15685181218861      h 
   46.53811363077091     54.40893643842519     59.18475559040463      h 
   48.01951311872320     55.48887940517324     61.97765450182043      h 
   49.26242515919903     64.41822241624669     58.91811680362078      n 
   50.30335974659985     66.36055859373097     57.28781533734085      c 
   52.76082072971163     65.22339016003825     56.28599925079925      c 
   53.18080236667766     65.30168246723225     53.99928317989325      o 
   50.56717507759120     69.05146967596454     58.39491154173934      c 
   52.93296828363336     69.37818156377317     60.02686684306881      c 
   48.15479400739934     69.81300943411665     59.78304405389604      c 
   55.27771453387850     69.74637810211270     58.38125266002550      c 
   49.27472638469008     64.64091398031729     60.81974225914394      h 
   49.06886554667901     66.52078543133165     55.62448448162720      h 
   50.78805592326474     70.30126464088801     56.75386273174324      h 
   52.69594419665728     71.03796337771581     61.22536669168286      h 
   53.16618877443827     67.74847281929689     61.25635335426167      h 
   48.32310117388642     71.72565583449297     60.51295331379131      h 
   46.53991425954321     69.74803439040446     58.51741857407101      h 
   47.80898397202481     68.54457806576950     61.35202787946709      h 
   56.96061332057239     69.02988227649844     59.29802191197710      h 
   55.08983311112046     68.76838586280144     56.59341722544919      h 
   55.55230236990909     71.73043509900634     57.93762510184206      h 
   54.23674077680511     64.06455116136321     57.95550472104565      n 
   56.67673899725019     62.96705442841592     57.39983210673112      c 
   56.40726025113022     60.86585254079135     55.45843142484996      c 
   57.87648547917573     60.72531602246098     53.66516222994919      o 
   57.94366661258271     62.03002061105197     59.84982453006390      c 
   59.89053536389678     59.97914779803652     59.29993995414694      c 
   59.19629908643467     64.24904080666657     61.20583355943904      c 
   53.76895487270183     64.04328891683669     59.81485287595314      h 
   57.91266447333735     64.39385011668870     56.52842310155202      h 
   56.46779436213869     61.22982943938295     61.04705245648689      h 
   60.76093605080461     59.37931734670534     61.05866989787128      h 
   59.04188673829258     58.33026031863123     58.41579895647821      h 
   61.32621717985388     60.69443590036353     58.01636743442075      h 
   60.11478998606252     63.62910702077409     62.93413278454180      h 
   60.61514379794023     65.08254931910717     59.97466017209432      h 
   57.82126788309082     65.68614851023644     61.70561955723495      h 
   54.49343422088848     59.26282139069997     55.80061041606361      n 
   54.20434469085085     57.19677086785627     54.02446752398242      c 
   53.28399824909332     58.31268887328983     51.55287618273695      c 
   54.28076758475979     57.77847767305798     49.52925388025933      o 
   52.43676475402590     55.10574983229628     54.90822757368675      c 
   53.60329975592678     53.47730221948692     56.97055185043288      c 
   56.06054731395677     51.35789362793103     55.77316706409493      s 
   58.87250827860593     53.28694819709374     56.19209703606690      c 
   53.63695015844029     59.10969886177649     57.52230281248291      h 
   56.08342446555621     56.42062337863876     53.64842860481193      h 
   50.66371165816914     55.92309239667630     55.57211527664662      h 
   52.00693488680901     53.90534079941380     53.28334352443641      h 
   54.41269911465962     54.61815171781947     58.47761715063115      h 
   52.16790588544943     52.22566464779685     57.74495319677947      h 
   60.46211171035581     52.01468503521864     56.42226822898626      h 
   59.18122723697538     54.46878177437179     54.54851732612244      h 
   58.63552364173775     54.42008528730052     57.88032099981017      h 
   51.41833531452203     59.96395483887574     51.72051778774470      n 
   50.72776101962507     61.30764850023980     49.45739767067845      c 
   53.08583834743768     62.51194388228247     48.30901200232981      c 
   53.29451969799307     62.56765806395385     45.99807582226795      o 
   48.62850008860925     63.19019707252727     50.02157275692459      c 
   46.24466772495099     61.74975483602604     50.75372652218654      c 
   45.74556674506384     59.66791827921706     49.90236365561136      o 
   44.69411984728898     62.96746167701917     52.34607366518357      n 
   50.59742650033753     60.46363248432104     53.38652531781128      h 
   50.04927413982226     59.93839169014935     48.04270747102777      h 
   49.23756612519594     64.47370566395843     51.50582100088730      h 
   48.23606088232136     64.28560173182801     48.32059932469510      h 
   43.08680188770773     62.10347270175594     52.88362300092034      h 
   45.15453253584631     64.63399869828119     53.12753835057084      h 
   54.85920318665999     63.42019863873214     49.82419906573462      n 
   57.08881086613586     64.69475789643721     48.88092508718156      c 
   58.88310960433184     62.83406774697765     47.59642090213779      c 
   60.07431958981005     63.42016101258773     45.69606660138798      o 
   58.42551413433753     66.12064185581218     50.98805072009331      c 
   56.87755624362998     69.10649870706841     51.62788518350165      s 
   54.49077238749829     63.64899922740445     51.69763372277184      h 
   56.54892082248584     66.05262112472482     47.40742274847562      h 
   58.54423220132325     65.00474486526500     52.71255831212400      h 
   60.34482815852670     66.60181407492831     50.42608448915587      h 
   54.58021396913390     68.16624439039576     52.10605534145591      h 
   59.02411444758606     60.53447117606679     48.60134939623067      n 
   60.58655116718357     58.69396115982006     47.33929774363320      c 
   59.21534764796961     57.63625288169035     45.02403773283833      c 
   60.41835255808233     56.74760072645601     43.24335925111370      o 
   61.51301512729402     56.50813525660570     49.00688313212854      c 
   62.65399760394088     57.50188311852252     51.45678048977388      c 
   59.41356512655136     54.59334105191898     49.47165931128635      c 
   58.18439224637129     60.15588808030036     50.27918010138985      h 
   62.24452165801683     59.72193292338375     46.61786423248800      h 
   63.00074967866156     55.60022015004954     47.90505893526113      h 
   63.39179272310378     55.96407772397476     52.60242856410724      h 
   64.20626096858358     58.77406726358575     51.02310909032637      h 
   61.23107440009800     58.51532274157057     52.53147127467269      h 
   60.02449550307585     53.12875426752087     50.77359052201147      h 
   57.74377220668931     55.52775595799412     50.20363010194353      h 
   58.90130866432167     53.66941806664179     47.71145475053105      h 
   56.70715631412431     57.78080440153457     45.09816098068916      n 
   55.11857821668301     56.94510158977731     43.04607347394331      c 
   55.11653137381603     58.95547350371783     40.97546660678503      c 
   55.36585012931207     58.25975810279527     38.78380067900122      o 
   52.40887179675862     56.22912532276992     43.83264105566441      c 
   52.42265603495510     53.89334392127886     45.54500851038082      c 
   50.82879126363065     55.72721926278541     41.46862125632534      c 
   49.88488282073950     53.45771707933935     46.84160588325356      c 
   55.85632549327611     58.24345022157604     46.75159837064805      h 
   56.00799714031552     55.27589563636956     42.18486614901026      h 
   51.60117756382805     57.82375695112069     44.86669483114222      h 
   52.91541330706464     52.24359141490699     44.40852722186135      h 
   53.87018623022463     54.14410271182099     46.98684764836646      h 
   48.99202152601947     54.96765194936759     41.97176919110243      h 
   50.54039597147467     57.44679327641555     40.38928265606123      h 
   51.78259385541246     54.36563901064079     40.25918010554724      h 
   50.01428990901839     51.88162861004270     48.15238885869737      h 
   49.32364368151421     55.13285278490614     47.89241769138002      h 
   48.41334754161583     53.02470685078191     45.47782303872997      h 
   54.87677165587199     61.38250958157197     41.58647160764240      n 
   55.06061305374309     63.32743794697452     39.66183233516119      c 
   57.55673064825197     63.09297803537514     38.29831980969855      c 
   57.74901419743547     63.54449964497719     36.03690101158164      o 
   54.94715401810728     66.06059459886845     40.65602073925097      c 
   57.00405445143279     66.76789405349732     42.52684888689284      c 
   54.99135668962798     67.91775986897093     38.44458600375231      c 
   54.58140865217830     61.89167110714470     43.41418735340215      h 
   53.55024127907537     63.04384762357324     38.25864583882535      h 
   53.19555022904802     66.25167605747080     41.68877314796180      h 
   56.40524894304793     68.47743760852461     43.49514115175698      h 
   57.26775700849277     65.29122071326346     43.90614596987785      h 
   58.82323425953716     67.10204749765703     41.63890485940383      h 
   54.58444525696361     69.82601171203011     39.08761939959400      h 
   56.85939398529710     67.91934433048011     37.59074391367460      h 
   53.64320432193175     67.43205946510250     36.97431684025879      h 
   59.50506511749957     62.54118431865346     39.78011084735576      n 
   62.00487087105746     62.03626252496186     38.80018856724872      c 
   61.78186603010870     59.75024854129219     37.05367207143406      c 
   62.37900759416609     59.84385394886394     34.82822087196264      o 
   63.73198102730265     61.65176683385828     41.08159535370058      c 
   66.00268736887901     59.95158070624577     40.62625906355084      c 
   67.64130348533874     61.16411979116413     38.61332252674652      c 
   67.54899078486480     59.68596545645216     43.04513915204898      c 
   59.33754194407372     62.53819504658988     41.68533607944529      h 
   62.61355457413268     63.60145701158815     37.58161831746134      h 
   64.42927053214645     63.48604795961943     41.65003027794505      h 
   62.60648385420038     60.91116982332159     42.63362868313730      h 
   65.34401542481248     58.10355572119634     40.00047235079602      h 
   69.39253658764551     60.14627293243856     38.38752878704576      h 
   66.64373295122320     61.25278327530553     36.82101373762735      h 
   68.12062666203759     63.03863827198471     39.24632892048309      h 
   69.26455609260309     58.62791163040529     42.65765227099894      h 
   68.08702982078255     61.55010287819246     43.71672499683755      h 
   66.50811512497722     58.72024880245232     44.52800439043809      h 
   60.73116993462644     57.69940019644835     38.09775242552940      n 
   60.49448001034663     55.39214068401201     36.65081384770767      c 
   58.94784383403021     55.82656498826122     34.23473614550255      c 
   59.32323911934538     54.55801344562690     32.32110276696319      o 
   59.33020206291556     53.30404825388756     38.27784383610891      c 
   60.19391325299958     50.71846126003223     37.33915881627264      c 
   62.36206290345886     50.33745344140449     36.67215790602945      o 
   58.44522532071768     48.88093047743586     37.42638695963617      n 
   60.59946681684698     57.53889359531436     40.01212079880379      h 
   62.37893168935491     54.72784323271942     36.06564494362437      h 
   60.09319414160012     53.54605332738599     40.18483424325528      h 
   57.28028586148996     53.46006195409834     38.33484530306536      h 
   58.92387312636980     47.15555158417050     36.77791078834340      h 
   56.61568448122658     49.25166043189385     37.77738891482223      h 
   57.20200261288628     57.61808187241455     34.39922921253268      n 
   55.47215267073268     58.31742195838121     32.40381292933865      c 
   56.90215488322382     59.88301553471894     30.44745771483076      c 
   56.74855695197485     59.31181505437328     28.19877551711122      o 
   53.20788685118480     59.82252693435844     33.44548920677355      c 
   51.70157524796134     61.07560492338617     31.32752261652362      c 
   51.45660918252610     58.14001244271154     34.99857161643719      c 
   56.89838367279804     58.40298241160249     36.12694915102739      h 
   54.82791694299185     56.60092690566484     31.43023629662394      h 
   53.99386474638007     61.29413288772084     34.66209471831802      h 
   50.20023625183743     62.22458405147645     32.13334594782096      h 
   52.87747238439535     62.27324173529302     30.14352630137584      h 
   50.84199185089700     59.64758268656518     30.12739211564005      h 
   50.14450645536053     59.31610092410245     36.05560880356045      h 
   50.38614247123922     56.88543170297983     33.77861337805786      h 
   52.54281468330669     57.00903865332384     36.31253765004944      h 
   58.26906928559251     61.78849933139606     31.35215635513136      n 
   59.81665885189398     63.49668029933865     29.87603702604303      c 
   62.19467979217399     62.20883619658940     28.76172850738144      c 
   63.62742141867547     63.32536360727217     27.34511316264800      o 
   60.73049234976575     65.72500294778352     31.50147142925227      c 
   63.02335225213571     65.11472608290084     32.71290883795725      o 
   58.24513546311496     62.13266976022364     33.25240962527377      h 
   58.69571586730692     64.25865369970735     28.30728427975156      h 
   61.00075715403947     67.35557571030169     30.25600115658787      h 
   59.26581012060118     66.13845634844552     32.90619553606669      h 
   63.72558250707900     66.66511630242766     33.37704748801943      h 
   38.90436456736634     67.31515825132017     42.43059135534282      n 
   39.90328136057850     68.53127403887311     44.65913879103574      c 
   38.07049736698814     70.38413461247372     45.81079765823649      c 
   37.97934791245565     70.63028113320668     48.11488489244606      o 
   42.38237264730537     69.89307439174540     44.08104764894848      c 
   42.08950481829095     71.82844557360609     41.95053067114033      c 
   44.28583533899397     67.84444596031962     43.43758248285273      c 
   42.07248924264055     74.57458091528726     42.79019179527858      c 
   39.66357912564119     67.70478162308034     40.71231827081913      h 
   40.25358324033047     67.09994739002958     46.12639457542072      h 
   42.99447772132159     70.86670399215568     45.79794523596875      h 
   43.62296696781718     71.55617900379922     40.61181596881166      h 
   40.36853879775560     71.46590089320921     40.91018947923045      h 
   45.80989040345385     68.67989089383774     42.39304790988184      h 
   45.01398548550632     66.99710780958351     45.15757285469901      h 
   43.45566213181572     66.39234720346828     42.25302239177852      h 
   41.83910268158538     75.79020552678323     41.14794006926904      h 
   40.53533787978721     74.96415523561993     44.09270160437355      h 
   43.84958080530521     75.02665343027023     43.70480274738185      h 
   32.86222266920540     66.12970319208351     48.61909590087072      n 
   33.93662560103206     64.83483318217417     50.75822872982108      c 
   34.51205497851515     66.73801874876484     52.82823209239944      c 
   33.65655718312613     66.33252753944869     54.96032000808198      o 
   36.33080065836540     63.33342266559225     50.16278355441805      c 
   35.96614498438576     61.16767765663249     48.27246046287023      c 
   38.50662459891040     59.88070040953763     47.79819955642085      c 
   34.04437045461856     59.22368776863163     49.17987299926683      c 
   33.89051980634996     66.13792821823070     47.00285714677158      h 
   32.49313819210599     63.56270375091326     51.53824461636919      h 
   37.75852941753393     64.63330216835092     49.43683075931872      h 
   36.99402940103663     62.54999434915250     51.95381964958207      h 
   35.29950983419054     61.98096703607408     46.49994640963975      h 
   38.31502085785016     58.42772632047719     46.35960227939501      h 
   39.91285237237896     61.23927632623519     47.16794481248117      h 
   39.18909969449557     58.98082231103431     49.51439326946891      h 
   33.88189741788980     57.72037098854173     47.79084440155270      h 
   34.63107366858508     58.38883203409005     50.96344883943048      h 
   32.18864684793901     60.06411525884540     49.43438659476789      h 
   66.83935522380536     48.80796204149060     60.89631913510418      h 
   71.96726221720110     52.02364344983381     58.72681023689491      h 
   70.86228812345414     46.20516005581948     53.33803979237506      h 
   72.23094743111221     51.90787430094785     50.87930953098778      h 
   72.00735092698429     47.22922433552795     43.19219931162575      h 
   76.47605329866215     51.76958992474469     41.88213068528304      h 
   54.46715984469930     80.04797275340215     49.82498852369431      h 
   48.59980709696407     79.30509146084623     46.77987169554490      h 
   54.41092064443586     81.89165284880156     40.87517857078742      h 
   47.86805715366530     78.98846334345509     36.18258955477414      h 
   65.80209451290482     75.37816922537451     47.73303499606162      h 
   70.70599255115384     72.59450379160283     50.57679456747631      h 
   67.66420102292379     79.31286766252957     55.96665207533673      h 
   66.83050263195361     73.56228832357611     58.59677691025499      h 
   53.53606560606932     62.65730088420655     66.27358503500321      h 
   62.58964111893243     60.41343568032383     29.19945753300133      h 
   39.06711222077079     65.62905937964908     42.58272868943764      h 
   36.93564383095374     71.40626754690858     44.69795630390468      h 
   31.37444675003609     65.41391678433045     48.21076441134300      h 
   35.55644910157326     68.26528737383765     52.44384215206073      h 
  -0.9444528517912D-01  -0.6730243042314D-01  -0.2309748302795D-01
  -0.5810108320036D-02   0.2548948995876D-02  -0.4275518909833D-02
   0.6874454029672D-01  -0.2005676306802D-01   0.5593584457594D-01
   0.3847007430909D-03  -0.6491181841165D-04  -0.1853088636976D-01
  -0.5717967860960D-03  -0.8527438632954D-02   0.4459841836317D-02
  -0.1033682993869D-02  -0.1439015857008D-02   0.1111748390262D-02
  -0.7051980128630D-03   0.4328307938376D-03  -0.9891760547673D-03
   0.7392301261781D-04  -0.2053887381904D-03   0.7523060622394D-04
  -0.7404071080692D-02  -0.1300597732648D-01   0.3522655778830D-02
  -0.7393540941999D-04  -0.3304125068568D-02  -0.7580920588092D-03
  -0.1365979448043D-03  -0.6565440080507D-03  -0.3423219579076D-03
  -0.1545001504842D-02  -0.2672499273095D-02  -0.1133360710087D-02
   0.2249914741271D-03   0.1428270341769D-02  -0.2538433894555D-02
   0.2866516945113D-03   0.5481187826040D-03  -0.1074650102329D-02
   0.6710515813834D-03  -0.1062066139767D-02  -0.3331757211323D-03
   0.1148227178985D-03   0.5712362516018D-04   0.2533154413602D-03
  -0.1803302793948D-03   0.3997045150944D-03  -0.5542222152192D-03
  -0.1159715637545D-02   0.3500521731851D-03   0.6783811227154D-03
   0.6495991326638D-03   0.8794942415910D-04  -0.6495279845301D-03
   0.1723475630940D-02  -0.1163202024382D+00  -0.2157229899250D-01
  -0.8132532471064D-02  -0.2759161192132D-02  -0.2461965364853D-02
   0.5563952415727D-01   0.4751521730770D-01   0.5407703369092D-01
   0.1935043902678D-02  -0.3492742127393D-02  -0.2455441574482D-01
   0.6036782238491D-02  -0.4384815192977D-02   0.6555696736059D-02
  -0.5291997285988D-03  -0.4949276691746D-03  -0.2182028708280D-02
   0.1003778375234D-02   0.6856443884764D-03   0.1541106411639D-03
   0.9761417192792D-03   0.3730743801227D-04   0.3887619863666D-03
  -0.1106207348198D-03   0.2896182458127D-03   0.5825806151090D-04
   0.1424801886872D-03   0.3302543633921D-03   0.2041194102651D-04
   0.1179618490202D-03   0.1050301027945D-02   0.3995924309153D-03
   0.3070590305195D-02  -0.1123040584246D-01   0.6358576432531D-02
   0.2083458972798D-02  -0.2618558572878D-02  -0.4629327708219D-05
  -0.1308762734306D-02  -0.2588736077507D-04   0.1579161567299D-03
   0.7770602841694D-03   0.2782100320319D-03  -0.1299093106461D-02
   0.1204530714287D-03   0.8860344595823D-03  -0.1479475098381D-02
   0.1404092999400D-02  -0.1802266796937D-03   0.4755115492045D-03
   0.4803774988748D-03  -0.2700493776778D-03   0.4558553982725D-03
   0.5978950238486D-03  -0.2672264634905D-04  -0.3258750850284D-03
   0.1234346532994D-03   0.9067981842415D-03   0.1317813210869D-02
  -0.7358438179695D-01  -0.8975964894852D-01  -0.3457408443920D-01
  -0.2414556582319D-02   0.4156997501250D-02   0.5448138486311D-03
   0.6378832137024D-01   0.1038614042793D-01   0.7748383381988D-01
  -0.4544584189569D-02   0.1313688180622D-03  -0.2504802758553D-01
   0.1252481565749D-02  -0.7926761446955D-02   0.5174202978392D-02
  -0.1392377131968D-02   0.1333874614086D-03   0.1115182169183D-02
  -0.5824849750655D-03   0.6320915122360D-03   0.5599356139676D-03
   0.2624348652047D-03   0.8218195000180D-03   0.1585151209555D-02
  -0.4194491925023D-02  -0.9859121928431D-02   0.7739205296767D-02
  -0.8096205198782D-03   0.1735077429044D-04   0.2523763088361D-03
   0.1269282046677D-03  -0.6410198313035D-03   0.8541209205287D-04
   0.9069033553176D-03  -0.3631866643308D-02  -0.4463894904954D-03
  -0.9179567671654D-03  -0.1405675803829D-02  -0.6520763096213D-03
   0.8955804267671D-03  -0.7435818824627D-03   0.3046654211064D-02
   0.5401306211992D-03  -0.4397838202093D-03   0.1165485768610D-02
   0.1850990895524D-03   0.1671973107632D-02  -0.1870340043104D-02
   0.2757974010713D-03   0.6886109667101D-03  -0.4416823253080D-03
  -0.1668906035663D-02   0.6845296027334D-03   0.4935953142762D-04
   0.5146976408754D-03  -0.2405443860203D-02  -0.1126998510868D-02
   0.1181826858521D+00  -0.3298086440293D-02   0.1249576720806D-01
   0.5998037028737D-02  -0.6647131109031D-02   0.3017611669725D-03
  -0.6493993426090D-01   0.4552895106820D-01   0.3923267228668D-01
   0.6499954266960D-02  -0.8403897271868D-02  -0.2793180766126D-01
   0.3676233103962D-02   0.8485221267901D-02   0.3138574582937D-02
   0.6137733054458D-03  -0.2063170279915D-04   0.7143769070951D-03
  -0.5154330080582D-03  -0.2191208317850D-03   0.7886355611085D-03
   0.1396048642765D-01   0.7893253320970D-02   0.4240566649773D-02
   0.1064860993400D-02   0.4283074533940D-03  -0.3032056274292D-02
   0.7739730913246D-03   0.8628425325104D-03  -0.1606076805686D-02
   0.6689805662186D-03  -0.6064355605218D-03  -0.3016248127051D-04
  -0.9908678326498D-03  -0.4139943545399D-03  -0.4083440262379D-03
  -0.1708158286611D-02  -0.3694868880186D-03  -0.2500661919035D-02
  -0.5384822773041D-03  -0.1958603390546D-04   0.5079274228807D-03
   0.2821304228006D-02  -0.1883894116798D-02  -0.2278854018192D-02
  -0.1842381665038D-03  -0.1313738648213D-02   0.9428107778153D-04
   0.3201171612188D-01   0.9759754871373D-01  -0.7549547052109D-01
  -0.3304108626059D-02  -0.2159523183826D-02  -0.8961620137640D-02
   0.7897717119680D-02  -0.5812757697236D-02  -0.5291600861536D-02
  -0.2999791589942D-02   0.5763358875895D-02   0.1238512890551D-01
  -0.1764880963468D-02   0.5885729618826D-02   0.3802910454034D-02
   0.4097630380600D-03   0.5335848907167D-03  -0.9172320209326D-03
  -0.1638453558598D-02   0.1484041836368D-02  -0.6541041686670D-03
  -0.4296269934732D-03   0.1079369762031D-01   0.4970037083930D-02
  -0.2873879229204D-02   0.3480197449091D-02   0.4112214781412D-02
  -0.1193199312225D-02   0.5445608495934D-03  -0.2260701291657D-02
  -0.6656158219897D-03  -0.1829457393433D-03  -0.6951178534639D-03
  -0.1969900757403D-03  -0.1579989646766D-02  -0.1853907936229D-03
   0.2539227524405D-03   0.2588216584598D-03  -0.5324588821598D-03
  -0.3878903255871D-03  -0.1973803783584D-03  -0.1432473654303D-02
  -0.2630172337802D-02   0.1415233485409D-03   0.1324559096490D-02
  -0.2568008190859D-02   0.3063105596252D-03   0.2157520400945D-04
  -0.6340561117481D-02  -0.4970259523244D-02   0.1403850952481D-02
  -0.2047561741712D-02  -0.2263939145602D-02   0.7508759934728D-02
   0.3577195798299D-01   0.1328116186521D+00   0.9335881654165D-01
  -0.5115659844245D-01  -0.6321971033171D-01  -0.8497209004998D-01
   0.4053330867771D-02   0.2078727143260D-03   0.2176212830544D-03
   0.2874173292727D-02  -0.1071699753504D-03   0.1075581550232D-02
   0.9724177975066D-03   0.2666303053098D-03  -0.1283562836635D-03
   0.1490078934081D-02   0.9763476819541D-03  -0.2667376545288D-03
  -0.1657248108759D-03   0.7415893113278D-03  -0.3945473841874D-03
  -0.6404175768593D-03   0.8427772448599D-03  -0.1030403224030D-02
  -0.6899418318677D-03  -0.1252406908183D-02   0.1362631179350D-03
  -0.2818119808070D-03   0.2956625583055D-02  -0.1525568882910D-02
  -0.3868028752659D-02  -0.9016031736185D-02   0.9229920982238D-03
   0.3688546241697D-02  -0.4941736125819D-03  -0.1878482470800D-02
  -0.6747364304969D-03   0.1008986819505D-02  -0.2216989685646D-03
  -0.1900521848911D-04   0.2839434218213D-03   0.4226592594236D-02
  -0.7052213085957D-03   0.9076512449094D-03  -0.1062947470060D-03
  -0.1147700445763D-02  -0.9432365073356D-03  -0.8167562369588D-03
  -0.2003618345884D-03   0.1537336677789D-03  -0.4662436740052D-03
   0.1429762211130D-02  -0.7328670312436D-03   0.4223387427801D-03
   0.1605831128888D-02  -0.1078239928967D-02   0.1181467563299D-02
  -0.1009402903550D+00   0.6114409969189D-01   0.3045065941179D-01
  -0.1915565669734D-02  -0.1916294050475D-02   0.1359512665823D-02
   0.7692596152385D-01   0.2673701736140D-01  -0.4571923081703D-01
  -0.6719278746225D-02  -0.4663941352670D-02   0.2937898265528D-01
  -0.1532813025930D-02   0.4670838708857D-02  -0.3889778342176D-02
  -0.2896211278319D-03  -0.1282220358052D-02  -0.1378528986836D-02
  -0.6623463893609D-03  -0.2283903284489D-02  -0.1323027419319D-02
   0.1073534337009D-02  -0.4641959160463D-03  -0.5652589870282D-03
  -0.7282380750998D-02   0.1209356400484D-01  -0.4139428418412D-02
  -0.7207902338575D-03   0.3514335981325D-02   0.6055867264659D-04
  -0.2295062282304D-03   0.1666289540840D-03   0.6032834564780D-03
   0.3559018299949D-03   0.1007250349558D-02   0.1488805972631D-02
  -0.3140731469685D-02  -0.7596605669503D-03   0.3612249189644D-02
  -0.1122023080698D-02  -0.5078003054728D-03   0.6199436801673D-03
   0.4172076225728D-03  -0.1322779574310D-03   0.1274130404405D-02
   0.6892615392414D-03   0.2168658834331D-03   0.4655626913110D-03
   0.1024612701995D-02  -0.3765129237484D-03   0.1210457059898D-03
  -0.2324702347171D-03   0.5154976520582D-03   0.3150277463545D-03
   0.9498039096082D-03  -0.1640172668131D-03   0.5203619326869D-03
   0.1320865968377D-01   0.1138122395695D+00   0.2380692374518D-01
  -0.2275216333257D-02   0.2883908397665D-02   0.1987319424989D-02
   0.6128949560799D-01  -0.5864013186778D-01  -0.3720064218260D-01
  -0.6541501904883D-02   0.3271811196666D-03   0.1645095057093D-01
   0.9210238616527D-02   0.3082265539248D-02  -0.4272418648043D-02
  -0.1319538088008D-02  -0.8891919707034D-03   0.3121718515296D-03
  -0.4580099279361D-03  -0.7427300646426D-04  -0.1814780444355D-02
  -0.9879333746475D-03   0.1651682748371D-02  -0.1159890517727D-02
   0.5460770539207D-03  -0.3222983917239D-02  -0.1146873643537D-02
   0.7875050351137D-02   0.1182440506009D-01  -0.4644749660048D-02
   0.2409947881444D-02   0.2119975714200D-02   0.1583295977868D-03
   0.3536217638993D-02   0.1014335985468D-02   0.1221996141272D-02
   0.9624304973662D-03  -0.1249389811839D-02  -0.1167723553239D-02
  -0.3071033407094D-02   0.2152509388758D-02  -0.4168181157570D-02
  -0.3524314021844D-03  -0.1211723913599D-02  -0.4792101074350D-03
  -0.3932570714223D-03  -0.9867238605951D-04  -0.1434654827960D-03
  -0.9215292725014D-04  -0.5069643924131D-04  -0.5967334085852D-03
   0.1042452789422D+00   0.7165889131111D-01  -0.7710210812452D-03
  -0.2209454967254D-02  -0.3046343494121D-03  -0.5764154303831D-02
  -0.6811991783042D-02   0.8360322587519D-02  -0.3817266646209D-02
   0.1918866152386D-02  -0.5337650828651D-02  -0.4000348614800D-03
   0.1756168211172D-03   0.4788414864135D-02   0.4076799051834D-02
   0.1176751811459D-02  -0.1913389823683D-02   0.2042009669985D-02
  -0.1856859352004D-03   0.2797171096101D-02  -0.4331354152748D-03
   0.3521700397381D-04  -0.1532507957134D-02   0.2577060612572D-02
   0.2350704214935D-02   0.8835541883731D-02   0.4756309498890D-02
   0.5365398787241D-03   0.7612666342534D-02   0.1573853187485D-02
   0.3899634597974D-03   0.1240989506559D-02  -0.1815025662001D-02
  -0.2004484343036D-03   0.2319612805327D-02  -0.1794946674397D-02
  -0.1056232039393D-02  -0.1257407458047D-02  -0.1013279486171D-02
  -0.1566786300367D-02   0.9580341930667D-04  -0.1249024704376D-02
  -0.5990215746883D-03  -0.3390305392946D-03  -0.1597145941904D-03
   0.1104280148002D-02  -0.1262031347550D-03  -0.3034035239244D-02
   0.8722949202242D-03   0.4254473082630D-03  -0.4812186087568D-03
   0.7589875260586D-02  -0.5147362942101D-02  -0.3359954880125D-02
   0.4355467899626D-03   0.9010636842094D-03   0.1970963582594D-02
   0.5311202208877D-02   0.1010151119911D-01   0.1045322236100D-01
  -0.6362100434318D-04  -0.4204325388222D-02  -0.9793112234418D-02
   0.9244163190924D-04  -0.9219674987932D-03   0.8210285345751D-03
  -0.1248768634734D-02   0.2009383619987D-03   0.2454038487590D-03
   0.1178868346726D-03  -0.7317513552292D-03  -0.1345426671137D-02
  -0.8164907286866D-03  -0.1318039856019D-03   0.3648600893919D-03
  -0.6696097892188D-02  -0.6590754920056D-05   0.3842777432082D-03
   0.1199680704276D-02  -0.1935533260828D-03  -0.1469451813542D-02
   0.2250938009642D-02   0.8955793422873D-03   0.8623112847728D-03
   0.5876208683556D-03  -0.4032731983101D-03  -0.8066876012416D-03
   0.9498344601776D-03   0.1128776074161D-02  -0.3134406291811D-03
   0.1669434475031D-02   0.3503572246533D-03  -0.1470187894445D-02
   0.1096089114464D-02   0.1332988518302D-03   0.8458482552171D-03
  -0.3815381098315D-04  -0.6968571665598D-03  -0.3481920029138D-03
  -0.4780457526515D-03   0.5685285581757D-03   0.1806624448987D-03
   0.7032645045705D-03  -0.7150656136202D-03   0.2581779814842D-03
  -0.2825024597431D-03   0.1050700633907D-02  -0.1784012982960D-04
   0.1285684811416D-02  -0.6466355980972D-02  -0.1136492832777D-01
   0.1202519304879D-03  -0.1507746097881D-02   0.1687116905945D-02
   0.3705176187178D-02  -0.6701116011359D-02   0.1424149199041D-01
  -0.1231706053889D-02   0.1100738486764D-02  -0.1217785809533D-01
   0.2610401437187D-03  -0.6860531032528D-03   0.1338150027139D-02
   0.3404850068100D-03  -0.8672515117369D-03   0.6368717467126D-03
   0.9248530019462D-04   0.2047760164379D-02   0.5611873974241D-03
   0.4449071617903D-03  -0.1450974034060D-02  -0.2244560223606D-03
   0.8690006049654D-03  -0.5354271541499D-03   0.1816630236434D-02
   0.5156729513971D-03   0.1769675717909D-02  -0.2046512066590D-02
   0.1644043922010D-03   0.1074726505304D-02  -0.1772582960869D-02
   0.2240620210331D-03   0.1439383562138D-02  -0.3953118128686D-03
   0.8775111835324D-04   0.4659343892507D-03  -0.2953732423063D-02
  -0.5337835987459D-03   0.9667924555983D-03   0.9218525809475D-03
   0.3452115492619D-03   0.2939686793085D-03  -0.5632096938291D-04
   0.1578058913571D-02  -0.8099227467733D-03  -0.2961049183668D-02
  -0.2424643464111D-02  -0.2877195229835D-02  -0.1835562441407D-02
  -0.1281219989140D-02  -0.6392572594935D-03   0.1249054715579D-02
  -0.6769890819129D-03  -0.1508252078732D-03  -0.7325313060600D-03
  -0.2673298563822D-02   0.3172121774043D-02  -0.1091385775373D-01
  -0.2377153566495D-02  -0.1292167925056D-03   0.6489076034929D-03
  -0.1625687154098D-02   0.1978954794613D-02   0.1761250650106D-02
   0.2984718361058D-02  -0.3180890078224D-03  -0.1321002127271D-02
   0.6561896451807D-04  -0.1256258621532D-02   0.1150412216941D-02
  -0.8525302158609D-04  -0.3238837094252D-03   0.1639331659530D-03
   0.7889146228647D-03   0.7987185987460D-03  -0.3797127573844D-03
   0.1300160422587D-02  -0.2540233333172D-02   0.3796724679394D-02
   0.1411978325378D-02  -0.3140653239891D-03  -0.4270204256470D-03
   0.3355484016182D-03   0.2074644689973D-02  -0.2624133411935D-03
  -0.1417804794765D-02  -0.1236531851270D-02   0.6376356927562D-03
   0.1868889489229D-02  -0.1526530712704D-02  -0.5723468202440D-03
  -0.1835462235032D-02   0.2700781518606D-04  -0.1013663534951D-02
  -0.4643947136802D-03   0.1061530301916D-02   0.6132174595162D-03
  -0.7066095309020D-03  -0.8497123601693D-03  -0.1621185826042D-02
   0.3314478735540D-03  -0.1166708747417D-02   0.2249907706725D-03
  -0.4564128420890D-03   0.9533984884880D-03  -0.1013645356401D-02
  -0.5329245748345D-04   0.3719116024354D-03  -0.5715877111743D-03
  -0.7314862140500D-03   0.4014285819886D-03  -0.4585112921426D-03
  -0.1171472551148D-02   0.2291527360562D-02  -0.1026263547449D-02
   0.4562059018274D-04  -0.8816696576212D-06  -0.5043698480131D-03
   0.2340876811245D-03   0.8517816820857D-03  -0.5703645723639D-04
  -0.3761700297298D-04   0.1223633942712D-02  -0.8881154981153D-03
   0.3060246837842D-03   0.4645809903681D-03  -0.1467123185726D-03
   0.5097975442812D-03   0.1340615432212D-02  -0.7984251519798D-03
   0.9098710828172D-03   0.2000235492728D-02   0.1118663615523D-02
  -0.1790012644047D-03  -0.8770448040611D-03   0.1284321260075D-03
   0.1375598347333D-03  -0.9320890252544D-03  -0.1198184909478D-03
   0.8133291756635D-03   0.7747024411611D-03  -0.2753626637762D-03
  -0.5285234200806D-04   0.6181153866627D-03  -0.8071059131780D-03
   0.8590407789899D-03   0.8524317418915D-03   0.7836231209328D-03
  -0.1592372413598D-02  -0.2071843768843D-03  -0.8824268588016D-03
   0.5657761059300D-03   0.1354674566578D-02  -0.5674965823956D-03
  -0.1436957939419D-02  -0.1045143198788D-02   0.1135576361825D-03
  -0.4452127024610D-03  -0.1102289918702D-02  -0.2479750804921D-03
   0.1205143991714D-03  -0.2694071663929D-03   0.5120464433492D-03
  -0.5709677735147D-03   0.1253111580272D-02   0.6752573721694D-03
   0.9604877059514D-04  -0.3049653714203D-03  -0.4397982278967D-03
   0.4000966003265D-03   0.8824671064602D-04   0.1694221001858D-03
  -0.9248550782496D-04   0.3075863197681D-03  -0.4862715647225D-04
  -0.5014260711176D-04  -0.8248531954504D-03   0.1068204445763D-02
   0.1067145230873D-02   0.5488917895987D-03   0.1566642759964D-02
   0.8927279683514D-03  -0.1372275070578D-02  -0.1286351258844D-02
   0.3046306992558D-03   0.6454625464017D-03  -0.1169152929635D-02
  -0.8395695040440D-04  -0.1490953640390D-03  -0.2409484110123D-03
   0.6183092717670D-03  -0.5080503043232D-03  -0.8376895416182D-04
   0.5431258481394D-03  -0.9479485888478D-04   0.7339383792352D-03
   0.2527699006029D-03   0.3307451400603D-04  -0.2666813870111D-03
   0.1653123738475D-03   0.6559562444269D-03   0.4519778251426D-04
  -0.1798582639985D-03   0.8200013363678D-03  -0.2177737066631D-03
  -0.6403486623776D-03   0.7224421543815D-03  -0.4611807222638D-03
   0.3520410477875D-03   0.7827810329560D-04   0.5575441753291D-03
   0.1179766568555D-03   0.3207894474547D-03   0.9450867458223D-03
   0.1030997538968D-02   0.9161981177978D-03   0.1634935501024D-03
   0.1575391000411D-02  -0.2433611446029D-03  -0.1772258812963D-02
   0.1948613092508D-02   0.1089990968991D-02   0.1485362917021D-02
   0.1041788241110D-02  -0.2199204319116D-02   0.6599641771368D-03
  -0.8981974989562D-03   0.2367717641793D-02   0.1513389211917D-02
  -0.9202609569598D-03   0.6220582414055D-03  -0.8663682600266D-03
  -0.1234852316606D-03   0.6953245353502D-03  -0.2427601016191D-04
   0.1734745735610D-03   0.5649503125496D-03  -0.3006943996476D-03
   0.7325611231811D-05  -0.3896816727976D-04   0.4719865120123D-04
   0.9820497742980D-04  -0.4429229358957D-04  -0.1968128956888D-03
  -0.2264723940388D-03  -0.5952738383371D-03  -0.1306945411563D-04
   0.2989303123383D-03  -0.1439806120423D-03   0.1568914582686D-03
  -0.5834312142027D-03   0.8990441788073D-03  -0.8444310619773D-04
  -0.2293776188935D-03   0.1317628313720D-02   0.1526005876887D-03
   0.3499887221691D-03   0.9275590044619D-03  -0.7689515478261D-03
   0.6678034711431D-03   0.9193821459070D-03   0.1761390938601D-02
   0.1063013262713D-04  -0.1549373177358D-02  -0.1278171738143D-02
  -0.1568013021031D-02  -0.8455354141000D-03  -0.1535246637815D-02
  -0.9423249678308D-03  -0.2947546050838D-03   0.7661205283687D-03
   0.6168310228134D-03   0.4064922083227D-03   0.1643920619918D-03
   0.6545655452387D-03   0.3859999582144D-04   0.8224817635828D-04
   0.2160331640818D-04   0.3378311456055D-03  -0.2452298989495D-03
   0.5441955435646D-04  -0.5819602048133D-03  -0.4439200772207D-04
  -0.3779553210809D-03  -0.1223044691920D-03   0.1915531614904D-03
  -0.1924077450509D-03   0.6805735214714D-03   0.9750170353077D-04
  -0.2080786393978D-03  -0.2954041882765D-03  -0.2058664287221D-03
  -0.3177386121947D-03  -0.1690244343387D-03  -0.2477762339374D-03
  -0.5361855962562D-04  -0.3640118470011D-03  -0.2302318691090D-03
  -0.2058926502425D-03  -0.1200962753779D-03  -0.1325634713144D-03
   0.1101308332116D-02  -0.6258659626449D-03   0.5606421014202D-03
   0.1410600199454D-03  -0.1116781867266D-02   0.2733238229590D-03
  -0.5115542113107D-03  -0.3733820944937D-03  -0.4454284475262D-03
  -0.4719559945813D-03   0.2417642824067D-03  -0.8300384994107D-03
  -0.3119406771374D-03   0.5792870451940D-03  -0.4070666834973D-03
  -0.2389590331002D-04  -0.7308242021646D-03  -0.5391247694684D-03
   0.6489405301438D-04  -0.2854064431883D-03  -0.1004639729122D-03
   0.3311237215394D-03  -0.2733580124257D-03   0.2747869843838D-04
  -0.8059110838535D-03   0.5523767325042D-04   0.1832530333136D-03
   0.4481653751451D-03   0.1257247007781D-03  -0.2092371526725D-03
   0.5456346634913D-04  -0.1547173310938D-03  -0.3795062570014D-03
  -0.1705768610484D-02  -0.1924798260765D-03   0.1729937299506D-03
  -0.1728264732657D-02  -0.5797896277504D-03  -0.6087567760684D-03
  -0.7614051578737D-03   0.5259735341774D-04   0.6806938550067D-04
   0.4676199221905D-03   0.1665648979710D-02   0.6618863378600D-03
  -0.5518478377009D-03  -0.4525747073672D-03  -0.4122000480227D-04
  -0.4490822132214D-03  -0.1060989986726D-02   0.5440667772236D-03
  -0.1172831339423D-04   0.2255880133835D-03   0.2584766914328D-03
  -0.7417926329117D-03  -0.1679944253445D-03   0.5627787438675D-03
  -0.1238575403610D-02  -0.1054737817224D-02  -0.1598044432787D-02
   0.4927074274954D-03   0.5283184603251D-03   0.1282646273171D-02
  -0.2007507915790D-02  -0.1506226739409D-02   0.3613775449957D-03
   0.7954970718867D-03  -0.3085145076060D-04   0.1350573000805D-02
   0.5776958987577D-03  -0.1344623774764D-02   0.2294559614521D-02
   0.1517771917990D-03   0.5481459450216D-03  -0.2945487917768D-03
   0.3746363150223D-03  -0.9282060537837D-03   0.1204319718753D-02
   0.7849170006607D-03   0.1078366145180D-02  -0.1018409900179D-02
  -0.2612661557093D-02  -0.1414090094803D-02  -0.2206639475800D-02
   0.1297866947294D-02   0.1311985845081D-02  -0.2777441922626D-02
  -0.6867099261737D-03   0.2606032599741D-02   0.3438711835475D-02
  -0.3416221241466D-02   0.8960810377456D-03   0.4110589462843D-02
  -0.2739501145487D-03   0.9757108206849D-03   0.9542520507185D-03
  -0.3318111771645D-04  -0.1265895703846D-02  -0.1581121796080D-02
   0.7027766491033D-04   0.1150158998288D-02   0.1849794482689D-02
  -0.6582682316702D-03   0.1665722525227D-03  -0.7844874511693D-03
   0.2413834168192D-02   0.1185378915252D-02   0.1335300332403D-02
  -0.7726204646517D-03   0.7342842993852D-03  -0.8788811530460D-03
   0.3451596614728D-03   0.6057188284636D-03  -0.8751954549034D-03
  -0.1785203809061D-03   0.2770198306421D-02   0.3958241275539D-03
   0.9674701657546D-04  -0.2515056106582D-03   0.1742064998142D-03
  -0.3735495283835D-02   0.5220605258473D-02   0.4221226132790D-02
  -0.2638439003378D-02  -0.3501552452210D-03   0.9672460575323D-03
  -0.1339246591029D-02  -0.8351254023341D-02   0.1958380390296D-02
  -0.7449888844389D-04   0.1393970793961D-02  -0.1021937168369D-02
  -0.4712609559357D-04  -0.1083061308351D-03  -0.1326995288993D-02
   0.1414772691383D-02   0.4008936918695D-03   0.1024785486441D-02
  -0.2390352508364D-03   0.1556840555670D-02  -0.2028839295037D-02
   0.1063772018814D-03  -0.5785089677995D-04  -0.1939377826344D-02
  -0.3580624041584D-02   0.2636473036410D-02   0.9710105537738D-02
  -0.3650817517914D-03   0.7138789669885D-03  -0.3401761783496D-02
  -0.7098077853545D-03   0.1253599159015D-02   0.7579256772216D-03
   0.1142309976967D-02  -0.2931275057850D-02   0.6684860091762D-03
  -0.4376968950585D-03   0.2761872079198D-02   0.5717563492169D-03
   0.4703138753953D-03  -0.2363399508452D-03  -0.5572501466427D-03
   0.9432126371603D-03  -0.4475321221943D-03   0.8263993449953D-03
   0.4277655301244D-03  -0.1361332923871D-02   0.2487263950077D-02
   0.1664769220225D-02   0.9723652494502D-03  -0.3402612399325D-03
   0.1782857390246D-03  -0.5384919054763D-03   0.1054670504287D-02
   0.1634019691457D-03   0.1134212320804D-03   0.5149006092882D-03
  -0.2328814875459D-03   0.2530086579008D-04   0.1708011461327D-03
   0.3516485549772D-02  -0.5591390985858D-03  -0.1959232562858D-02
   0.1326863931176D-03  -0.2421893528271D-02  -0.2200626888623D-02
  -0.2420333545293D-02   0.8269884401823D-02   0.1334850942290D-01
  -0.3207981922541D-02  -0.6145868236284D-02   0.1578364250050D-02
  -0.9617430286947D-03   0.8874454023286D-03   0.1128853298320D-02
   0.1692656098303D-02  -0.4020352363042D-03   0.5100607599176D-03
   0.9450373792320D-03   0.1588039648477D-03   0.1091854714302D-02
  -0.5199341271202D-03   0.8813571809775D-04   0.3445523385298D-02
  -0.5849960288013D-03  -0.7768731352865D-03   0.5991389559170D-03
  -0.8894212020891D-03  -0.2322390029726D-03   0.8229745632721D-03
  -0.2606906051290D-03  -0.5076546740841D-04  -0.7700272523657D-04
  -0.7424083312783D-03   0.2744730916338D-03  -0.9852367780620D-03
  -0.9425956959156D-03   0.5660866237776D-03   0.8737272081588D-03
   0.9331834394928D-03   0.9087435234701D-03   0.6073658958243D-03
   0.4610699389247D-04   0.3711282952612D-03   0.1154056713329D-02
   0.3504329734333D-03  -0.6464377330696D-04   0.3315533759738D-03
  -0.1673842244127D-02  -0.4714759443272D-02  -0.1757768668036D-02
  -0.8719079035042D-02   0.1181478553969D-01   0.6691063559279D-03
   0.8189199074157D-02  -0.8345896781170D-01   0.3080037004204D-01
   0.1333115436580D-01   0.3343394683793D-02  -0.9014189667776D-02
   0.1200326644148D-02  -0.1497851973578D-02   0.1532212799373D-02
  -0.7884849942574D-03  -0.1619494451600D-02  -0.1650188630511D-02
  -0.2641060219686D-02   0.2557619498804D-02   0.4657253399210D-02
  -0.6179145146238D-03   0.2556696682106D-02   0.1948160884418D-02
   0.6841698188912D-05  -0.4236283948580D-03   0.6367590275633D-03
   0.6962450801206D-03  -0.1392532969917D-02   0.4509015524921D-03
  -0.6731608844283D-03   0.8056470896526D-03   0.5104318943749D-04
   0.2561870352727D-01  -0.1119252934725D+00   0.1947762741579D-01
   0.6877801966859D-02  -0.2951609699982D-02   0.2902130600364D-02
  -0.4224420866402D-01   0.4022374837137D-01  -0.6912197244957D-01
   0.1398781147462D-03  -0.1045927807961D-02   0.1755055028058D-01
  -0.5094750221850D-02  -0.6476916654983D-02  -0.6616618251583D-02
   0.8199724831825D-03   0.5522523012512D-03   0.3610598169152D-02
   0.9300778417911D-03  -0.9812472560979D-03  -0.8161923000847D-03
  -0.5990702960920D-03  -0.4096608016552D-03  -0.9288887504737D-03
  -0.2818146660658D-02  -0.1401191347048D-01  -0.6552140978411D-02
  -0.1368630730412D-02  -0.1924984509564D-02   0.1366641929156D-02
  -0.1703726239611D-02  -0.9353580596032D-03   0.3665284658336D-03
  -0.1550573406701D-02   0.8734951128732D-04   0.2438082338652D-03
   0.6711610603816D-02   0.4030259251877D-03   0.2401449044367D-02
   0.7915452087605D-03   0.7824507316301D-03   0.1403354858409D-03
   0.2493914257311D-03   0.2778326250393D-02   0.1033062005540D-02
   0.7465496622348D-03   0.2444363148143D-02  -0.1924733757158D-04
  -0.3573325948202D-03  -0.2964044970011D-03  -0.9389880251998D-03
   0.8548134254634D-03   0.1165594501790D-02  -0.1402516574002D-02
   0.4240001022819D-04  -0.1409288546393D-02  -0.1626343724589D-02
  -0.1034525498986D+00  -0.5928966045682D-01  -0.1641231233779D-01
  -0.2256862710707D-02   0.4827511669313D-03   0.1035892219565D-02
   0.5714566004541D-01   0.7448503028377D-01  -0.4466283873134D-01
  -0.1473151677046D-01  -0.1166315461609D-01   0.2225869439333D-01
  -0.5031505325084D-02   0.4001598070387D-02  -0.6061042789387D-02
  -0.9097723331596D-03  -0.1242020084844D-02  -0.1672367508791D-02
   0.6147820285147D-03  -0.4164247658770D-03   0.3212392437357D-03
   0.4957045471879D-03   0.6502257768814D-03   0.1181158108569D-04
  -0.1069836068113D-01  -0.1708965216853D-02  -0.6101193618235D-02
  -0.2868944885472D-02  -0.3724447438835D-03  -0.2210414397104D-02
   0.2620717220344D-03  -0.7559024574008D-03  -0.2835454331292D-03
  -0.2649766957615D-02   0.6691438472110D-03   0.3732051891367D-03
   0.1162815727924D-02  -0.9195160197751D-05   0.3545448032787D-02
  -0.1854363092942D-03  -0.1882668054224D-03   0.5251977683492D-03
  -0.5940001736851D-03   0.6094771038360D-03  -0.8028974014224D-04
  -0.5213753520073D-03  -0.5438834352617D-03   0.4164431733725D-04
   0.6435827595505D-03   0.7141851493843D-03   0.1910660602971D-03
  -0.4401833376573D-03  -0.6112715415498D-03  -0.3496719085394D-03
   0.4642477554498D-03   0.7670784900170D-03   0.4059062758326D-03
   0.9932101802983D-01   0.9409961225552D-01   0.2334016803363D-01
  -0.6260652618304D-01   0.1489327025187D-01  -0.4066361905533D-01
  -0.1655840236672D-01   0.1368648353843D+00   0.1569896982354D-01
  -0.4512764107193D-01  -0.4044450532418D-01  -0.4382708525804D-01
   0.6342983530752D-01   0.1176730393890D+00   0.3224486395987D-01
  -0.5271179988172D-01  -0.1230031336943D-01  -0.5074789344391D-01
  -0.1378230718998D+00  -0.1009712154365D-01  -0.1218339984873D-01
   0.5855789192733D-01  -0.4035562288873D-01  -0.2648958267619D-01
  -0.1863207986973D-01  -0.1122953737494D+00   0.7767260039504D-01
   0.8210144253225D-02  -0.6798255509056D-01  -0.6305235597559D-02
   0.1034763694850D+00  -0.8633887056808D-01  -0.3247359881475D-01
  -0.6927397422983D-01  -0.1936815062453D-01   0.2380428727785D-01
  -0.3837593209138D-01  -0.1309382110763D+00  -0.2302426347226D-01
  -0.4645055974520D-01   0.5277966146999D-01   0.2791040483528D-01
  -0.1017749238306D+00  -0.9450517320592D-01  -0.5007090235133D-02
  -0.6439519842988D-02   0.7245967905146D-01  -0.2577548724903D-01
  -0.6320211432841D-02   0.1381972824402D+00  -0.1523073385237D-01
   0.4293162554067D-01  -0.3878789772049D-01   0.4837454150281D-01
   0.1235586012768D+00   0.5279183594460D-01   0.3121782797548D-01
  -0.4035700277831D-01  -0.5920371171062D-01   0.1890644875857D-01
$end                                                                            
