           2           1   1.01593467687843     
           3           2  0.959199106595018     
           4           3   1.89467336211170     
           5           2  0.969838082868688     
           6           5   1.00394555663320     
           7           6  0.952203898227244     
           8           7   1.57350907849630     
           9           7   1.38498284639934     
          10           1  0.945844666518496     
          11           2  0.964131352515600     
          12           5  0.972726353555639     
          13           5  0.958811559151511     
          14           6  0.962728219478602     
          15           6  0.950827002069984     
          16           9  0.903891271309995     
          17           9  0.924334835348928     
          19          18   1.01580388389546     
          20          19  0.941432352565479     
          21          20   1.93782695595512     
          22          19  0.964696223221547     
          23          22   1.00920251837084     
          24          23  0.955142289170307     
          25          24   1.63614205431771     
          26          24   1.32871588529372     
          27          18  0.949184974675242     
          28          19  0.933317093599816     
          29          22  0.973793501124554     
          30          22  0.970993010142425     
          31          23  0.966085710540246     
          32          23  0.954359708230877     
          33          26  0.921516996026042     
          34          26  0.908296197119219     
          36          35   1.01017762339959     
          37          36  0.973325581303342     
          38          37   1.87747190794368     
          39          36  0.956540594427973     
          40          39   1.01119663483661     
          41          40  0.998185925946401     
          42          41  0.993151552919214     
          43          42   1.18778947395401     
          44          43   1.43407853306526     
          45          43   1.33719614286572     
          46          35  0.947591434825034     
          47          36  0.947761448412810     
          48          39  0.946239623953206     
          49          39  0.971009428065101     
          50          40  0.970732931548680     
          51          40  0.951782711817409     
          52          41  0.967160279743893     
          53          41  0.958704472253893     
          54          42  0.933245122910416     
          55          44  0.876721017043820     
          56          44  0.876878164092162     
          57          45  0.916874098087495     
          58          45  0.908593670543938     
          60          59   1.01441358871433     
          61          60  0.952703263487687     
          62          61   1.63262805076119     
          63          60  0.984593116428956     
          64          59  0.949188592222787     
          65          60  0.954536962409208     
          66          63  0.981355209365699     
          67          63  0.979761927184193     
          68          63  0.984826213059178     
          69          61   1.28671464078081     
          70          69  0.978459169085767     
          71          70  0.934702358754321     
          72          71   1.61981360029272     
          73          70  0.973329164767708     
          74          73   1.01096709378073     
          75          74   1.41312619373837     
          76          74   1.39914507809389     
          77          75   1.45333731709255     
          78          76   1.46878588934045     
          79          77   1.44040896725615     
          79          78   1.42760421832658     
          80          69  0.920662155633666     
          81          70  0.941697084788428     
          82          73  0.970838485331764     
          83          73  0.949499049675367     
          84          75  0.958554592680045     
          85          76  0.971683071575598     
          86          77  0.966275140645186     
          87          78  0.971024889902432     
          88          79  0.972840102084833     
          89          71   1.30839326989690     
          90          89  0.968541315021932     
          91          90  0.922904448499197     
          92          91   1.66945697852502     
          93          90  0.991679861455789     
          94          93  0.934240150955557     
          95          94   1.49125707181346     
          96          94   1.49051267943813     
          97          89  0.932570989006135     
          98          90  0.949506536977675     
          99          93  0.975944486609223     
         100          93  0.958909924581958     
         101          91   1.28477030803965     
         102         101  0.976625557938944     
         103         102  0.938824243358454     
         104         103   1.64619056007015     
         105         102  0.952539062063286     
         106         105  0.978151129123336     
         107         105   1.00167009264932     
         108         101  0.928353853102534     
         109         102  0.956686205925940     
         110         105  0.962799761667559     
         111         106  0.882372927815721     
         112         107  0.979823069311028     
         113         107  0.976254375599328     
         114         107  0.971384051396861     
         115         103   1.31093060922583     
         116         115  0.978560358097089     
         117         116  0.946610670067829     
         118         117   1.63332155162741     
         119         116  0.963449355767209     
         120         119   1.00544377514014     
         121         120  0.999213588661982     
         122         121  0.992434281346276     
         123         122   1.17785002283081     
         124         123   1.37849712626935     
         125         123   1.39881473946731     
         126         115  0.918328065758003     
         127         116  0.954742432892675     
         128         119  0.968348404590631     
         129         119  0.964549065229513     
         130         120  0.952856933162186     
         131         120  0.967252562095715     
         132         121  0.964098192083416     
         133         121  0.958589201350928     
         134         122  0.924917234049055     
         135         124  0.907882776311892     
         136         124  0.897327974744005     
         137         125  0.894524071864390     
         138         125  0.897859773456723     
         139         117   1.30593120243198     
         140         139  0.984597209326407     
         141         140  0.980047975034609     
         142         141   1.90175013874266     
         143         140  0.991303312761299     
         144         143  0.958858216933811     
         145         144   1.57621291954121     
         146         144   1.39673360151901     
         147         139  0.920627018533573     
         148         140  0.902222383316225     
         149         143  0.944769383229242     
         150         143  0.958522574095196     
         151         146  0.915396671145886     
         152         146  0.920189408053700     
         154         153   1.00816058418586     
         155         154  0.941360543821991     
         156         155   1.58633847890762     
         157         154  0.971252621726149     
         158         157  0.924719363570028     
         159         158   1.49880872173585     
         160         158   1.49212412487417     
         161         153  0.952798726699558     
         162         154  0.969501821675208     
         163         157  0.966196041369419     
         164         157  0.977364484187463     
         165         155   1.32793188089851     
         166         165  0.965459777324051     
         167         166  0.928455138375093     
         168         167   1.63954729041923     
         169         166  0.996999599763358     
         170         165  0.923504235499161     
         171         166  0.951295811872813     
         172         169  0.971635194148465     
         173         169  0.974089659958876     
         174         169  0.979943681380335     
         175         167   1.29215799329424     
         176         175  0.987753455423039     
         177         176  0.926512296077082     
         178         177   1.68027341577247     
         179         176  0.956939072110576     
         180         179  0.987175269489875     
         181         179   1.00988227757385     
         182         175  0.925651172870458     
         183         176  0.948141786157568     
         184         179  0.961891007913863     
         185         180  0.863264590496065     
         186         181  0.977837641120095     
         187         181  0.976250517754499     
         188         181  0.981512836588136     
         189         177   1.26380756367943     
         190         189  0.975261391165960     
         191         190  0.925404952924581     
         192         191   1.58763013537798     
         193         190  0.985645694194977     
         194         193   1.00176586877576     
         195         194   1.01051326677523     
         196         195  0.976171537975583     
         197         196   1.21935231056573     
         198         197   1.33893024960507     
         199         197   1.39857347900661     
         200         189  0.904130078786624     
         201         190  0.951678924601054     
         202         193  0.971115524328735     
         203         193  0.941294444870645     
         204         194  0.967783145218298     
         205         194  0.956497492914000     
         206         195  0.965392313446522     
         207         195  0.956585332865028     
         208         196  0.923853701670304     
         209         198  0.924345586631021     
         210         198  0.902522437490382     
         211         199  0.904831009956709     
         212         199  0.897083956103018     
         213         191   1.29663552476504     
         214         213  0.969098405195996     
         215         214  0.934787106076357     
         216         215   1.60008460077080     
         217         214  0.979817330204637     
         218         217   1.00479215914371     
         219         218   1.00947394532488     
         220         219  0.986686146551154     
         221         220   1.18872542732690     
         222         221   1.44997772794059     
         223         221   1.31914633974739     
         224         213  0.906228261279239     
         225         214  0.956208826860907     
         226         217  0.968179593818732     
         227         217  0.960104788603854     
         228         218  0.972000909524458     
         229         218  0.958552422599724     
         230         219  0.962716629832881     
         231         219  0.960662911318991     
         232         220  0.924979518060997     
         233         222  0.893416499784552     
         234         222  0.890360828878632     
         235         223  0.917250294830000     
         236         223  0.907991025607416     
         237         215   1.33331743128092     
         238         237  0.964911809188474     
         239         238  0.942479258201228     
         240         239   1.63037428911404     
         241         238  0.958997770936430     
         242         241   1.00738268888620     
         243         241   1.00872676653969     
         244         237  0.917145688164554     
         245         238  0.948222218472382     
         246         241  0.966476161675407     
         247         242  0.979209725530885     
         248         242  0.979405688804620     
         249         242  0.981998335770102     
         250         243  0.978302353752628     
         251         243  0.980412387281545     
         252         243  0.978011060327857     
         253         239   1.28009022170994     
         254         253  0.985279206833699     
         255         254  0.929844302267389     
         256         255   1.55332834429300     
         257         254  0.971363398421477     
         258         257  0.933901321966497     
         259         258   1.51360036481949     
         260         258   1.47523498077260     
         261         253  0.925200208313197     
         262         254  0.937950304354336     
         263         257  0.972814244046967     
         264         257  0.957314404705716     
         265         255   1.36413785802124     
         266         265  0.968200148797042     
         267         266  0.937134804606575     
         268         267   1.64279696607028     
         269         266  0.980682713264994     
         270         269  0.940323064855435     
         271         270   1.47422185658976     
         272         270   1.49733841425035     
         273         265  0.890210406564469     
         274         266  0.951627134717016     
         275         269  0.893818579536277     
         276         269  0.964096476494405     
         277         267   1.27926314486387     
         278         277  0.976661549870627     
         279         278  0.917136441355076     
         280         279   1.64748290929876     
         281         278  0.992950090198468     
         282         277  0.909827286451591     
         283         278  0.950546908204553     
         284         281  0.975460673982868     
         285         281  0.976931808630913     
         286         281  0.977064598961187     
         287         279   1.27932249372422     
         288         287  0.961014433936742     
         289         288   1.01695790506328     
         290         289   1.45973115861094     
         291         288  0.908625772968201     
         292         291  0.949887253073108     
         293         291   1.04081558789537     
         294         287  0.928418182397024     
         295         288  0.954990568036479     
         296         291  0.974610045466661     
         297         292  0.879809902781411     
         298         293  0.954057634043228     
         299         293  0.927099472655543     
         300         293  0.973047790197299     
         301         289   1.39165124733600     
         302         301  0.945495086808370     
         303         302  0.995486583109950     
         304         303   1.38596755628043     
         305         302  0.926488109913781     
         306         305  0.981685160076803     
         307         305   1.01735147044117     
         308         301  0.918286492594769     
         309         302  0.957501701962778     
         310         305  0.981921489338012     
         311         306  0.985025341196317     
         312         306  0.980998757426949     
         313         306  0.986354650129546     
         314         307  0.969808841627848     
         315         307  0.977028157905374     
         316         307  0.976306254812577     
         317         303   1.46619910382879     
         318         317  0.955966125497966     
         319         318  0.935673312410537     
         320         319   1.67071291712939     
         321         318  0.998838342516194     
         322         317  0.897797580298213     
         323         318  0.949820419334074     
         324         321  0.975598668643878     
         325         321  0.976281795310623     
         326         321  0.974559104130215     
         327         319   1.27054961214668     
         328         327  0.895564028285973     
         329         328   1.08547725529124     
         330         329   1.60479626563023     
         331         328  0.887074763504299     
         332         331   1.03044043207306     
         333         331   1.00132654850498     
         334         332  0.986774345452086     
         335         327  0.928157943779781     
         336         328  0.967648426284645     
         337         331  0.965700612791024     
         338         332  0.971009894814823     
         339         332  0.963047422302827     
         340         333  0.967869246889425     
         341         333  0.981350510603301     
         342         333  0.983778936532656     
         343         334  0.982688986368426     
         344         334  0.983649954795131     
         345         334  0.979545808962254     
         347         346  0.877643543687527     
         348         347   1.13950509588774     
         349         348   1.31035283903745     
         350         347  0.929871279530373     
         351         350  0.938285542150958     
         352         346  0.925051136550712     
         353         347  0.967905976206970     
         354         350  0.979702054511405     
         355         350  0.981281757881975     
         356         351  0.875297200288641     
         357         348   1.41360545571354     
         358         357  0.912872591782617     
         359         358   1.14472655286442     
         360         359   1.69118950080512     
         361         358  0.874730685177354     
         362         357  0.874804217363169     
         363         358  0.949731360029862     
         364         361  0.977982946919944     
         365         361  0.973677887900657     
         366         361  0.981056422692920     
         367           1  0.953678885515591     
         368           3  0.949184907297948     
         369          18  0.952577558711356     
         370          20  0.945909262058293     
         371          35  0.947904006319708     
         372          37  0.954207572886148     
         373          59  0.950236820942194     
         374         141  0.948088794321704     
         375         153  0.953335302843745     
         376         329  0.958201601788343     
         377         346  0.940929516272597     
         378         359  0.958010505801773     
