$grad                                                                           
  cycle =      1    SCF energy =  -390.01570438482   |dE/dxyz| =  2.143092
  252.42392312927430    125.54961261940849    245.72106518711709      n 
  253.12879090836216    128.05916868007520    244.94249809600663      c 
  255.90857777977837    128.02515361298785    244.16960018274409      c 
  256.58132021772815    128.88497891991807    242.11924752775658      o 
  252.81509640077883    129.96590216291608    247.06088088516881      c 
  250.21105404264728    131.06194321350847    247.16670553832944      c 
  248.99407053129988    131.41721169197635    245.23162616624907      o 
  249.37201572115930    131.69500140652303    249.45894311482701      n 
  251.82110055144852    125.48536193713237    247.22906649465628      h 
  252.03841903561766    128.55238715284176    243.55354952327320      h 
  253.19682104253687    129.15898918256616    248.66147876422357      h 
  254.03207991212625    131.31894594261288    246.83978294910108      h 
  247.91125756235255    132.38853082991511    249.62712872431445      h 
  250.29231225846709    131.40965278817916    250.76852319768994      h 
  247.33678087376620    109.24505712887211    249.16603559268594      n 
  245.20328027700964    110.96848719463117    249.23406572686062      c 
  242.91293242646145    109.86677696619088    250.56632252111515      c 
  241.31611399930529    111.21415156803980    251.47339097677784      o 
  244.39069811881183    111.79240770852475    246.52986789341628      c 
  246.59600830164169    113.05285491670600    245.12958096498707      c 
  243.49307829289566    109.50394958392582    245.06910973460955      c 
  247.03820417377725    107.82398321500060    248.43471165030792      h 
  245.79098504724109    112.41979672369142    250.18648760530641      h 
  243.02820570936854    113.00939121987216    246.66970761366431      h 
  246.04987750229481    113.55174256732045    243.45150432201115      h 
  247.14402882693787    114.53440006095501    246.05932613204129      h 
  247.98873632627374    111.86988647244593    244.99163097068836      h 
  242.98663173848402    110.01417559023606    243.38347418783644      h 
  244.85368097638965    108.27940716878122    244.95383645170241      h 
  242.06444547522696    108.74805920420692    245.93271449343837      h 
  248.83344382560958    106.14212712012606    240.42416335123698      n 
  249.12068216990281    107.29485994919737    237.96562989120130      c 
  251.89479986347109    107.59532637513563    237.42894772160091      c 
  253.18359296089181    109.06553316368887    238.65915931459341      o 
  247.86590413956941    109.92724819656839    237.85224633424349      c 
  245.04832274916728    109.70803998644992    238.40215658548897      c 
  248.40825548701773    111.12344472247354    235.30300602864153      c 
  243.78031663718883    112.22326522496452    238.85758053926958      c 
  249.62145954646653    106.94904010047598    241.59390371385197      h 
  248.30810001170499    106.21582643214866    236.72596966846234      h 
  248.56888219270800    111.02517897311009    239.14103943166418      h 
  244.22818168717231    108.87089139091125    236.99242102731324      h 
  244.80643782765722    108.64223455104629    239.87425309999151      h 
  247.62212949211010    112.77695492810859    235.22363753877104      h 
  250.22050267239376    111.29729950980888    235.08190809257377      h 
  247.72984387122000    110.06141873896848    233.97263896033630      h 
  241.99830506700158    111.95870359206290    239.19584148419381      h 
  244.55888372829929    113.04907546480740    240.29755171263406      h 
  243.96928923211860    113.28151175657095    237.37225594312198      h 
  244.37935976311604    124.03027295617352    227.33403170045517      n 
  241.63358795878722    123.97169145174530    227.34914950804955      c 
  240.58479005692726    121.79094770625632    228.90628369027047      c 
  238.64215178104973    122.08574495434669    230.16673089845170      o 
  240.56778252338358    123.83941063529450    224.65062085245310      c 
  241.48429960879272    125.99747766939191    222.99900037276737      c 
  242.48018518407235    127.86074745539898    223.92685581387229      o 
  241.07611880374455    125.76126192572977    220.53479773488377      n 
  245.05210220106585    123.52004694986329    225.94508312772172      h 
  241.09690578918679    125.53638453776340    228.13716522890647      h 
  241.05155236640366    122.24448193408764    223.88717156893705      h 
  238.73663807851457    123.86586679858466    224.72054071257713      h 
  241.51831467588008    126.95178927378703    219.52001490011119      h 
  240.36936129870736    124.41766677577945    219.95276214250026      h 
  241.84523726510849    119.60642450886874    228.90628369027047      n 
  241.02131675121493    117.35009172540785    230.35948294528001      c 
  241.21217907209393    118.07952594183658    233.10336502365956      c 
  239.56244831835747    117.47292391211218    234.63404304259032      o 
  242.72395983153169    115.06352332675823    229.88516173200642      c 
  241.79988384232536    112.66924054899866    231.18529318512287      c 
  243.75763992579732    110.57164474527875    230.93773908576495      c 
  244.54754537260351    110.16535366617984    228.32613782383621      n 
  243.04332351696294    109.28096192190874    226.55924406124331      c 
  243.85779540111005    109.02584891875362    224.21976333601336      n 
  240.66604827274705    108.71404413711959    227.12427212008316      n 
  243.21528857834900    119.37209849115588    228.06346591688390      h 
  239.32623257469530    116.87010133428636    229.85492611681767      h 
  242.83356393659096    114.76116717487068    228.08047345042755      h 
  244.41904400805132    115.44713769446557    230.46908705033925      h 
  241.47296125309694    113.00939121987216    232.95596639961440      h 
  240.21251404491568    112.13066865344895    230.44263088704909      h 
  245.22406726245191    110.98927418007342    231.95630137243614      h 
  243.06411050240519    109.01451056305784    231.61048152371478      h 
  246.08011311748356    110.52440159654631    227.92173647068662      h 
  245.38280424219289    109.43969890164971    223.83992842020461      h 
  242.86379955177969    108.44570305231937    223.07269968478994      h 
  240.11802774745084    108.92569344344086    228.63983233141954      h 
  239.67394214936598    108.13389827068534    225.97531874291047      h 
  243.26820090492930    119.39666492849675    233.70051842363748      n 
  243.80866252642829    120.29050530251433    236.21952311405067      c 
  241.71862562650560    122.10086276194106    237.06423061338654      c 
  240.70195306578367    121.82307304739436    239.14103943166418      o 
  246.32955694279079    121.68512305309568    236.24031009949297      c 
  248.54242602941784    120.09775325568602    237.12659156971336      c 
  250.97639305211266    120.95190938476834    236.75242583175250      c 
  248.19849590664575    117.81118485703639    238.37947987409740      c 
  253.02863543304940    119.54784300444052    237.60469223488553      c 
  250.28475335466985    116.39766984696206    239.26576134431781      c 
  252.68470531027734    117.30284857667543    238.86702916901609      c 
  244.40770565235553    119.79728682974775    232.61392600279157      h 
  243.89370019414665    118.85998275889634    237.36091758742620      h 
  246.68104596936010    122.29928398661728    234.54900537487194      h 
  246.18404804469492    123.15532984164892    237.32501279438955      h 
  251.24662386286215    122.47880795180050    235.92472586596031      h 
  246.56955213835155    117.20269310136268    238.63837232915111      h 
  254.65946892729292    120.13743750062125    237.31556416464306      h 
  250.03530952936262    114.87455073182851    240.10668939175505      h 
  254.07365388301076    116.39955957291136    239.44906476139963      h 
  241.05155236640366    123.85452844288888    235.39560260015710      n 
  239.04844286014861    125.71023932509874    235.90960805836593      c 
  236.53321762163404    124.34585718970617    236.34046557480571      c 
  235.06868001092869    125.08851948777996    237.95618126145484      o 
  238.70640246332582    127.43555911680711    233.60603212617264      c 
  240.83612360818378    129.28749054711838    233.29044789264000      c 
  241.85846534675358    129.61630286229610    231.22875688195674      o 
  241.45028454170537    130.63864460086589    235.31245465838802      n 
  241.73941261194787    124.01137569668055    233.93106498945176      h 
  239.51142571772644    126.66644065544313    237.40249155831074      h 
  238.57223192092573    126.40565847444013    232.09614109268415      h 
  237.12848129566265    128.35396592816554    233.77043828376151      h 
  242.59545846697949    131.78759797803860    235.20663000522737      h 
  240.70384279173297    130.36463433821780    236.72974912036094      h 
  236.07779366785340    122.40699836572722    234.83624371916511      n 
  233.79500472110234    120.92923267337679    235.06112110713147      c 
  233.71185677933326    119.78027929620407    237.71618606589408      c 
  231.77866713320222    119.90500120885770    238.98041272597391      o 
  233.79500472110234    118.75982728358358    233.10147529771029      c 
  234.05767662805468    119.71980806582657    230.57869115539847      o 
  237.08501759882878    121.91377989296063    233.65894445275296      h 
  232.33991574014348    122.00448673852691    234.76443413309184      h 
  235.16694576029212    117.59953555071510    233.46619240592463      h 
  232.23598081293216    117.80551567918850    233.23942529200897      h 
  235.49008889762194    120.38499159997919    230.41050554591104      h 
  235.81890121279969    118.61998756333560    238.44939973422140      n 
  236.02299161532378    117.48993144565586    240.95139689109092      c 
  235.44662520078813    119.49682040380949    242.96206530114313      c 
  234.07279443564906    118.99415330129644    244.72895906373603      o 
  238.72718944876809    116.39011094316487    241.36902632588561      c 
  237.14737855515560    118.46880948739182    237.52532374501504      h 
  234.81356700777354    116.11988013241537    241.08934688538960      h 
  238.83301410192874    115.64555891914178    243.04143379101362      h 
  239.06734011964159    115.10509729764277    240.10668939175505      h 
  239.96495994555775    117.73370609311519    241.21973797589112      h 
  236.36881146404517    121.80417578790140    242.50475162141322      n 
  235.97763819254064    123.92633802896216    244.23007141312161      c 
  233.11848283125397    124.62553663020213    244.37180085931888      c 
  232.16606095280815    125.01859962765596    246.44294049974863      o 
  237.51965456716715    126.38298176304856    243.49307829289566      c 
  240.33723595756931    125.90110164597776    243.59890294605634      c 
  236.89982445579767    128.53915907119668    245.31288438206889      c 
  241.95295164421844    128.06105840602447    242.79010023975712      c 
  237.23808540072187    122.17834152586224    241.18383318285447      h 
  236.59746830391012    123.35186134037583    245.85712545546650      h 
  237.04155390199497    126.83840571682920    241.78287630878168      h 
  240.78888045945135    125.44567769219712    245.31666383396748      h 
  240.72274005122597    124.45546129476539    242.54065641444990      h 
  237.85413606019279    130.03015284519219    244.84234262069387      h 
  235.10647452991461    128.91143508320823    245.23162616624907      h 
  237.34391005388252    128.04405087248080    247.02119664023354      h 
  243.71795568086205    127.58673719275089    242.91860160430932      h 
  241.56366809866321    128.49947482626143    241.05344209235298      h 
  241.62980850688859    129.50480903128758    243.87102348275508      h 
  231.90716849775444    124.73703046121068    242.14759341699607      n 
  229.21430902000591    125.33040440929001    241.91704685118179      c 
  227.65150565993710    123.15910929354750    242.95639612329526      c 
  225.59926327900033    123.57106955049431    243.93149471313262      o 
  228.47542617383067    125.86141740104252    239.10891409052613      c 
  229.89838981365148    127.94578512311736    238.16216138992823      o 
  225.66918313912433    126.40565847444013    238.75175588610895      c 
  232.64038216608176    124.46679965046117    240.72274005122597      h 
  228.87226862318312    126.84785434657567    242.88647626317126      h 
  228.85904054153804    124.33073938211179    238.17727919752258      h 
  231.40450139524137    127.49792007313390    237.92972509816465      h 
  225.32714274230153    126.71935298202347    236.97919294566816      h 
  224.69030509738835    124.96379757512635    239.31678394494884      h 
  225.20242082964791    127.88153444084125    239.73252365379420      h 
  228.70219328774635    120.85742308730349    242.77876188406134      n 
  227.47954059855104    118.51794236207354    243.64803582073802      c 
  227.47576114665247    118.67856906776380    246.52986789341628      c 
  225.45564410685373    119.03950672407957    247.71283633767635      o 
  229.05935149216353    116.23326368937322    242.86002009988110      c 
  227.65528511183570    114.50794389766484    241.05155236640366      c 
  226.48743447517003    112.65790219330287    241.84145781320990      o 
  227.75733031309775    115.11832537928785    238.62136479560743      n 
  230.17428980224889    120.61175871389486    242.13625506130029      h 
  225.79768450367652    118.33652867094101    242.94316804165018      h 
  230.60892677058726    116.81151982985816    242.06822492712558      h 
  229.54123160923433    115.28462126282601    244.35290359982594      h 
  226.98632212578448    114.20369801982800    237.52154429311648      h 
  228.59447890863640    116.42790546215082    238.14704358233385      h 
  229.73020420416404    118.44802250194954    247.59000415097205      n 
  230.10436994212489    118.59164167409614    250.34522458504739      c 
  229.00265971368464    120.98214499995711    251.38079440526226      c 
  227.82725017322176    120.98025527400780    253.34232994063274      o 
  232.94084859202002    118.48203756903689    250.99718003755493      c 
  234.29578209766612    116.07830616153083    250.22050267239376      c 
  237.07934842098089    116.21058697798165    250.79686908692943      c 
  233.00698900024543    113.91834940148412    251.46016289513275      c 
  231.09836579145522    118.20424785449021    246.74718637758548      h 
  229.25021381304254    117.15733967857955    251.10300469071552      h 
  233.77610746160940    119.90500120885770    250.19782596100220      h 
  233.12982118694975    118.69746632725678    252.80753749698167      h 
  234.20507525209987    115.85153904761516    248.40447603511910      h 
  237.88626140133084    114.64778361791284    250.27908417682198      h 
  237.82579017095333    117.61465335830947    249.88602117936819      h 
  237.32123334249096    116.45436162544098    252.59777791660969      h 
  233.84224786983478    112.35554604141532    250.98962113375777      h 
  233.07879858631873    114.12621925590680    253.27996898430595      h 
  231.25521304524690    113.85976789705590    250.92159099958306      h 
  229.38627408139195    123.05139491443757    250.02586089961613      n 
  228.40928576560529    125.45890577384222    250.84600196161111      c 
  225.55957903406508    125.27560235676040    251.11812249830993      c 
  224.53156811764740    126.05038999597225    253.07398885583254      o 
  230.21019459528554    123.09107915937281    248.62557397118692      h 
  229.16706587127345    125.93700643901441    252.44471011471657      h 
  228.84581245989293    126.76281667885729    249.63468762811164      h 
  224.30102155183312    124.17578185426940    249.24351435660711      n 
  221.54202166585921    123.96980172579602    249.33800065407195      c 
  220.77290320449524    122.50148466319207    251.69259918689630      c 
  219.13262108050523    123.35375106632512    253.13634981215938      o 
  220.52723883108658    122.68100862837531    246.95505623200816      c 
  219.06459094633055    124.48758663590345    245.26942068523505      c 
  217.06337116602478    125.38520646181962    245.95539120482994      o 
  220.17008062666943    125.07907085803346    243.06411050240519      n 
  224.99077152332663    123.54272366125485    247.91503701425117      h 
  220.81825662727837    125.65165782067054    249.41547941799317      h 
  221.92563603356655    121.96858194549027    246.01019325735956      h 
  219.43875668429141    121.28639087779396    247.43693634907893      h 
  219.46143339568297    126.14109684153853    242.05877629737910      h 
  221.58737508864235    124.39687979033718    242.65781942330628      h 
  222.04090931647366    120.36798406643551    252.11589779953886      n 
  221.57225728104797    118.72959166839483    254.29097236717996      c 
  221.94831274495812    120.17712174555649    256.78352089430297      c 
  220.28535390957654    120.18468064935368    258.39734685500281      o 
  223.21253940503794    116.24082259317039    254.25695730009261      c 
  225.48021054419462    116.63199586467492    252.77163270394499      o 
  221.75178124623119    113.98071035781093    253.21382857608057      c 
  223.21442913098724    119.82374299303792    251.13324030590434      h 
  219.82048132604945    118.20235812854089    254.17002990642496      h 
  223.65662500312280    115.86098767736165    255.99361544749678      h 
  226.35137420682062    117.78472869374622    253.42925733430044      h 
  222.82892503733061    112.49727548761261    253.22705665772565      h 
  220.27590527983006    113.67268502807548    254.25506757414331      h 
  221.22265798042798    114.33408911032950    251.49417796222011      h 
  251.23249514425470    124.94273296361980    244.66999030287130      h 
  257.20488719828967    127.29777243130215    245.33646035942664      h 
  248.62522222440174    109.96953221648262    248.32483602885731      h 
  242.70982724106477    107.99295707963718    250.70274641979137      h 
  247.18546377332993    106.10008740322667    240.84244122734981      h 
  252.70558664860243    106.58611997386282    236.05228821680660      h 
  244.91461463499019    125.62434451189382    227.58898281305591      h 
  223.55630501847341    121.11949468161200    257.09554374728805      h 
  -0.1576141487221D+00  -0.3749062748120D-01   0.1100155741271D+00
  -0.6448326675358D-01   0.2792420429009D-01  -0.6957874551560D-01
   0.4485101768299D-01  -0.4314516556390D-01   0.7688395530943D-01
   0.5263789819559D-02   0.8769413979630D-02  -0.2040311099055D-01
   0.7077942558114D-01   0.2930104606019D-01   0.5430398781812D-01
   0.1086336474161D-01  -0.6893902847865D-02   0.2782347777304D-01
   0.5100607390813D-02   0.3856862059295D-03  -0.2746382629377D-02
  -0.6903001881016D-01   0.5311800635397D-01   0.1768612124458D+00
   0.7179023578924D-01   0.8659880203443D-02  -0.2116146965151D+00
   0.5786334116310D-01  -0.3615439534883D-01   0.9145542107717D-01
  -0.2319372443630D-01   0.5339269851802D-01  -0.9990732420834D-01
  -0.7100044030557D-01  -0.8832337127596D-01   0.1868692699340D-01
   0.1972228946881D+00  -0.9362405093174D-01  -0.1862666155899D-01
  -0.1242266264469D+00   0.3800190345136D-01  -0.1748599165921D+00
   0.5586999766974D-01  -0.1193920273880D+00  -0.1554856894478D+00
   0.2895922602359D-01   0.8637769790702D-01   0.5140409243922D-01
  -0.1570590712494D-01  -0.7392078388724D-01   0.6457095112273D-02
   0.9963058957728D-02  -0.9209960701956D-02  -0.3214532914733D-02
  -0.7264034829393D-01   0.5702419047745D-01   0.4736498532074D-02
   0.7257403769797D-01   0.4352696577902D-01  -0.5113768803167D-01
  -0.2867727043254D-01  -0.6983401831620D-01  -0.4387793264907D-01
   0.5028099684458D-01   0.1988553342469D+00   0.9092140440506D-01
  -0.2972593439519D-01  -0.9241060890446D-01  -0.5707749729597D-01
   0.8415367271521D-01  -0.7396731245341D-01  -0.1205220161163D-01
   0.3509566949294D-01  -0.3022537905105D-01   0.9770435329586D-01
  -0.3296679291276D-01  -0.9167181240109D-01  -0.5838066559043D-01
  -0.8654339568477D-01   0.7335424283464D-01   0.9809011384724D-02
   0.3193951703594D-01  -0.3317957084954D-01   0.1013174611165D+00
  -0.8373180452813D-01   0.7584918497267D-01   0.7032141145337D-02
   0.8947797354906D-01   0.4651265845617D-01  -0.5399482867474D-01
  -0.2118660698365D-01   0.1058807223790D+00   0.1709212220792D+00
  -0.3814020425212D-01  -0.6032599984280D-01  -0.5945263049932D-01
   0.1344229986297D-01  -0.5546246347175D-01  -0.6736481551566D-01
   0.4479509922594D-02   0.9059826697816D-02   0.5722497140531D-02
   0.3579527400525D-01   0.4885723142510D-01   0.6120825003930D-01
  -0.5339104557220D-01  -0.8174536557904D-01   0.1266784287238D-01
   0.2111021785935D-01   0.3914432650889D-01  -0.7721502357088D-01
  -0.4285412042171D-01   0.7322114675047D-01   0.1733875709824D-01
  -0.1198934713212D+00  -0.1090483167739D+00  -0.1576008000748D+00
   0.4621537423249D-01   0.6854782589642D-01   0.7563970463760D-01
  -0.4937451476820D-01  -0.6245291406102D-01  -0.8077939986513D-01
   0.5067389385995D-01   0.5057336097691D-01   0.9050365574747D-01
   0.1344203719768D-01   0.6145400614835D-01  -0.9250000104399D-01
   0.4686803465971D-01  -0.1032864314028D+00   0.1624911982313D-02
  -0.1114857089216D+00  -0.1143063233686D-01   0.1139427201133D-01
   0.3632938419827D-01   0.7012159142921D-01   0.7756354859202D-01
   0.1090898215102D+00   0.1888396100636D-01  -0.2043483012524D-01
  -0.4647396718190D-01  -0.5087898737227D-01  -0.8585536154322D-01
  -0.1075354268822D-01  -0.6530328674390D-01   0.9130531530056D-01
   0.1166818689092D+00   0.6188161394786D-01  -0.1666512732886D+00
  -0.3665818303420D-01   0.8086853224705D-01   0.4626351596597D-01
   0.1020441505749D-01   0.9925788992493D-03  -0.7034215716420D-02
  -0.7999933570485D-02   0.1832599802951D-02   0.1740157416734D-02
  -0.6581134358725D-01  -0.6943796806812D-01  -0.3148120515415D-01
  -0.5015707578615D-02  -0.1676987717360D-01  -0.2755459013210D-01
  -0.3794583926934D-02  -0.4293379813454D-02   0.1385166829556D-02
  -0.2934195700991D-01  -0.8263624972924D-02  -0.1882672588798D+00
  -0.8818251883604D-01   0.7909735975355D-01   0.1905162313186D+00
   0.3875619136854D-01  -0.9538751125329D-01  -0.4914399029395D-01
  -0.3559890247549D-01   0.9807660581225D-01   0.4828502493434D-01
   0.1143821434558D+00  -0.8939021177509D-02  -0.5688273053450D-02
  -0.6060979354781D-01  -0.1628068694949D+00   0.1331297053995D+00
   0.9574822301878D-01   0.1803941511668D+00   0.7757975626364D-01
   0.1726671481282D+00  -0.1231417485401D-01  -0.1024883251957D+00
  -0.9430507905058D-01  -0.3616995348128D-01  -0.1951118808074D-01
   0.2835341147823D-01   0.8583700130096D-02  -0.2079925352760D-01
  -0.1128043086866D-01  -0.6404765673261D-02   0.4526705613699D-02
   0.7792272085333D-01  -0.3761705488185D-02  -0.5475949792997D-01
  -0.8815403256695D-01  -0.1376632347533D-01   0.5405395793267D-01
   0.3878281244358D-01  -0.5641626739431D-01   0.8904551582452D-01
   0.1857123511803D+00   0.3975772408992D-01  -0.5793921743427D-01
   0.1258048314227D-01   0.1035860635919D-02  -0.7609082523518D-02
   0.6231702879439D-01  -0.2124411406332D-01  -0.1844876842541D+00
  -0.1916230156051D+00  -0.4538333223341D-01   0.4814453888963D-01
  -0.1822914545296D+00   0.2208976238297D-01   0.1161511204277D+00
   0.1073694474380D+00   0.2245970703445D-01   0.2432929983859D-01
   0.5411294830020D-03   0.1762390351106D-01   0.1129657104916D+00
  -0.1052170911490D+00  -0.2454348393905D-01  -0.4188772825295D-01
   0.1421860636190D-01  -0.2015204506920D-01  -0.1113170618333D+00
   0.9736150160818D-01   0.2824257794360D-01   0.4761901046084D-01
  -0.8849817604994D-01  -0.3035328295826D-01  -0.5099837704908D-01
   0.4702694735673D-01   0.9794986573152D-01  -0.4006394752618D-01
  -0.2059547803517D+00  -0.4919748184949D-01   0.5059862844018D-01
  -0.2070788702535D+00  -0.5482165721162D-01   0.5190935681105D-01
   0.1348048112987D+00   0.7915972392959D-01   0.1553076816250D+00
   0.7400857095206D-01  -0.2424631135939D-01  -0.2024628285246D+00
   0.1337403468942D+00   0.7922128437889D-01   0.1559968959118D+00
   0.1367390819125D+00   0.5016482434188D-01  -0.1356358967588D+00
   0.1102005158318D-01  -0.8151503307960D-01   0.5981156067595D-01
   0.9163266511999D-02   0.1775754248202D-01  -0.2761820353240D-01
  -0.4300038657062D-02  -0.7077034328272D-02   0.1549029032350D-01
   0.4879792817564D-02   0.1105534338207D+00  -0.2967722466571D-01
   0.4063736178636D-02   0.1543115796184D-01  -0.9175439377310D-02
   0.1730527752945D-01   0.1289220016966D+00  -0.6919763794007D-01
  -0.1515668655472D+00  -0.4487759240446D-01   0.1854549454075D-01
   0.1419777422835D+00   0.3915270725064D-01  -0.1830070437947D-01
   0.3478855089976D-02  -0.1438179110459D+00   0.8053303989666D-01
   0.1165124264981D+00  -0.7233510475080D-01   0.4712510123801D-01
  -0.1491539090757D+00  -0.5037380497365D-01   0.1512181636223D+00
   0.4963755840029D-02   0.8293310513812D-01  -0.7234311104606D-01
  -0.2437672129965D-01  -0.3686733284076D-01   0.1052606513306D+00
   0.6955578434992D-02  -0.8827381187443D-01  -0.7274661195944D-01
  -0.2671859218116D-01  -0.1397254552108D+00   0.7576981007806D-01
   0.1422535670771D+00   0.5846676683448D-01  -0.2719491096182D-01
  -0.1483909053979D+00  -0.5545108717583D-01   0.2630881225346D-01
   0.2341645692479D-01   0.1362649915724D+00  -0.7604675094692D-01
  -0.1286271901422D+00   0.8373527010294D-01  -0.5331921991429D-01
   0.9436487662504D-01   0.5290057399623D-02  -0.1780305855969D+00
   0.2044054644774D-01   0.6374304038342D-01   0.8505021030835D-01
  -0.4196626919479D-02  -0.8289766873603D-02  -0.5471195788634D-02
   0.7910339766543D-02  -0.2327810634095D-02  -0.4725796178935D-02
  -0.8800423218977D-01   0.4447135681479D-02  -0.7554408921003D-01
  -0.1090850384419D-01  -0.7763981425588D-02   0.3352559210225D-01
   0.4295916275447D-02   0.6379728438639D-02  -0.8990770395125D-02
   0.4836244654228D-01   0.1081691482216D+00   0.1505375160627D+00
  -0.9494184812457D-01  -0.1702473915562D-01   0.1932212171528D+00
  -0.2273743539055D-01  -0.5574274674482D-01  -0.9344420513654D-01
   0.4500456276035D-02   0.6551273928033D-01   0.9507133515039D-01
   0.9477480009420D-01  -0.6104214185225D-01  -0.1500536678519D-01
  -0.1550906119713D+00  -0.1544065917931D+00   0.1797678078058D-01
   0.1019003370440D+00   0.3421649606307D-01  -0.1901191189138D+00
   0.1238995889884D+00  -0.5344808011049D-01  -0.1426357233430D+00
  -0.8487437456131D-01   0.6539404849946D-01  -0.1875302479280D-01
   0.6466420058844D-02  -0.6569731247500D-03   0.3946750390701D-02
  -0.2399289952823D-02   0.3000230885758D-02  -0.1409425177779D-02
  -0.1137995545832D-01  -0.1180329099667D+00   0.3556441146285D-01
   0.1717944808827D+00   0.8225021703827D-01  -0.2810962532063D-01
  -0.1396406662235D+00   0.5928677496852D-01   0.1569984183418D+00
   0.9079919481358D-01  -0.6451136357413D-01   0.1352377397425D-01
  -0.9243164297396D-01   0.6761568680055D-01  -0.2236678563152D-01
   0.1012941911490D+00   0.4969768291146D-01  -0.2405712922029D-02
  -0.1632846038276D+00  -0.7797334365414D-01   0.2126731504600D-01
   0.1687576805871D+00  -0.1767602323010D-01  -0.1224636871484D+00
  -0.8126325446678D-01  -0.7517816214462D-01   0.4159069586674D-02
   0.3624230893092D-02  -0.3981645852786D-02   0.1125801653470D-01
   0.4482786632450D-02   0.2015721500404D-02  -0.1391108516364D-01
   0.9802441812999D-01  -0.4394029717067D-01   0.1812125512069D-01
  -0.1772276722826D+00   0.1723677811576D-01   0.1291969510974D+00
   0.7568022656181D-01   0.8144476021919D-01  -0.1241010956686D-01
  -0.1487589361584D-02   0.4378830077859D-01  -0.1026591095131D+00
  -0.1521397252905D-01   0.7747951688493D-01   0.7894828496018D-01
  -0.7381436422858D-01  -0.8612322526264D-01   0.9390185463501D-02
   0.1083734843946D+00   0.3628648598376D-01  -0.1659594146426D+00
   0.3505310447524D-01  -0.4142985236718D-01   0.9281968515556D-01
  -0.1336638728774D-01   0.4401927564115D-02  -0.7173607668513D-02
   0.4058370768057D-02  -0.1982141081207D-02   0.1069148614737D-01
  -0.1180610817193D-01   0.3503595581655D-01  -0.8690615917302D-01
   0.4609288855749D-01  -0.6562337833980D-01   0.2287450851070D-01
  -0.1435378835994D-01   0.7604854354522D-01   0.6093216467866D-01
   0.5062983703806D-01   0.5418441737917D-01  -0.1923748537252D-01
  -0.1186694620069D+00  -0.4240637235463D-01   0.1780605689176D+00
  -0.2769926729142D-01   0.2982869543174D-01  -0.1047746479556D+00
   0.3184303449551D-01  -0.2873192297020D-01   0.1037475655652D+00
  -0.2636460385914D-01   0.2582980844611D-01  -0.1098299956732D+00
  -0.2297000525850D-01   0.9045430963639D-01   0.7010623790406D-01
  -0.5771516629306D-01  -0.9047083991528D-01   0.3110949953355D-01
   0.1107125587180D+00  -0.2332762363102D-01   0.4291981816679D-02
  -0.2680645893908D-01   0.3190673213594D-01  -0.1052246968630D+00
  -0.1089270479188D+00   0.3023654940667D-01  -0.8894550757975D-02
   0.2351245761719D-01  -0.2837209102705D-01   0.1079573965627D+00
   0.1670192680663D-01  -0.9049857134430D-01  -0.6628521043274D-01
   0.9926055491515D-01  -0.3643339706597D-01  -0.1808164622038D+00
  -0.2288488782140D-01   0.8080556967090D-01   0.5023432675555D-01
   0.2687491595079D-02   0.5362063269959D-02  -0.7303054864031D-02
   0.4594171009584D-02   0.3866436432527D-02   0.8775124847421D-03
   0.8352594974143D-02  -0.8129743176046D-01  -0.4964088209406D-01
   0.1722159470005D+00  -0.4636637649630D-01  -0.2886260830272D-01
  -0.9285181412120D-01   0.1532322148222D-01  -0.1927114900272D-01
  -0.1067644435774D+00   0.3741053080767D-01   0.1869961802167D+00
   0.2468885678098D-01  -0.9147848347163D-01  -0.6241227848859D-01
  -0.2866825821646D-01   0.9433469320377D-01   0.6104741594793D-01
  -0.1707899410442D+00   0.4939745248628D-01   0.2551940982461D-01
   0.1571689104612D-01  -0.1954424256294D-01   0.1095682600460D+00
   0.5739583660743D-01   0.9016334432961D-01  -0.3549012289030D-01
   0.2712572357069D-01  -0.9219573448259D-01  -0.6091679180022D-01
   0.1981180712744D+00  -0.2941703525836D-01  -0.8272431450604D-01
  -0.9860702025643D-01  -0.1497680231745D-01  -0.3967884331164D-01
   0.4929970942803D-01  -0.4987118637102D-02  -0.2170971593479D-01
  -0.3485438897150D-01   0.3287168832472D-02   0.1644444634631D-01
   0.9430418041782D-01  -0.1806576882815D-01   0.4289828078936D-01
   0.1714193968017D-01   0.2210850263091D-01  -0.2588519224350D-01
  -0.6006836055631D-02  -0.8915787100457D-02   0.6181481540036D-02
   0.2782407501999D-02   0.4348831889649D-01  -0.1868099007183D+00
  -0.1958711400448D+00   0.2585581019309D-01   0.8821810381472D-01
   0.1053419720185D+00   0.3056017780864D-02   0.3508102492117D-01
  -0.9131554496823D-01  -0.3771218935039D-01   0.5330340353740D-01
  -0.2141689189010D-01   0.6344312443395D-01  -0.9026991128616D-01
   0.1069896416079D+00   0.1263516767946D+00   0.1459153567145D+00
  -0.1134435923608D+00  -0.1791936142800D+00   0.6104022011712D-01
   0.1688008820970D+00  -0.3355479553135D-01  -0.1236940966454D+00
  -0.5513657716648D-01  -0.6442793114835D-01   0.5724401579894D-01
   0.8727430338164D-03  -0.7695888319910D-03   0.6076867227014D-02
   0.1047469140436D-01  -0.2937420427065D-02  -0.2669471414252D-01
   0.5143567181704D-01   0.6790030159168D-01   0.5582717430835D-01
   0.2534771132935D-02  -0.1942242168150D-01  -0.7220141362996D-01
   0.8480300924463D-01   0.5015213766540D-03   0.9012383873822D-02
  -0.3870556539507D-01  -0.5169648149603D-01   0.3068770047062D-01
  -0.1817195691752D+00   0.2850699553023D-01   0.1171179619243D+00
   0.5381367246433D-01   0.8391809909074D-01  -0.4620918970630D-01
  -0.4964757806825D-01  -0.8928848469595D-01   0.5489125022011D-01
  -0.5739978197680D-02  -0.9774085069099D-02  -0.1139218063447D+00
   0.1170997766428D-01   0.1072933515444D-01   0.1148562921680D+00
  -0.4816613206275D-01   0.9713953877920D-01   0.3075946428345D-01
  -0.4502120439998D-01  -0.8765092731116D-01   0.5700138315256D-01
  -0.1632487060465D-01  -0.1436524891728D-01  -0.1122530928613D+00
  -0.5181235864672D-01   0.9780665920063D-01   0.2836186775336D-01
  -0.4381965898692D-02  -0.1182582010115D-01  -0.1139059693551D+00
   0.1070779365098D+00   0.6049743160439D-02   0.3304935499452D-01
   0.1000525149514D+00   0.4123021528990D-03  -0.1699995871679D+00
   0.6438933642626D-01   0.9278643295139D-01   0.2404562743038D-01
   0.1229674371538D-01  -0.8137398469063D-02  -0.3667921357117D-01
  -0.3801770385946D-02   0.1980999657757D-02   0.1734210139426D-01
  -0.1120336225266D+00  -0.1308733639875D-02   0.1855853978155D+00
  -0.4018082500696D-01  -0.2517734614647D-01  -0.1057628880803D+00
  -0.2484851322259D-01  -0.7470798152891D-01   0.8215398154085D-01
   0.9834859191547D-01  -0.8023547578517D-01  -0.1624005397286D+00
  -0.4531390775289D-01   0.9185065760985D-01   0.6479666008152D-02
   0.1777070877805D-01  -0.1825195305558D-01  -0.2789677646839D-01
  -0.1333872595771D-01   0.1326567632532D-01   0.1445796532306D-01
   0.9737401503386D-02  -0.9932916966374D-01  -0.1528890713735D-01
   0.1544810071665D-02  -0.5618939645035D-02  -0.1149098718284D-01
   0.8396946690378D-02  -0.4464932882665D-02   0.1443951633016D-02
   0.8962914002579D-01   0.5272801530800D-01  -0.1775027288271D+00
  -0.9615428876076D-01   0.8232837384489D-01   0.1759730739506D+00
   0.4500934987142D-01  -0.1035920876328D+00  -0.1330461708747D-01
  -0.8992983268595D-01   0.4048511157392D-01   0.5811054159107D-01
   0.7274887550331D-01   0.8043333150410D-01  -0.3165968995658D-01
   0.9991456075419D-01  -0.1440236103963D+00   0.1327485641934D+00
  -0.1936173898418D+00   0.9229862430184D-01   0.4954667546020D-01
   0.1447012762537D+00  -0.5813544151016D-01  -0.1320726702810D+00
  -0.9135370442799D-01  -0.3248206676571D-01  -0.7925854616766D-02
   0.8759382724252D-01   0.3871742884998D-01  -0.6071316017078D-03
  -0.1860599591872D-01   0.2762259712266D-02   0.1633192616165D-01
   0.5724332407266D-02  -0.3628733954687D-01   0.1055129508967D+00
   0.1178635412088D+00   0.1442102592167D+00   0.6428044890292D-01
  -0.4607692277472D-01  -0.8050176825228D-01  -0.2837213520288D-01
  -0.1606075265059D+00   0.6952377876347D-01   0.1384791392748D+00
   0.1097951944261D+00   0.2984182943515D-01  -0.1039602858258D-03
  -0.3120362719410D-01   0.2082473235914D-01  -0.1071689132308D+00
  -0.9646387881739D-01  -0.1346763658320D+00  -0.7695587954497D-01
  -0.6963819132880D-01   0.8751063312451D-01  -0.1996752864877D-02
   0.8950584600324D-01   0.1590310646385D-01  -0.6680458263223D-01
   0.3061930321087D-01  -0.2313117991895D-01   0.1065284649647D+00
   0.9177838432827D-01   0.5496941969972D-01   0.9293342139909D-01
  -0.4562577943845D-01   0.3158640346842D-01  -0.5085332312708D-01
  -0.1104521577578D+00  -0.6714505063595D-01   0.5971835615001D-01
   0.1145658968756D-02   0.7904860736857D-01  -0.1293025539191D-02
   0.1381246153852D+00   0.1373950844323D-01  -0.2995554883660D-01
  -0.2830132308050D-01   0.4325471304938D-01   0.5707276839372D-01
  -0.4222084829686D-01  -0.1328989632696D+00  -0.2875562996418D-01
  -0.6686805956495D-01  -0.3616599460902D-01  -0.4392349884591D-02
$end                                                                            
