   -0.39084270
    0.04256122
    0.20095218
   -0.36329643
   -0.07591773
    0.00684323
   -0.04283808
   -0.04047482
   -0.03411848
   -0.03422697
   -0.03933222
    0.17281216
    0.05435455
    0.05975156
    0.05497719
    0.03280248
    0.03587186
    0.02304609
    0.04932967
    0.03657773
   -0.39390190
    0.03068253
    0.20362516
   -0.39533187
   -0.01531503
   -0.11086527
   -0.11590549
    0.17168810
    0.06139355
    0.04388653
    0.04429519
    0.04193752
    0.03522481
    0.04552457
    0.04956566
    0.03833536
   -0.28374450
    0.03038609
    0.20438411
   -0.38758158
   -0.06148846
   -0.06512912
    0.00828912
    0.04910811
    0.04681867
    0.05344808
    0.05053883
    0.04321081
    0.04314908
    0.03168606
   -0.39276536
    0.01620473
    0.26092869
   -0.48755760
    0.11758229
   -0.47716872
   -0.12477222
    0.16603242
    0.05027470
    0.02012087
    0.33176606
    0.06552211
    0.04961056
    0.05579594
   -0.17084817
    0.01606319
    0.28270385
   -0.49312099
   -0.02083175
   -0.11636613
   -0.13295410
    0.22307041
    0.07117928
    0.04431753
    0.05713385
    0.03116497
    0.05035641
    0.06463554
    0.06548542
    0.05329746
   -0.18050577
    0.02475090
    0.27629628
   -0.49144175
   -0.08094847
    0.00773014
   -0.04157452
   -0.04602277
   -0.03058623
   -0.03266875
   -0.03378209
    0.22262388
    0.06513203
    0.07467576
    0.07059533
    0.04704622
    0.02868951
    0.04554930
    0.03732045
    0.04112272
   -0.17036818
    0.02265227
    0.27039505
   -0.50454302
   -0.07826165
   -0.01264440
   -0.11831388
   -0.11926949
    0.21026765
    0.07553988
    0.05763103
    0.06625566
    0.03618612
    0.05112615
    0.04097265
    0.04679256
    0.05229780
    0.04617454
    0.03232683
   -0.18490973
    0.02604221
    0.27585582
   -0.50688808
   -0.07014162
   -0.01622927
   -0.11050888
   -0.12131034
    0.24090452
    0.07591737
    0.04938697
    0.04893157
    0.05592141
    0.05278433
    0.02762364
    0.04213876
    0.05406833
    0.04468740
    0.03580268
   -0.19750696
    0.03201607
    0.27740366
   -0.52315891
   -0.00115297
   -0.10055109
   -0.11928308
    0.22919005
    0.08104638
    0.02738651
    0.03756707
    0.01936705
    0.04650447
    0.04439052
    0.05491406
    0.06040860
   -0.19299560
    0.03286945
    0.27232470
   -0.50667949
   -0.02197157
   -0.06490856
   -0.11487818
   -0.10570121
    0.22970917
    0.04882297
    0.05454812
    0.02852937
    0.04517494
    0.06669385
    0.04465745
    0.04047542
    0.03932524
    0.03822814
    0.05173706
   -0.18567177
    0.02169052
    0.27375051
   -0.47103477
   -0.01216627
   -0.12861814
   -0.12812475
    0.22799913
    0.07839252
    0.04136010
    0.05680407
    0.06897360
    0.04485199
    0.05326664
    0.04666815
    0.05886698
   -0.19360654
    0.02272110
    0.26988104
   -0.50758493
   -0.04395554
   -0.10992632
    0.36704848
   -0.59840046
   -0.58480359
    0.20254028
    0.08869604
    0.03715350
    0.03472477
    0.04645481
    0.05742259
   -0.18757084
    0.02423382
    0.26587812
   -0.50547379
   -0.07212357
   -0.00439482
   -0.09776512
   -0.10583839
    0.21609559
    0.07497028
    0.05408595
    0.06037463
    0.03198685
    0.02683821
    0.03182151
    0.04168567
    0.02447521
    0.04370281
    0.03559170
   -0.17686509
    0.02370408
    0.26074072
   -0.50196239
   -0.02345647
   -0.06661290
   -0.12777556
   -0.11682178
    0.23392413
    0.07612547
    0.05910229
    0.05395300
    0.03194718
    0.06220052
    0.05335789
    0.05070383
    0.05130447
    0.03524704
    0.04488710
   -0.08684516
    0.01286553
    0.27425916
   -0.48897666
   -0.08090962
   -0.08078439
   -0.00640678
    0.09534100
    0.07867412
    0.09324467
    0.05541434
    0.09796976
    0.03397457
    0.07090951
   -0.17076972
    0.00397104
    0.28755092
   -0.47612846
    0.06651424
   -0.46404741
    0.21102998
    0.08768171
    0.07996996
    0.05576699
    0.31693594
   -0.19101620
    0.01783527
    0.28035865
   -0.48893087
    0.11526773
   -0.49192599
   -0.14275338
    0.21634512
    0.08519900
    0.03198636
    0.34644775
    0.06155413
    0.07110016
    0.05516745
   -0.19765112
    0.01035851
    0.28325494
   -0.49818482
    0.07205667
   -0.46249562
    0.23637001
    0.07432723
    0.06852397
    0.05902961
    0.31750270
   -0.18987408
    0.01493286
    0.26920096
   -0.49241384
    0.07673409
   -0.47974309
    0.22827648
    0.09804059
    0.05238519
    0.03718642
    0.35755501
   -0.17228545
    0.03383978
    0.20698398
   -0.36135481
   -0.13015057
    0.22076940
    0.08750261
    0.07373076
    0.08554974
    0.07095069
   -0.38638019
    0.03970187
    0.19867325
   -0.38562278
   -0.06348431
   -0.00995213
   -0.22879221
   -0.05364054
    0.16618437
    0.06821631
    0.05680876
    0.04742644
    0.06426288
    0.05435658
    0.05504893
    0.05471963
    0.05819824
   -0.39318164
    0.03500243
    0.20588062
   -0.38773857
   -0.01649750
   -0.12031067
   -0.11392436
    0.16768663
    0.04545087
    0.04835421
    0.05199043
    0.04991560
    0.03938923
    0.04764476
    0.04054441
    0.04212793
   -0.38434502
    0.04856763
    0.19207314
   -0.40075225
   -0.08752489
    0.37611087
   -0.61693031
   -0.64486957
    0.16063640
    0.06039411
    0.02133812
    0.01832041
   -0.38717824
    0.04322965
    0.19945858
   -0.38322129
   -0.07306816
    0.01525195
   -0.04162597
   -0.04361052
   -0.03342145
   -0.04329761
   -0.04036089
    0.17280978
    0.04492179
    0.06696848
    0.05592919
    0.03871346
    0.03474375
    0.04080991
    0.04719519
    0.03495105
   -0.39323186
    0.03707952
    0.20105751
   -0.38943628
   -0.07953972
   -0.07662785
   -0.09219911
   -0.03351797
   -0.19276347
    0.17130118
    0.05701495
    0.05390705
    0.05561663
    0.04876629
    0.06524812
    0.07866513
    0.08102675
    0.09795870
    0.09475887
    0.29068502
    0.26222905
    0.26360978
    0.18717711
    0.07672870
    0.17496592
    0.06460120
    0.17977196
    0.07343902
    0.18824784
    0.07384948
    0.18634614
    0.07854100
    0.18267127
    0.07576709
    0.18060099
    0.07736580
    0.17881374
    0.07796234
    0.18110516
    0.08035194
