$grad                                                                           
  cycle =      1    SCF energy =  -615.32585402704   |dE/dxyz| =  0.671007
   80.11130915017021    119.10162058097509     89.77712565048620      n 
   78.62010353203765    117.42024609050662     88.22266214330526      c 
   77.27054427225389    118.89696466813409     86.13331789880768      c 
   77.32912747119936    118.20213025555937     83.93390468082472      o 
   76.76196992497373    115.86241567012914     89.81983979281347      c 
   75.85142423259080    113.71071766179068     88.19975360600341      c 
   77.30746090808967    111.53306666975827     87.99062830061897      c 
   73.68289107056489    113.94905971809901     86.74626811155869      c 
   76.66191745786658    109.65668579485067     86.28852168439740      c 
   73.02135415418266    112.06870741554542     85.05504068939017      c 
   74.55440616401393    109.96433509879091     84.76509448043932      c 
   79.35921196122449    119.71084175820405     91.42210210601264      h 
   79.92151354954292    116.13408084674690     87.24603171175572      h 
   77.76747214610091    115.13498904960504     91.46540631942500      h 
   75.19216057470044    117.03537592960818     90.46136479390668      h 
   78.97995556611787    111.32604477410840     89.14405721345624      h 
   72.53338166383038    115.62914170253650     86.90378493569433      h 
   77.80609136983702    107.96726048545624     86.15954339383367      h 
   71.30713253097838    112.24665787169313     83.96226709326096      h 
   74.11323758262024    108.59574487006491     83.32083450222332      h 
   77.21926906023891    117.30558374862896     78.72658705666983      n 
   74.85115310075872    116.39847704132261     77.68403992964475      c 
   73.87900284830835    118.11784581370712     75.58558142728961      c 
   72.40743279992796    117.31360999752711     73.97513080267282      o 
   72.71469038068643    116.05556313606523     79.63823211091875      c 
   71.57547960961135    118.59203171485488     80.39798070820352      c 
   70.64498155967624    114.33978104482419     78.58928349869002      c 
   77.14509956833747    118.64688446873171     80.08464941369552      h 
   75.25993694834885    114.56308691439236     76.81892790536767      h 
   73.56807177315216    115.17461560290782     81.30288575023046      h 
   70.50222777070958    118.35394514666031     82.13106343515216      h 
   73.05355563861531    119.98146930293264     80.67656239366750      h 
   70.30942831727124    119.31266826696219     78.94608956855025      h 
   69.13890634453945    114.14983588108078     79.97105955441094      h 
   69.83859004126519    115.14802424767836     76.87968952671928      h 
   71.37352429958915    112.47507346234039     78.13686444179405      h 
   78.66214317032444    116.05720898551084     69.57176225864279      n 
   78.00884453727284    113.93454505754839     67.94802899391406      c 
   75.85735477956857    114.71727650239544     66.22425733448939      c 
   75.84509135955690    114.21740474732418     63.97445920389701      o 
   77.21310268982458    111.75729343415098     69.67865071318447      c 
   76.79288419914340    112.96664605221322     72.27440532932198      c 
   78.03648513146616    115.58147813211022     72.19405210533802      c 
   79.60063095814057    113.41727022340304     66.72986563481584      h 
   75.49711785328796    110.87854598381647     68.95092803855555      h 
   78.67308626338176    110.31058324331624     69.75545885418433      h 
   74.77778912627501    113.15558007103330     72.66037607417221      h 
   77.68007865644114    111.86502708676484     73.76531807545926      h 
   76.73953952632054    117.01657817476890     72.89144927977442      h 
   79.71429154155264    115.62386684057438     73.38854061019175      h 
   70.99529788997359     96.08786045549274     58.40344148593989      n 
   69.22142311784147     94.80069887243455     60.01531762891701      c 
   70.58012201128976     93.62624394744401     62.26766461563372      c 
   69.77465515789548     94.01348151600469     64.40858213408490      o 
   67.68458208918501     92.88956933088924     58.42762616008859      c 
   66.32033684572917     94.17963116858046     56.54501830690911      o 
   65.78333553013975     91.49231934286065     60.07096809753315      c 
   71.16980053526866     95.42612242559328     56.61487834284489      h 
   67.89952496768285     96.19746061744982     60.81011766473110      h 
   69.01634927661102     91.54656352693614     57.56576541157494      h 
   67.45574464934491     94.62967367909953     55.18003548754155      h 
   64.47318798147147     90.48325308064071     58.85648100109215      h 
   66.72622498045362     90.16728206253610     61.31718230125762      h 
   64.72817177234714     92.85175016742028     61.18727457752059      h 
   72.65903436005546     92.26856454659446     61.82961397226329      n 
   73.96483720804632     91.18404437673684     63.98783285056505      c 
   74.60446418105721     93.29817135604051     65.84847487418487      c 
   74.20802579498599     93.09254916736218     68.12406621573271      o 
   76.44089206233087     89.76926869438797     63.39031366257122      c 
   77.03719887755571     88.04312102148910     65.62518504045318      c 
   76.25018442005616     88.23171606372503     60.96789214808663      c 
   73.16593647467015     91.75740625116809     60.05588603523893      h 
   72.66017973958292     89.88524550223492     64.95959349405908      h 
   77.95741623874768     91.15803974494294     63.18111386173322      h 
   78.76491837366558     86.98671390716980     65.28825748143448      h 
   77.26379905553766     89.13505405031955     67.34931192829413      h 
   75.49487268009212     86.71153307759295     65.89584408729128      h 
   77.72031059195552     86.79805606518316     60.91684697694682      h 
   74.41759623325463     87.33308944870383     60.86465314212482      h 
   76.45012218098715     89.43870930262574     59.33078174504325      h 
   75.74200244734628     95.29305635034279     64.81673244783799      n 
   76.63462470685154     97.38927594904590     66.33127602006179      c 
   74.48565457593548     98.40161377626092     67.96761519741042      c 
   74.77973423253297     98.74360745679057     70.23914284411995      o 
   77.71540381062484     99.45879939417655     64.63365661366477      c 
   79.95615118816708     98.60311370465919     63.09632229226933      c 
   80.86088610100140    100.14754163340278     61.17042120706397      c 
   81.12877264567265     96.29380316191215     63.49837095078500      c 
   82.86342898729247     99.39413876268985     59.66932368881460      c 
   83.09433071065828     95.51769991136808     61.96514073034810      c 
   83.98566568072106     97.06273303599629     60.05650166467849      c 
   76.09240761555023     95.34363131968294     62.93140906376060      h 
   78.08600379370044     96.73327656520993     67.67008074402139      h 
   76.22915211020216    100.08867406868542     63.34544709347489      h 
   78.25041336791382    101.06399658878010     65.81871194068317      h 
   79.98448924562632    101.96543935958246     60.86553087712046      h 
   80.52312951920875     95.07188175376244     65.01188882965229      h 
   83.53105850447920    100.61401080405459     58.17791574698430      h 
   83.90318682817171     93.67021909331478     62.26264174560336      h 
   85.55980070326530     96.45294282297769     58.90978782251528      h 
   72.37340831161188     98.98555248689259     66.73310162194045      n 
   70.23062301940186    100.04351378666576     68.05553496516461      c 
   69.28104850310461     98.18085477936070     70.04365736369699      c 
   68.73394092123308     98.92812935895998     72.17393200361634      o 
   68.10643354345953    100.77300549214833     66.24124593430187      c 
   68.88776037692928    102.73754705351475     64.25731719008485      c 
   66.66354864870800    103.26276922235850     62.50252805250929      c 
   69.80205533264979    105.19443508683651     65.45310851471585      c 
   72.21650636197029     98.64549557061466     64.85409431104428      h 
   70.85523556359925    101.71486882637399     69.11687408241995      h 
   67.46089551410429     99.06389966719281     65.28283121878670      h 
   66.54161826984024    101.52521984466982     67.35644187828480      h 
   70.41955987054320    101.93854832802151     63.13120173795829      h 
   67.20301108157975    104.61959900884629     61.06224518510112      h 
   66.05228415956499    101.53784760932471     61.57191425969437      h 
   65.08231399701491    104.04613740356115     63.55206218498505      h 
   70.09692216536290    106.60639952102251     63.99154410282105      h 
   68.40632088499041    105.91402615410951     66.77677171653220      h 
   71.57579132066257    104.91295924016086     66.44746141340238      h 
   69.03954621689527     95.78615414388744     69.32390513152437      n 
   68.13096024345415     93.87832804965959     71.06030941522317      c 
   69.83295095031106     93.71191479127430     73.40437627799804      c 
   68.90250393280316     93.42230640806449     75.50811395882734      o 
   67.91930509693482     91.30273130973166     69.75968352400480      c 
   65.89241407954681     91.17387666866109     67.68139254774478      c 
   65.96583050828754     88.59056928806805     66.39057442018579      c 
   63.24563315834850     91.64878116493517     68.71459706715289      c 
   69.57500793325852     95.18754096765232     67.58208339451321      h 
   66.27276385553681     94.46511572133693     71.77596877821243      h 
   69.76102130957025     90.85667727709993     68.94397507519503      h 
   67.50139395634650     89.89655427181434     71.21102519711448      h 
   66.32762176099556     92.61263193093370     66.26812510499789      h 
   64.52787546596390     88.49444534313513     64.92597110370919      h 
   67.79889706749682     88.25109367001144     65.52506811006958      h 
   65.60114569813526     87.09614540598362     67.75165700789940      h 
   61.86356550940985     91.42127323082629     67.21328737293058      h 
   62.81024352085728     90.30886543575210     70.20958837138997      h 
   63.07208929121407     93.55071137637321     69.46442709669725      h 
   72.31965704932219     93.92235323736323     73.01942366589978      n 
   74.08685891793611     93.80850253296977     75.10906042958082      c 
   73.98196722323253     96.24484533197818     76.61933493362886      c 
   74.27908209491089     96.26501765627647     78.93484444531876      o 
   76.79589261205216     93.22329644078054     74.24775062707722      c 
   78.54718017890640     93.19028343791645     76.53834492018800      c 
   76.86737031009233     90.64470450884454     72.96491805467983      c 
   73.04233908577251     93.98634901545090     71.24788715297403      h 
   73.51483669574162     92.29608755825979     76.41366258255316      h 
   77.39432933418189     94.70139480993571     72.92407868263274      h 
   80.47257474877134     92.72776659941889     75.99203645844496      h 
   78.58973524410328     95.00334228477620     77.50361841209882      h 
   77.88492195715288     91.76703642442989     77.86741133207424      h 
   78.79360683488176     90.18444407002674     72.41998381657594      h 
   76.20583267769292     89.22398218018667     74.29302964076726      h 
   75.66445146849281     90.63398167279524     71.30555256115882      h 
   73.41402643511175     98.36689029589064     75.39103255986473      n 
   73.08496275992661    100.66501432223298     76.84873307651203      c 
   70.78728542662624    100.29722886561679     78.59637864427508      c 
   70.84607134592291    101.02482152162020     80.80694891821315      o 
   72.93693542783755    103.00066922679180     75.12820593915922      c 
   75.47699862745425    103.33600247032535     73.76107998234846      c 
   72.30757034344219    105.34385388140073     76.68786607837231      c 
   75.35812145310250    105.18738064538148     71.55905694303644      c 
   73.40746501106265     98.44508322617642     73.47684995439903      h 
   74.71844812133462    100.87170323135200     78.12421838496991      h 
   71.44105520086030    102.66408537150672     73.73826389044004      h 
   76.89542174658072    103.96646243755826     75.12078909777794      h 
   76.09506596031734    101.51531981948735     73.02755545637015      h 
   72.15144840898870    106.99684041581833     75.48317899676944      h 
   70.54066768874385    105.09649653520638     77.70218983956340      h 
   73.80205061891738    105.68153707247362     78.05843386788767      h 
   77.14475582832112    105.17794534443904     70.54394957542205      h 
   73.87723075912220    104.61456089855410     70.25757018527214      h 
   74.98849518023508    107.10058749387683     72.19762681979192      h 
   68.82456908711460     99.09378782262866     77.57480512560196      n 
   66.56674615156366     98.38887200651820     78.96350907161053      c 
   67.18020729745643     96.37165370276871     80.96079351935872      c 
   65.55189581067789     95.55426985052230     82.38462268484477      o 
   64.41930542423535     97.42687485191637     77.22805732298475      c 
   61.99719245362131     96.98095029896032     78.74002436499256      c 
   63.79569614574898     99.30263371653574     75.12466584713032      c 
   68.86124912604899     98.67935369463912     75.70417627450583      h 
   65.86246984857212    100.07524426635416     79.95353140042337      h 
   65.09932800891710     95.64452904457762     76.42756781990217      h 
   60.50951406755461     96.29783303651408     77.50281848467941      h 
   62.30147104469304     95.62291553590191     80.23991539545747      h 
   61.36987017771702     98.74867917982721     79.58034819391143      h 
   62.26610039573508     98.55505054752354     73.97227764227813      h 
   63.17515688996161    101.09034877726984     75.92374234939726      h 
   65.41011226200462     99.63518880497625     73.91569153084924      h 
   69.58615957798338     95.61728640437045     81.16054537963328      n 
   70.43340912854040     93.94200866813514     83.12658645894952      c 
   72.14004612991117     95.17371497860661     85.07403534894904      c 
   72.43047420442822     94.17734111949558     87.15060256651996      o 
   72.02989726164726     91.76218188495099     82.13572937261137      c 
   70.53330748660666     90.07963994012140     80.36889562488003      c 
   72.28960687785413     87.96076170620030     79.42264122158235      c 
   74.27108960653374     88.55735827971898     78.34541738830578      o 
   71.58543424919658     85.71871462768449     79.84431457636710      o 
   70.90848450385037     96.05013125526219     79.85598971184061      h 
   68.77855167170260     93.20254252592034     84.11815698656439      h 
   73.67038269898447     92.55173981928098     81.16640134876545      h 
   72.69529664917953     90.69628860847121     83.77476499424786      h 
   68.90759572794191     89.32309152513470     81.38247563151145      h 
   69.88822979865007     91.20837923666637     78.76850510261912      h 
   73.25679311692268     97.32458849554496     84.37668475871394      n 
   74.70601992931442     98.80962966549244     86.15956640030224      c 
   72.81867328312634    100.40877518584227     87.68631587324823      c 
   72.88407483061536    100.49729226403267     90.01175184058363      o 
   76.76075069986946    100.37900559521398     84.86734361903609      c 
   78.65562385560560     98.74732929283471     83.38459006571826      c 
   80.40430836786147    100.43935850625932     81.83242791744301      c 
   80.26166969778708     97.05839457954033     85.08497818670439      c 
   73.14970634792584     97.88314076118841     82.55373031618933      h 
   75.60802982633835     97.50456365906578     87.49187727737961      h 
   75.88772631613082    101.72103571325042     83.56414243083688      h 
   77.77884319726816    101.43237590840545     86.31856998957211      h 
   77.58638810613290     97.53593126072728     82.08927123210094      h 
   81.76260346315713     99.31338500940120     80.77326060779710      h 
   79.33699180988995    101.58122324077192     80.49963832459468      h 
   81.50325801320336    101.67957060248584     83.04805115662001      h 
   81.67984631047827     96.10903081115013     83.93596599029974      h 
   81.26217336228696     98.16280534106852     86.50105330811078      h 
   79.13226174533652     95.62087101928756     86.02055888644952      h 
   71.02055097114339    101.54606250672980     86.33755885371946      n 
   69.14691903427597    103.13060182612534     87.54389546179668      c 
   67.43703930796272    101.81967486849304     89.47088600764894      c 
   66.68425237754927    103.13829083282982     91.24052509550391      o 
   67.56291006873576    104.70436998369885     85.66060222995978      c 
   65.76401954611580    103.13679477988151     84.01815629379085      c 
   69.32430577742514    106.27179477118878     83.99375150870996      c 
   63.25035291444686    102.50842511883448     85.27307057960125      c 
   71.02516867467057    101.41451644577472     84.42447296412548      h 
   70.17396663284435    104.50707584071168     88.71810348388743      h 
   66.43212510889074    105.98947798758398     86.82414972177754      h 
   65.34036461317329    104.23446162085651     82.32215859899196      h 
   66.73642171944427    101.42193276086732     83.43010657449642      h 
   68.21454132609554    107.49063588106564     82.76939043714766      h 
   70.56557440639078    107.45703917228039     85.11643193813732      h 
   70.47981911996747    105.04145769226743     82.82276191856771      h 
   62.05341873174974    101.46330190889157     83.97182263784352      h 
   63.47902941086320    101.36511145112321     86.95297013329711      h 
   62.31098482009602    104.25259959810064     85.81112387369028      h 
   66.69436249377004     99.41754446553506     89.25316486728852      n 
   65.01894366511517     98.31337422227857     91.14196288290998      c 
   66.51188751421405     97.99401584225294     93.55841161749846      c 
   65.73880276828223     98.85637741916575     95.56499077964915      o 
   64.12089708881292     95.79326455014338     90.04179656321590      c 
   66.16852771659161     95.06690633437273     88.13707435859962      c 
   67.48481455079911     97.54294005245049     87.42791090531745      c 
   63.44969795225138     99.59295564646901     91.56785952971600      h 
   63.88186711292168     94.38450971853932     91.52444395343066      h 
   62.31340260747411     96.06288583545710     89.10128897923543      h 
   67.53241824733739     93.75240530176978     88.94632689337406      h 
   65.39086275154756     94.23713859170743     86.42569614669384      h 
   69.52008996475020     97.30186124551157     87.48622684372340      h 
   66.95057118610879     98.13112246149808     85.53287819812969      h 
   68.71137975241038     96.77057454150619     93.38520219311768      n 
   70.22935627487092     96.52838356716235     95.64821759914628      c 
   70.43219131506142     99.12748413093186     96.91764814742795      c 
   70.06081738225109     99.36522035621864     99.18104267915822      o 
   72.82024845134124     95.34406629925860     95.08407211167767      c 
   74.63036389545537     97.00669480015073     94.09967308742632      o 
   69.40285389927753     96.13272002277650     91.72603246556740      h 
   69.22801464711465     95.30577071981514     96.99773227594854      h 
   73.61100254818207     94.67947579512393     96.87153995317185      h 
   72.52707876185005     93.72456882406475     93.81574238394145      h 
   74.13182373520738     97.65999618483228     92.46144327025694      h 
   70.95868199797550    101.07248114837741     95.37737300295180      n 
   71.24621270479385    103.55873740738596     96.48854273481065      c 
   68.75573382102625    104.33591399656893     97.75596939294029      c 
   68.77718191348586    104.96853485238576     99.97806267374376      o 
   72.40620003947259    105.54520708712994     94.68068195919832      c 
   74.13540100287001    106.92460835883236     96.18372071184616      o 
   70.51617760937044    107.30465934401641     93.40416212102539      c 
   71.53264544171834    100.79677700700896     93.56935387189540      h 
   72.59564589075502    103.43275516941148     98.07100450952863      h 
   73.45930381418884    104.48838253858452     93.21902187350229      h 
   74.54211856344698    108.50740800804631     95.36994313568955      h 
   71.49490846866701    108.54100309790334     92.08086127227010      h 
   69.11391783331733    106.22426966419533     92.37274871486353      h 
   69.56301004034074    108.45574369881277     94.81532199229424      h 
   66.62411908705222    104.24441271134744     96.40593054584394      n 
   64.27319723356972    105.30835935637145     97.35457190186141      c 
   63.09845313496654    103.85485288785841     99.56368814978937      c 
   61.62113660099453    104.86794610656551    101.01848707104308      o 
   62.37019541731631    105.38997732480040     95.17449447393111      c 
   61.59596115619178    102.97462887842158     94.37872825884469      o 
   66.65771986951971    103.71480165096285     94.55449819253383      h 
   64.58539168141883    107.21966423160362     98.10169814931201      h 
   60.66360816619369    106.38733010579480     95.77530571003751      h 
   63.25829863853182    106.40298757206612     93.59388171271759      h 
   62.97283171710743    101.79676356671109     94.64157748105049      h 
   63.74278665337962    101.41650696347006     99.68447993740321      n 
   62.84630744714919     99.81402589030375    101.69144935914292      c 
   64.47256088479691    100.14486691472722    104.07327656880041      c 
   63.59553031039164     99.81042272243521    106.18622411987242      o 
   62.72614073722669     97.02906743970820    100.88074922645013      c 
   60.18330799059658     96.34939682593316    100.50958912728035      o 
   64.86294958290536    100.65436997708481     98.33640698581794      h 
   60.93161779438520    100.44607976673072    102.18679719249464      h 
   63.79643665980658     96.80165653036566     99.11782290720505      h 
   63.59047516251927     95.84587647776097    102.35113689522487      h 
   60.09587276766202     94.58131215672421    100.06185161622403      h 
   66.87746452256849    100.77432390594412    103.63235138373105      n 
   68.65501072891908    101.33236215970430    105.63677018112986      c 
   68.17705520603815    103.97108019191906    106.75848199145972      c 
   68.04525257736888    104.28874247884349    109.04977826465937      o 
   71.34194266397616    101.19449683949004    104.61700877868411      c 
   67.56160868137079    100.86930913131074    101.84934283551792      h 
   68.34146844046171     99.97600072648625    107.17532941249215      h 
   72.68611907907759    101.52038712075421    106.13168777679525      h 
   71.69183143735239     99.35994590394908    103.76588685027774      h 
   71.58478324692184    102.63180659709377    103.16962217329598      h 
   53.15466281204147    114.98547513285058     87.35777138666163      n 
   53.88236309152816    112.64861692526244     86.14706940317126      c 
   52.30871295773368    112.18579525809557     83.78205919695037      c 
   53.26338601341260    111.35212655207444     81.82420714487996      o 
   53.53870227076651    110.43672476799173     87.97831659886519      c 
   55.10146976534858    110.77246609557638     90.37229704900774      c 
   58.48126510481573    111.10189644827142     89.75886696624114      s 
   59.23372177443907    107.88334246486708     88.86593789744479      c 
   51.95282448418135    114.81971027893375     88.83878195181705      h 
   55.86791029096754    112.79048713034268     85.55898052157420      h 
   51.54815748771971    110.31002597107064     88.50466468835037      h 
   54.06832717660620    108.69084099192018     87.01952632960835      h 
   54.57838263571644    112.49568695827936     91.37164349182352      h 
   54.86509803312410    109.15194750016281     91.62037240564722      h 
   61.25440251608696    107.83127628972568     88.52356792712523      h 
   58.75982481730225    106.60798949353946     90.40425499122922      h 
   58.22650389833456    107.38198037194569     87.14964293288038      h 
   56.77786390046315    110.44995444418757     67.85356093400536      n 
   58.11784293527655    108.22437275573785     66.96724470133128      c 
   56.30522851057508    106.73983796034622     65.28127237081200      c 
   56.92879793511914    106.08889746963051     63.13395450174863      o 
   59.32480403957646    106.77869222139289     69.19820624170434      c 
   57.67733054780170    104.66667863732467     70.25590981876282      c 
   61.88722990685579    105.70275390197229     68.42292675577178      c 
   56.90691589147274    110.86833919847577     69.72211162191664      h 
   59.65364296776472    108.86472282614716     65.71810002549996      h 
   59.62211377601525    108.17219421862535     70.69775639452081      h 
   58.59507458351480    103.86484276554137     71.90983800626657      h 
   55.83648607500633    105.36996950719312     70.81656047710743      h 
   57.43846359365480    103.17910658670405     68.85978345894908      h 
   62.74395638693923    104.72301629268802     70.01341255064513      h 
   61.65699324608166    104.35869703055646     66.88562433748571      h 
   63.16203385402464    107.19493408484712     67.81772672960285      h 
   92.65392634653273     99.80034361888491     80.97616783684168      n 
   91.16690433409781     98.26024528680617     82.67053568458327      c 
   92.73867446817349     96.83812368486885     84.62200934220039      c 
   91.74312703837651     96.19335290976035     86.62656434575440      o 
   89.47660993369217     96.39092985647191     81.28424369992770      c 
   87.39775434775864     97.82833994227190     79.73126864068196      c 
   86.83600438783027     99.97980866751531     80.47094273854474      o 
   86.43194740492062     96.63886306584679     77.93980516679800      o 
   93.20236972219858     98.88746353537566     79.38936704026172      h 
   89.93026066426211     99.47611151488256     83.79624395689262      h 
   90.58219040100099     95.15023539031138     80.06473024634505      h 
   88.47312646257703     95.23312990414593     82.67528740407326      h 
   69.67897675251579     77.35712699521518     64.44477193407744      n 
   68.03021868551193     78.84233313445858     66.05577030672104      c 
   66.56200343794062     77.08157261179365     67.80723775243101      c 
   66.44346502455529     77.45889622392316     70.09448059332709      o 
   66.22084469672791     80.44528097673737     64.45850632867332      c 
   67.52693579765692     82.29239885137922     62.71955334739819      c 
   66.12813214403809     83.62715962360137     60.93356613528707      c 
   70.12820870760774     82.59626485215938     62.72621171401055      c 
   67.31050969102489     85.13858611195803     59.15781052628755      c 
   71.31934141897935     83.97373300621422     60.85614507736027      c 
   69.92144355371582     85.28200425581402     59.08253566262466      c 
   69.51221837215758     77.60150757649716     62.55349521387219      h 
   69.19564732770264     80.04256519715152     67.28852049405903      h 
   65.08984069288994     79.16689526057867     63.28884514670944      h 
   64.92234527991623     81.44613060508307     65.71252666393866      h 
   64.09028087374729     83.50678892758921     60.94121892048044      h 
   71.27405564630651     81.72914500804514     64.16291557936560      h 
   66.20021009009345     86.15902955486033     57.78504421883132      h 
   73.35192928244876     83.94192770490554     60.75251970672361      h 
   70.87029493425322     86.44039185678538     57.69575434552875      h 
   68.22295268602434     75.24587470652084     84.45704747743696      n 
   67.37568520121216     76.97061382739689     86.41929274644191      c 
   65.09471966879303     75.84746969777197     87.80229774083641      c 
   64.90814590294376     76.03210355788909     90.12079710379091      o 
   66.78156156388883     79.66237051682833     85.50086336249598      c 
   64.98668249104280     79.77823383170320     83.23511940252308      c 
   63.61742539730449     82.32261901654657     83.00076645130217      c 
   65.42397259776432     84.56654172819142     82.87212646552500      c 
   67.00497306101174     84.30262523109933     80.58168580807875      n 
   67.72968058132355     75.53180421528317     82.63077495015565      h 
   68.88469343580637     77.08338030965277     87.84732302423579      h 
   65.96883020502430     80.66244122357034     87.11242170251231      h 
   68.56946558890304     80.57813792659950     85.03017939149541      h 
   66.10695529773899     79.34924322258293     81.55658833714813      h 
   63.54415642482446     78.32185355621669     83.38306881573105      h 
   62.43723623479210     82.29958995705900     81.30815594664820      h 
   62.39026522473774     82.54986512099934     84.63556460627201      h 
   64.37142184889048     86.33506480493891     82.78860824877472      h 
   66.62756702205988     84.59270554860956     84.53953824451943      h 
   68.88317397104328     85.24629436457644     80.51119239326347      h 
   67.51924600539336     82.44205282744009     80.44116728730936      h 
   65.99431669304913     84.79577709310487     79.01066997228870      h 
   81.56242564107914    118.33106831480251     90.21652536297573      h 
   76.31253462346436    120.47009769561905     86.55585091978442      h 
   78.06263074154018    116.00837985385087     79.43267848282068      h 
   74.43706137164700    119.92159693351147     75.50737179919638      h 
   80.28502228062484    116.49359984648623     69.31025053325233      h 
   74.38652307602939    115.67529616219716     66.92419775709939      h 
   70.54165693892440     97.71971548437286     58.24910087349559      h 
   67.96848037139766    105.46053512654720    105.61432959817661      h 
   54.53972239132121    115.76962319960613     87.95717420907317      h 
   50.45617853136773    112.55873553561240     83.79185267881692      h 
   57.36151691476690    111.82521819626187     67.04081205303494      h 
   54.58489865664296    106.28265465545516     65.91571132251602      h 
   91.74380989236009    101.15315176487366     80.49226688350139      h 
   94.55169004767892     96.44057729786047     84.26705083472407      h 
   71.30125934512002     77.71847213351535     64.80559163048692      h 
   65.66563847792705     75.57627389412011     67.09895123365658      h 
   69.92305694844106     75.22475418218085     84.41507852359341      h 
   63.74304886419345     74.95689480250908     86.82714310928630      h 
   0.9658892162001D-01  -0.6667396045851D-01   0.3163676271555D-01
   0.9742866574069D-03  -0.8675315432194D-02   0.8828914007479D-03
  -0.3830441052917D-01   0.7186205776948D-01   0.3097057538919D-01
  -0.5357631315327D-03  -0.2791206978907D-02  -0.1914557332416D-01
   0.8682347172413D-02   0.8704718050024D-02   0.5405695695848D-02
   0.2522517188963D-03  -0.1014918541188D-02  -0.2549625293265D-02
   0.9775136970325D-03  -0.3575440907804D-05   0.1226031941111D-03
   0.2716364775103D-03   0.8688129475266D-03   0.2118880717990D-03
   0.3070487517471D-03  -0.9069337844683D-03   0.1339716830254D-03
  -0.4360672071624D-03  -0.3459224340668D-03   0.9030564901387D-04
   0.1444205269447D-03  -0.2436145631791D-03   0.4552640571950D-03
   0.1481236646330D-01  -0.9679135511077D-03   0.3227265730479D-02
   0.1211968485684D-02   0.1416913284770D-03  -0.5708831557242D-03
  -0.7729516586809D-03  -0.1717719884963D-03  -0.7084664067669D-04
  -0.4978872934767D-03  -0.6172669305899D-03   0.8079790971952D-03
   0.1878404286696D-03   0.5961004747984D-03  -0.2441279981862D-03
   0.3875021267659D-03   0.5948936510273D-03  -0.8296872486564D-03
   0.1960345531978D-03  -0.1252562935388D-02   0.1723060759377D-02
  -0.1412607805404D-02   0.1390074172264D-03   0.8939504206477D-03
  -0.7633746874099D-03   0.1695261769665D-02  -0.1091506898539D-02
   0.5684338722298D-01  -0.9853352805939D-01   0.6082254057837D-01
  -0.2574233414862D-02  -0.1209634685625D-01   0.3968865272080D-02
   0.3361119330824D-01   0.8754816180210D-01   0.1267775594988D-01
  -0.6558665442096D-02  -0.8539901042505D-02  -0.1440929473488D-01
   0.7496601203101D-02   0.2231518959130D-02   0.2407136515907D-02
   0.4580554350774D-03  -0.3568793023736D-03  -0.5632800481306D-03
   0.6687118543920D-03   0.2523228976040D-03  -0.1764109635318D-02
   0.1120553378852D-01  -0.4453578251757D-02   0.3621534220021D-02
   0.2267007502282D-02  -0.5575568497011D-03  -0.1307391984512D-02
  -0.8261171187537D-03   0.7331830009420D-04  -0.1682639968094D-03
   0.1205023486287D-03  -0.2406403404070D-02  -0.1009024310376D-02
  -0.1201093249941D-02  -0.1562516474440D-02  -0.3915090118118D-02
   0.9773217175364D-04   0.1501284600778D-02   0.9646205758598D-03
   0.8399747810213D-03   0.8787909443831D-03  -0.5554207574777D-03
  -0.9375555806148D-03   0.3232968155295D-04   0.2103234605805D-04
  -0.7931359211160D-03   0.7622669483007D-03  -0.8624375680872D-03
   0.1194577940635D+00   0.3011274024736D-01  -0.1020552727731D-01
   0.1397487743162D-02  -0.8122199929268D-02   0.1527631435650D-03
  -0.5505680235304D-01   0.4306488707538D-01   0.4352780264428D-01
  -0.2746221913960D-02   0.6403249458166D-04  -0.6137198371126D-02
   0.4550962973481D-02   0.5031383920969D-02  -0.1135345543674D-02
   0.1941207427953D-02   0.1856692895615D-02  -0.2689691942686D-02
  -0.1324047346234D-02   0.7010114209492D-02   0.3903906933593D-02
   0.5919788556356D-03   0.1204656841242D-02   0.4400558662379D-03
   0.6325292340587D-04   0.1023689316994D-02  -0.1736703827725D-02
  -0.1418548780982D-02  -0.1108132293137D-02   0.2145551546395D-03
  -0.4980822946476D-03  -0.1123861976724D-03  -0.1570689444036D-04
   0.2986320935064D-02   0.3893714025473D-02  -0.1069578075900D-03
  -0.1206471232496D-02  -0.3123427871985D-02   0.7500112932941D-03
  -0.2513302371492D-02  -0.1268661967646D-02  -0.9804538055142D-03
  -0.4879401197225D-01   0.1092785350457D+00  -0.4747322994541D-02
   0.4065977527635D-02   0.4038925942743D-02   0.5211183137402D-02
   0.8943958243109D-02  -0.8652031585155D-03   0.2194044195426D-02
  -0.5723870518971D-02  -0.2236701334723D-02   0.6091587180556D-03
   0.4343488847922D-02   0.4564315079687D-02  -0.8560781222413D-02
  -0.3871184667683D-02  -0.3432328704366D-03   0.5507896266222D-02
   0.5211034931915D-03   0.9652144227134D-03   0.1090965444856D-02
   0.5281250126638D-03   0.9844622546542D-02  -0.2765763852467D-02
   0.6472188103251D-03   0.4297300541187D-02  -0.4044705974569D-03
   0.7671934016195D-03   0.1168725372157D-02  -0.1162196288484D-03
   0.4489938512328D-02  -0.1157875615810D-02  -0.1582578770596D-02
   0.6036920183873D-03   0.4535154975825D-03  -0.6792624637228D-03
  -0.4607909055197D-03  -0.2681327897252D-03  -0.3190479331879D-04
   0.1239244397589D-02   0.5741621173915D-03  -0.5138546757599D-03
  -0.3832134868910D-02   0.2082125862619D-02   0.2823727007757D-02
   0.4582575917633D-03   0.1060780495916D-02  -0.7439907971713D-03
   0.3389628246770D-02   0.8346141531805D-02  -0.7792171440604D-02
   0.5017139236633D-04  -0.3140618856086D-02   0.6081686151676D-02
  -0.6977226170123D-03  -0.6274649164861D-03   0.4588421907939D-03
   0.3748978526426D-03  -0.4706638189499D-03   0.7305583898738D-03
   0.2671520414854D-02  -0.2191401429290D-02   0.2312215217250D-02
   0.5256850420440D-03  -0.3025301897635D-02  -0.3542683357364D-02
  -0.1075115979199D-02  -0.1167300260611D-02   0.3157569087808D-03
  -0.1512084724947D-02   0.4639481005921D-03  -0.4481732066846D-03
  -0.3109621071406D-03  -0.8859435193731D-03  -0.3615113338836D-03
  -0.6094224603134D-04   0.8116192135401D-03  -0.8376448866639D-03
  -0.9704727920944D-03   0.8107302566429D-03  -0.9343661565327D-03
   0.4953485954947D-03  -0.1541100295080D-02   0.4376268835715D-03
   0.4498166393218D-04   0.9647972769672D-03  -0.1208576301652D-02
  -0.3478451377093D-02  -0.1408302938986D-02   0.4124420628248D-02
   0.9807841576226D-03  -0.4177662689020D-02   0.6820321644910D-02
  -0.2559163122983D-02   0.1305780029982D-03  -0.2604709564885D-02
  -0.7325701800966D-02  -0.1351253569257D-02  -0.3305272629382D-02
   0.3766543924210D-02   0.2889843156536D-02   0.2530956742664D-02
   0.2166868061339D-02   0.2645777948123D-03  -0.5405507508052D-03
  -0.1777922673554D-02   0.2205558233443D-03   0.7061549505871D-03
   0.1340698649505D-02  -0.8943894617636D-03  -0.1239699669304D-03
   0.1282521016648D-02   0.7702025732842D-03   0.2086585053894D-03
   0.1328901452825D-03  -0.4547032021420D-03  -0.6135546488735D-04
  -0.2021630647608D-02   0.2127894264301D-02   0.6247041378519D-03
  -0.6691913073387D-03   0.6535981679147D-03   0.1563984927852D-05
   0.6419551014911D-03   0.2355661215159D-03  -0.2947337884659D-02
   0.1470512747973D-02  -0.3389160911926D-03   0.1417077644086D-03
  -0.5688779413765D-03  -0.2098622758087D-02   0.2524910937536D-03
  -0.2174819510085D-03   0.2929189021240D-03   0.2991820662293D-03
   0.8694775937110D-04   0.1488292530971D-03   0.7259308327037D-03
  -0.9657788034569D-03   0.1197969652439D-02   0.6505604658815D-03
  -0.3375452563096D-03  -0.5832896980845D-03  -0.5156064390845D-03
  -0.2378489914147D-02  -0.9672185182374D-04  -0.6471641396101D-03
   0.1254814156300D-02  -0.5120315160760D-03   0.8420385194299D-03
   0.2346054109317D-02  -0.1045112646942D-02   0.5765682804043D-02
   0.1662347385213D-02  -0.1061674212674D-02  -0.5157536949314D-03
   0.6060378075496D-03   0.9664722762415D-03  -0.1475350753790D-02
  -0.2627607965071D-02   0.2410491925929D-03   0.4297219932084D-04
   0.2372574181707D-03   0.1050189884983D-02   0.3880082807052D-03
   0.6990070157388D-03   0.2162025609839D-03  -0.9259484917415D-03
   0.5624868341618D-03   0.3170245148921D-03   0.8637303951431D-03
   0.1374626954564D-03   0.4762399654932D-03   0.2469494157059D-03
   0.6918946804704D-03   0.8606511569072D-03  -0.4022972637623D-02
  -0.5844848649486D-03   0.1064395748711D-02   0.6453814967731D-03
   0.9163192142704D-03   0.5761914839552D-03  -0.4774036509615D-03
  -0.4699987428037D-03   0.8975997860916D-03   0.7683379400590D-04
  -0.2360172136942D-02  -0.7644209822924D-03   0.1968355356443D-02
  -0.2267820221164D-03  -0.4402481362022D-03   0.1004829627402D-02
   0.1487134306490D-02   0.2085775264595D-03  -0.3050879444586D-04
   0.2037136944941D-03   0.6727019350846D-03  -0.1263226241633D-03
  -0.8827691533326D-03  -0.5033897233364D-03  -0.6500552521091D-03
   0.4684944376894D-04   0.4222311555911D-04  -0.2230644174776D-03
  -0.3947118716501D-03  -0.1252914361771D-02  -0.1762190625185D-04
  -0.1646477008568D-03   0.7430617044261D-04  -0.3172197421052D-03
  -0.5737187430403D-03   0.2371136831661D-03  -0.1988606409958D-03
  -0.1363925032977D-03   0.2423068081477D-03  -0.4498690732197D-03
   0.2456430418449D-03  -0.7759412592054D-03  -0.1832964779344D-03
  -0.1916655261317D-03   0.1734021316643D-04  -0.1820993923569D-03
   0.9227206186539D-04  -0.1199864602595D-03  -0.3311936817148D-03
  -0.3394571215643D-03   0.1019701467359D-03  -0.5711859910288D-03
   0.3341623939497D-03  -0.1057963810020D-03  -0.3020984600923D-03
   0.6153714160234D-03  -0.6671999703693D-03   0.4038519528726D-03
  -0.8695596667705D-03   0.7118801160291D-04  -0.5376219628263D-03
  -0.3412835899130D-03   0.7027020168721D-04  -0.5321012735450D-03
  -0.4797554454910D-03   0.1768516443907D-04  -0.1968681609008D-03
   0.3357580944642D-03  -0.1563531179236D-03  -0.1920944773735D-03
  -0.4832332452688D-03   0.1932882875445D-03  -0.4662110632348D-03
  -0.3299164779907D-03   0.2698752222722D-03  -0.5295567438947D-03
  -0.5995497294043D-03   0.2382618955088D-03  -0.5608149308412D-03
   0.3636984156717D-03  -0.3017669326974D-03  -0.1900198334383D-03
   0.9809520595207D-04  -0.8922204556987D-04  -0.4265998731823D-03
   0.7559813132038D-03  -0.1971451188332D-03  -0.1490077901189D-03
  -0.1521046012692D-03   0.3686800480794D-03  -0.2360903041224D-04
  -0.2937424952493D-03  -0.4974277272214D-03   0.1670734265414D-03
   0.7112502770022D-04  -0.6618538136744D-03  -0.3914896208748D-03
   0.7057851978901D-03  -0.1297135926422D-03  -0.9638708073018D-04
  -0.9518614766155D-04  -0.2698529578591D-03   0.2045070377168D-03
  -0.1166653481112D-03  -0.1977019177238D-03   0.1075915696833D-03
   0.1926067325285D-03  -0.2327342488396D-04   0.1181927139080D-03
   0.6495043044404D-03  -0.7869781615871D-04   0.1723768612528D-03
  -0.5695388140834D-03   0.1623382726556D-03   0.1139370524298D-02
  -0.8833106580800D-04  -0.3426382329225D-03   0.9382539976040D-04
   0.9343120613983D-06  -0.2953854479932D-03   0.5631163138979D-03
  -0.5535949951800D-03  -0.2582240913212D-03   0.1033605098452D-03
  -0.3454823354333D-03   0.3695711853514D-05   0.1292002847649D-03
   0.1424185149764D-03  -0.3275668099223D-03   0.1590351380867D-03
   0.1008601961820D-03   0.2023245151103D-03   0.1999108789969D-03
  -0.2150356435078D-03   0.6283749618427D-03   0.4849630434058D-03
  -0.3473766264153D-03  -0.3015631883666D-03  -0.5979934068659D-03
   0.1345973050050D-03  -0.5752140289099D-03   0.3117972982494D-03
   0.6892682990098D-03  -0.1177849227061D-02   0.1226623600178D-02
  -0.1708949839139D-03   0.1506793187465D-02   0.1017697089776D-02
  -0.1932000291879D-03  -0.3065299251855D-03  -0.1881034206306D-03
  -0.1146570242282D-03  -0.9569237862896D-04  -0.1910480646921D-03
   0.1163677919433D-03  -0.5247040424889D-04  -0.3681430079378D-03
   0.3734493671210D-03  -0.1274111017179D-03  -0.1520381310046D-03
  -0.1335963472212D-03   0.2237074778017D-04   0.1575135487974D-04
   0.1559952930049D-03  -0.4343314333258D-03   0.2743267160388D-03
  -0.6260500023081D-04   0.5008508662855D-03  -0.6226256092611D-03
  -0.2395056789349D-03   0.1916832551246D-03  -0.3812157904842D-03
  -0.3849755217045D-03   0.5951592503058D-04  -0.6009151316168D-03
   0.5318904783272D-03   0.6964563359148D-03   0.4734778789417D-03
   0.4927191706991D-03  -0.2095497609718D-03   0.1139423843912D-03
   0.2452453881727D-03  -0.5003194593996D-04  -0.6750371585599D-03
   0.1134922943396D-03  -0.1054328414754D-03  -0.7338392118424D-03
   0.2793939198159D-03  -0.8028668132831D-03   0.4182073298673D-03
   0.6551001165201D-03  -0.1117313119393D-03  -0.1385629998505D-03
   0.1940634786962D-02  -0.3404088435165D-02   0.2200785447154D-02
  -0.8215817004872D-03   0.1268178238784D-02   0.4396939958409D-03
   0.1246128665083D-04   0.8765282404225D-03  -0.1272891748615D-02
  -0.3990357190201D-03  -0.1828011276785D-02  -0.1750650000195D-02
  -0.1281629587860D-03   0.3607795701528D-04   0.1234189521289D-03
   0.1262324706501D-03  -0.2371241401610D-03   0.2063974349951D-03
  -0.4772103155513D-03  -0.5507204969306D-03  -0.1724255618070D-03
  -0.9722603114870D-03   0.1186166897524D-02   0.2682942195442D-03
  -0.1383122746186D-02   0.2569568063566D-02  -0.1218071348519D-02
   0.1792742280468D-02  -0.2054518343802D-04   0.1680794000341D-02
  -0.7859987462562D-03   0.7263764094983D-03   0.8086334033216D-03
   0.1633955862744D-02   0.3141371227624D-03   0.3936010428176D-03
  -0.1273600484943D-03  -0.2102281677613D-03  -0.1761402760069D-03
  -0.6789384032134D-03   0.3672305462843D-03  -0.5425350757638D-03
  -0.7620339920212D-03  -0.3970013394771D-03  -0.7057381800333D-03
   0.2722336255027D-03  -0.1271791706246D-02   0.7543898392645D-03
  -0.5477045953040D-03   0.1629212930178D-03  -0.1469413525567D-02
  -0.7231110310097D-03   0.6420431773861D-03  -0.9829107183818D-03
  -0.4610048132068D-03  -0.5737359712281D-03  -0.6576756663327D-03
  -0.8906775464916D-03  -0.3125516844039D-02  -0.2145904185780D-02
  -0.4205002380663D-03   0.6266416567368D-03   0.3289325780564D-03
   0.1616512223422D-03   0.4405837793875D-03   0.2291143925719D-03
   0.6459934471450D-04   0.2147636047796D-03   0.1182876714741D-03
   0.5901515836134D-04   0.1342376244110D-02   0.2781429297973D-03
   0.1096685358781D-02   0.4090944360507D-04  -0.2194173232615D-04
   0.1558536429375D-02  -0.1606158698707D-03  -0.4754264930633D-03
   0.1119963659669D-02   0.9077730505596D-04   0.1177613802370D-02
  -0.1008668876452D-02   0.2053404354301D-02   0.7495693377601D-03
  -0.1142827074821D-02   0.1526941771977D-02   0.1216078411708D-02
   0.3159241806833D-03   0.1122963657911D-02   0.1073132475212D-02
   0.8358019466086D-03   0.1739304135388D-02   0.7972656192985D-03
  -0.1259870075950D-02   0.2787583744665D-03  -0.2245984507712D-03
  -0.3994712202192D-03   0.5660602473483D-04  -0.5623757744708D-03
  -0.1979972913063D-03   0.4788846512155D-05  -0.9414403063207D-04
   0.1151250241892D-03   0.1285504879442D-02   0.2366897584861D-03
   0.1381840076627D-04   0.2118679052706D-03  -0.1954307041966D-03
   0.2217417659403D-04   0.5680281830269D-04   0.1022972079347D-03
   0.3882192635063D-03  -0.4019704423990D-03   0.5258093739186D-04
   0.1522522286702D-03   0.1440373949047D-03  -0.1074844598232D-03
  -0.3369859198471D-03  -0.1020551084790D-02  -0.1272650956957D-02
   0.8123842580717D-03   0.5096889806407D-03  -0.8145421205533D-03
   0.1062557741978D-02   0.5335959915926D-03  -0.5465834992182D-03
   0.5951548137477D-03  -0.7532986912398D-03   0.8181148667393D-04
  -0.8442133018100D-03   0.1400629773214D-03   0.7013349268605D-03
   0.9901429909370D-03  -0.2327527478757D-03   0.6472187405933D-03
  -0.1286406338847D-03  -0.6221529620446D-03   0.3458717861002D-03
   0.1213053279733D-02  -0.6021310937540D-03  -0.4934181317997D-03
   0.4503172304171D-03   0.8713791657207D-03  -0.1923774462822D-03
   0.1269557411517D-02  -0.7460677498098D-03  -0.2562347451618D-03
   0.1616868776813D-03   0.4719697240262D-04  -0.3308323367766D-03
  -0.4280240977210D-03  -0.7738765014396D-03   0.2135376396978D-03
   0.3054663039293D-04  -0.2066476915727D-03  -0.2111364178008D-03
   0.6012856338694D-03   0.1958261273232D-03   0.1444347330357D-03
   0.2233648240103D-02   0.2429101829806D-02  -0.6497064675714D-03
   0.2010253173460D-03   0.5573160753885D-04  -0.1683464297450D-03
  -0.5803121428629D-04   0.2874636948662D-04  -0.8286420193763D-04
   0.3496069014513D-03   0.1684687300776D-03  -0.2202379395810D-03
   0.2544230511255D-03  -0.2676072181804D-03   0.1132664171992D-03
   0.8713948936720D-03   0.4039132243976D-03  -0.1958986916625D-05
  -0.1443348337618D-02   0.4864109124317D-03   0.5101364918066D-03
  -0.7891791000748D-04  -0.2671978959813D-03  -0.5348024777894D-04
  -0.1472172094470D-02   0.1207774340713D-03   0.1902820316249D-03
  -0.1221315313471D-03  -0.4891881576197D-04   0.3411525263108D-03
   0.1239243147501D-04   0.2919534412556D-03   0.1172147242703D-03
   0.1318142310058D-02   0.1335074829622D-02  -0.2360939867268D-02
   0.1104354193710D-02  -0.5964639017088D-03   0.1235266528189D-02
   0.3198880874413D-03  -0.9103529776431D-03   0.4875504928395D-03
   0.1297494005858D-03  -0.6539432013109D-03  -0.2097620942731D-03
   0.1995242580937D-02   0.5472213197851D-03   0.4096464009971D-03
  -0.3688770973679D-03   0.6223971514730D-04   0.6658846383631D-03
  -0.3681608714283D-03  -0.7261917266017D-03   0.6295134239174D-03
   0.3257055878598D-03  -0.3024858770812D-03  -0.3402270475158D-03
   0.1357851327836D-02   0.9795960841261D-03   0.4520479659146D-04
  -0.9201752022344D-04  -0.1221753109779D-02   0.6078958085039D-03
  -0.7180709501337D-04  -0.2158048835705D-03  -0.2219555773288D-03
   0.1776179453834D-03   0.2551707587574D-04   0.5643792476895D-03
  -0.1389183776914D-03  -0.5679585342494D-03   0.2371851494711D-02
  -0.3571946845046D-03  -0.8353904280419D-03   0.1367900585470D-02
  -0.3732190955082D-04  -0.4457402607512D-03   0.8025200530174D-03
   0.6218075383814D-03   0.6930211331353D-03   0.2048688736260D-03
   0.2455513649265D-02   0.1033938676952D-02  -0.2126814761430D-02
   0.3362372678377D-03  -0.1702470183329D-02  -0.4654405927003D-03
   0.8068797903681D-03  -0.2804393065336D-03   0.1983881619244D-03
   0.5001429974168D-03  -0.3549519749433D-03  -0.5104779082871D-03
  -0.6580602596501D-03  -0.4083629028483D-03   0.2763727570252D-03
  -0.6523696611716D-03  -0.1791115916641D-03   0.1766530041730D-03
   0.2273240993435D-03  -0.4302124197393D-03   0.9813676151314D-04
  -0.6545535937219D-03  -0.3792421169734D-03   0.2795082015902D-03
  -0.1383842419997D-03  -0.1088327079774D-02  -0.1917864846974D-03
   0.4939067087030D-03   0.5356036515714D-04  -0.2554266343780D-03
  -0.7683781942771D-03  -0.4293514712596D-03   0.4210177377161D-03
  -0.8860961994738D-03   0.6408937601729D-03   0.9027134186656D-03
  -0.7777527687694D-03   0.1052613710117D-03  -0.3178589512420D-03
   0.7986078856072D-03  -0.5137080118802D-03  -0.2544358962598D-03
  -0.5171128294139D-03   0.1989251052255D-03   0.9331007971956D-03
   0.1475303632519D-04  -0.6884780578474D-04   0.5925299875427D-03
  -0.2578069766975D-02  -0.2064903559873D-02  -0.7836207078639D-02
   0.2111689214740D-02  -0.4956005099261D-02  -0.3082012800141D-02
   0.5108867305857D-03   0.1008656680102D-02  -0.3462148464587D-03
  -0.1803520272962D-03   0.6120669848197D-03  -0.3216534150739D-03
   0.7350175256639D-03  -0.4800295200928D-03  -0.4500574512673D-03
   0.1979070130409D-03  -0.6096698846302D-03  -0.8916939862743D-03
   0.4579276205403D-03   0.1343412966668D-02   0.7692888543213D-03
  -0.6010595912856D-04  -0.6656766912320D-05  -0.4492009129710D-03
   0.3504184618966D-03   0.7729692004593D-03   0.9434326795312D-03
  -0.3128113164284D-03   0.3454497304748D-03  -0.5466548803224D-03
   0.4935782245442D-03   0.8223132398581D-04  -0.4495162918611D-04
  -0.5398454234070D-04  -0.6127391951665D-04  -0.1034119646921D-03
   0.1353294314715D-02  -0.1548760068584D-02   0.2154700777827D-02
  -0.1531757506915D-03   0.4998543530872D-03   0.1137095383193D-03
  -0.1405335892093D-02   0.5588928446713D-02   0.8688024532550D-03
  -0.6804845275138D-03  -0.3238897451761D-02  -0.1015052416006D-02
   0.9571856931296D-05   0.7647839292420D-04   0.1150018044287D-02
  -0.9738571247003D-04   0.3991619696209D-03  -0.1462233490658D-02
  -0.7175716454159D-03  -0.6890634627924D-03  -0.1884733277952D-02
  -0.1828792470419D-02  -0.3130400783748D-03   0.3172576808591D-02
  -0.8216883670275D-03  -0.5795007923722D-03  -0.8562585263432D-04
   0.8936073187622D-03  -0.2026958952970D-03   0.8631449671893D-03
   0.8343717779214D-04  -0.3198838567814D-03  -0.4023934009250D-03
   0.1899660001634D-02  -0.1496164750827D-02   0.8109647369110D-03
  -0.4195139142579D-03   0.6297248714145D-03  -0.5232463909248D-03
   0.3991792641184D-03   0.3754276755368D-03  -0.1316411172599D-02
  -0.5171401799608D-03  -0.8049148238006D-03   0.1286827418516D-03
  -0.9046054890449D-05   0.1975681954013D-03   0.2493162312099D-03
   0.5104053945704D-03  -0.2897361177564D-04   0.1931873442423D-03
  -0.5997942979593D-03  -0.7967879553961D-04  -0.1396489704683D-02
  -0.4023455818542D-03   0.1900870239318D-02  -0.8749961397491D-03
  -0.1159087681261D-02  -0.6406165310757D-03  -0.8370055529625D-03
   0.3785905011346D-03  -0.6038066130471D-03  -0.3542255924295D-03
   0.3886128255190D-03  -0.2873899301821D-04  -0.2153388983584D-05
  -0.1533943635511D-02  -0.1181646005930D-02  -0.8015211627636D-03
   0.3612695720121D-02  -0.5241330148434D-02  -0.3413574452684D-02
  -0.5529659463533D-02   0.6205079447929D-01  -0.7256988737329D-01
  -0.2968492670501D-02   0.4036513067877D-02   0.2263207045104D-01
  -0.1500748061431D-02  -0.2488349758205D-02  -0.8842280244119D-03
  -0.2725002345218D-03  -0.1806827600036D-02  -0.9294136978506D-04
  -0.9671818218841D-03  -0.4421407302803D-04   0.3999583902661D-04
  -0.3795857235822D-03   0.8416890189670D-04  -0.3050322430356D-03
   0.1360759128826D-02  -0.2203815034568D-03  -0.6878316189121D-03
   0.2864417459828D-03  -0.2218491504742D-03   0.2484883016836D-03
   0.1055604321247D+00   0.4356814474231D-01   0.4532922314930D-01
   0.7168512669446D-02  -0.1049622957912D-02   0.4748464178692D-03
  -0.9026213174661D-01   0.2705153572746D-01   0.2790648541113D-01
   0.1090170184209D-01  -0.9181686095761D-02  -0.2576692646282D-01
  -0.1119802293882D-02   0.1004385258539D-01   0.2118443249229D-02
  -0.1148140148687D-02   0.1329255645382D-02   0.7065346115629D-03
  -0.8209627022986D-03   0.1895126207185D-03  -0.2867614026828D-03
  -0.5565925241615D-03   0.4969635958757D-03   0.1284543368000D-03
   0.6029271711663D-02   0.7960362934136D-02   0.4966615523027D-02
   0.2296467638265D-02   0.1898535465238D-02  -0.5262157594219D-03
   0.5808516378466D-03   0.6002488906748D-03  -0.1518973776449D-03
   0.3252709563054D-03   0.1925373740441D-02  -0.1109516505239D-02
  -0.3295306719313D-03   0.1373749805926D-02  -0.6429437840387D-03
   0.4090972675776D-03  -0.7310071485045D-03  -0.6464166819140D-03
  -0.1932195554365D-03  -0.2906531913078D-03  -0.4567461219669D-03
  -0.9335817657147D-04  -0.4968819638683D-04   0.5624806297689D-04
  -0.6072432032032D-04  -0.2922050477954D-04  -0.1379904829230D-03
   0.5354596727295D-01   0.9131017148907D-01  -0.6315086475757D-01
  -0.1647704458131D-02  -0.3947848661065D-02  -0.1895569136162D-02
  -0.8333130007725D-01  -0.4837486272562D-02   0.4719941490000D-01
   0.6794894793566D-02  -0.8181303911820D-02  -0.2465177877088D-01
  -0.2265891338232D-02   0.7124624355681D-02   0.2917438487333D-02
   0.7381847680237D-03   0.1157365519106D-03   0.8814285650712D-04
  -0.9208881467742D-03   0.1384789035395D-02  -0.9269454948822D-03
   0.1553511322539D-03   0.1217898191716D-01  -0.9433535079036D-03
  -0.7691876459555D-03   0.4294483318507D-02   0.9295795948344D-03
  -0.1498961338598D-02  -0.1856572550437D-04  -0.1714998040929D-03
   0.5205092340793D-03   0.5955013954699D-03  -0.2915303083212D-03
   0.1544995863659D-02  -0.6482395814763D-03   0.2232115172307D-03
   0.8038643891684D-03   0.3797153717164D-03   0.2515658338077D-03
  -0.4897717639136D-03   0.1661081845807D-03  -0.3274228224717D-03
   0.4653033171575D-03  -0.1264844996083D-03   0.7449886761829D-03
  -0.2490905844651D-03  -0.3436469549101D-03   0.3758074847660D-03
  -0.8026305478107D-01   0.9648750974264D-01  -0.3921395694221D-01
  -0.1045681694516D-01   0.3471930531974D-02  -0.8303135865216D-02
   0.9220573906052D-01  -0.1459303123881D-01  -0.2946881410373D-01
  -0.1422295591497D-01  -0.2566078946823D-02   0.1864324461215D-01
   0.3312731985752D-02   0.6085429502008D-02  -0.4264525999308D-02
   0.3532313393516D-02   0.3762164808698D-02   0.3375427791711D-03
   0.2286845867170D-03  -0.2932813243777D-02   0.1378827126943D-02
  -0.2837596743900D-02  -0.1513686021707D-03  -0.8873753497018D-03
  -0.6894158038259D-04   0.8048476132248D-02  -0.9046295008730D-03
   0.2626869243967D-02  -0.3590133026556D-02   0.2670556773916D-02
   0.1485542337781D-02   0.1016338669859D-04   0.2098257745477D-02
   0.1075098254382D-02   0.1348598666995D-02   0.2309399095907D-02
   0.1129530762566D+00   0.3796817634056D-01   0.2999760060207D-01
   0.9550060809381D-03   0.1886893177477D-03   0.3817565220762D-02
  -0.3276990708201D-01  -0.6670424363542D-01  -0.5326386942472D-01
  -0.2202324980205D-02   0.1214486719244D-02   0.2209200010343D-01
   0.6716097381482D-02  -0.3570636237301D-02  -0.3519564128007D-02
   0.6767971723085D-03   0.2676471177958D-03  -0.1007919814077D-02
   0.6752471722507D-03   0.1678419123861D-03  -0.9654596688381D-05
  -0.6564249011536D-03   0.1564033619511D-02   0.1594743567298D-02
   0.2443347431457D-03  -0.5288422228346D-03  -0.1840844807435D-03
  -0.6371501329569D-03  -0.2020167216065D-03   0.7110045666071D-03
   0.1502219847162D-04  -0.1357085868775D-02  -0.1151532570355D-03
   0.1271875940178D-01  -0.1845323302402D-02  -0.1399591901438D-02
   0.4958646244609D-02  -0.2280127911739D-02  -0.1416270839391D-02
  -0.2138064807588D-03  -0.2364801177308D-03  -0.9765421710738D-03
   0.7335977557791D-03  -0.1475432006607D-02  -0.9896652441743D-04
  -0.3348647528802D-03   0.2044057199632D-02   0.1280952825357D-03
  -0.1829858215129D-02   0.3393452201182D-03   0.2620160237037D-03
   0.6102427014333D-03   0.3243905154495D-04  -0.6373941648739D-03
  -0.1648611349939D-03   0.5255489698407D-03  -0.1695456550474D-02
   0.1171688882581D-02   0.2036782004028D-02   0.2126675715706D-02
   0.1186307318095D+00   0.6295451371830D-02   0.3333449761645D-03
   0.6102543456237D-02   0.7130741070955D-02   0.4152426630205D-02
  -0.5583904058588D-01  -0.4298995802470D-01  -0.7095265885475D-01
  -0.1280773076001D-02   0.2589170110245D-02   0.3121766455950D-01
   0.3366405488159D-02  -0.6150103357743D-02  -0.6312970965737D-02
  -0.9258868421454D-03   0.1317449087896D-02  -0.7047594540335D-04
  -0.8587869827908D-03   0.1313824940773D-02  -0.3851753675798D-03
  -0.4184427945047D-03   0.6797370666634D-03   0.6462348534402D-03
  -0.1703952709732D-02  -0.2095509229038D-03  -0.2555394709372D-03
   0.1554006174922D-01  -0.7340234709840D-02  -0.4675756797917D-02
   0.3076834493025D-02  -0.8674139332763D-03   0.2020088885944D-02
   0.8057279477499D-03  -0.1350847483405D-02   0.1789775966776D-03
  -0.3576113452104D-03   0.3825690888414D-03  -0.4048718731997D-03
   0.3633772638058D-02   0.1499490868576D-03   0.3134144649074D-02
   0.1773884640268D-03   0.1575586010596D-02  -0.1316628787679D-02
   0.1628827906450D-03   0.4819791066024D-03  -0.1346321567442D-02
   0.4064938950397D-03  -0.8525571158787D-03  -0.1116518334872D-03
  -0.1058767045388D-02  -0.5364675368798D-04   0.1972710825206D-03
  -0.1388577196880D-02  -0.1189674425912D-02   0.6051589753976D-03
   0.2305792499278D-02   0.5728949012166D-03   0.1493692028718D-03
   0.5159283552104D-03   0.1118819641125D-02   0.2759681644397D-02
  -0.1248042331801D-02  -0.6447994001591D-05   0.6043682842242D-03
  -0.1210469832099D+00   0.6042429142055D-01  -0.3103834543216D-01
   0.3610064480893D-01  -0.6297647356919D-01  -0.2575884956485D-01
  -0.6992069562953D-01   0.1063552927933D+00  -0.5471785808769D-01
  -0.2507637317406D-01  -0.7182826900146D-01  -0.3722526193863D-02
  -0.1273994006279D+00  -0.3925611930936D-01   0.1657240588357D-01
   0.5506417243389D-01  -0.3916135589566D-01  -0.3833679668537D-01
   0.3132484357919D-01  -0.1346177051060D+00   0.1031532071938D-01
   0.7227728822423D-02  -0.5385212426861D-01   0.5374791063866D-01
  -0.1124206916072D+00  -0.6712221391498D-01  -0.4460905242779D-01
   0.7320157185314D-01  -0.1767448650651D-01  -0.8058616735711D-02
  -0.4109053339919D-01  -0.1115481447329D+00   0.7004438805013D-01
   0.6731960434643D-01   0.1246625900948D-01  -0.3067032786713D-01
   0.7456133208419D-01  -0.1102756335750D+00   0.3791181500839D-01
  -0.7112877171212D-01   0.1514817878450D-01   0.1792388773211D-01
  -0.1321973937939D+00  -0.2104690972141D-01  -0.3284085545793D-01
   0.3213581676885D-01   0.5878610522970D-01   0.3637441633615D-01
  -0.1392785310302D+00   0.6620833836042D-02  -0.2172469548386D-02
   0.5013977940018D-01   0.3491057817168D-01   0.4317729966332D-01
$end                                                                            
