           2           1   1.02979786703540     
           3           2  0.943939521553354     
           4           3   1.66614179859407     
           5           2  0.958551958387924     
           6           5   1.00733566974853     
           7           1  0.955362202542190     
           8           2  0.946949706745927     
           9           5  0.965436919253031     
          10           5  0.967902601166635     
          11           6  0.881042551818783     
          12           3   1.25898200746771     
          13          12  0.980147919521106     
          14          13  0.966974988418102     
          15          14   1.90832618559024     
          16          13  0.972715767341508     
          17          16  0.987958134973829     
          18          17  0.968659300451988     
          19          18   1.61124709381537     
          20          18   1.32471605686965     
          21          12  0.926628872508524     
          22          13  0.941345186420594     
          23          16  0.970518278903941     
          24          16  0.970572635353777     
          25          17  0.960934535370720     
          26          17  0.963847703844088     
          27          20  0.901927910977226     
          28          20  0.926288069963474     
          30          29   1.02174991985193     
          31          30  0.990026423436338     
          32          31   1.85533035256110     
          33          30  0.943690477990850     
          34          33   1.00615576631833     
          35          34  0.969275316523504     
          36          35   1.62572141492355     
          37          35   1.31196595730076     
          38          29  0.950259855075282     
          39          30  0.951243279409690     
          40          33  0.964158441149681     
          41          33  0.975289368258936     
          42          34  0.961890895645636     
          43          34  0.938287955251502     
          44          37  0.927735296535188     
          45          37  0.923864519903699     
          47          46   1.02663956760965     
          48          47  0.932234094546746     
          49          48   1.65170442942139     
          50          47  0.952408065353545     
          51          50   1.01093884669752     
          52          51   1.40114245402983     
          53          51   1.40731138419821     
          54          52   1.45971212633626     
          55          53   1.44707105286285     
          56          54   1.36200124860549     
          56          55   1.36887651261747     
          57          56   1.07863333215548     
          58          46  0.951897899356640     
          59          47  0.959360034037326     
          60          50  0.966304248229375     
          61          50  0.967203268572660     
          62          52  0.967341017181091     
          63          53  0.963145998242823     
          64          54  0.967441049236589     
          65          55  0.963801350666012     
          66          57  0.863358618896115     
          67          48   1.28695999179010     
          68          67  0.974074113545787     
          69          68  0.972536518640216     
          70          69   1.87709547913256     
          71          68  0.961042728008832     
          72          71   1.00459490590691     
          73          72   1.00336682655091     
          74          73   1.01151727962675     
          75          74  0.956957905574770     
          76          67  0.897060618659770     
          77          68  0.948219420864820     
          78          71  0.966803231305257     
          79          71  0.965128737187322     
          80          72  0.974801107622280     
          81          72  0.972876717727399     
          82          73  0.969678373137157     
          83          73  0.971773912063673     
          84          74  0.963961573332990     
          85          74  0.963171193250432     
          86          75  0.893400374394979     
          87          75  0.895810372112921     
          88          75  0.897352631276609     
          90          89   1.02539244712517     
          91          90  0.940524783259763     
          92          91   1.62541967343744     
          93          90  0.963603285101635     
          94          93  0.999018319971632     
          95          89  0.953441416073765     
          96          90  0.952563333674425     
          97          93  0.969712996081433     
          98          93  0.971217266644869     
          99          94  0.866061162914169     
         100          91   1.31366333517434     
         101         100  0.983353051673132     
         102         101  0.938779541679468     
         103         102   1.60065891663897     
         104         101  0.950487517816434     
         105         104   1.00903323831339     
         106         105   1.41108467024255     
         107         105   1.40186846739150     
         108         106   1.44831925525839     
         109         107   1.46228485974763     
         110         108   1.37523219873941     
         110         109   1.36265582846873     
         111         110   1.07135042291657     
         112         100  0.883903864125538     
         113         101  0.951532353890879     
         114         104  0.966383645763102     
         115         104  0.962970872930710     
         116         106  0.965461080737852     
         117         107  0.968894128731401     
         118         108  0.965136503457086     
         119         109  0.968553875578150     
         120         111  0.856613142467548     
         121         102   1.31946876554845     
         122         121  0.983573489337489     
         123         122  0.935596897912650     
         124         123   1.59882213375904     
         125         122  0.953275292640210     
         126         125  0.991883285638006     
         127         125   1.00133315479115     
         128         121  0.895228120132508     
         129         122  0.943668715008212     
         130         125  0.950778558095494     
         131         126  0.858400120022497     
         132         127  0.979460896867689     
         133         127  0.979764457337658     
         134         127  0.983322103923670     
         135         123   1.32877955707138     
         136         135  0.987605347136934     
         137         136  0.936037333926439     
         138         137   1.59464286925462     
         139         136  0.974647752453750     
         140         139  0.915184468914010     
         141         140   1.45462791256266     
         142         140   1.53764195912086     
         143         135  0.904438415077788     
         144         136  0.939814186871291     
         145         139  0.958164379084877     
         146         139  0.968091829247424     
         147         137   1.30956294735690     
         148         147  0.983230533231465     
         149         148  0.939921283096121     
         150         149   1.62618974325313     
         151         148  0.976456772913435     
         152         151  0.954137050237130     
         153         152   1.65225492462162     
         154         152   1.31493695060380     
         155         147  0.871855909038885     
         156         148  0.946789560244930     
         157         151  0.964875470810237     
         158         151  0.950561805150964     
         159         154  0.894189367584929     
         160         154  0.933812665829076     
         161         149   1.30259420819119     
         162         161  0.994478088037841     
         163         162  0.927239116505228     
         164         163   1.62886019970229     
         165         162  0.961531188170324     
         166         165  0.965098089670581     
         167         166   1.63763879368688     
         168         166   1.31845593261693     
         169         161  0.879978397007767     
         170         162  0.943767444965126     
         171         165  0.961426077941941     
         172         165  0.966192644138976     
         173         168  0.921433054053237     
         174         168  0.926189915078647     
         175         163   1.31098248260103     
         176         175   1.00290038141344     
         177         176  0.953684487660788     
         178         177   1.61989693005195     
         179         175  0.883056224552222     
         180         176  0.954609609850339     
         181         176  0.942362619463926     
         182         177   1.30377833319477     
         183         182  0.976874072998917     
         184         183  0.933969461508593     
         185         184   1.61597943057592     
         186         183  0.975775767280104     
         187         186   1.00471642701124     
         188         187   1.00333444726214     
         189         188   1.01163410380632     
         190         189  0.959945562233965     
         191         182  0.892630515622840     
         192         183  0.953450260006882     
         193         186  0.970998564800118     
         194         186  0.960273365062035     
         195         187  0.974419032768027     
         196         187  0.974752567910192     
         197         188  0.970568574026377     
         198         188  0.970895187911512     
         199         189  0.963053655208032     
         200         189  0.962501269024989     
         201         190  0.891714153638853     
         202         190  0.895213649709834     
         203         190  0.896096800058515     
         204         184   1.30292928322192     
         205         204  0.982315958626075     
         206         205  0.938001425367317     
         207         206   1.60184028642508     
         208         205  0.940704003188814     
         209         208   1.00479612394266     
         210         208   1.00356823561484     
         211         204  0.913373059594181     
         212         205  0.949455858301906     
         213         208  0.957509703614364     
         214         209  0.837988266068426     
         215         210  0.981495138503045     
         216         210  0.976751244067937     
         217         210  0.980798139882187     
         218         206   1.33126981176978     
         219         218  0.979211428057098     
         220         219  0.984307960336851     
         221         220   1.86578715411813     
         222         219  0.928396173555169     
         223         222  0.998126942430570     
         224         222   1.00349724959978     
         225         223   1.01653964057226     
         226         218  0.885965796730613     
         227         219  0.947902094360158     
         228         222  0.962235358736997     
         229         223  0.974313682154352     
         230         223  0.966779513990405     
         231         224  0.977336374402801     
         232         224  0.982562609126089     
         233         224  0.984677295509500     
         234         225  0.986614273416553     
         235         225  0.986762558099074     
         236         225  0.984092343630905     
         237           1  0.953835754352401     
         238          14  0.952119226950208     
         239          29  0.939391748125300     
         240          31  0.954905622910883     
         241          46  0.953673220350099     
         242          69  0.952266860974246     
         243          89  0.949409859130351     
         244         220  0.952441974198076     
