           2           1   1.01815868116934     
           3           2  0.946115743401345     
           4           3   1.59943131854306     
           5           2  0.971676986019923     
           6           5  0.991943253029273     
           7           6   1.00709267566857     
           8           6   1.00988299081571     
           9           1  0.952014441060999     
          10           2  0.945421792003855     
          11           5  0.972681684734013     
          12           5  0.972702517419022     
          13           6  0.967282654077063     
          14           7  0.985682142162902     
          15           7  0.986152729418484     
          16           7  0.986236646706262     
          17           8  0.984566376344377     
          18           8  0.985722739296444     
          19           8  0.980388638384565     
          20           3   1.30038184411930     
          21          20  0.986769722053861     
          22          21  0.936263580405073     
          23          22   1.61400927589355     
          24          21  0.959266918779819     
          25          24  0.992635984691479     
          26          24   1.00517157800768     
          27          20  0.914329320687507     
          28          21  0.941179534642023     
          29          24  0.953185974188838     
          30          25  0.864802318231266     
          31          26  0.980077266872000     
          32          26  0.980262719063089     
          33          26  0.982707964264337     
          34          22   1.30554355745435     
          35          34  0.980070717751200     
          36          35  0.938648815034285     
          37          36   1.62167121625546     
          38          35  0.980270622402062     
          39          38  0.987990107355805     
          40          39  0.966025284966105     
          41          40   1.64716717278599     
          42          40   1.30361609814285     
          43          34  0.913434411133391     
          44          35  0.938456274462102     
          45          38  0.967783262641062     
          46          38  0.970262820811682     
          47          39  0.964287354994148     
          48          39  0.968797957213473     
          49          42  0.929515388846273     
          50          42  0.932665198077547     
          51          36   1.29134915644517     
          52          51  0.977608319255435     
          53          52  0.933632815661110     
          54          53   1.64170200645217     
          55          52  0.986419018993399     
          56          55  0.963314944640374     
          57          56   1.63490866138444     
          58          56   1.31993614229991     
          59          51  0.916697084704853     
          60          52  0.922200919044723     
          61          55  0.952157886632050     
          62          55  0.940253288750527     
          63          58  0.921043750595784     
          64          58  0.927298352574679     
          65          53   1.29606234074226     
          66          65  0.982898385213587     
          67          66  0.929644493669883     
          68          67   1.59212573998050     
          69          66  0.974348580236799     
          70          69  0.956899583439562     
          71          70   1.64366355677075     
          72          70   1.32456448898044     
          73          65  0.896924315050464     
          74          66  0.948402050275717     
          75          69  0.954886323644929     
          76          69  0.969150534626036     
          77          72  0.926075301947176     
          78          72  0.893166186258723     
          79          67   1.33396503975465     
          80          79  0.977099368054374     
          81          80  0.941753290855116     
          82          81   1.60037791309591     
          83          80  0.979269846338246     
          84          83  0.992082268761994     
          85          84   1.00986982537269     
          86          84   1.01004819648427     
          87          79  0.890747063805315     
          88          80  0.941688940511456     
          89          83  0.963657621016118     
          90          83  0.965911184214177     
          91          84  0.965197880769833     
          92          85  0.985449635061026     
          93          85  0.984467165317660     
          94          85  0.981568835491809     
          95          86  0.985469592712811     
          96          86  0.984820105323353     
          97          86  0.983335624336391     
          98          81   1.30816447196759     
          99          98  0.980425232348336     
         100          99  0.942710746659653     
         101         100   1.57815708353891     
         102          99  0.983730178143822     
         103         102  0.957924860232692     
         104         103   1.63379982364319     
         105         103   1.32905519176983     
         106          98  0.868314418958041     
         107          99  0.931085181386406     
         108         102  0.955887755566075     
         109         102  0.944788879943624     
         110         105  0.927518028206020     
         111         105  0.901792757877998     
         112         100   1.33916748668835     
         113         112  0.974806139791794     
         114         113  0.934162217517274     
         115         114   1.60994223704378     
         116         113  0.975517963844706     
         117         116   1.00058500422897     
         118         117   1.00894492326422     
         119         118   1.01291428725805     
         120         119  0.950329282516710     
         121         112  0.897066769741720     
         122         113  0.940752479536017     
         123         116  0.961220940056105     
         124         116  0.974262643498616     
         125         117  0.975011679182711     
         126         117  0.970552706467881     
         127         118  0.964651098309680     
         128         118  0.966306645430485     
         129         119  0.961286616223643     
         130         119  0.962458199424040     
         131         120  0.896596283897767     
         132         120  0.893601323432540     
         133         120  0.903111870829683     
         134         114   1.31061602196029     
         135         134  0.987871256989001     
         136         135  0.930210517476780     
         137         136   1.62221067021209     
         138         135  0.975232880048941     
         139         138  0.999927051917411     
         140         134  0.896253614415333     
         141         135  0.946817474410266     
         142         138  0.969340628543137     
         143         138  0.958692968743954     
         144         139  0.864020353404237     
         145         136   1.31017836719716     
         146         145  0.980776294666662     
         147         146  0.932533891622296     
         148         147   1.61414085354350     
         149         146  0.980344617158423     
         150         149   1.00890880315765     
         151         150  0.972639029969538     
         152         151   1.62300077393604     
         153         151   1.31915252132046     
         154         145  0.880646793057446     
         155         146  0.949971483923296     
         156         149  0.965049603095569     
         157         149  0.962534932764750     
         158         150  0.960701362636776     
         159         150  0.949583712899817     
         160         153  0.919679111382345     
         161         153  0.925272489837872     
         162         147   1.31694291349551     
         163         162  0.983407474039027     
         164         163  0.935724430752044     
         165         164   1.59349959182147     
         166         163  0.964462605111826     
         167         166   1.01403672203575     
         168         162  0.862686610988769     
         169         163  0.948398112269452     
         170         166  0.960698907323127     
         171         166  0.952141288194249     
         172         167  0.875424289320232     
         173         164   1.33425981445358     
         174         173  0.979049678104661     
         175         174  0.932818752643829     
         176         175   1.62150471224425     
         177         174  0.994504541576712     
         178         173  0.879779487884201     
         179         174  0.947636181000687     
         180         177  0.981175114701430     
         181         177  0.977978031390122     
         182         177  0.972062594804508     
         183         175   1.31061358139815     
         184         183  0.973431867892692     
         185         184  0.933351197886661     
         186         185   1.63637351570719     
         187         184  0.984522329382512     
         188         187  0.992843103613374     
         189         188   1.00961218627546     
         190         188   1.00991581657053     
         191         183  0.888323826299260     
         192         184  0.953712884634601     
         193         187  0.968411792264417     
         194         187  0.956306502959515     
         195         188  0.963552514786250     
         196         189  0.985632051189029     
         197         189  0.985411339756190     
         198         189  0.982264756462840     
         199         190  0.985691943127889     
         200         190  0.984237374468724     
         201         190  0.984226885360740     
         202         185   1.28912603204084     
         203         202  0.993319800395939     
         204         203  0.947516541256521     
         205         204   1.64027251398909     
         206         202  0.897824012629007     
         207         203  0.962139871811290     
         208         203  0.958495905094603     
         209         204   1.29531646940625     
         210         209  0.985399011877165     
         211         210  0.980675702878638     
         212         211   1.88729992094345     
         213         210  0.947031895360650     
         214         213  0.994441416925337     
         215         213   1.00147279104395     
         216         209  0.887758894703552     
         217         210  0.936421967825566     
         218         213  0.953678877861290     
         219         214  0.857779969840828     
         220         215  0.982227950139428     
         221         215  0.963442832321195     
         222         215  0.983214354755387     
         224         223   1.02002125523759     
         225         224  0.979104497966336     
         226         225   1.88702295356668     
         227         224  0.959658502115717     
         228         227  0.995759712027180     
         229         228  0.967698937652438     
         230         229   1.63946406730783     
         231         229   1.31140957333351     
         232         223  0.951820730486159     
         233         224  0.943222969581916     
         234         227  0.969512467778089     
         235         227  0.972600650505494     
         236         228  0.952543750686146     
         237         228  0.966926401251020     
         238         231  0.932895247122807     
         239         231  0.917869885817588     
         241         240   1.01977547511263     
         242         241  0.981732190019952     
         243         242   1.87899505909602     
         244         241  0.958100228815059     
         245         244  0.990246467752785     
         246         245   1.00537614712162     
         247         245   1.01070809213099     
         248         240  0.952581092249595     
         249         241  0.943558710572378     
         250         244  0.972580803915135     
         251         244  0.972436659820156     
         252         245  0.966642747994812     
         253         246  0.981950439699034     
         254         246  0.986467621455651     
         255         246  0.984349134673842     
         256         247  0.984523906829998     
         257         247  0.982121311575874     
         258         247  0.981053916183442     
         259           1  0.953581450832652     
         260         211  0.955793472141101     
         261         223  0.955259289650049     
         262         225  0.953175747457190     
         263         240  0.956132243019817     
         264         242  0.954246400271117     
