   -0.39234370
    0.04246647
    0.20473096
   -0.37699102
   -0.07562088
    0.00647865
   -0.04389440
   -0.03953488
   -0.03589400
   -0.03404933
   -0.04096746
    0.17173743
    0.05682240
    0.06170011
    0.05044065
    0.03700211
    0.02660143
    0.03769968
    0.03946653
    0.04452823
   -0.38554903
    0.02446233
    0.26840498
   -0.51137686
   -0.04198391
   -0.09005135
    0.37052738
   -0.65234319
   -0.65513980
    0.15784440
    0.05223091
    0.02315289
    0.02918697
    0.01944873
    0.02300993
   -0.18170654
    0.01558241
    0.26487973
   -0.49769497
   -0.07931530
   -0.01098136
   -0.11980061
   -0.11385448
    0.21234134
    0.08261870
    0.06220822
    0.07023465
    0.02768173
    0.04384141
    0.04706483
    0.05180557
    0.04089013
    0.04922429
    0.02660511
   -0.16257172
    0.01618691
    0.26285185
   -0.50059640
   -0.02686833
   -0.07437990
   -0.12855914
   -0.11760155
    0.21723973
    0.08667875
    0.06047230
    0.06309251
    0.04227315
    0.06317828
    0.05889528
    0.04853390
    0.04965600
    0.03351804
    0.04024245
   -0.08745040
    0.01293297
    0.27464687
   -0.49232585
   -0.07812209
   -0.07341636
   -0.01503592
    0.09402535
    0.07097353
    0.08884472
    0.05650167
    0.07468835
    0.04903581
    0.08551389
   -0.17223981
    0.00496202
    0.28747556
   -0.48172939
    0.06757555
   -0.45992409
    0.21493128
    0.08054871
    0.07677773
    0.05261343
    0.32351859
   -0.18973967
    0.01841252
    0.28132356
   -0.47986235
    0.11379300
   -0.48903097
   -0.14395013
    0.22371830
    0.08672337
    0.04088669
    0.34810836
    0.06598538
    0.07087317
    0.05246706
   -0.19576506
    0.01396846
    0.28572841
   -0.49586085
    0.07250886
   -0.46395049
    0.23880493
    0.07920201
    0.06367409
    0.06204238
    0.31766548
   -0.19571453
    0.01781693
    0.26946731
   -0.49778064
    0.07786674
   -0.48063186
    0.22819320
    0.09204307
    0.05181668
    0.03443911
    0.35678489
   -0.18560847
    0.02606360
    0.27329749
   -0.50326003
   -0.12902792
    0.22027237
    0.06985233
    0.06861443
    0.07606234
    0.06350802
   -0.18399063
    0.02104607
    0.26067835
   -0.50221424
   -0.00856014
   -0.11885745
   -0.11905780
    0.23033764
    0.06051918
    0.03378036
    0.05956394
    0.04062042
    0.04273955
    0.04738081
    0.05308516
    0.04605291
   -0.08411456
    0.02360883
    0.28424471
   -0.48095077
   -0.06946191
   -0.07010466
   -0.00459826
    0.05237690
    0.06309358
    0.06301786
    0.07085759
    0.06973478
    0.06151495
    0.06111306
   -0.18115555
    0.01813961
    0.27052153
   -0.48938523
   -0.06877203
   -0.01369178
   -0.11778757
   -0.11423093
    0.20370752
    0.07577360
    0.05616362
    0.04029627
    0.03976662
    0.05503828
    0.03532752
    0.04440025
    0.05116289
    0.04083214
    0.04118842
   -0.16440984
    0.02271051
    0.20390873
   -0.35823357
   -0.02009218
   -0.06869779
   -0.12370309
   -0.11284440
    0.21102995
    0.07952009
    0.05416515
    0.05031056
    0.03886272
    0.07067865
    0.04066006
    0.05665953
    0.04509887
    0.04488679
    0.04790699
   -0.38713450
    0.03183794
    0.27037286
   -0.50982461
   -0.06837212
    0.00391102
   -0.04194553
   -0.04231085
   -0.06013489
   -0.07793847
    0.14270435
   -0.43708232
    0.15965246
    0.04319374
    0.05613507
    0.04750267
    0.03880417
    0.03810949
    0.04775554
    0.04146679
    0.34859351
   -0.16800558
    0.03003248
    0.20204248
   -0.37474193
   -0.06940505
   -0.01577124
   -0.22340670
   -0.05783198
    0.22164382
    0.09706692
    0.07162251
    0.06884240
    0.07047230
    0.06235279
    0.06094188
    0.05668494
    0.06012047
    0.18933836
    0.07369363
    0.18718022
    0.07742716
    0.18373383
    0.07830681
