   -0.38263366
    0.02590013
    0.25667705
   -0.47405934
   -0.07960307
    0.00841991
   -0.04631384
   -0.04401542
   -0.03155236
   -0.04890414
   -0.03650862
    0.16062666
    0.05612779
    0.04529905
    0.06035038
    0.02545016
    0.04188532
    0.02876959
    0.07035756
    0.03220110
   -0.16405823
    0.02007300
    0.19179978
   -0.35730068
   -0.07951557
    0.00193154
   -0.04101330
   -0.04614555
   -0.05702567
   -0.07295632
    0.14586605
   -0.42359277
    0.21485094
    0.09804285
    0.07867306
    0.07641092
    0.05291768
    0.05379358
    0.04816803
    0.02873924
    0.31578170
   -0.29246308
    0.02185989
    0.27284004
   -0.49809755
   -0.06744779
   -0.07146766
    0.00422705
    0.03626807
    0.04927674
    0.04111092
    0.06160166
    0.04293073
    0.04733272
    0.03484483
   -0.17344595
    0.02157875
    0.21820065
   -0.36131778
    0.10087572
   -0.48112144
   -0.14360734
    0.21213082
    0.09567456
    0.06369328
    0.33945273
    0.05209732
    0.07315564
    0.05500799
   -0.38911148
    0.03789228
    0.20046542
   -0.37690698
   -0.06409721
   -0.00986653
   -0.23510634
   -0.03736868
    0.17108138
    0.05836391
    0.07051340
    0.04800329
    0.04844095
    0.06538057
    0.04059341
    0.03995310
    0.06643703
   -0.38619576
    0.02511524
    0.19156260
   -0.36644123
   -0.01519061
   -0.12044229
   -0.12419713
    0.16378501
    0.07170810
    0.03991166
    0.05290060
    0.04115157
    0.04876330
    0.05884970
    0.05130387
    0.04156502
   -0.40111304
    0.00821375
    0.26013318
   -0.48176773
    0.10752148
   -0.47088909
   -0.12940142
    0.16086589
    0.06058826
    0.03381957
    0.33146812
    0.07036176
    0.04995162
    0.05921360
   -0.21007802
    0.02205539
    0.27415846
   -0.46715540
   -0.07214626
    0.05999775
   -0.28607005
   -0.02891128
    0.08459101
   -0.08969089
    0.25129986
    0.06148768
    0.07822573
    0.04528276
    0.03718954
    0.04658568
    0.19762424
   -0.20385784
    0.02045067
    0.28090426
   -0.48603845
   -0.08400047
    0.02374464
   -0.10950697
    0.00387099
    0.08812441
   -0.28332224
    0.21383177
    0.06944104
    0.07716731
    0.08114927
    0.18247604
    0.04189410
    0.04872004
   -0.19211826
    0.01485244
    0.28145587
   -0.51709459
   -0.08510569
   -0.08863518
   -0.02311657
   -0.15398647
    0.23291853
   -0.24263234
   -0.25805668
    0.19959169
    0.07452233
    0.08325585
    0.06025469
    0.09108947
    0.07249721
    0.07706585
    0.09684118
    0.21526033
    0.25001342
    0.26602061
    0.21581765
    0.26031692
   -0.17224421
    0.00655948
    0.37810529
   -0.63326977
    0.08386522
   -0.44600635
   -0.63518095
    0.20489022
    0.04915267
    0.04541481
    0.01003555
    0.33030832
   -0.15562587
   -0.02501803
    0.27339803
   -0.45992864
   -0.15655285
    0.31939205
    0.31167213
    0.28415684
    0.13754121
    0.08730720
    0.10515694
    0.09490830
   -0.18644603
    0.00734166
    0.26682102
   -0.47868470
   -0.08032939
   -0.01486077
   -0.24872648
   -0.07271598
    0.24528166
    0.07929648
    0.08512285
    0.06196940
    0.04865498
    0.07324203
    0.06648256
    0.07765475
    0.07650923
   -0.18348992
    0.00377945
    0.27892917
   -0.47597027
   -0.03445747
   -0.12719914
   -0.14258245
    0.23830781
    0.07919213
    0.07321553
    0.06523801
    0.03912748
    0.05603028
    0.07637359
    0.06216678
    0.06108199
   -0.17411991
    0.00864034
    0.28064539
   -0.48172262
   -0.03609178
   -0.07295474
   -0.13015518
   -0.12924592
    0.20475726
    0.10456985
    0.05102052
    0.05985498
    0.04586701
    0.06453750
    0.03890567
    0.06653819
    0.05535363
    0.04618119
    0.04824267
   -0.17736282
    0.05440317
    0.29613587
   -0.51966291
   -0.10174053
    0.37413006
   -0.63874470
   -0.64196856
    0.21590624
    0.04478900
    0.04689935
    0.03722870
   -0.19419218
    0.04412033
    0.27379599
   -0.52749471
   -0.08160454
    0.06275485
   -0.31956824
   -0.03935568
    0.09487256
   -0.10216765
    0.24435890
    0.04702318
    0.08596790
    0.06392339
    0.07296604
    0.02908854
    0.21838593
   -0.17688388
    0.02401932
    0.27356250
   -0.50416086
   -0.01932647
   -0.07407834
   -0.13583679
   -0.11895318
    0.25423482
    0.06429128
    0.04649027
    0.05093987
    0.03122584
    0.07640525
    0.04799043
    0.06887628
    0.05037981
    0.04303704
    0.05761644
   -0.19372831
    0.03809554
    0.26952339
   -0.51067154
   -0.05649589
   -0.01161109
   -0.12143004
   -0.14452633
    0.24427986
    0.06560482
    0.01681604
    0.04400528
    0.04028710
    0.05787790
    0.01788926
    0.04967335
    0.09283119
    0.02559672
    0.05691825
   -0.19880632
    0.03520564
    0.27819111
   -0.51230346
   -0.07124986
    0.00196239
   -0.11268183
   -0.09452059
    0.24315165
    0.06209730
    0.04996051
    0.04893740
    0.03015584
    0.04090324
    0.03897456
    0.04152579
    0.03957774
    0.03069533
    0.02617863
   -0.20279813
    0.03835520
    0.28266224
   -0.51305796
   -0.01354976
   -0.28985217
    0.23458195
    0.06262494
    0.06751827
    0.07063102
    0.19594321
   -0.20803677
    0.03070365
    0.29300806
   -0.51498084
   -0.01455447
   -0.12442392
   -0.12274746
    0.23369375
    0.05656883
    0.03751762
    0.07584733
    0.02166632
    0.04117707
    0.05874315
    0.04648296
    0.06597938
   -0.20592658
    0.04647462
    0.21627965
   -0.37373063
   -0.06628826
    0.00808135
   -0.03912580
   -0.03729638
   -0.03185207
   -0.03166193
   -0.03460958
    0.23721535
    0.07248761
    0.07590854
    0.05313628
    0.02487681
    0.03611846
    0.04185266
    0.04703871
    0.04692235
    0.17715557
    0.08591656
    0.17366637
    0.06478633
    0.18659658
    0.07903824
    0.18266426
    0.08401345
    0.18913597
    0.05718424
