$grad                                                                           
  cycle =      1    SCF energy =  -538.86921404712   |dE/dxyz| =  0.496366
  183.51704434767285    115.73292446617982    343.98203668785771      n 
  184.75347161837607    118.11505194592074    343.40016089788139      c 
  187.30392899347189    117.60692817582525    342.13919968140738      c 
  188.05139779551376    118.92549402028349    340.38579731714100      o 
  185.18278997570684    119.72792666714363    345.75664185815543      c 
  182.75662778687808    121.04940581365875    346.64632424454521      c 
  182.31839813090230    123.37036833612238    345.00252377776019      c 
  181.71192766144185    123.22393314784539    342.78254547143621      o 
  182.75433827182974    125.57894844895640    346.17338722604978      n 
  182.86150616695059    115.40160015813984    345.75160978553765      h 
  183.61161455993027    119.19151778555263    342.04000594262124      h 
  185.96350439850724    118.52342663571750    347.23299141860332      h 
  186.60044180715551    121.15519864912565    345.29400027506853      h 
  181.15016898005030    119.77139219474397    346.46326693800108      h 
  182.94451547048715    121.61224549860665    348.61625823452812      h 
  183.22686689824880    125.64294338743883    348.01179132678527      h 
  182.65580447580081    127.24124736558029    345.23715716468996      h 
  186.96368794947841    116.20080253883170    335.39259186704282      n 
  186.92788465891374    118.62546844057509    334.11095372522243      c 
  189.60884772883099    119.70537235027825    334.01501871490092      c 
  190.42599395144077    120.73117066443862    332.10018704696421      o 
  185.12255560773718    120.49029345214116    335.37739416240225      c 
  182.34910426668750    120.24411949693379    334.55629521911055      c 
  181.97091120204220    121.15132672594434    331.84066326829691      c 
  181.32565046408081    117.56394958430376    334.86546786496461      c 
  185.87222040361297    115.95868243865959    336.94556607364427      h 
  186.37611769636510    118.33471712030861    332.13282117111385      h 
  185.27910152771872    120.25803125308144    337.41818890932694      h 
  185.75625278966069    122.40036920029407    334.93022199914640      h 
  181.27258352220201    121.49698098005950    335.80354594696684      h 
  179.97019101349898    121.18834543041400    331.37710846834199      h 
  182.72492288859880    123.04707461503543    331.58916874375893      h 
  182.90519961250794    119.90117289752777    330.50351909169342      h 
  179.30705936721469    117.54356110842708    334.48442278831106      h 
  182.22982753888559    116.27206973330638    333.54851757462137      h 
  181.62559733783723    116.87257957947777    336.77560635145210      h 
  191.04733852943718    119.37253735733090    336.06610581150068      n 
  193.59800917711394    120.37570245478803    336.04282916163106      c 
  195.27698242702266    118.96500157206303    334.16881258484165      c 
  197.19308813288765    119.98447746979907    333.33587882177704      o 
  194.80090800764947    120.41177894435600    338.66261303613089      c 
  193.66660751427602    122.54904746870643    340.23622165566979      c 
  192.95219472828444    124.50878065206356    339.24184542642672      o 
  193.57899058096336    122.15911726403361    342.72766456498908      n 
  190.19847203543856    118.98772808396946    337.74855414554281      h 
  193.52202336151029    122.34219893160189    335.36749782728759      h 
  194.62393056685769    118.57361495333342    339.56405915288201      h 
  196.80955324100663    120.83850982372145    338.43516210843984      h 
  192.95566035396155    123.58006117534228    343.83272536238616      h 
  194.15226823144292    120.54868346856024    343.58724259749937      h 
  192.86682816453603    117.18534683538745    328.63407269201252      n 
  192.19804479939293    118.68008771729912    326.43639176180778      c 
  193.79032872293115    121.11170011217035    326.31787923634511      c 
  194.56638019158271    121.97349985787372    324.32032658602907      o 
  189.38073332402834    119.36104114016541    326.48303642110398      c 
  188.86870548065502    120.98474207300593    324.42716378988018      o 
  191.55225115039903    116.87004378022594    329.99050641612985      h 
  192.61395268761171    117.62610099118771    324.69895201146778      h 
  188.28087303316852    117.61147680646746    326.34074550444592      h 
  188.95097858116580    120.31190797257615    328.27399129055550      h 
  187.06948888242098    121.05897785800548    324.16237641919838      h 
  194.31550550055763    122.14668851246556    328.55875762858750      n 
  195.89259188726288    124.38664245058453    328.76060229477736      c 
  198.62060898535211    123.72246733164611    328.00458517624139      c 
  199.91823016922535    125.10005886326259    326.67532347610711      o 
  195.75484372344346    125.47691994266724    331.43972048591053      c 
  197.06689880740529    128.03705109248270    331.58510421989791      c 
  196.98438756552011    129.38577070942165    334.11396038805600      c 
  197.98352448591612    131.47498414803388    334.33518920162970      o 
  195.83633601980554    128.26835448484690    336.05904633827242      n 
  193.32757989071564    121.52288811049819    330.08460183719916      h 
  195.23712257514620    125.80569237366700    327.39300706024295      h 
  193.75726539723195    125.68249340627374    331.91666390936757      h 
  196.65437381851973    124.15235522044163    332.73713002255613      h 
  199.05512228681181    127.85970155123447    331.05890580048737      h 
  196.22264825117392    129.34323756636860    330.22378403335023      h 
  194.83512905958963    126.65438950022154    335.95644609955468      h 
  195.61491510368381    129.27417147611371    337.66550243183167      h 
  199.42363526448585    121.47893897727199    328.83556611559612      n 
  201.82520057116591    120.42231415386217    328.04828588118096      c 
  201.92813472842732    120.17435609988230    325.15242365970153      c 
  203.93640954790840    120.42411756638977    324.01182695454452      o 
  202.10008724014332    117.80854069201689    329.27960615635681      c 
  204.46638780736725    116.63346429115265    328.94379804944754      o 
  198.47079474125550    120.62439355254986    330.27696179971906      h 
  203.39585314758236    121.66084697176896    328.60632242492812      h 
  201.85072251347310    118.05176136744804    331.31997652639120      h 
  200.58987268198186    116.62255359612392    328.48850097904818      h 
  205.15155907228518    117.04177705179546    327.30490907489110      h 
  199.74358979560083    119.58779933362972    324.04814760747655      n 
  199.49255148076469    119.41890055914345    321.32559542524564      c 
  199.69535790955948    122.04679306060885    320.12527484665537      c 
  200.87642110490540    122.34637298549073    318.15524794168221      o 
  197.02956434711501    118.11811566827343    320.60381438045920      c 
  198.24756955013524    118.99980126659261    325.10185191536766      h 
  201.10819544740076    118.34429099712260    320.59103955203972      h 
  196.93422146238862    117.91296210479643    318.56491742880263      h 
  196.95237847975554    116.25997432013614    321.47350190406900      h 
  195.43857717865654    119.24970840942788    321.23588319120137      h 
  198.59537555808805    123.97184923290168    321.32517409988480      n 
  199.17910796752682    126.54046637661642    320.51895317270436      c 
  202.06156338615156    126.71184499046690    320.29449118505204      c 
  203.09437003415457    127.50808684333867    318.38423656035411      o 
  198.03433865903460    128.45448375691728    322.35847000757371      c 
  198.74266116008087    131.23986521605255    321.92926368359065      c 
  201.35791434745329    131.87788489305080    322.97414758222982      c 
  198.54081513083162    132.03653392475709    319.16413015366538      c 
  197.39555095791533    123.66818696479891    322.78961921190643      h 
  198.43591316338876    126.84586339972357    318.60703251874435      h 
  195.98430040946960    128.27390686326925    322.23032740352454      h 
  198.60734534775742    127.94485141084863    324.26785921791128      h 
  197.37995065188554    132.35440736493479    323.01790365557281      h 
  201.65986270026042    133.91006475864063    322.91607801023048      h 
  201.53721204025285    131.26474388128472    324.92746603113670      h 
  202.84630920081489    130.99798921745051    321.87025977457915      h 
  198.82714194540409    134.06606525798182    319.01899893676460      h 
  199.98658695311283    131.11536088833449    318.03448664479652      h 
  196.68740213213243    131.59066610364172    318.39802540664732      h 
  203.33528474863036    125.78686021901244    322.27285603504583      n 
  206.06720732292996    125.62124202124635    322.26589895227170      c 
  207.02301291896029    124.58665470621321    319.73936630610319      c 
  208.34189878756317    125.83876957581285    318.31171889755808      o 
  202.39330009210903    125.40770113024132    323.89757254686270      h 
  206.94837537822394    127.47381952070278    322.55576027737851      h 
  206.66032294320433    124.33718059634688    323.76178922200853      h 
  189.88704779094252    136.61619098900812    310.18417062195761      n 
  190.50973202949046    134.68080137627229    312.03170386478820      c 
  191.78755820422066    135.83058017629102    314.35843892063696      c 
  191.06149995731110    135.33475254416641    316.50239307335318      o 
  192.21574049723907    132.69453125839158    310.83132522890349      c 
  190.32601892020077    136.24060551676010    308.34647945548528      h 
  188.75768272714518    133.81058450697600    312.73015531865451      h 
  192.47918042056457    131.12145980309131    312.12105007138820      h 
  191.36918246203552    132.01231295690977    309.09020116132729      h 
  194.05621837378274    133.50285178694187    310.40931758613362      h 
  193.78054124075553    137.29575162318957    313.87172537534968      n 
  195.21575501902709    138.43025499810784    315.90635369989252      c 
  193.49214858174369    139.95378322379159    317.65433779845341      c 
  193.55644525352432    139.65221607462877    319.95159116493409      o 
  197.31159938391912    140.11796541578525    314.85165507168620      c 
  199.57384276716655    138.54037621098837    313.96545696559224      c 
  201.40968016615076    140.18446837303628    312.49422345283699      c 
  203.34713287301878    141.06482987458682    313.38387850452989      o 
  200.66134614420130    140.60628059754495    310.10764058134322      n 
  194.34394774276583    137.65270343910848    312.07238095586348      h 
  196.03175264863046    136.92893450145610    317.08550694997740      h 
  196.53362296898396    141.21742900573622    313.28946515615581      h 
  197.92976077694647    141.43580046825898    316.31139883731964      h 
  200.55774212198764    137.74734263203223    315.58976915466849      h 
  198.92148198998575    137.01469549522972    312.74699095365514      h 
  199.04998075314123    139.79255070333144    309.47835457253024      h 
  201.73407053167782    141.67435691907849    308.95628103917392      h 
  192.01427277411733    141.65699090263251    316.52864137075738      n 
  190.39331014356134    143.27073190465518    318.04221985559246      c 
  188.57578547385052    141.61954383697440    319.58341926257378      c 
  188.25019756385603    141.93481143275130    321.85815748375131      o 
  188.94310295778772    145.17793363437426    316.40048270649424      c 
  190.81186075777330    146.94246635881521    315.05614916540446      c 
  187.09460281758896    146.65811196819001    318.05266003909543      c 
  189.52148684809322    148.88998912122565    313.36682805115248      c 
  191.97209166074143    141.82237556447532    314.62079962827585      h 
  191.56425660656697    144.28932534024611    319.42221431529390      h 
  187.88037628903405    144.11004407105477    314.98236527151602      h 
  191.95113393421326    147.91622279479660    316.47483868713482      h 
  192.08172410167438    145.81047935090788    313.89249645685834      h 
  185.91225513148470    147.87999954211941    316.90720685295514      h 
  185.87097619444191    145.38863113694646    319.10702810925778      h 
  188.12026640487161    147.81355820259549    319.40980261434521      h 
  190.93361148965474    149.90748782950351    312.27639324977798      h 
  188.22649083295832    147.96960695041960    312.06523129017302      h 
  188.47617685045651    150.26204469519345    314.47859810774941      h 
  187.37273013224339    139.87234820615686    318.23468885832324      n 
  185.49760838872783    138.18486680228852    319.31796755722274      c 
  186.53463074622670    136.99646817193164    321.73443723432109      c 
  185.34789913648217    137.10125736997844    323.72870720559689      o 
  184.77539900731941    136.25229341922213    317.28420480728897      c 
  182.70746567908080    134.33087061620901    317.97390410483627      c 
  183.73190685801578    132.12462356621296    319.52534450063109      c 
  180.47362579714783    135.55655077601031    319.32606152539512      c 
  187.75522169603434    139.67028588454465    316.36328010957993      h 
  183.84418879658588    139.29861346838678    319.89068561600698      h 
  184.14033236367715    137.35702237469539    315.66146431084360      h 
  186.49282483359167    135.24571265439488    316.74663635659630      h 
  182.01381768653476    133.55201856935426    316.18551100532932      h 
  182.25765839730153    130.72740591347406    319.83438655338290      h 
  185.29360634563173    131.20696589399930    318.55617859996477      h 
  184.38640499669242    132.74360928736812    321.37071103414382      h 
  178.93731666341824    134.20557309095258    319.51550596448533      h 
  181.01442890176349    136.15617763525970    321.21631142351055      h 
  179.78240032007423    137.18708968654474    318.28493037361432      h 
  188.75583426827527    135.83141268145195    321.49637153304741      n 
  189.86851746558423    134.41439148632350    323.55383600289247      c 
  190.88068614702001    136.12928460323482    325.64942569187502      c 
  190.86815550029493    135.43690548853138    327.86372512416727      o 
  191.98568490112370    132.71591070296560    322.56233853907480      c 
  190.97355472965714    130.45126751686195    321.06138160112926      c 
  189.77535055531300    128.46675180959213    322.77080208057316      c 
  188.04083635339887    128.95925485875944    324.21810035412329      o 
  190.75136685125133    126.13956290412027    322.56279656404740      n 
  189.65607040918576    135.78221450691211    319.80150782877558      h 
  188.41210631953462    133.22094620732571    324.42907138847960      h 
  193.21213879825450    133.84629003918272    321.34967118749586      h 
  193.08175219188371    132.04286209898743    324.17346380039083      h 
  189.53499217880224    131.11631077609042    319.74385808301747      h 
  192.50610648367621    129.61077416516349    319.97660143483870      h 
  192.19365627445896    125.72498661204754    321.39814610268780      h 
  190.05991313874674    124.68129123027697    323.59015312713933      h 
  191.78678139457469    138.35946070774094    324.91327849480916      n 
  192.71667984637136    140.19675375034069    326.72862774073099      c 
  190.52608511049777    140.98159245372716    328.45926019874702      c 
  190.67881336832201    140.92542319373285    330.77127483350290      o 
  193.86307349960580    142.43752036510415    325.31180921341934      c 
  195.54130311003917    144.06548629489484    327.01344714963756      c 
  196.66605078816124    146.21174947634751    325.46743573032603      c 
  195.85205859450576    148.37050940567630    325.52884775472023      o 
  198.57671986679853    145.51716191262642    323.95148103076087      n 
  191.94168871239856    138.80473428204380    323.05383436733473      h 
  194.14076390111700    139.29152373856729    327.93731384810457      h 
  194.97227927084396    141.68590676496569    323.74459042060880      h 
  192.34381571347191    143.58980924236994    324.52707326180268      h 
  194.42590512657330    144.86349276724403    328.55121230606170      h 
  197.05126985634269    142.91814040138462    327.81850079706754      h 
  199.28971488721945    143.75692838634075    323.98596056659727      h 
  199.43788872711576    146.83621482903482    322.88049534913881      h 
  188.43949341644048    141.69577018634550    327.23987011743475      n 
  186.10497229529480    142.15035654423247    328.60465121271460      c 
  185.53620298196489    139.81869756856145    330.22561585412802      c 
  185.11168379098530    139.97627469706467    332.49934276597600      o 
  183.96666833831824    142.68814235441636    326.75999375275501      c 
  188.36388450667741    141.68454597897878    325.32283629100016      h 
  186.37486486191793    143.74010103986708    329.91019017767320      h 
  182.21059140485366    142.96957193587647    327.78448097618559      h 
  184.39603407164552    144.38135148607861    325.68159034309224      h 
  183.74483317820574    141.10872777658665    325.46520034836720      h 
  185.58620929516132    137.65333345333093    328.94883119524076      n 
  185.11242363305635    135.23384118622181    330.11638660890304      c 
  186.31487623447768    135.06445631072660    332.72401136549217      c 
  185.03941088643910    134.59864381568474    334.59862161518436      o 
  185.73913789360489    137.64875408289467    327.02976739608954      h 
  183.07855105678578    134.90496379795309    330.33538672069926      h 
  185.92072950375834    133.76522745837568    328.91448499204222      h 
  188.82133987220087    135.34025028532028    332.78985915834710      n 
  190.18012254286970    134.92876885677214    335.12474778886002      c 
  189.34596742006639    136.79801524653575    337.15558943594817      c 
  188.88010124206775    136.10106523133666    339.31026693172720      o 
  193.06064375045142    134.89353856267371    334.70956799504194      c 
  194.13331815051919    133.73910845432022    336.85517407966472      o 
  194.24073127802203    137.48032544822505    334.23956743587206      c 
  189.79618896756827    135.61810722346613    331.16111844564148      h 
  189.67049223014612    133.05694911965793    335.87682026415877      h 
  193.38197590765711    133.69689016738931    333.03137928413628      h 
  195.87590320944634    133.30901377772736    336.39742772582485      h 
  196.20425723508984    137.21686804342275    333.69306446992829      h 
  193.25144374193252    138.48058077249956    332.74868047636818      h 
  194.18186247969160    138.59788799352415    335.96145105932942      h 
  189.13922054870613    139.20765388973820    336.42636045755256      n 
  188.25834292407049    141.09664206829297    338.19969606063569      c 
  185.82378069174780    140.18659119139022    339.49703396948695      c 
  185.55744206147483    140.20980330844151    341.79868608129533      o 
  187.80845760057792    143.59900847742401    336.82336982261864      c 
  187.22072490133081    145.44762375635719    338.64121444182996      o 
  189.46336553180689    139.73928364835635    334.61685139909451      h 
  189.66328204087986    141.39343439587711    339.69845765745868      h 
  189.53984500524459    144.10239094930120    335.79088445731776      h 
  186.25854419915927    143.36017683564106    335.46726818382183      h 
  186.87826813400864    147.02086817921847    337.78494381844752      h 
  184.05919757852030    139.38677921515372    337.89353225231184      n 
  181.58931240960734    138.57910397755944    338.75121865610777      c 
  181.83704630883042    136.24322970718737    340.41833290228686      c 
  180.71052064425444    136.06929718106178    342.44549443980264      o 
  179.82750137619294    138.09109249497988    336.49691876574593      c 
  177.29464497888668    137.07488018929612    337.43117165408813      c 
  179.41882216235066    140.54540531843716    335.03448759910810      c 
  184.40688064014694    139.36625388589073    336.01192543175421      h 
  180.76977856512582    140.08687077842310    339.92139956354134      h 
  180.73174397119789    136.68468156095750    335.27737212630797      h 
  176.02741170019289    136.76239603493167    335.84674144709095      h 
  177.52908011598990    135.30094058803661    338.44002685111604      h 
  176.43179162573995    138.43848914652909    338.70473235017698      h 
  178.02325987288268    140.25627196244224    333.55635002191895      h 
  178.73922100261828    142.00609879211365    336.31103706610526      h 
  181.16409800904901    141.18885516754821    334.16831761553777      h 
  183.30816559861248    134.39263680718253    339.55889495157066      n 
  183.59701480161866    132.09440887388095    341.00891712750473      c 
  184.54370984629989    132.64277862487893    343.68174549998616      c 
  183.91471031956289    131.27157955767032    345.45490301113847      o 
  185.43241199347835    130.27125842482349    339.72582547802602      c 
  184.42743512315707    129.13826892353615    337.25537583474392      c 
  186.57274825414837    127.72525831873426    335.93948656108165      c 
  182.19105971862814    127.37364450505677    337.71341141756545      c 
  184.22214057384102    134.55064190834656    337.88274110909458      h 
  181.73477764161672    131.20271713584216    341.23303671703508      h 
  187.18024851748166    131.30680071305409    339.36144899348096      h 
  185.85170449803533    128.73671336311767    341.03997250940074      h 
  183.81402292211123    130.68146413982339    336.02472853009596      h 
  185.91247434385218    126.90693422313726    334.17398604845567      h 
  188.11809120350335    129.00939210407492    335.50675315942340      h 
  187.29316617119943    126.22900879111850    337.15011656188705      h 
  181.61875895819864    126.49353238780519    335.94790674508579      h 
  182.67395875004152    125.89418633824137    339.05635554294230      h 
  180.57227410678985    128.40109458879621    338.45093519645957      h 
  186.16207440376408    134.54888226886393    343.88824077512328      n 
  187.28100063199994    135.32161358936702    346.26434318360549      c 
  185.28492912998567    136.54486383995413    347.96711547771349      c 
  184.98673586521841    135.83741823127471    350.16031344865428      o 
  189.45226124361429    137.14142392834492    345.76385500011850      c 
  186.73416241336599    135.48449611572502    342.31671121657797      h 
  187.95116846971089    133.62930855248769    347.25871405963289      h 
  190.31413133890146    137.72258753106664    347.53297363382546      h 
  190.85837583119124    136.22283870021172    344.58229606937385      h 
  188.75055279151641    138.80009619801123    344.77458234354214      h 
  179.53594316996919    135.87459863127907    347.59561137906798      n 
  177.81188531457306    133.83021133617873    348.18185862068225      c 
  178.86294275211296    132.38986680928051    350.45170615249037      c 
  177.63793956490119    132.19622188716122    352.40796666924047      o 
  177.45429356866168    132.13223810089647    345.89222781738579      c 
  180.25832932560255    135.92829711465683    345.82181412103762      h 
  175.99653549266273    134.62909529389077    348.79625002461370      h 
  176.13279001954845    130.62556437648132    346.33062631054855      h 
  176.72330938823788    133.24402180018092    344.32865757742502      h 
  179.25125174936656    131.31461349907593    345.32985907727783      h 
  181.15642892496930    131.39620038207994    350.16713222106335      n 
  182.41321299142749    129.99915257072840    352.16690855064331      c 
  181.99528445515594    131.26040747121297    354.74492818153226      c 
  181.29011034676736    130.08163928283690    356.60575289043982      o 
  185.24239237434355    129.85603338548600    351.59455039186685      c 
  186.60379609301430    127.98535407190400    353.30650921451161      c 
  185.53608082800082    126.65513671600327    354.84777699536829      o 
  189.10490159252120    127.85503665123480    352.88805581725109      n 
  182.11680024326822    131.61097905737674    348.51582502184624      h 
  181.61626765405603    128.08637917094171    352.30758713875957      h 
  185.49973770811695    129.29392983666759    349.62322417954999      h 
  186.07653506161623    131.72853274401854    351.82805271073062      h 
  190.16679094203710    126.71077272424746    353.97768407508670      h 
  189.97061747740256    129.04563636880391    351.68913143074212      h 
  182.14443034815972    115.54968443220709    342.99465840633439      h 
  188.38901688972803    116.18221228440542    342.74238543224629      h 
  186.45499767752682    114.98365842307737    334.31911323116952      h 
  194.81851011568412    117.21564594347838    333.62052234444087      h 
  193.34166335227636    115.62905047790602    328.13906242456449      h 
  206.57259186156261    122.83051045031679    319.20631622700495      h 
  188.21074003406724    136.90274572078172    310.20516258654050      h 
  184.20042633918169    137.94088834731863    347.29925813138686      h 
  178.74334429506666    137.36427220512084    347.80826518112292      h 
  182.30052042995953    133.11394647797223    354.95056940768774      h 
  -0.9713494506774D-01  -0.2797910706167D-02  -0.7003758832262D-01
  -0.1472206692826D-02   0.6030897634091D-02  -0.1075095203934D-02
   0.4091474333406D-01  -0.7076632954106D-01   0.3773052477169D-01
   0.6297407060336D-02   0.8663796146657D-02  -0.1820583082819D-01
  -0.7314886054851D-02  -0.5086835278021D-02  -0.5205713595567D-03
  -0.1539784211027D-02  -0.7035948634774D-04   0.6096873044489D-03
   0.1766818848162D-03  -0.1224951717840D-02  -0.3025450344550D-02
   0.5933083786571D-03   0.3400024433305D-03   0.2214070145296D-02
  -0.1511887595505D-02   0.1448907030874D-02   0.1098776337589D-02
  -0.1205329151757D-01  -0.1034919284692D-01  -0.5828501365862D-02
  -0.1899123057581D-02  -0.3194162122960D-02  -0.1079718666180D-02
   0.2124477461747D-02   0.5689611197235D-03  -0.1650183018403D-02
   0.2014449157397D-03  -0.1969670059570D-02  -0.1883118902028D-02
   0.1748565061909D-03  -0.4468942407449D-03  -0.5912019179606D-04
   0.1915964305248D-03   0.7071094921880D-03  -0.8104036925913D-04
   0.4770625875550D-03  -0.4636664504280D-03  -0.1585246458721D-03
   0.4296673320304D-03  -0.6199610618813D-03  -0.7230824690008D-03
  -0.4214425441235D-01  -0.7500141051574D-01  -0.7967770921711D-01
   0.2333209589164D-02   0.1570354783758D-02  -0.7362335609787D-02
   0.2362974948872D-02   0.1239273827569D-02  -0.4993100290932D-02
  -0.1539090610678D-02  -0.2573461940443D-02   0.2553293193846D-02
  -0.2528783412225D-03  -0.6813329044930D-02   0.2957705427210D-02
  -0.1071110369232D-02  -0.7259198417165D-03  -0.3977646784345D-03
   0.5237665126450D-03   0.9665814322259D-04   0.2758263892771D-03
   0.6642754516073D-03  -0.9309928868163D-04   0.7062988016665D-03
  -0.1880950073117D-02  -0.1520948158413D-01  -0.2545838014904D-02
  -0.2059723641915D-03  -0.3077084879065D-02   0.5447861175589D-04
   0.4778285867567D-04   0.7314597045851D-04   0.3218226096165D-03
   0.1194024694918D-02  -0.1581892766964D-02  -0.5689238296939D-03
   0.4755456440842D-03   0.7167420861772D-05  -0.2105855113844D-03
   0.4344320632895D-03   0.1846602026502D-05  -0.4810403044102D-04
   0.1234950333655D-04   0.1090040413493D-03  -0.3484547221029D-03
  -0.1012117325785D-03   0.3198821746628D-04  -0.1143219349743D-03
   0.4698851863347D-03   0.1914610092190D-03  -0.1768651195279D-03
   0.6687636102229D-03  -0.3701551810680D-04   0.6261750064731D-03
   0.6468944616987D-03  -0.7491944394474D-03  -0.9654385289444D-03
  -0.2866849840565D-02  -0.1904809915365D-03   0.1043299516102D-02
   0.8064781648034D-03   0.3346294758441D-02   0.7546867496125D-02
  -0.3629130660710D-01  -0.8332658582356D-01  -0.1728675654450D-01
   0.1995820668364D-01   0.1257057292035D-01  -0.1020899799299D-01
  -0.1587311420858D-02   0.2226644685866D-02  -0.1116488640199D-02
   0.2009212438920D-02  -0.2667274979617D-02   0.3083046147060D-02
  -0.1635412305565D-02   0.2694626096760D-02  -0.1655207083685D-02
  -0.1285436908881D-02   0.3423104201887D-02  -0.4044387296584D-02
  -0.3400800542325D-03   0.3243874091148D-02   0.2717574566995D-02
  -0.1755069692435D-03  -0.1149337339640D-02  -0.8225616711186D-03
   0.1900028846572D-02  -0.2436790913097D-03  -0.1520088867171D-02
  -0.4955192070827D-03  -0.1039340171340D-04  -0.6577815884834D-03
   0.4988414156296D-03  -0.3455560179608D-03  -0.6489752704265D-04
   0.4413637995423D-03  -0.4011635762881D-02   0.4835579779075D-02
   0.2539887963524D-01  -0.1050521899482D+00  -0.4140159963884D-01
   0.4637836480533D-02  -0.3597515003200D-02  -0.6101626313372D-02
   0.4486261487998D-02   0.2159751814472D-02  -0.7570882036708D-02
  -0.2943148591753D-02  -0.1983744746376D-02   0.5119265630392D-02
  -0.1922937126399D-03  -0.4533967825618D-02   0.4483076806024D-02
   0.2151784094367D-02  -0.8649475593247D-03   0.2186921865046D-02
   0.7209765228734D-02  -0.1501021455072D-01   0.4343391644008D-02
   0.1419576998983D-02  -0.2114982366813D-02   0.1720516641840D-03
   0.6339787653228D-03   0.3433740369071D-03   0.2673973323180D-03
  -0.5236493664527D-03   0.5482498608965D-03  -0.2631569520136D-03
   0.1465361153256D-02  -0.6572662208331D-03   0.2022228375693D-03
  -0.1409933545765D-04  -0.3953870547203D-04   0.2880729877262D-05
  -0.1749937359832D-04  -0.3946774158295D-04   0.3707338379836D-05
  -0.3552932496022D-04   0.9044659879386D-04   0.7634191972553D-05
   0.5148300518472D-04  -0.1770228356369D-04   0.1272469370153D-04
  -0.2366356272855D-04  -0.6421006396271D-04  -0.1412221923848D-04
  -0.4614345497855D-04   0.2478492459560D-05  -0.2246893542025D-04
   0.8291766091184D-04   0.2077021157634D-03   0.2884587978553D-03
  -0.1226900368420D-03  -0.2589785307592D-03  -0.2233718138665D-03
   0.5634827981634D-04  -0.2454542943348D-03  -0.1038599883520D-03
   0.1333485380468D-04  -0.2578438431402D-04  -0.2590401242001D-05
  -0.9856875920252D-05  -0.1623664779381D-04   0.1877600074172D-04
   0.1421544862822D-04  -0.3244817554889D-05   0.4320881456308D-04
   0.4430807120827D-04  -0.7385193594550D-05   0.4971949212109D-04
  -0.9827862689452D-04   0.5357882731539D-06  -0.2256810887334D-04
  -0.8335784656615D-04   0.5230435727104D-04  -0.4795616453983D-04
  -0.8872673198387D-04   0.6253491409301D-04   0.2933207709185D-04
  -0.1101128162919D-03  -0.1715533467431D-04  -0.1165258030165D-03
   0.9841180601172D-03   0.1599175433497D-02  -0.5468589909508D-03
   0.5187383860946D-03  -0.2139554669238D-02   0.1476844873575D-03
  -0.1333442615083D-01  -0.1255702494240D-02  -0.8839648508326D-03
   0.8257268453280D-02  -0.1242004068376D-03  -0.4215687326287D-02
  -0.2537384554635D-02   0.4954025597925D-03   0.1154768519220D-02
   0.2636163882706D-02  -0.5417613477661D-02  -0.1488015885087D-02
  -0.1057482464768D-02   0.9539676722555D-03   0.2490167981062D-02
  -0.4244843761268D-04   0.6777757708182D-03  -0.3640758024815D-04
   0.4835012972107D-03   0.3858021478107D-02   0.1146150875198D-02
  -0.8350425141817D-04   0.3078560369795D-02  -0.3074105252545D-02
   0.1149493399391D-02   0.4149878211638D-03   0.1432990523022D-02
   0.8050485143072D-02   0.6730775277253D-02  -0.5923682680320D-03
   0.9808003124279D-03   0.1266515134535D-02   0.2412191931947D-03
  -0.3652238533759D-02   0.3928363082688D-03   0.4836740837894D-02
  -0.1882280274523D-02   0.3409657682512D-02   0.1509930476591D-02
  -0.2532846331136D-03  -0.6137431465706D-03  -0.5903492290962D-03
  -0.3238820950259D-02  -0.6836773897708D-02   0.2476885737162D-02
  -0.4662063611244D-03  -0.6269581991369D-03   0.9307393365753D-03
  -0.2430141577336D-03   0.1486686963136D-03   0.6181714578724D-04
   0.1026295297758D-03   0.9288677388412D-03   0.8710735539894D-03
   0.4740213759023D-03  -0.5296175621592D-03  -0.4752055816679D-03
   0.2039110835906D-02  -0.2199874529614D-02  -0.1345617464735D-02
   0.1280531295033D-02  -0.7335159494998D-03  -0.2676985212898D-02
  -0.2042386736012D-02   0.1873320465224D-02   0.7420862381559D-02
   0.7488134605327D-03  -0.1332099260203D-02  -0.8526736402257D-03
   0.1047287862563D-03  -0.9354902889829D-03  -0.1779882126039D-03
  -0.1079523989153D-02  -0.1526972000646D-03   0.2368640615306D-03
  -0.7590647106751D-03  -0.1135438718693D-02  -0.3422872408749D-03
   0.2091150882205D-03  -0.1569260158759D-02   0.3459162482170D-04
   0.6137070933831D-04   0.3960806987240D-03  -0.5958142128413D-03
  -0.8258773605568D-03   0.6645910130012D-03   0.4539359165766D-03
   0.1508994183878D-03   0.8109765020005D-03  -0.3451081985140D-03
   0.2195148136025D-03   0.8609815105671D-03   0.2532003203627D-04
   0.1765290624310D-03   0.2465555232051D-03  -0.3745789232069D-03
   0.2275083062533D-03  -0.2252862431888D-03   0.2428215647780D-03
   0.3242661761640D-03   0.6167500708586D-03   0.4280820508129D-03
   0.3096840201369D-03   0.6592590955740D-03   0.7537325802201D-03
  -0.4855978059294D-03  -0.4343162389946D-03  -0.3083994499148D-03
   0.1838576040684D-03   0.1034898505989D-02   0.6197274991961D-04
  -0.1888550890626D-04   0.9516202800944D-03   0.9126459899530D-04
  -0.1485351325474D-02  -0.1106510283867D-02  -0.3643945835954D-02
  -0.3461599567246D-02   0.1862863269473D-02   0.6679944874844D-02
  -0.2876235739383D-01  -0.8804458418333D-01  -0.3750076943749D-02
   0.6164330067039D-02   0.9310932352958D-02  -0.1667622096072D-01
   0.1150625584756D-04   0.1658453121196D-02   0.2355146416476D-03
   0.1308607067518D-02  -0.1464794113532D-02   0.6142990001816D-03
   0.1669392791685D-02   0.2466305308284D-02   0.3052016917537D-03
  -0.1249654457298D+00   0.7477949100396D-02   0.7616411943680D-02
   0.2325680665554D-02   0.3237357332938D-02   0.7109739871266D-02
  -0.8700380326970D-03   0.7620053308341D-02   0.5979029569275D-02
   0.1221449767064D-03  -0.4072538913570D-02  -0.2421198474853D-03
  -0.3385711386903D-02   0.2620599122784D-02  -0.5376197633927D-02
  -0.7114933042507D-02   0.6557934066344D-02  -0.8037793819210D-02
  -0.1554050384164D-02   0.4387463892237D-02  -0.6640053072033D-03
  -0.8963879504032D-03   0.2092836930804D-02   0.5507008220639D-03
   0.3754404711630D-03   0.1454749487854D-02  -0.6271328465109D-03
   0.9107680411989D-05   0.7350251713038D-03   0.1305072354303D-02
  -0.1014892874533D-02  -0.4516529001974D-02   0.7598411519101D-03
  -0.1984499856182D-02   0.6698956060218D-03  -0.2059976510684D-02
  -0.4490305077607D-02   0.4903903313684D-02  -0.7407710851907D-02
   0.1925903861120D-02  -0.1716006454916D-02   0.5802601492280D-02
   0.5771218757115D-03  -0.7574589787039D-03  -0.6818547548951D-03
   0.1445080636013D-02  -0.9495240099781D-03  -0.6931967423211D-03
  -0.2532025434229D-02  -0.2776973441706D-03   0.6893929051711D-03
   0.1520896801340D-02   0.4152713757192D-03  -0.8888360720246D-04
   0.4577200469304D-02   0.1515205017313D-02  -0.4916111834691D-03
   0.5424073974375D-02   0.2601686990209D-02  -0.3433210433016D-02
  -0.4208251771777D-06  -0.2272085282276D-03   0.1818599319715D-03
  -0.1564885203749D-02  -0.1100336544421D-02   0.3088292372755D-03
  -0.4159418447383D-03   0.3267254953248D-03   0.2855204375159D-03
   0.1809878928786D-03   0.7206741165487D-03   0.3168063132790D-03
  -0.1245924005319D-02   0.1851774571452D-02  -0.8477965011815D-03
  -0.5936199168654D-02  -0.3693902115718D-02   0.2651299228950D-02
   0.9114573252542D-03   0.4179370262677D-03   0.9953033598512D-03
   0.2755614227169D-02  -0.1055596856937D-02   0.2699894806945D-02
  -0.5538801619573D-04  -0.1208497649776D-02  -0.2147352438571D-02
  -0.3154936121781D-02  -0.6224944846163D-02  -0.7680345800371D-02
  -0.3133366745852D-03   0.2469477091872D-02   0.7206036849746D-02
   0.2374613945211D-03  -0.1162166638804D-03   0.2209862077993D-04
  -0.1235775769203D-03  -0.1347385432663D-03  -0.5078537345997D-03
  -0.1717311535780D-03   0.6415866265124D-04  -0.5038765055212D-03
  -0.3181838609895D-03   0.5775914137494D-03  -0.2175208814044D-03
  -0.2274985660358D-03   0.2040171794273D-03  -0.3060233104675D-02
   0.2262232438284D-03   0.2970380440660D-03   0.5921909894139D-03
   0.1376086218007D-02  -0.1114531669646D-02   0.6532308807057D-03
   0.1953881808765D-03   0.1109178753366D-03   0.3978461732173D-03
  -0.9348816896421D-03  -0.1122860078140D-02   0.1222507147715D-03
  -0.1157553981151D-03   0.2476950322609D-03   0.1611642349877D-03
   0.3502451306901D-03  -0.6005248191887D-04   0.2602651431400D-03
   0.4441235987386D-04   0.3133208485973D-04   0.4297251329699D-03
   0.1351709443279D-03   0.1136953553618D-03   0.1363907326635D-03
   0.2082579812124D-03  -0.2302746935131D-03   0.4363204635156D-03
  -0.1105444715953D-03   0.1630137547425D-03   0.2936843868821D-03
   0.1312901940873D-02   0.3398635163844D-02   0.6727814528824D-02
   0.1488534528901D-02   0.3894991091625D-04  -0.7043805230718D-03
   0.7095509655381D-03   0.2047247475909D-02  -0.1542863328317D-02
  -0.1498883895727D-02  -0.5236291394788D-03   0.2041815204760D-02
  -0.9606432068955D-03  -0.1198781449271D-02  -0.7699976609792D-03
   0.3607000302158D-03   0.2474260293446D-03   0.1186233483834D-03
  -0.1858182204026D-03  -0.6252050433641D-03  -0.8493138091100D-03
  -0.5005492283399D-05  -0.8859277971671D-03  -0.1006163657225D-02
   0.7902347600220D-03  -0.6188627254497D-03  -0.5327008930582D-02
  -0.7589547725836D-05  -0.2789542144477D-04   0.5193987484074D-03
   0.1833607098762D-02   0.6045369745880D-03   0.6516591085971D-03
   0.3161631392893D-04   0.1639252550750D-02   0.3259196575583D-03
  -0.3204304286291D-03  -0.2809590953577D-04   0.5530674391200D-03
  -0.1502016989021D-03  -0.8011755115819D-04   0.4877119947733D-03
   0.1522190709640D-03   0.4044915787003D-03   0.2803686408325D-03
   0.6067596586075D-04   0.1434157110065D-05  -0.4960888231612D-04
  -0.2142493501815D-03  -0.1593414493198D-03   0.4687552181233D-03
  -0.1454941951455D-03   0.1643249359460D-03  -0.6037897737320D-04
   0.2836870143348D-03   0.2515358573159D-03   0.3852715236029D-03
  -0.1920809908787D-04  -0.5840202559486D-05   0.1864967255553D-04
  -0.1644995031018D-05   0.1860606713343D-04   0.4041295798819D-04
  -0.1493899867566D-04   0.1811731212500D-04   0.3518042838170D-04
   0.1690033925302D-04  -0.1418491905819D-04   0.3339914217845D-04
   0.3813623470919D-05  -0.3099123265903D-05   0.2687531953735D-04
   0.3362446711424D-04  -0.1634391706622D-04   0.3867969280718D-04
  -0.1972915149885D-03   0.7452579437462D-04   0.4845958279158D-04
   0.2583623081334D-03   0.8750994122379D-04  -0.1001379965714D-03
   0.1187129345281D-03   0.2496096282111D-03   0.2675821052747D-03
   0.1153168992775D-04   0.1012221253608D-04   0.1708237739953D-04
   0.1105514645198D-04   0.1550640035314D-04   0.2172800550137D-04
   0.1136065759689D-04  -0.1559918719421D-04   0.8356835479856D-05
   0.2017124011361D-04   0.1006769180146D-04  -0.3676424153547D-04
  -0.2413392508057D-04  -0.4664314832304D-04   0.4188971871991D-04
   0.5317688787459D-05   0.5346181347661D-04   0.3482855199229D-04
  -0.1519306828116D-03  -0.2173886025491D-03  -0.2079479435230D-03
  -0.1014180705729D-03  -0.9764607658084D-04  -0.1699653965701D-03
   0.2294965419929D-05  -0.4219635821541D-04   0.1767253918038D-04
  -0.3249165556960D-04  -0.2270049673966D-04  -0.1206778720076D-04
   0.1474800233566D-04   0.6233787981269D-05   0.4379671448116D-04
  -0.9769646954871D-05  -0.1976679167287D-04  -0.6827852667974D-05
  -0.4295161039052D-04  -0.1069617006855D-04  -0.4198249199319D-04
   0.1124217012063D-03   0.1049042757302D-03  -0.5686636576824D-04
   0.7209791449201D-03  -0.5965971551401D-03  -0.4882610007009D-03
  -0.2114356412378D-03   0.8606277591496D-03   0.1151330205681D-03
  -0.5353398615109D-03  -0.6182543089239D-03   0.4530151311243D-03
   0.2594409097235D-04   0.2853244724610D-04  -0.3919638709096D-04
   0.3285411330990D-04   0.2447531779843D-04  -0.3076172875581D-05
  -0.1638041619647D-03  -0.3846635069041D-04  -0.5661648667285D-04
   0.4869008681656D-04   0.1740465850370D-04   0.1130936125517D-03
   0.5789076588214D-04  -0.8420422362681D-04   0.2429858617733D-03
  -0.1593235806729D-04  -0.2816828767043D-04  -0.1369489123453D-03
   0.3971144255287D-03  -0.2022464958030D-03  -0.4125259794039D-03
   0.2212788699459D-04   0.2363131241197D-03  -0.2258353552345D-03
  -0.2683049017551D-04  -0.7020223891333D-04   0.3423461353539D-04
  -0.2124258536579D-04  -0.3403349968674D-04  -0.2077648198928D-04
   0.1331961818444D-04  -0.4065237892502D-04   0.2712111565407D-04
   0.1701050265609D-04  -0.5731360651742D-04  -0.8670778560830D-06
  -0.3213854912090D-04  -0.1922480933675D-03   0.9625394641585D-04
  -0.1609019419516D-04   0.4072673731908D-04   0.2991755233320D-04
  -0.2320691227248D-04  -0.1736058055317D-04   0.4461298899113D-04
  -0.6121517814923D-04  -0.6230656680491D-04  -0.6331907847635D-05
  -0.5484940147483D-04   0.4487961046963D-05  -0.1636856286733D-04
   0.2215148645573D-04   0.9733830814559D-05   0.3653977244200D-04
  -0.1868692348120D-04  -0.2802198992791D-04   0.5455169386772D-04
   0.1917981966959D-03  -0.5661431025422D-04  -0.1653635178313D-04
  -0.3273816767756D-04  -0.1060640091824D-04  -0.1714099800987D-04
   0.2288181750139D-04  -0.4119878154723D-04   0.1804904565237D-04
   0.7724857955859D-04  -0.3584532119283D-04  -0.8367705066573D-05
  -0.1162197865200D-03  -0.9078881122314D-04  -0.1834694008234D-04
   0.2908621734153D-04  -0.1228077852086D-03   0.1761202244155D-04
  -0.1927650301603D-04   0.2475638276786D-04   0.5300322291188D-04
   0.1783262489094D-03  -0.4437213923763D-04   0.3203624291381D-04
   0.6427996104261D-04  -0.6662049767825D-05   0.3494841384631D-04
  -0.4321714108901D-04   0.8687505106893D-04   0.2010830775340D-04
   0.2227590375157D-03  -0.2514179875522D-03   0.3133036994515D-03
  -0.5788040965304D-03   0.5257021015723D-04   0.2141287028203D-03
   0.1793298334447D-04  -0.3093648825188D-04  -0.4213544699758D-04
   0.2784604516227D-04  -0.7038591231093D-04  -0.3283686566988D-04
   0.3113457404016D-04   0.9289922265147D-04   0.1802851272006D-04
  -0.2378107155993D-04   0.2684045971355D-04  -0.1379463574097D-03
   0.5938414953710D-03   0.1585012379525D-03   0.2511883515788D-03
  -0.1694427159180D-04   0.6655188691042D-04  -0.6326638436393D-04
  -0.7630096186781D-06   0.4456334548601D-04  -0.2923633696481D-04
  -0.7829306239763D-05   0.3825665888810D-04  -0.5123303997461D-04
  -0.4367571663084D-03  -0.7375865895948D-03  -0.1341259784917D-03
  -0.3223398496669D-03  -0.8266224222811D-05   0.1425849873399D-02
  -0.2278365481226D-02   0.4061421471724D-03  -0.7838683821056D-02
  -0.6801111563561D-03  -0.1243269302343D-02   0.5434699955303D-02
  -0.8601814266477D-04  -0.1598923170151D-03  -0.8004854828849D-03
   0.6802165947700D-03  -0.7563036949019D-03   0.2542749844144D-03
   0.1990586954108D-03   0.1266416743261D-02  -0.3452464547003D-03
   0.1037644198417D-03   0.1669719677154D-03  -0.2778098017505D-04
   0.6227837428911D-04   0.2516493898332D-03   0.2081846304064D-03
  -0.2024361595936D-03   0.3751396834626D-03   0.3900875632911D-03
  -0.3213933353421D-03   0.2872604377818D-03  -0.6032829603546D-04
   0.3450431220479D-02  -0.8065787803415D-03   0.3232103191250D-02
  -0.8739177643769D-03  -0.1799232350336D-03   0.2811129164049D-02
   0.1790664148417D-02   0.5049475626287D-03  -0.6731979250203D-02
   0.2405938402703D-03  -0.1647411968562D-02   0.7294474422888D-02
  -0.1572592830426D-03   0.3683108871421D-03  -0.6182966525534D-05
   0.3852372222594D-03  -0.2277524037661D-03   0.3785331583820D-03
   0.1709116880551D-03   0.1334554054002D-04   0.8618602131906D-04
  -0.4184962859751D-03   0.8018728992905D-03   0.7782296061941D-04
  -0.9349430892339D-03   0.1367225046292D-02  -0.2401690549458D-02
  -0.1527304342351D-03  -0.5689060063866D-03  -0.9979346412188D-04
  -0.1652779489392D-04   0.1350241594502D-03   0.2002313753135D-03
  -0.7659368561185D-04  -0.3251583598105D-03  -0.2129329576621D-03
   0.4399669963992D-03   0.8918619140791D-03  -0.3579569885619D-03
  -0.1626631414823D-03  -0.3159172802842D-04   0.1131141132721D-03
   0.4120291761148D-03  -0.2807787436444D-03   0.8207933326786D-03
  -0.2374331419555D-04   0.3067337477898D-03   0.1888960788804D-03
  -0.1173310126028D-04   0.1861241306085D-04   0.1897915246428D-04
  -0.7794352295238D-05   0.1105717903211D-04   0.3518551601661D-04
   0.4085968830716D-04  -0.2030304218607D-04   0.5540880082113D-05
   0.4500278060662D-05   0.1394817241167D-04   0.1532228782822D-05
  -0.3958860514542D-04   0.1927284456901D-04   0.5954656749135D-05
  -0.9083421092630D-04   0.2677422263851D-04   0.6213651200567D-05
  -0.1829998579240D-04   0.5774912830890D-05   0.2970402625253D-05
  -0.6904772137127D-04  -0.3557285348705D-04   0.9331111064811D-04
   0.2719201430594D-05   0.1677954742686D-04   0.1046131267739D-04
  -0.2429180629057D-04   0.4169575254671D-04   0.2460119961907D-04
  -0.4981543484668D-04  -0.1778202110896D-04  -0.1473230733038D-04
  -0.2006787393010D-04  -0.9788620818810D-05   0.4562330527143D-04
  -0.8639287539989D-04  -0.1101740855062D-04   0.3204392536309D-04
  -0.1306934770936D-03  -0.4734999355608D-04  -0.8966681735136D-05
  -0.8063991728616D-04  -0.1760509993378D-04  -0.2648167381375D-04
  -0.4516176938340D-04   0.1200625592613D-04   0.7605882517727D-05
  -0.1051530040205D-03   0.7867805599892D-05   0.3314611108392D-04
  -0.4900856495019D-04  -0.3022226449798D-05   0.4434109785985D-04
  -0.8216740014728D-04   0.8875618131400D-05   0.1197747678655D-03
  -0.1642489287583D-02   0.4208353713989D-03  -0.4404429680916D-04
   0.6091284264823D-02   0.2739235145319D-03  -0.2884239843331D-02
  -0.3857147985519D-01   0.6558479165142D-01  -0.5729266353278D-01
  -0.7708599283619D-02  -0.7809545536081D-02   0.2615890953740D-01
   0.9266483447668D-04  -0.1634672364824D-02  -0.7626556854772D-03
   0.1169308315052D-02  -0.1102114287803D-02  -0.6141726299560D-03
  -0.3492340674848D-03   0.4229181114923D-03   0.9380917414676D-04
   0.3558130710402D-04   0.2858628318236D-04  -0.8587049108708D-04
   0.4179154720445D-03   0.1736770416168D-03   0.7249026897237D-04
   0.1041069528930D-02   0.1422614470054D-03   0.2210348326889D-04
  -0.6671335926743D-01   0.9745486970354D-01   0.1054890707535D-01
  -0.3975200154489D-02   0.1747603422921D-04   0.8860996828992D-02
  -0.2354288276548D-03   0.6775533978524D-03   0.2369879253598D-02
   0.1903966491616D-03   0.1466875447511D-02  -0.8809071287715D-02
   0.4504560230344D-02   0.6969669454849D-02  -0.5903642034127D-03
   0.2917113713179D-02   0.1241572332654D-01  -0.2311447537649D-03
   0.1520026096931D-02   0.3583590039295D-02  -0.2538379108131D-04
   0.1009852302802D-02   0.2005503283633D-02   0.8814199533196D-03
  -0.6302345134018D-04  -0.3035628328756D-03   0.3180538951376D-03
  -0.5387767932807D-04  -0.1003241417792D-02  -0.5327709345158D-03
  -0.3048898207339D-02   0.9358914231045D-03  -0.2624752734578D-03
   0.1203234165315D-02  -0.4727292881521D-02  -0.4595944785510D-02
   0.2777529615565D-01   0.8734495661783D-01  -0.9040779754770D-02
  -0.6678476769841D-02  -0.5833937929407D-02   0.1715131777883D-01
  -0.1780149584587D-02  -0.1467674337399D-02  -0.7660456158027D-03
  -0.7377006877183D-03  -0.4024985000962D-03   0.2451756737640D-02
   0.9068694066327D-03   0.2892531423260D-02  -0.1707181031561D-02
  -0.8050153883105D-03  -0.3994391938961D-04   0.2296742619055D-03
   0.1283188254116D-02  -0.2115705159423D-02  -0.6449688294711D-03
   0.1199789276411D-03   0.3257564705533D-03  -0.1250925272965D-02
   0.6667504645466D-03  -0.5459161654600D-03  -0.2548448513193D-03
   0.9393164822083D-03  -0.1089153894902D-02   0.1674171684647D-03
   0.2807928114519D-03  -0.8400560384972D-04  -0.5314964427482D-03
  -0.2807061579813D-03  -0.6160482327610D-03   0.3250370082072D-03
   0.1082076086583D+00   0.1873920746426D-01   0.8584855692130D-01
  -0.3701919509082D-01   0.5911215248446D-01  -0.2903519520160D-01
   0.3496229175183D-01   0.1013173678618D+00   0.8825857290249D-01
   0.2219493681955D-01   0.6777784778786D-01   0.1839297406435D-01
  -0.4495290179721D-01   0.1260634867380D+00   0.4119573360492D-01
   0.2593954924929D-01   0.7148455013544D-01   0.1258030151340D-01
   0.1355769671907D+00  -0.2874447528135D-01  -0.3734894221806D-02
   0.3797785683140D-01  -0.5436835483889D-01   0.3416192800211D-01
   0.6070739057667D-01  -0.1218302056679D+00  -0.2191104816849D-01
  -0.1708698675684D-01  -0.7580426892515D-01   0.3235006911359D-02
$end                                                                            
