   -0.39156024
    0.02806050
    0.26446782
   -0.49547241
   -0.12254747
    0.17905543
    0.03506214
    0.04629857
    0.07163033
    0.05830792
   -0.17586411
    0.00967155
    0.28053906
   -0.48524279
    0.06067877
   -0.48477218
    0.24135203
    0.08486896
    0.06389663
    0.06669648
    0.36016655
   -0.17386088
    0.01446817
    0.28837675
   -0.49799974
   -0.08045262
   -0.09029668
   -0.02712733
   -0.13984187
    0.23264319
   -0.24703977
   -0.25560015
    0.23803656
    0.07948522
    0.06926508
    0.06126937
    0.08227835
    0.08655732
    0.08734967
    0.08127252
    0.24025775
    0.23953405
    0.25373980
    0.25416509
    0.25580004
   -0.17343729
    0.03744569
    0.27584294
   -0.51907644
   -0.11597144
    0.28875808
   -0.47973458
   -0.29237052
    0.21593911
    0.07074277
    0.10187141
    0.07621764
    0.24702844
    0.22997364
   -0.18955667
    0.02958829
    0.27662469
   -0.50212043
   -0.12946596
    0.25256449
    0.06450335
    0.06596211
    0.08267038
    0.07243105
   -0.18222137
    0.03843286
    0.27183206
   -0.51666473
   -0.10973264
    0.29431071
   -0.47495148
   -0.27732269
    0.24194443
    0.07628309
    0.07588873
    0.08214332
    0.24718456
    0.22465555
   -0.19387867
    0.05259246
    0.27713131
   -0.49747318
   -0.09912996
    0.37816826
   -0.63042215
   -0.62367602
    0.23693376
    0.04859207
    0.04207897
    0.02400361
   -0.18283997
   -0.01794056
    0.28069772
   -0.49674642
    0.22644058
    0.08181529
    0.08677478
   -0.19606359
    0.03404576
    0.28856620
   -0.50144290
   -0.02252180
   -0.06185098
   -0.11773668
   -0.11304645
    0.23859661
    0.05091557
    0.04573058
    0.03582754
    0.04169862
    0.06803645
    0.02313085
    0.05560260
    0.04987302
    0.04419232
    0.05275633
   -0.19531339
    0.02283404
    0.27882564
   -0.51032484
    0.07504696
   -0.45833918
    0.22729467
    0.06970987
    0.04223572
    0.05905679
    0.34473479
   -0.18436231
    0.02560973
    0.28378602
   -0.50036374
   -0.02551158
   -0.06423177
   -0.11494099
   -0.10526012
    0.23813464
    0.06976094
    0.05266643
    0.04710214
    0.03303303
    0.06428405
    0.03355741
    0.05704682
    0.03798399
    0.02791099
    0.05701568
   -0.18850489
    0.04521396
    0.28865733
   -0.49596234
   -0.12150533
    0.23129110
    0.05754266
    0.06658912
    0.06540569
    0.05628795
   -0.19803999
    0.03047061
    0.27652158
   -0.49759962
   -0.06068714
   -0.09262515
    0.29146414
   -0.50919410
   -0.29521626
    0.22703165
    0.08182198
    0.05665394
    0.05812720
    0.06597211
    0.06657353
    0.23936387
    0.22689822
   -0.19009717
    0.00870889
    0.27438910
   -0.49265604
    0.11029570
   -0.46446485
   -0.14155971
    0.22991864
    0.07350744
    0.05981573
    0.31375947
    0.07148964
    0.06210456
    0.05808255
   -0.18156838
    0.01411497
    0.27325599
   -0.48270175
    0.12190559
   -0.45437660
   -0.12329374
    0.22341142
    0.07617699
    0.01484729
    0.31499292
    0.06874462
    0.05275605
    0.07038848
   -0.19390086
    0.03120008
    0.27274751
   -0.47851665
   -0.05906274
   -0.09352739
    0.36819199
   -0.61802250
   -0.61964319
    0.22693681
    0.06768369
    0.05239998
    0.05179186
    0.04163377
    0.04155698
   -0.17928107
   -0.02928462
    0.27709956
   -0.48897796
    0.22185844
    0.08424004
    0.08538661
   -0.18252319
    0.02528165
    0.28060021
   -0.51421204
   -0.13250735
    0.22354131
    0.06693298
    0.07189338
    0.07161526
    0.06760006
   -0.18847725
    0.02586031
    0.28037263
   -0.50971033
   -0.07677135
   -0.01378832
   -0.11333172
   -0.12039520
    0.22845474
    0.06986622
    0.05225022
    0.06447488
    0.03646640
    0.04497058
    0.02564463
    0.05341955
    0.05281578
    0.04878986
    0.03460142
   -0.17888115
    0.04124282
    0.21006109
   -0.36217610
   -0.11344184
    0.29331533
   -0.46766206
   -0.27437742
    0.23077288
    0.09751004
    0.09552929
    0.09779852
    0.23707899
    0.22193014
   -0.37612400
    0.04101452
    0.20871942
   -0.36095426
   -0.07302697
    0.00622048
   -0.04096241
   -0.04261245
   -0.03249286
   -0.03139353
   -0.03083656
    0.16195681
    0.05591823
    0.05470260
    0.05862543
    0.03988641
    0.03878323
    0.03871966
    0.01990814
    0.01161135
   -0.39165811
    0.02972162
    0.26748257
   -0.49886817
   -0.01342414
   -0.10915374
   -0.11573600
    0.16374394
    0.02601979
    0.04362775
    0.04183780
    0.03940560
    0.03785199
    0.04464677
    0.04951879
    0.03588155
   -0.17329257
    0.02194481
    0.19600844
   -0.37206423
   -0.07462110
   -0.00778061
   -0.11755025
   -0.11938612
    0.21782408
    0.11255591
    0.05354020
    0.07358097
    0.02777211
    0.04168768
    0.03924284
    0.04486469
    0.04741648
    0.04727818
    0.03838106
   -0.40270263
    0.04314480
    0.19853867
   -0.36275696
   -0.06343009
   -0.00951521
   -0.10838029
   -0.10713282
    0.18985299
    0.03861586
    0.04900825
    0.02987639
    0.03266886
    0.03895563
    0.03845070
    0.03895290
    0.04092311
    0.03234435
    0.03201137
   -0.37180957
    0.03349618
    0.20041402
   -0.36425428
   -0.02232598
   -0.05403237
   -0.11003165
   -0.10662747
    0.16076207
    0.05286320
    0.04292214
    0.03357922
    0.02909721
    0.03546832
    0.03764807
    0.03999201
    0.03280296
    0.03905771
    0.03840800
   -0.38215515
    0.03287109
    0.20045696
   -0.37968424
   -0.01487433
   -0.11255371
   -0.11233724
    0.15979968
    0.06313314
    0.03402772
    0.04430852
    0.03423262
    0.05515503
    0.04402643
    0.04829527
    0.03315954
   -0.39300092
    0.03778596
    0.20216389
   -0.36263905
   -0.01674614
   -0.05629562
   -0.11227005
   -0.10345268
    0.17573778
    0.04804463
    0.03351533
    0.03417235
    0.04334436
    0.04603157
    0.03737388
    0.03645271
    0.03015109
    0.04030638
    0.03430722
   -0.38023842
    0.03845456
    0.19833583
   -0.37598344
   -0.07127017
   -0.00266912
   -0.10971167
   -0.11141101
    0.16044305
    0.06308075
    0.03139064
    0.06180102
    0.02567738
    0.04080220
    0.03604134
    0.04087100
    0.03877546
    0.04591877
    0.03037283
   -0.38490104
    0.04086244
    0.19488186
   -0.37510754
   -0.08248055
   -0.07946429
   -0.02466697
   -0.13927371
    0.23190241
   -0.25721957
   -0.26086434
    0.17889818
    0.03436596
    0.07067775
    0.07511018
    0.05294826
    0.05160717
    0.09075572
    0.08315862
    0.23136545
    0.23772560
    0.25508634
    0.24239699
    0.25074228
   -0.39105827
    0.03628905
    0.26932691
   -0.51216892
   -0.06369801
   -0.01008971
   -0.10873865
   -0.10699486
    0.16233372
    0.02966569
    0.04854037
    0.02494802
    0.03985279
    0.04940657
    0.03886026
    0.02224441
    0.04347505
    0.02370611
    0.03485562
   -0.17119815
    0.03488762
    0.20323620
   -0.36363105
   -0.13600545
    0.24167107
    0.06559853
    0.07452141
    0.07789472
    0.08409704
   -0.38936286
    0.03291925
    0.27425718
   -0.49788601
   -0.02275195
   -0.10350975
   -0.10954737
    0.15224290
    0.03500709
    0.05049387
    0.04131110
    0.02084717
    0.03990914
    0.03663196
    0.04655344
    0.04385507
   -0.16727110
    0.04322205
    0.21069797
   -0.34816116
   -0.06404654
   -0.08618476
    0.28788230
   -0.51561314
   -0.29215925
    0.22987032
    0.05597448
    0.07825063
    0.06901571
    0.04603518
    0.06234237
    0.23500314
    0.20562782
   -0.40682622
    0.04032849
    0.26731905
   -0.49074974
   -0.07101714
    0.01854619
   -0.03100345
   -0.04285083
   -0.03523688
   -0.03763100
   -0.03939806
    0.18042309
    0.03855652
    0.05630786
    0.04253401
    0.01338919
    0.04090729
    0.02331971
    0.04800228
    0.02987063
   -0.17887004
    0.03451909
    0.20614958
   -0.35241571
   -0.11113601
    0.29367753
   -0.48776244
   -0.27879191
    0.23536141
    0.08125803
    0.08846711
    0.09616729
    0.22991343
    0.22935800
   -0.40790480
    0.04133136
    0.20684042
   -0.39020667
   -0.01930944
   -0.05841508
   -0.11477158
   -0.10620081
    0.18629188
    0.03719597
    0.04848818
    0.04171244
    0.03710840
    0.05478947
    0.02932302
    0.04470511
    0.04482421
    0.02209493
    0.04434128
    0.18152656
    0.06799729
    0.18985007
    0.06551585
    0.17826488
    0.07718231
    0.17694709
    0.06838470
    0.17641172
    0.07829076
    0.18087094
    0.07037019
    0.18233051
    0.06887472
    0.17095523
    0.06397278
    0.17585673
    0.09127933
    0.18031109
    0.08213259
    0.18713162
    0.08047610
    0.17536631
    0.07576809
    0.17425615
    0.06496901
