$grad                                                                           
  cycle =      1    SCF energy =  -529.86265353976   |dE/dxyz| =  0.588744
   42.49265948257112     43.41666985992558     44.74117903233409      n 
   44.57674286287359     41.76188433399425     45.39891816779883      c 
   46.89262852753726     42.24746655496875     43.73833484190156      c 
   46.71646028402657     42.49410394486718     41.44848415821950      o 
   43.69168778756669     39.00363069229392     45.02533325543884      c 
   41.53236310589008     38.45007117633891     46.75449067085763      c 
   39.00711379925887     38.52228102129710     46.20092451402769      c 
   41.71798137659960     37.83731872321951     49.37632231456809      c 
   37.61430634887827     37.96564351253491     48.30163768923101      n 
   39.21545315099141     37.51626460120377     50.26481553402352      c 
   43.72740604178646     37.51730491348022     51.04964652335968      c 
   38.71555208816041     36.85547149456120     52.75544757252041      c 
   43.22006722870140     36.80747532650969     53.49857512452444      c 
   40.73793242929600     36.48030104562694     54.34974694471943      c 
   41.70880942219627     43.13444439789419     43.00621753871283      h 
   45.01922449974514     42.10166038691837     47.38660590309569      h 
   43.10246102978802     38.78652221355846     43.06066257854694      h 
   45.26437591328094     37.74198691039747     45.44379039360082      h 
   38.10680604831735     38.93100712339756     44.42811906316609      h 
   35.71563512574217     37.81850888471663     48.40478695475312      h 
   45.64294619802824     37.85156839279148     50.45349491983084      h 
   36.79051298576209     36.65088359616965     53.38743773910466      h 
   44.77253593455622     36.49970878019211     54.79143704946808      h 
   40.41671344928918     35.96374753026992     56.29891424094830      h 
   49.11374523463083     42.18902139559059     44.97967899300889      n 
   51.49027871133389     42.62985595034829     43.70761504207494      c 
   53.31947831110506     40.46969806487905     44.25716312394074      c 
   53.13524266783498     39.14596904825427     46.14850747668182      o 
   52.70691914369110     45.11755083221075     44.55389965490959      c 
   49.09568224927126     42.18758454567757     46.89631497657327      h 
   51.07881922533860     42.73918351366800     41.68031189019725      h 
   54.49781687198728     45.39430377941789     43.58320401050491      h 
   51.46380132377571     46.67960929821512     44.07294237246703      h 
   53.05039435197953     45.10739732826010     46.58123490472739      h 
   55.09085509721261     40.07497054068423     42.48226179012303      n 
   57.24356048632929     38.42813812709942     42.94936777026285      c 
   59.11125200561339     39.79592158117301     44.70707159959973      c 
   60.11153486962007     41.79774116899883     44.02610634799387      o 
   58.62113572264991     37.76962830073235     40.49894395046379      c 
   61.42197432123217     37.10081134249798     41.06938212632191      c 
   61.88691570892522     36.06115310907351     43.13689625665321      o 
   63.03407424328854     37.68099956638348     39.45072928133760      o 
   55.29135059923021     41.33975357841340     41.06467656357720      h 
   56.55213211032538     36.72345130042058     43.87896533913797      h 
   57.75532687988143     36.16667012599899     39.53878863823439      h 
   58.62809710266084     39.37546793696313     39.20113488380056      h 
   59.50133938068314     38.83857271191132     46.99601121446526      n 
   61.34313212514084     40.00729850938795     48.67090548467635      c 
   63.68054637514092     40.99985727221159     47.30853972882357      c 
   64.47007089760433     43.13715488643635     47.74476043868552      o 
   62.02139391628431     37.92178340184157     50.55917380217736      c 
   59.62759561304657     36.31599517295962     50.67277515345237      c 
   58.62997360260719     36.41439586576340     47.96770197305909      c 
   60.47380677639097     41.63584093768505     49.61446630718788      h 
   63.59011067331200     36.81973690252677     49.80686982902478      h 
   62.56041888496873     38.70347501081207     52.37934862601617      h 
   60.01999239385306     34.38604950938368     51.24961445338752      h 
   58.26895113123342     37.13328502721375     51.98424207929872      h 
   59.43018347065784     34.89737014700896     46.81605193428003      h 
   56.57378918436518     36.32066234422092     47.90200958937654      h 
   64.94046760153678     39.28161758198000     45.93974608961844      n 
   67.35635528064830     39.90392025519011     44.80852250189285      c 
   67.10518330719654     42.19326974991329     43.07767450041221      c 
   68.27979030807182     44.15662038765612     43.47356779597823      o 
   68.45750222845933     37.61755795704450     43.41409178939398      c 
   68.93827536334422     35.39536181581197     45.21914383679299      c 
   70.83397821459675     38.40402791023183     41.97457059662769      c 
   70.93268683370862     35.87139653090914     47.24406408487773      c 
   63.96030166753575     37.82582312380543     45.12049204400809      h 
   68.63036246417694     40.50670783925976     46.33110132321257      h 
   67.03813054003871     36.99616989777679     42.03696048163521      h 
   67.14939682328753     34.89160838279408     46.11469495061070      h 
   69.51548285086929     33.78349193784329     44.06925401102837      h 
   71.79807136723902     36.74466530175541     41.24610136535346      h 
   70.32843596812909     39.61389154949705     40.38937055401814      h 
   72.10850400771190     39.46472424835489     43.18924865308838      h 
   71.15430553421740     34.18315936383964     48.39117193131089      h 
   72.74761078792388     36.32064273170015     46.39959829660859      h 
   70.39162581513801     37.42352560482286     48.47525450753496      h 
   65.49353719904744     41.94386825522322     41.16285822334845      n 
   65.01430972487367     44.01474615972727     39.45029013434931      c 
   64.74485335802223     46.49515135268662     40.89047258115362      c 
   65.85729296020770     48.41341724585823     40.19731785186688      o 
   62.60132766532712     43.46957649427340     37.96939167624097      c 
   61.89539281260877     45.50955554779508     36.07656045065126      c 
   59.50009243821248     44.58905212253452     34.60496296987516      c 
   57.60610384977617     44.08431066954767     35.91078800929579      o 
   59.70049979585291     44.39276365352510     32.27073239711775      o 
   64.66872630203346     40.25295392322792     40.71879009237851      h 
   66.61024134086942     44.24272938958110     38.13199371511164      h 
   62.84340681929530     41.67156142140348     36.97837174333606      h 
   61.04250036537851     43.23734030559061     39.30282027519475      h 
   61.45252262956273     47.28099377871983     37.04302757057248      h 
   63.42121572722154     45.84719289884074     34.73132544055276      h 
   63.13533562402134     46.46398234175822     42.82330966640555      n 
   62.51441427490668     48.75044856991777     44.19818040348144      c 
   64.87192475976765     49.87182108089830     45.44599430085110      c 
   65.42254675493804     52.10803246779728     45.16307176049099      o 
   60.45537344990977     48.18578116867683     46.13694427723519      c 
   59.70407834569460     50.46517248435809     47.76414173787438      c 
   58.80015401663329     52.68886310364130     46.16472923269605      c 
   57.63791634886201     49.65808516072668     49.61010181597751      c 
   62.25693564553398     44.83884218550888     43.31503999529383      h 
   61.86440278631776     50.15992137436140     42.81846984127776      h 
   58.80597745677885     47.48427933656862     45.10946141223076      h 
   61.14188046874879     46.65726276786724     47.34404901506917      h 
   61.37028738479807     51.07967978348125     48.82407636110441      h 
   58.02966551113705     54.15806424259426     47.37402108699834      h 
   60.35653777110529     53.50055630905229     45.09801005999389      h 
   57.33816658278174     52.08807313129820     44.85025300199030      h 
   57.11903896739630     51.23104355712488     50.82140158932755      h 
   55.97581482809749     49.04508546021044     48.57000716451799      h 
   58.29700338540625     48.10626286171103     50.78125032451319      h 
   66.19864408251406     48.29886824728636     46.89134156936374      n 
   68.48145075451654     49.12759761710094     48.16395278909000      c 
   70.26972950330482     50.33180218571751     46.24683814380082      c 
   71.33974363902183     52.36182524415354     46.65202125144229      o 
   69.72583969330050     46.88495730939006     49.53154152655767      c 
   68.12787737628787     46.15514861806420     51.84058333893638      c 
   72.43212315302438     47.53309929814444     50.29101242653549      c 
   68.67802254768091     43.49158674505401     52.78661609741130      c 
   65.72004915630730     46.44754989074928     47.03263627087831      h 
   67.99204383971451     50.60488344793954     49.54050088452403      h 
   69.76769816715102     45.30217844716154     48.19936984272530      h 
   68.47326905713976     47.51561000410335     53.35232801519098      h 
   66.12983912592919     46.25833430011713     51.33829624708363      h 
   73.22623781188179     46.02925472647861     51.43710759472167      h 
   73.62581418426785     47.76082091981806     48.63387434675482      h 
   72.47519418370321     49.27989000963496     51.37213540014929      h 
   67.59722848861647     43.11381533552670     54.49309382436427      h 
   68.14558660570562     42.11778300564163     51.35392388610954      h 
   70.66660325880217     43.24207607428180     53.22733948355982      h 
   70.56537976990923     49.02577657891045     44.12608904925356      n 
   72.23536712877647     49.86219031596332     42.13478409710955      c 
   71.43791872859389     52.47953348751230     41.19611117284217      c 
   72.99004378683998     54.18212688768977     40.91028467228543      o 
   72.22364519178319     47.96988903321356     39.96148297528885      c 
   73.44548092882903     45.47164138893648     40.73406220441143      c 
   74.13988251498184     45.00826570495489     42.87455385838008      o 
   73.71602061868646     43.83253899553431     38.81448796873849      n 
   69.75580903287492     47.30137925012122     43.93897620203862      h 
   74.16226444405416     50.04683731175448     42.89261673148994      h 
   70.27061423123133     47.62637992645413     39.38406695971781      h 
   73.27700227802684     48.76129463272856     38.37786296240319      h 
   74.54783887992467     42.15233618277550     39.14960165824208      h 
   73.17534978411582     44.26695122708032     37.04643065652520      h 
   68.99373832654865     52.75975432561105     40.68485075908212      n 
   68.01488223397959     55.16799649100569     39.81373258291560      c 
   68.80402243040452     57.25092445336748     41.65282577996643      c 
   69.93143524289007     59.14318565465191     40.93897863317105      o 
   65.13973579269071     55.06797895453784     39.56725528738706      c 
   63.93940098351921     57.66086185638439     39.06197914248999      c 
   65.02074693307873     58.90388435323166     36.69388729062167      c 
   61.07843783026504     57.37535753652755     38.83362166923046      c 
   67.76198407732034     51.30107842578118     40.86518418780883      h 
   68.89521178347687     55.61450769029644     37.99029644376631      h 
   64.65602362637428     53.75887466763028     38.04657475455389      h 
   64.37789257913313     54.29507402661256     41.32194979145552      h 
   64.32476076315146     58.89206123842132     40.68049852387837      h 
   64.01142072450354     60.64479817141047     36.28476166757431      h 
   67.00146885506759     59.37659342069990     36.95343122435004      h 
   64.83353504116940     57.64340109644923     35.08136863723131      h 
   60.21197633794771     59.21370273337143     38.54476265174358      h 
   60.58297082040147     56.16058670189268     37.24886237175044      h 
   60.29886211682641     56.54962670863824     40.54602255376582      h 
   68.12618017089397     56.84848366745767     44.04122029355532      n 
   68.67997622630270     58.64055165938159     46.02871404451506      c 
   71.46099494297998     59.47665019657119     45.92474770722386      c 
   72.08202709315211     61.69185528909538     46.03620090534503      o 
   68.15602358234366     57.43721251079459     48.59006526867765      c 
   64.80784407818280     56.77852437026490     49.08812394697384      s 
   67.19048554826412     55.24462537297994     44.52255322082434      h 
   67.51914144118741     60.34310415776370     45.76947663813068      h 
   69.09929720298261     55.60911204895691     48.69729583353601      h 
   68.80335295624759     58.65142716639033     50.11466783663380      h 
   64.19894489986210     59.12321443536709     49.78942466027357      h 
   55.67739926825276     61.24328370402765     36.36632644437518      n 
   54.57019826494435     60.23627616708247     38.66183230209099      c 
   51.86058068576114     59.36662977033443     38.18012990769861      c 
   51.16787120633264     57.21179951118837     38.66399993378401      o 
   54.61249314832614     62.17972953221761     40.81304299394876      c 
   57.10028421686148     62.16255170356339     42.18816578267177      c 
   57.63117777755605     60.24332656187835     43.90210954265117      c 
   58.90180696313368     64.01627697512929     41.75319592209991      c 
   59.92013435781424     60.18047789581888     45.16073238426761      c 
   61.19363432132364     63.96137539054494     43.01591223515538      c 
   61.70072360101037     62.04637122936840     44.72135107978752      c 
   56.26134899995515     63.06716645155917     36.32828287500487      h 
   55.61858603731385     58.52852018754547     39.20496173512823      h 
   54.22085256327908     64.03752431104088     40.00952162985991      h 
   53.10396650604375     61.69008779458891     42.13388428765817      h 
   56.24113663803316     58.78453184723018     44.23053208654507      h 
   58.50480091491460     65.48715117104616     40.39637999788577      h 
   60.31691149993861     58.67543838656257     46.47631864623208      h 
   62.59011809256506     65.40487531115755     42.66293338304069      h 
   63.48577758896896     62.01305579967666     45.70805401388564      h 
   50.17763059867690     52.69530200069444     35.59983587975795      n 
   51.01086718295492     50.29991587374711     36.62110986647461      c 
   48.92597920590919     48.84111576808875     37.98772871249230      c 
   49.16776117874000     46.58717021948373     38.45636159516756      o 
   53.29357984052452     50.51780227517713     38.41567774416460      c 
   55.49689122015561     51.83698762528081     37.10703334757809      c 
   52.59603091088987     51.82368139779854     40.88803102820405      c 
   50.58996995392433     54.29283282618758     36.57264417692476      h 
   51.58835959617766     49.11802253634255     35.01494181212549      h 
   53.86247854282325     48.56461924289793     38.81432271768443      h 
   57.08454451916547     52.00740950924460     38.39987957022190      h 
   56.12195275945910     50.74462056589506     35.47816009402974      h 
   54.97697547283116     53.71881713681348     36.46509406469961      h 
   54.22679920184024     51.85363864104819     42.13396142664936      h 
   51.99837332900510     53.75585113389037     40.55694477687874      h 
   51.06990703530987     50.82617022602219     41.83052122912462      h 
   46.88674018380911     50.14970629992680     38.71338709717043      n 
   44.91987316783038     48.94389715801469     40.19815687979487      c 
   42.96595301147295     47.75285615277573     38.42352750702099      c 
   41.30929182236591     49.00736185356870     37.38204772329031      o 
   43.74488666141852     50.84476383301127     42.03189666181046      c 
   45.60163791788786     51.44629221558009     44.07117099721935      c 
   46.40909188747076     49.85138964229113     45.94010517118593      c 
   47.02377164468481     53.72546909593206     44.34321268699264      c 
   48.23951070724392     50.99835046010859     47.35975703510011      n 
   48.66173079621751     53.36421135707911     46.43178983711432      c 
   47.05785134833647     56.02646200613383     43.05373652204935      c 
   50.35183137952679     55.22096425874386     47.19880299391550      c 
   48.70297504223822     57.87137566417726     43.85944391015593      c 
   50.35107945776053     57.46609472032113     45.88427248555617      c 
   46.65025915682772     51.97421024270771     38.20659163642066      h 
   45.83963865888720     47.41481129480130     41.24949304378650      h 
   43.21741631830514     52.54441141650720     40.99244416511776      h 
   42.01510791317828     50.02656409971207     42.80125589618117      h 
   45.80831351237580     47.96069617636253     46.36156291088548      h 
   49.11363247978570     50.23511195246750     48.86434584736314      h 
   45.83533638425809     56.33786776740936     41.44986735219877      h 
   51.61591938701221     54.91704337862138     48.76754498558763      h 
   48.74978848486423     59.67864893797591     42.90795989438398      h 
   51.64448771721597     58.95074257555966     46.42177720372943      h 
   55.76358444616461     26.50993888153849     50.89028672509473      n 
   54.90029288579030     28.59046292163046     52.43093913918372      c 
   54.17218291466266     30.79210322964369     50.69497544187745      c 
   55.26030466086166     31.17774364605161     48.69067737472317      o 
   56.96603939122404     29.50578730953027     54.26132649898827      c 
   57.29788815490673     27.72892326798019     56.44830468848945      c 
   58.59017115380204     25.46265388728155     56.14838116928910      c 
   56.30312679686955     28.31929897686836     58.80605461069889      c 
   58.92087419119257     23.84290587089853     58.17390693640161      c 
   56.64477063507983     26.71046994763154     60.83934122962880      c 
   57.96931514498564     24.47373378137980     60.53018660930366      c 
   57.22630885971934     26.90788957220120     49.73040009731334      h 
   53.24843938267492     27.93736133540584     53.48320246546498      h 
   58.73489656773990     29.69233579141326     53.21217542360003      h 
   56.41298264611749     31.36567065277900     54.95713106417309      h 
   59.35041545757277     24.95807574176563     54.32297829672424      h 
   55.26866355670688     30.06140032056555     59.05997085456772      h 
   59.94294856339821     22.09901101570389     57.90087542045930      h 
   55.90431582906643     27.22037415421063     62.66931614294991      h 
   58.30226238481979     23.24903349191536     62.12713675054744      h 
   52.28426971483998     32.20948614099555     51.58291577249560      n 
   51.35629466183033     34.43926137642423     50.30379389790862      c 
   51.00227995209016     36.54276601511562     52.26884353496218      c 
   50.42313829415119     36.04482531845756     54.45683719893784      o 
   48.80704044085341     33.92276020118476     48.99438674292240      c 
   48.82928153545373     31.62531846946711     47.24024900578684      c 
   50.41882985391322     31.92511738089426     44.84443796658987      c 
   49.42263199121595     34.00626163641272     43.10845030869240      c 
   50.52057403619347     33.73515607737944     40.52870425365595      n 
   51.46209644533857     31.74365387960927     53.25400528775556      h 
   52.77788158376269     34.99696068648151     48.91479246727269      h 
   47.39400630291635     33.58960612101888     50.45792288617996      h 
   48.28035564528983     35.61997383258684     47.95683011133170      h 
   49.54357383289675     29.99551678789070     48.28164020332242      h 
   46.87701211877472     31.21371750233561     46.72098465550088      h 
   52.37931522303132     32.28627261477563     45.36511843857387      h 
   50.37911314499795     30.11827978020068     43.84762809592385      h 
   47.36791601815997     33.88785340794878     42.96158232744166      h 
   49.93032756925345     35.86610904916814     43.83847887567958      h 
   49.88468662542302     35.14733213479355     39.34844848132742      h 
   52.46365252032939     33.83574979280100     40.61938116256167      h 
   50.03572790542814     32.00690327604024     39.75876978349373      h 
   51.32158082832207     38.88379059788019     51.39414717215929      n 
   51.05199670881550     41.11817078250868     52.96440846891267      c 
   48.45344697011357     42.29065478890760     52.46812439861834      c 
   47.66865539894893     42.54769044648669     50.30591519711184      o 
   53.09586341880980     43.09402013930077     52.36125873511648      c 
   52.86396178437449     45.32804170515566     54.16535834155081      c 
   55.71962157633153     41.92063745993167     52.53565775634426      c 
   51.81603185008365     39.15398560380316     49.55725913430219      h 
   51.20033018539006     40.52997908508011     54.93854365548512      h 
   52.78558953950516     43.75721585277493     50.42410569305265      h 
   54.34709146118637     46.69451655821341     53.78365126895287      h 
   51.05421046437256     46.27514929194047     53.95703056684636      h 
   53.05768040221533     44.68914497081753     56.10689082954926      h 
   57.14660379208283     43.38128036699839     52.31336539423482      h 
   55.98420647402725     41.02213773055932     54.36531455716748      h 
   55.98422246753385     40.53072357417626     51.04935820787160      h 
   62.33626077753228     62.59804307482904     60.59253542792069      n 
   61.35186890324804     60.28932676037515     59.49082499539001      c 
   63.35628699577908     58.20927782875629     59.64259684476994      c 
   62.87347287239819     56.11085648975166     60.51809884423228      o 
   60.51366959683794     60.80596598028418     56.77851916425887      c 
   59.46287852354049     58.48556056868355     55.39553812062900      c 
   57.23696664648818     57.30891183872867     56.80822743195730      c 
   58.64550808097839     59.25403908153574     52.73585748866080      c 
   62.40562708004499     64.17530449758934     59.50560070306121      h 
   59.75635159681654     59.63897257716630     60.64812053356187      h 
   59.07201436603682     62.28295889282923     56.84071989374601      h 
   62.14127414261905     61.54484136997875     55.74752824261572      h 
   60.96606532468913     57.07110475155338     55.25225470308381      h 
   56.36905967558017     55.84344332464324     55.66002745904085      h 
   57.85051651973858     56.44686477041738     58.57052629340119      h 
   55.81400397288425     58.73089928977674     57.23297796148686      h 
   58.03977591421823     57.60825577274429     51.66883627387919      h 
   57.08379379472958     60.58409595151539     52.83456094447445      h 
   60.19214317731643     60.14459659566626     51.72212447961200      h 
   63.27581687145816     50.77212804042260     62.25618478447091      n 
   63.69409079237457     48.64645105914038     60.58608870022118      c 
   65.81224275566943     46.96615057665177     61.62614912477532      c 
   65.57579378278650     44.65364470876924     61.68602193714825      o 
   64.30728524691331     49.52867838652023     57.91219909487419      c 
   62.16657937965815     51.03738429519818     56.66176675562363      c 
   63.00957958076280     51.84134271472663     54.02049496930386      c 
   59.71778525970674     49.51946902650352     56.50939783674756      c 
   63.44820483914975     52.55483241815796     61.58033712729834      h 
   61.99865391116769     47.44925157006936     60.59108783510463      h 
   66.00959962792052     50.69176948533276     58.00540259590898      h 
   64.71995799006935     47.85046789501121     56.78521512394543      h 
   61.80944197961190     52.73598758703275     57.78571843506655      h 
   61.55339062774542     52.96391636140979     53.10751253086726      h 
   64.72326148840939     52.97101342317696     54.11554675459789      h 
   63.38041101577192     50.18674817716090     52.86154115522652      h 
   58.31782596478163     50.55894114252000     55.42668644208182      h 
   60.04320031287815     47.70828327335910     55.59600338344093      h 
   58.92904553986315     49.16516608801368     58.37325958299871      h 
   52.81991645616065     39.24622239946592     61.54689559071379      n 
   53.13346055648726     37.09216380518694     59.89670617989141      c 
   51.73997486532207     34.79284200666522     61.01120652992534      c 
   51.78833418106440     34.31245889231899     63.27028184431055      o 
   55.93615793505564     36.47359904410858     59.54767374867923      c 
   56.96478573587989     38.18649391207778     57.78591377169155      o 
   53.95176561366224     39.31460767550745     63.08877460361770      h 
   52.31731809280694     37.57112460520318     58.05910151146707      h 
   56.88257102922375     36.61658221386914     61.38554405909279      h 
   56.12607023740968     34.52875800615469     58.84200631278071      h 
   58.78223530070057     38.07217745562234     57.83621456107166      h 
   41.23312952733457     43.21820397119861     45.86668227750376      h 
   72.83048013627797     58.18491350932200     45.76045893771022      h 
   57.06697217696014     60.34803635288486     35.96609990365044      h 
   50.59798183769273     60.56870737453836     37.45080299482257      h 
   50.87039869929408     52.92961934324238     34.06434582298567      h 
   43.01093835815999     45.89537765870741     38.07883325674275      h 
   56.27541954996328     25.23512269007932     51.89299828737916      h 
   47.37927569827925     42.85510278389513     53.91678540211649      h 
   61.38591851093526     63.03774114632213     61.93271345900238      h 
   65.10993673613262     58.53982166221580     59.02089150788528      h 
   61.68992195942056     50.71036562927893     62.86748234306214      h 
   67.40957878613303     47.74702207120541     62.26632213145364      h 
   53.13136547231829     40.67578215757042     60.67976216324943      h 
   50.75912730641525     33.64194314226579     59.87787778975991      h 
  -0.9207372232880D-01  -0.3123626222821D-01   0.8778204797098D-01
   0.6942331723631D-02   0.9037561579447D-03   0.6703024846522D-02
   0.7838457531292D-02   0.2367505607204D-03   0.4034571310069D-02
   0.7090001955973D-03   0.2897656697334D-02  -0.1864238251455D-02
  -0.4094572461640D-02   0.5742183167878D-02  -0.4253873260989D-02
   0.7639672250855D-03   0.3648920636476D-03   0.5238987474620D-03
  -0.2121784080864D-02  -0.2397239884048D-03   0.1638108396485D-02
   0.9207268909662D-04   0.5949292227159D-04   0.1849412821911D-03
   0.3783033074744D-02   0.1196105309971D-02  -0.1477866733298D-02
  -0.2070541971012D-02   0.4422236513812D-03  -0.1269430802566D-02
   0.8386064308774D-03  -0.1230313125070D-04  -0.3368708504883D-03
   0.1012477986797D-02  -0.1275008922893D-03   0.5122196569035D-03
   0.1689511120453D-03  -0.3349550238664D-03  -0.8254500417886D-03
  -0.1045488048128D-02  -0.6396939466643D-03  -0.1012826821277D-03
  -0.1272905076413D-01   0.2688080303671D-02   0.1626513222035D-02
   0.3695287536193D-03   0.2423866866528D-03   0.2678027067581D-02
  -0.1807714046465D-02   0.8633587514322D-03   0.2042150834293D-03
   0.2487851933146D-03   0.2324295798114D-02   0.9384607980014D-03
   0.1844439750964D-03   0.5975374584954D-03  -0.4836041243539D-03
  -0.2804080595687D-02  -0.1041013289949D-02   0.2106131134586D-02
  -0.6571686775155D-03   0.4751875813912D-04   0.8361006950021D-03
   0.9821547681691D-03   0.8154759915812D-03  -0.2072336449048D-02
   0.4238752343965D-03  -0.7776981969567D-03  -0.4971825688153D-03
   0.1795994765325D-03   0.4575464565074D-03   0.5892372109571D-03
  -0.6384062738797D-04  -0.1606892538493D-03  -0.2558695937186D-03
   0.8493066459579D-05  -0.1111631123144D-03   0.4081898056401D-04
  -0.1031820357072D-03   0.1098154810831D-03  -0.2714514551173D-03
  -0.1905744700174D-03  -0.5133476862892D-04   0.3495909126666D-03
  -0.1793075031418D-03  -0.8022423768554D-04   0.6206291854405D-04
  -0.9295083235885D-04   0.3337179836171D-04  -0.2398174960119D-03
  -0.4509832404123D-04  -0.4044769086205D-03   0.2770413971342D-04
  -0.1563519172917D-03  -0.2467176035162D-03   0.1947567620150D-03
   0.3697975447964D-04  -0.7283549716302D-04   0.3095614875670D-04
   0.8150092120778D-04   0.1385303492453D-03   0.8031798192933D-04
  -0.3124036193066D-03  -0.1917008912646D-03  -0.1738179060243D-03
  -0.1143969744976D-03   0.4531712139918D-04  -0.4629980537552D-04
  -0.1359635670329D-03   0.7154558739840D-06   0.1017256066629D-04
   0.9857097767566D-04  -0.1520123859599D-03   0.1341372884136D-03
   0.3810563689084D-04   0.6291265737848D-04   0.1670876156476D-03
   0.1407468986507D-03   0.6400130852333D-03  -0.1524611965923D-02
   0.4826627411281D-03  -0.4240050057500D-03   0.1206221313302D-02
  -0.3445008344785D-03  -0.1173988319146D-03   0.5279981441126D-03
  -0.9062940361678D-04  -0.2314208733870D-03   0.1493952275295D-03
  -0.1085865546042D-03  -0.5719767272670D-04  -0.1859591272709D-03
  -0.8066826115807D-04  -0.1872471019366D-03   0.4674308422158D-04
  -0.6294803425661D-04  -0.3261188168498D-04   0.1315301876474D-03
   0.1262051823898D-03  -0.1018829127774D-03  -0.6135672348072D-05
   0.1389180223199D-03  -0.3221773813353D-04  -0.4629685253584D-04
  -0.7080212261607D-04  -0.8946873669617D-04  -0.1480156230741D-03
   0.1732223805888D-03   0.3537286081624D-03   0.2213062996207D-03
   0.4921497139942D-04   0.7584191371829D-04  -0.7884029635421D-04
   0.4757616753853D-04   0.1777411819895D-03   0.4810501131710D-04
   0.1221655668764D-03  -0.7258566913439D-04  -0.8419329228183D-04
   0.1850272304371D-03  -0.2165892614662D-03   0.1139149359168D-03
  -0.2076582709937D-04   0.2411340628057D-03  -0.2330279425628D-03
  -0.1949113058125D-03  -0.1670237846695D-04   0.2259269162556D-03
  -0.1480402340755D-03   0.3254638958766D-03   0.2056727516562D-03
  -0.2731636781962D-03  -0.4101941150899D-03   0.1451329977955D-03
  -0.1281430599093D-03   0.1288505935317D-03  -0.1027173108675D-03
   0.1094148856847D-03  -0.1349535381990D-03  -0.1388468863975D-05
  -0.2252321116037D-03   0.9234008875665D-04  -0.1091232229374D-03
  -0.1729688208118D-03  -0.1376768394332D-03  -0.1363123426369D-03
  -0.1979433255899D-04   0.1941977746937D-03  -0.6671980262469D-04
  -0.3287860304500D-03  -0.8613403851141D-03   0.1311005556880D-03
   0.4848454249089D-04   0.6162741761416D-04   0.8709048262239D-04
  -0.1058309441780D-03   0.7400018470489D-04   0.1177898681735D-03
  -0.5147772338169D-04  -0.3063317761107D-04   0.1297180386650D-04
  -0.2221805426716D-04   0.6679382010652D-04   0.7828149855728D-04
   0.5681146838865D-03   0.1902655097915D-04  -0.1590698798303D-03
  -0.3758743919369D-03  -0.1174548879106D-03  -0.1591270923124D-03
   0.2612358362172D-04   0.9906800415296D-05  -0.3779343303612D-04
  -0.1203346577695D-03  -0.2964671157925D-03  -0.1260669129782D-03
  -0.3575730835767D-03   0.4082334605351D-04   0.6774275708110D-04
  -0.1577064315941D-03   0.5597498370894D-04  -0.1635425980663D-03
   0.1447771344896D-03  -0.1431297776594D-04  -0.1369362596554D-03
  -0.6698455055742D-04   0.2151275069279D-03  -0.1717653829172D-03
   0.9828766105476D-04  -0.9437157095387D-04  -0.2599665022802D-03
   0.8235854259917D-04  -0.2882947918784D-04   0.3978858337983D-03
   0.2515399126092D-03   0.2818916601134D-03  -0.1018403549420D-03
  -0.1586003692892D-03   0.5072824563066D-04  -0.1536201037803D-03
  -0.3518523682695D-04   0.2347745714636D-04  -0.1016020780463D-03
   0.2061543748473D-03   0.5064134315502D-03  -0.2997862292353D-03
  -0.1560787973453D-03   0.2612538048031D-04   0.2637717100136D-03
  -0.7197209920215D-05   0.1051284611849D-03  -0.8111709258163D-04
  -0.2298942528848D-04   0.2318111974721D-03   0.2286171870397D-04
   0.4979069302606D-03  -0.7570873739074D-04  -0.1872869818134D-02
  -0.2874729872233D-03   0.2895978487225D-03  -0.2309544648641D-03
   0.7982806429798D-03  -0.4074177559051D-03   0.1050422556094D-02
  -0.2469802317903D-04  -0.4532844949735D-03   0.3244968391288D-03
   0.8299020419710D-04  -0.6731205192905D-04   0.5984615534077D-04
  -0.2310001496548D-04  -0.8950236599199D-04   0.4357265659793D-04
   0.8825690989385D-04  -0.1258748131078D-03  -0.1753013925214D-03
   0.1648164416065D-03   0.3845844405597D-03  -0.1005748109808D-04
   0.1493550688264D-03   0.3203195188386D-03   0.2240894323917D-03
  -0.9531361886121D-04   0.1172573976345D-03   0.2312318737621D-04
  -0.3789391881158D-04  -0.1241152740255D-03   0.2573554089737D-04
  -0.1680907835653D-03  -0.1182986962664D-03   0.1687894839184D-03
  -0.3540443638919D-03  -0.2188111576853D-03  -0.1564254279859D-03
  -0.1409862706002D-04  -0.1886343076847D-04   0.6185516994158D-04
   0.7733121944201D-04   0.2280335043149D-04   0.7293096562511D-04
   0.8189694000350D-04   0.6907329209372D-04   0.1087597139677D-03
   0.1258796689542D-04   0.7175749623315D-04   0.9748382055754D-04
  -0.4691958255249D-04   0.4220730357424D-03   0.8802486858531D-04
   0.1181604102540D-03  -0.1508427746604D-03  -0.2229652163744D-04
   0.1836065249857D-03  -0.9291063868265D-04   0.2904565144480D-04
  -0.7374422462297D-04  -0.1489100366920D-03  -0.1316045328031D-03
   0.7902515017999D-04   0.1338789092903D-03   0.8497660311683D-04
  -0.9482676273732D-04   0.1390232953357D-04  -0.8568377751192D-04
  -0.7514515425049D-04   0.1299454312307D-03  -0.1461700198268D-03
   0.1083015445136D-03   0.4240409935396D-04   0.2129527244243D-03
  -0.1963771592510D-03   0.5507481858363D-04   0.1964775522644D-04
   0.8453307257271D-04  -0.6158110350460D-04   0.3356968399186D-03
  -0.1933189868670D-03  -0.8600666181819D-04  -0.4507114473942D-04
   0.1591951338691D-02  -0.8118492863423D-03  -0.2641803828188D-02
   0.4280315316588D-03   0.2630392627408D-02   0.4054903752414D-03
  -0.4720913402317D-02  -0.1140155517388D-01  -0.3013758816358D-02
   0.4565536313747D-02   0.5688825745572D-02  -0.5382973873520D-03
   0.6068544821670D-03  -0.5446723634912D-03  -0.3417253479982D-03
   0.1506301646089D-03   0.1895283969566D-03  -0.8755062837948D-03
  -0.1173767303914D-03   0.4543290214394D-03  -0.7740736444101D-03
   0.7596374659281D-04   0.2843733022509D-03  -0.1080728708796D-02
  -0.3015262767324D-03  -0.2536702949072D-03   0.1564802220404D-02
   0.1255673475360D-03  -0.3863855534684D-03   0.9633740546536D-04
   0.3648279072972D-03  -0.1223429189162D-03   0.5609634424049D-03
  -0.6007664243370D-03  -0.4317153830358D-03   0.2425805484285D-03
  -0.5491172443195D-03   0.3463265633181D-03   0.7248651322866D-03
  -0.6796692224923D-04   0.3730847929061D-03  -0.2577562265886D-03
   0.5096409918514D-03  -0.4640901125412D-03   0.4858246925585D-03
   0.1472096781341D-04  -0.4848280658714D-03   0.4052303054366D-03
   0.3371786166981D-03   0.1757426228824D-03   0.3490307673419D-03
   0.1625059176309D-03  -0.1056569155990D-03   0.2025417914013D-03
  -0.2322287849165D-03  -0.3675926093093D-03   0.4648071827950D-03
   0.2438224018048D-03   0.4904323533572D-02   0.3708927059388D-02
   0.1326939090277D-02   0.1681790298134D-02  -0.7339729521604D-03
  -0.6670562667014D-02  -0.6080922789239D-02  -0.1001295560653D-02
   0.7939741829350D-03   0.3496346417380D-02   0.5341441364635D-04
  -0.8933069112608D-03   0.5179191971829D-03  -0.7542740950887D-03
   0.2526645169917D-02  -0.1572553692217D-02   0.2536201335093D-03
  -0.1310675373376D-02   0.1262629273039D-02  -0.7565560958988D-03
  -0.1838398177253D-02  -0.8948557951914D-04   0.4363338620553D-03
   0.1590180716349D-03  -0.7650861804018D-03   0.2328357782809D-03
   0.1348679618128D-03  -0.8823252158375D-03   0.1531768506252D-03
  -0.5084146068579D-03   0.5640178941339D-04   0.2271433854073D-03
   0.7242982204368D-03  -0.4821291482254D-03   0.9686841428093D-03
   0.5142076476224D-03   0.1915091391812D-03   0.3972932491014D-03
   0.4515649903705D-03   0.2233945152393D-03  -0.7898053770209D-03
   0.4586297123526D-02   0.5805690627611D-03   0.2934955758795D-03
   0.1968723293660D-02   0.1299596152008D-02   0.2604064396150D-03
  -0.6377723363837D-02  -0.2157620820683D-02   0.5022979319374D-02
   0.1590027980005D-02  -0.6767798613758D-03  -0.4094718731777D-02
   0.3720856737589D-03  -0.7688075403769D-03  -0.1226173066960D-03
   0.5580201904599D-03   0.3204663214578D-04   0.3345319041370D-03
   0.9357802334421D-03  -0.1157966824222D-03   0.5950848866961D-03
   0.1496859193037D-02   0.7992894855260D-03   0.4771885284745D-03
  -0.9637253300505D-03  -0.2192836129082D-03  -0.1127073612034D-03
  -0.6398424212569D-03  -0.6400178102460D-03  -0.1352587130838D-03
  -0.7355688458200D-04   0.2401215797975D-03   0.3680627996711D-03
  -0.9355544754999D-04   0.7878406683652D-04  -0.1960525326306D-03
  -0.9599427359354D-03   0.1145832617568D-03  -0.2287538476404D-03
   0.5847715937336D-03  -0.7295275123916D-06  -0.2245140441613D-03
  -0.2767260604469D-03   0.5038814913639D-03  -0.4066201140267D-03
  -0.4489010251307D-03   0.9972942541104D-04   0.2489926006683D-03
  -0.1322417680426D-02  -0.3267940791030D-03  -0.1198765671729D-02
  -0.1132708940439D-02   0.4831889596050D-03   0.2874477435799D-03
  -0.1839225056150D-03  -0.1007269206250D-03  -0.2846295714607D-03
   0.2654316384972D-02  -0.3960628016315D-03  -0.4509436055300D-02
  -0.8494014453169D-02  -0.3977247723153D-03   0.7878036589702D-03
   0.4972404836097D-01  -0.7071702297138D-01  -0.1036158675852D-02
   0.9741403806964D-02   0.1114143961453D-01  -0.2648137168371D-02
   0.1770605742840D-02   0.2553494569815D-02  -0.2779237568809D-02
  -0.3227859675119D-02  -0.5470556562690D-03   0.1195256361873D-02
  -0.2020094033529D-02   0.1030295197412D-02   0.4728151429233D-03
  -0.3504471852851D-03  -0.1319607974435D-02   0.3148009554027D-03
  -0.1528891675692D-02   0.3008852586051D-03   0.1279768149151D-02
  -0.4317580743694D-03  -0.2426911152421D-03  -0.5785567056942D-03
   0.5294821041935D-03  -0.5499824188633D-03   0.1753045021892D-03
   0.9886512225495D-01  -0.6589194005667D-01  -0.1652563745440D-01
   0.9615174628422D-03  -0.8082559442367D-03   0.1408328928352D-02
  -0.4520405928888D-01   0.6422606420663D-01  -0.3203825841409D-01
  -0.7852268285465D-02  -0.1877624538028D-01   0.3320863692566D-02
   0.4616349873899D-02   0.3693707837235D-03  -0.7475281436970D-02
   0.1857992474042D-02   0.4409896272997D-03   0.2137736054931D-03
  -0.2793086698012D-03   0.1004131101319D-03   0.1958665877131D-03
  -0.2957415533358D-03   0.1287936274242D-02   0.1083152639943D-02
   0.1106899394186D-02   0.2085752954887D-03   0.2053976961595D-03
   0.3858945088301D-03   0.7580857804016D-04   0.6439819800605D-03
   0.4176125127988D-03  -0.5644472600797D-03   0.8889365710668D-04
   0.1115020574795D-01  -0.3510565309550D-02  -0.1075078885527D-01
   0.1307038784049D-02  -0.8089081565398D-03  -0.3037882873164D-02
   0.4971438811081D-03   0.1278106165402D-03  -0.9899131241896D-03
  -0.8807416469405D-04  -0.1454057334124D-02  -0.1812034479204D-02
  -0.6000213407218D-04   0.2068483999946D-03  -0.2716623143376D-03
  -0.1021662823960D-02  -0.1792904794241D-02  -0.5454963824085D-03
  -0.5662333329719D-03   0.4294688381116D-03  -0.3853864945807D-03
  -0.3354214681109D-03  -0.5651030974437D-03   0.2875271033249D-03
  -0.4702230495839D-03   0.7278321308044D-04   0.4330280941526D-04
   0.6339379900639D-01   0.1181703292057D-01  -0.1055300235528D+00
  -0.1421956418887D-02  -0.7046191623554D-02  -0.1419717215231D-02
  -0.1216290022107D-02   0.2353934654949D-03   0.4225474666238D-03
  -0.3887236456652D-02  -0.1620480047720D-03   0.7952750707598D-03
  -0.2470872896101D-02   0.6010160843788D-02  -0.3243709437301D-02
  -0.6375516414116D-03  -0.4466953285620D-03   0.4030920192625D-03
   0.7020644072703D-04  -0.6105373230778D-03  -0.2612481719537D-03
   0.5004041417428D-03   0.6928239351918D-02  -0.1426955449388D-01
   0.1090525779718D-03   0.2531891103326D-02  -0.1769200578580D-02
  -0.1885421005371D-02   0.5673951501253D-03  -0.1289562874598D-02
  -0.5770560725653D-03  -0.4166843141639D-04  -0.1144973819028D-03
  -0.5409792171061D-03   0.8905764199269D-03   0.3367002638073D-03
   0.5509363508186D-03  -0.4885196681489D-03  -0.1305430630412D-02
  -0.5432150067062D-03   0.1495420110923D-04  -0.5543310690281D-03
  -0.4527676470473D-04   0.4600677705410D-03  -0.2536218772688D-03
   0.1271061856604D-04   0.5424676125532D-03   0.1643342042451D-03
   0.2328041121501D-02   0.7336145225480D-03  -0.7094430651577D-03
   0.1881383870766D-02   0.8147037429787D-02   0.3226313484465D-02
   0.2550724235713D-01  -0.9480718356961D-01  -0.1775709405962D-03
  -0.1931164752773D-01   0.1056478553918D-01  -0.1188987820115D-01
   0.2494949965962D-02  -0.1569354298572D-02  -0.4756841940502D-03
  -0.4591009146041D-03   0.3287266207352D-03  -0.8230101305427D-03
  -0.3537351495432D-03  -0.6585289066209D-03   0.2280571808772D-03
   0.1427679434941D-03   0.9910529071306D-04   0.5011497152362D-03
   0.8351214691825D-03  -0.2197702706302D-03   0.6024790491747D-03
  -0.3024021229169D-03  -0.5884160293216D-03   0.6776666425104D-03
  -0.6222067290856D-03   0.8520954996324D-03  -0.6364839147186D-03
   0.3982319350535D-03   0.2159994875252D-03   0.1935425791655D-04
  -0.5484021089313D-03  -0.1551367790886D-03   0.2855837890216D-03
   0.4519865781927D-03  -0.5200564061587D-03   0.1000771497188D-03
  -0.3603135276840D-02   0.6133942012359D-03   0.1995464423449D-02
   0.1002454221170D-02   0.1700060746708D-02   0.1198987952896D-02
  -0.5798685472386D-03  -0.2315192236809D-03  -0.3721695704695D-03
  -0.1389475583800D-02   0.1007890895877D-02  -0.1700368174231D-02
   0.8528794659959D-03   0.2161743742378D-04   0.8568745500974D-03
   0.1400182189204D-03   0.5187496254525D-04   0.3012385336292D-03
   0.5877627027695D-04  -0.7280169172737D-03  -0.6259098474545D-03
  -0.4609008641694D-03   0.2581841630850D-03  -0.3290302434599D-03
   0.6243515214415D-03   0.2479012981343D-03   0.3963136013370D-03
   0.7118989796878D-04  -0.2730105196137D-03  -0.5426611803281D-03
   0.4369240915892D-01  -0.8532716852658D-01   0.7869214307984D-01
  -0.5393787008190D-02  -0.1060273613537D-02   0.1183308187190D-01
  -0.6880261176791D-02   0.6843248516015D-02   0.3353534812785D-02
   0.1902159458840D-02  -0.2807730704747D-02  -0.4295505123881D-02
   0.1920998127867D-03  -0.6417094716475D-02  -0.7316220731171D-02
  -0.3383558432842D-03  -0.1493224615284D-02   0.6943754305510D-03
   0.4641100139687D-03   0.4511069891651D-03  -0.1425184749597D-02
  -0.1693965473128D-03   0.1557201462335D-02  -0.1043496597252D-03
   0.5189687317455D-03  -0.4975299587374D-03  -0.7920903806334D-04
  -0.1059121264731D-02   0.1708291844443D-03   0.1098173510910D-02
  -0.1468262874066D-02  -0.2540205746824D-03   0.4509495576949D-03
   0.1414819818370D-02  -0.1239104350467D-01   0.3717000251841D-02
   0.5844235796089D-03   0.4575562629413D-04  -0.8760143315445D-03
   0.6692398812037D-03  -0.4719854399831D-03   0.2940861970850D-03
  -0.1931101673872D-02  -0.1931152361789D-02  -0.1584453693988D-02
  -0.2518672540545D-02  -0.4308517713089D-03  -0.9267292810206D-03
   0.1154280425116D-03  -0.5310769819319D-03  -0.3305467380592D-03
  -0.8153368402596D-04   0.4551073412954D-03  -0.9442565785629D-03
   0.6505148140674D-03  -0.4616948476770D-05  -0.4243770737695D-03
   0.1215417455182D-02   0.5737218030784D-03   0.1625648451514D-03
   0.3837326479050D-02  -0.1432364144229D-02  -0.2873422951318D-02
   0.1602537283789D-03  -0.2340957847721D-03  -0.6518399112113D-03
   0.2828691526369D-02   0.5800233455139D-02  -0.6127958688797D-02
  -0.1634543564198D-02  -0.7758361178311D-03   0.3524582062690D-02
  -0.5312097843936D-03   0.5325631803698D-03  -0.4704208886090D-04
   0.1919401754739D-03   0.5416025873782D-03   0.3835721596679D-03
  -0.1038751210833D-02   0.4802985912550D-03   0.6479169994583D-03
   0.4820604059475D-03   0.4156427365130D-04  -0.1165912874540D-02
  -0.4887391895398D-03   0.7418833975512D-03   0.8467577044532D-03
  -0.5406428212767D-03  -0.4844434926026D-02   0.4073086150177D-02
  -0.3023141633980D-04   0.3969104580884D-03   0.2150812238069D-03
   0.3223015473529D-03  -0.3827205597119D-03  -0.4810777947758D-03
   0.2748665502460D-03   0.2082801464211D-03   0.1301538426383D-03
  -0.1940881923213D-03  -0.5064248190946D-03   0.1633299279344D-03
  -0.1489840478098D-03  -0.7439994251624D-03   0.4987772659010D-03
  -0.1029076665277D-03  -0.2833186580741D-03  -0.6223241859082D-03
   0.1245573898106D-02  -0.6240433361228D-03  -0.7054406248436D-03
  -0.3936736176650D-03   0.5700393891641D-03   0.7314963979966D-04
  -0.1836192262857D-03   0.3069654433368D-04   0.7677211771706D-04
   0.2114303076205D-03  -0.2366583356688D-03   0.5881224413576D-04
   0.9376016216989D-03   0.3195755074302D-03  -0.1052675883340D-03
   0.1456641894918D-03  -0.5052859798195D-03  -0.8579510451600D-03
  -0.2214800434784D-02  -0.4304737504536D-02   0.3285400016952D-02
   0.9113245039274D-02   0.1423655463954D-02  -0.5923834419604D-04
  -0.3812523674877D-01   0.2132636862376D-01   0.7861974905493D-01
  -0.9314615131468D-02   0.1786762714838D-02  -0.1981849346857D-01
  -0.1446438795728D-02  -0.2807276216210D-02   0.8652371775263D-03
   0.5038597384521D-03  -0.1135855948484D-02  -0.1354040837580D-02
   0.4472465635123D-03   0.5438647900598D-03  -0.5992883463952D-03
   0.2822404166234D-04   0.1094747891304D-03   0.2618107003047D-03
   0.7984837471568D-03   0.5829777630944D-03  -0.1911241499757D-03
  -0.1854420592309D-03   0.4514807822998D-03   0.2262741886517D-03
  -0.5511613893779D-03  -0.9680006741370D-04   0.1455794280187D-03
   0.7975467688540D-03   0.3930165855625D-03  -0.2227194502509D-03
  -0.8325248835957D-04  -0.4185448100198D-03  -0.2116755826514D-03
   0.4118050590374D-04  -0.2603078073592D-03   0.2031911757104D-03
  -0.2050351073766D-03   0.4626850374320D-03   0.2508822985262D-03
   0.8791288604570D-04  -0.6849572813690D-04   0.3050393736998D-05
  -0.7709554075943D-01   0.2231215512941D-01   0.8766053813952D-01
  -0.3038177716540D-02   0.5426458132233D-03  -0.1256569123399D-03
   0.7848688484500D-01   0.3487225370647D-01  -0.3160010948669D-01
  -0.1568479299471D-02  -0.2456458478299D-01   0.9517651717422D-02
   0.1456704814088D-02   0.6956404464401D-02   0.5159894497653D-02
   0.4286789704439D-03  -0.4334341982992D-03   0.7857953485224D-03
   0.1102922835912D-03   0.3538236602144D-03  -0.1274488417230D-02
   0.1780762921376D-04   0.1489804977683D-03  -0.8154687828681D-03
  -0.2274382803553D-02   0.9345955993056D-02   0.1170080157570D-01
   0.3414960450684D-04   0.1645837726394D-02   0.3194236459953D-02
   0.5582180664789D-03   0.6252259453790D-03   0.2935460453278D-03
  -0.5368282530289D-05   0.5792743608268D-03   0.8929592773340D-03
  -0.3693073889245D-03  -0.3379143438709D-03   0.7923830633765D-03
  -0.1871578850661D-03  -0.2839159639659D-03   0.1919458577980D-03
  -0.1077416547783D-03  -0.1531428581757D-04   0.7060866523995D-03
   0.5731308900014D-04   0.6751635920372D-04   0.6041153003271D-03
  -0.3785735732172D-03  -0.2198309786501D-03   0.5264819994389D-03
   0.7055416142241D-03  -0.9677388861182D-04   0.3985003090551D-03
  -0.2762140493117D-03   0.3575127319863D-03   0.4987757934391D-03
  -0.1146980636555D+00  -0.8997511433026D-02   0.2895220252656D-01
  -0.1831647985120D-02  -0.3255812516270D-02  -0.5464921896569D-02
   0.7098644969842D-01   0.5462782056837D-01   0.3026277608329D-01
  -0.2546089201222D-02  -0.2293464517944D-01   0.1173508134126D-02
  -0.3054859338686D-02   0.6305538370303D-02   0.5852366980824D-02
   0.1328479518034D-03   0.1558763639744D-02  -0.1082635343660D-02
   0.7709640123701D-03  -0.3854585384712D-03  -0.2460564463926D-02
   0.1085647700249D-02   0.6288389050627D-03  -0.5470803004358D-03
  -0.1114494006743D-01   0.5562744291849D-02   0.9768330909592D-02
  -0.2149291825296D-02   0.1453762531796D-02   0.3492591941196D-02
   0.3778054776519D-03  -0.1746495093044D-03   0.1021849338286D-02
  -0.9269184045175D-03  -0.6380014274231D-03   0.3577420344275D-02
  -0.4192987662777D-03  -0.3082203062621D-03   0.4881398790751D-03
  -0.4137936314437D-03  -0.3090969939025D-03   0.4174209571648D-03
  -0.1607145982692D-03   0.3122630380830D-03   0.7451104653246D-03
  -0.7991616643079D-03   0.2606181699722D-03   0.9249888063655D-03
  -0.3449271686373D-03  -0.3825641080307D-03   0.3272582907508D-03
  -0.8023404473095D-03   0.8239912488043D-04   0.8780030760887D-03
  -0.5309339398861D-03  -0.6371225284224D-03   0.1990131385956D-03
   0.3107844874415D-01   0.9528094237509D-01  -0.6753980207597D-01
   0.5842402620014D-02   0.6059252267348D-02  -0.1002780187094D-01
  -0.4476214198839D-01  -0.4546439036873D-01  -0.6833871567199D-01
  -0.1656670854791D-02  -0.5744046026458D-02   0.1701255962295D-01
  -0.4179778882883D-02   0.8309341810344D-02   0.6524999377094D-02
   0.1414789495970D-03  -0.1121515488955D-02  -0.7130038515201D-03
   0.6241383392513D-03   0.1260827702220D-01  -0.2026152655276D-02
   0.8615215505175D-03   0.3817067241491D-02  -0.6169551052854D-03
  -0.1060715099761D-03   0.1186272905910D-02   0.2139293024134D-03
  -0.2534552247362D-02   0.1161153409988D-02   0.1107602503637D-04
  -0.2023527376627D-03  -0.8977894572586D-04  -0.3612827844251D-04
   0.1005668558159D+00   0.1395472383705D-01  -0.9508399552756D-01
  -0.4636669105521D-01   0.6225067312843D-01   0.6901643088041D-02
  -0.1087809473004D+00   0.7763280340028D-01   0.3788962945712D-01
   0.4483398468511D-01  -0.5440651747430D-01   0.3038199001792D-01
  -0.5275815053797D-01  -0.1630903385879D-01   0.1265007008353D+00
  -0.1064234280166D-01   0.7520191289396D-01   0.8216256912467D-02
  -0.3596434665542D-01   0.1066820457431D+00  -0.8170992602359D-01
   0.3825567637378D-01  -0.2127470422516D-01  -0.6100684139389D-01
   0.7202481313359D-01  -0.3265081139325D-01  -0.1135628857488D+00
  -0.6819567875190D-01  -0.2150703366573D-01   0.2606793312768D-01
   0.1262760551806D+00   0.7890849691778D-02  -0.5543673474364D-01
  -0.6063563814368D-01  -0.3775192200991D-01  -0.2468501570074D-01
  -0.2191502823627D-01  -0.1171798426001D+00   0.7208136553357D-01
   0.3663681139568D-01   0.4113721476021D-01   0.5368270331538D-01
$end                                                                            
