   -0.41506279
    0.03452336
    0.18674934
   -0.39903260
   -0.07633844
   -0.01207113
   -0.13387477
   -0.13146319
    0.17972989
    0.05635022
    0.06376731
    0.04292418
    0.04088429
    0.04897777
    0.04882455
    0.04180965
    0.03876722
    0.03395002
    0.05251790
   -0.41132430
    0.01448124
    0.26989190
   -0.51342768
   -0.08773844
   -0.00933352
   -0.13075779
   -0.12125915
    0.17405786
    0.06994848
    0.05314989
    0.05310902
    0.03237930
    0.04745721
    0.04728107
    0.04786353
    0.03260484
    0.04450431
    0.03137616
   -0.17275912
    0.03586039
    0.17246191
   -0.41523743
   -0.00245313
   -0.31007536
    0.22409823
    0.07375332
    0.06217151
    0.05411031
    0.20499301
   -0.42612758
    0.04262033
    0.18574326
   -0.41006207
   -0.12057819
    0.18936090
    0.07047476
    0.05360859
    0.06275734
    0.04642685
   -0.41207698
    0.03364555
    0.18190262
   -0.37821793
   -0.10339344
    0.30284272
   -0.55228562
   -0.23423729
    0.17621983
    0.09430522
    0.07634159
    0.05214286
    0.24034578
    0.21866375
   -0.39473568
    0.03521995
    0.17587685
   -0.40371419
   -0.08217756
    0.00053101
   -0.04942786
   -0.05465044
   -0.03404850
   -0.04330109
   -0.04144334
    0.16839927
    0.08225240
    0.04747221
    0.06909571
    0.03338882
    0.05592262
    0.02526363
    0.04974204
    0.02851283
   -0.42026811
    0.02470314
    0.32440110
   -0.63644091
   -0.08744316
   -0.11622114
    0.29769382
   -0.56196191
   -0.25069075
    0.18733801
    0.06494070
    0.06420207
    0.05773996
    0.07434837
    0.06161348
    0.23793167
    0.24263670
   -0.12493715
   -0.08202481
    0.27723256
   -0.48488398
   -0.14874721
    0.10241719
    0.08456158
    0.08913115
    0.07342337
    0.28966548
   -0.17778809
   -0.01190966
    0.27420600
   -0.51245782
   -0.10471392
   -0.09944978
   -0.03215218
   -0.19410166
    0.27233678
   -0.19904327
   -0.24577007
    0.21828553
    0.10859879
    0.08676820
    0.08314167
    0.07196878
    0.06410222
    0.07078479
    0.09077421
    0.19439525
    0.24612759
    0.26939358
    0.22693864
    0.26461429
   -0.17776733
   -0.00021494
    0.26503392
   -0.49824788
    0.11039651
   -0.50151480
   -0.16566310
    0.22459410
    0.09560064
    0.06286910
    0.35769228
    0.08614452
    0.06599577
    0.07213828
   -0.18176486
    0.00221569
    0.27346338
   -0.48606538
   -0.02670553
   -0.15863954
   -0.14201216
    0.22798555
    0.10223137
    0.07737286
    0.07114124
    0.06879933
    0.07317106
    0.06962676
    0.05115923
    0.04046056
   -0.17991842
    0.00467176
    0.27368560
   -0.49084577
   -0.01586694
   -0.12796086
   -0.14182396
    0.19733210
    0.09414979
    0.05296508
    0.05508805
    0.04312908
    0.05211474
    0.06110487
    0.05342839
    0.06785783
   -0.19080917
    0.01778131
    0.27136496
   -0.49651638
   -0.08316509
   -0.11020543
    0.29566922
   -0.53295182
   -0.25914714
    0.21491417
    0.07676955
    0.07652821
    0.08116153
    0.05096660
    0.07663453
    0.21790461
    0.24818851
   -0.18982082
    0.01055672
    0.27437184
   -0.48847993
   -0.10464528
   -0.08660925
   -0.03193955
   -0.20245778
    0.26468534
   -0.22042736
   -0.24440462
    0.21985147
    0.08985784
    0.10765431
    0.06775382
    0.06344090
    0.06679738
    0.08957188
    0.08992228
    0.21157075
    0.25294762
    0.26711085
    0.24578801
    0.26654354
   -0.19068253
    0.01979851
    0.27433622
   -0.49301945
   -0.08170605
   -0.10732718
    0.29774298
   -0.55916646
   -0.25471604
    0.21033181
    0.08416549
    0.07802859
    0.07942898
    0.06105686
    0.05983838
    0.25502687
    0.24065710
   -0.17712421
    0.02387411
    0.26897136
   -0.47279221
   -0.08681316
    0.00379863
   -0.05090379
   -0.05107179
   -0.03318739
   -0.03519494
   -0.03626713
    0.19636381
    0.09828747
    0.08440694
    0.05449117
    0.05849982
    0.04275782
    0.04552968
    0.03519025
    0.04404266
   -0.19077260
    0.01728534
    0.28835830
   -0.46610569
    0.07831523
   -0.48634925
    0.21027981
    0.08659327
    0.05413014
    0.05133911
    0.35037298
   -0.19726277
    0.02396047
    0.27002539
   -0.46820537
   -0.05298670
   -0.09971615
    0.37226247
   -0.65044366
   -0.66237398
    0.18629381
    0.09374158
    0.04390344
    0.03780237
    0.04177778
    0.04150230
   -0.19631561
    0.00551235
    0.26918236
   -0.47326637
   -0.01334553
   -0.14431003
   -0.14049940
    0.19095486
    0.09811404
    0.03935696
    0.05609599
    0.07326098
    0.06972050
    0.06077745
    0.06587041
    0.04288694
   -0.16465358
    0.02082463
    0.26923028
   -0.50358467
   -0.07507959
   -0.05221759
   -0.00938389
   -0.03185731
   -0.09391227
    0.03258070
   -0.04613312
   -0.05948744
   -0.04896967
   -0.04451563
    0.18014514
    0.08359014
    0.05525938
    0.06832824
    0.02926855
    0.18628600
    0.03527619
    0.03777599
    0.04134061
    0.04319356
   -0.16251178
    0.01696549
    0.18056045
   -0.38967563
   -0.09199962
   -0.08531938
   -0.10508420
   -0.05758464
   -0.12708510
    0.21927572
    0.08145751
    0.07572860
    0.07288218
    0.06235961
    0.07428590
    0.09327279
    0.08844864
    0.10510651
    0.10602289
    0.28977381
    0.30006800
    0.29882106
   -0.41461809
    0.03738369
    0.27649813
   -0.49256132
   -0.09291112
   -0.01509250
   -0.12394500
   -0.12829328
    0.18845833
    0.03496430
    0.05129208
    0.05021943
    0.03248110
    0.05585595
    0.02799477
    0.03685864
    0.05188915
    0.03957283
    0.05062424
   -0.18464560
    0.02840910
    0.18741368
   -0.44478169
   -0.09235218
   -0.01674023
   -0.14018675
   -0.12981956
    0.21635478
    0.06777643
    0.06057014
    0.05944145
    0.04485488
    0.05723331
    0.05619197
    0.05183399
    0.04514845
    0.04822556
    0.03945232
   -0.43289030
    0.04077365
    0.26811020
   -0.50595001
   -0.12100545
    0.19695691
    0.04507229
    0.04902369
    0.05067743
    0.04505985
   -0.19750812
    0.02613216
    0.27098094
   -0.48444675
   -0.08530956
    0.00290337
   -0.04900346
   -0.04707507
   -0.03488130
   -0.04017602
   -0.04153675
    0.22117524
    0.09704621
    0.05359139
    0.09699410
    0.06006966
    0.03574330
    0.05618968
    0.03905769
    0.04308006
   -0.17850765
    0.03132098
    0.27792095
   -0.47059650
   -0.09962470
    0.37174314
   -0.65065079
   -0.65625700
    0.18751032
    0.07562094
    0.03514773
    0.05122846
   -0.17503515
    0.01449018
    0.15353779
   -0.40615575
    0.12377571
   -0.50950561
   -0.15876187
    0.20863516
    0.07324821
    0.03640999
    0.34135369
    0.07641696
    0.06862022
    0.06376809
   -0.45123120
    0.02129506
    0.09176995
   -0.66112388
   -0.04127806
   -0.09489872
   -0.15682229
   -0.14822198
    0.19527251
    0.07622847
    0.05257890
    0.06753892
    0.05924537
    0.08076239
    0.04633155
    0.02889358
    0.06641445
    0.03893962
    0.04767067
   -0.45134513
    0.04106323
    0.09495451
   -0.63001608
   -0.04048544
   -0.09276711
   -0.14853799
   -0.13535737
    0.18413479
    0.08023959
    0.06752856
    0.08701507
    0.04367131
    0.05802658
    0.04069263
    0.04041302
    0.07137982
    0.02342873
    0.04057282
   -0.40896839
    0.03702322
    0.20261504
   -0.40074357
   -0.08078570
   -0.01401158
   -0.13314684
   -0.11799779
    0.16339878
    0.07215799
    0.05383701
    0.04648812
    0.04890032
    0.05277407
    0.05026459
    0.04475156
    0.04710781
    0.03905152
    0.03054721
    0.18738146
    0.04568904
    0.18880403
    0.04729794
    0.18099342
    0.04655978
    0.18229578
    0.05624063
    0.16743055
    0.05788722
    0.19403701
    0.05458730
    0.18042027
    0.03073218
    0.16942982
    0.05114819
    0.16078935
    0.04032575
    0.15962309
    0.03313997
    0.18880169
    0.04966616
