   -0.38601355
    0.03337378
    0.27426164
   -0.46339421
   -0.02466884
   -0.06201972
   -0.11820055
   -0.11004558
    0.16851665
    0.00850816
    0.04038301
    0.02525024
    0.04879664
    0.05740186
    0.04762713
    0.04466618
    0.02135337
    0.03751366
    0.05507609
   -0.20231630
    0.01460759
    0.26918913
   -0.48552058
   -0.02541230
   -0.06677431
   -0.12583537
   -0.11183507
    0.20945998
    0.09455202
    0.05225562
    0.04414325
    0.05834861
    0.05593634
    0.04210361
    0.05383090
    0.04144523
    0.04285737
    0.03430695
   -0.16377894
    0.00425120
    0.28749513
   -0.48593359
   -0.09512547
   -0.09327677
   -0.04145954
   -0.13568500
    0.22478201
   -0.24338947
   -0.24395486
    0.22717631
    0.09361713
    0.07637992
    0.05953346
    0.08583832
    0.09192888
    0.08784356
    0.07055088
    0.24665225
    0.21117579
    0.23818761
    0.25711325
    0.25194049
   -0.18003906
    0.03033547
    0.27901304
   -0.50108728
   -0.07887706
   -0.00031553
   -0.04695687
   -0.03663822
   -0.06294976
   -0.07399841
    0.14477410
   -0.44679073
    0.21355837
    0.06572267
    0.07718047
    0.05952626
    0.05077422
    0.03974276
    0.04524492
    0.05119010
    0.31762773
   -0.16395457
    0.02009399
    0.28631597
   -0.49471041
   -0.09220743
   -0.01246382
   -0.11306299
   -0.11954955
    0.23393559
    0.07793328
    0.07121262
    0.07583364
    0.04660053
    0.04376510
    0.03684683
    0.03529440
    0.04407652
    0.03678261
    0.04517145
   -0.19559391
    0.02068558
    0.27776077
   -0.50459797
   -0.07005738
   -0.00101408
   -0.22099647
   -0.07572644
    0.23583413
    0.08382931
    0.07659286
    0.06111307
    0.03687771
    0.05098025
    0.09815300
    0.06110793
    0.06209460
   -0.18586150
    0.03428001
    0.26315084
   -0.51490169
   -0.06458322
    0.02072225
   -0.02544751
   -0.03614087
   -0.03858566
   -0.03398792
   -0.04160482
    0.23269187
    0.07231178
    0.05158362
    0.03585404
    0.00834574
    0.02548932
    0.05131878
    0.05167865
    0.07687064
   -0.19897844
    0.02751022
    0.28366201
   -0.52457381
   -0.01973235
   -0.06299324
   -0.12068982
   -0.11037206
    0.26075373
    0.05373252
    0.04244235
    0.04870501
    0.02231780
    0.06231099
    0.03381678
    0.05515842
    0.04785903
    0.04292971
    0.04864431
   -0.21167066
    0.03177334
    0.28307282
   -0.51054719
   -0.06820320
   -0.00450919
   -0.21130902
   -0.06173417
    0.24441337
    0.06072613
    0.05437219
    0.08095493
    0.05032540
    0.02893786
    0.08339010
    0.05180056
    0.05515606
   -0.18486409
    0.02723679
    0.28388336
   -0.51045200
   -0.01930282
   -0.06066701
   -0.11477848
   -0.11210231
    0.20054392
    0.06697316
    0.04818370
    0.03284791
    0.05554856
    0.06643277
    0.03321493
    0.04767450
    0.05029820
    0.05118323
    0.02627047
   -0.19398251
    0.04104357
    0.21071580
   -0.36735996
   -0.07072306
   -0.01912041
   -0.11172693
   -0.11314316
    0.23039765
    0.07785735
    0.04502344
    0.06843408
    0.05377799
    0.03564859
    0.03085526
    0.04630317
    0.04843285
    0.04973071
    0.04241829
   -0.39027481
    0.01875244
    0.25958022
   -0.48751086
   -0.02294823
   -0.06585385
   -0.11417547
   -0.10823760
    0.16688370
    0.05043834
    0.03356277
    0.04599409
    0.02828784
    0.04694017
    0.04392664
    0.05008325
    0.03818423
    0.03028360
    0.04755467
   -0.15686729
   -0.05141049
    0.27324028
   -0.46318529
    0.22551293
    0.11554550
    0.10678729
   -0.19161159
    0.00820638
    0.28003293
   -0.47287948
    0.11082395
   -0.49063677
   -0.14250166
    0.22931416
    0.09654081
    0.04873831
    0.34847671
    0.07329568
    0.06341579
    0.05638294
   -0.17283074
    0.02102201
    0.27284862
   -0.48221698
   -0.08074640
    0.00811955
   -0.04227463
   -0.04586063
   -0.03179109
   -0.03270280
   -0.03452166
    0.21210749
    0.09106657
    0.06422920
    0.07727300
    0.03676508
    0.04161851
    0.04043610
    0.04571723
    0.04056559
   -0.20063873
    0.02574852
    0.29053740
   -0.51568063
    0.06990672
   -0.45956309
    0.25221638
    0.06790839
    0.01972919
    0.07721746
    0.33047479
   -0.19900644
    0.03956658
    0.28131116
   -0.52127727
   -0.02456734
   -0.05917956
   -0.11269631
   -0.11283090
    0.25739489
    0.03865831
    0.06460316
    0.02856880
    0.03585620
    0.06533116
    0.03739344
    0.03292924
    0.04533820
    0.05088590
    0.04559327
   -0.18744846
    0.03406213
    0.27843617
   -0.50910563
   -0.08529857
    0.01073814
   -0.04134184
   -0.04290321
   -0.03296927
   -0.03762897
   -0.03809097
    0.23541532
    0.06175331
    0.08157231
    0.07910253
    0.04073099
    0.02520816
    0.04891303
    0.04116012
    0.04866680
   -0.19101931
    0.02853634
    0.27771511
   -0.49960460
   -0.07121754
   -0.02820800
   -0.11386346
   -0.12786465
    0.24551720
    0.07843968
    0.02462476
    0.06440218
    0.05289759
    0.03644242
    0.01088518
    0.05826883
    0.05256220
    0.05677460
    0.05101877
   -0.19941213
    0.04543151
    0.26339395
   -0.52108043
   -0.09262805
    0.37849010
   -0.61733923
   -0.64736230
    0.22433339
    0.07043107
    0.02433793
    0.00994200
   -0.18778107
    0.02619894
    0.26887139
   -0.50279931
   -0.13044692
    0.23993617
    0.06118585
    0.07913057
    0.06723798
    0.06515982
   -0.20057066
    0.00573049
    0.26268323
   -0.42901648
    0.06305979
   -0.45390536
    0.24778556
    0.08862692
    0.05508990
    0.05379773
    0.36496975
   -0.17827044
    0.01406322
    0.26562846
   -0.46500776
   -0.07371808
    0.04881802
   -0.26690124
   -0.02287192
    0.07321266
   -0.08798869
    0.17720558
    0.11441361
    0.07875811
    0.04009077
    0.02211542
    0.07494566
    0.20164780
   -0.19295417
    0.02355989
    0.27259075
   -0.49629883
   -0.10149209
    0.29636066
   -0.49169062
   -0.29075609
    0.20964094
    0.08766980
    0.08507800
    0.06965235
    0.23377219
    0.22137407
   -0.18847914
    0.02329561
    0.26179475
   -0.52354952
   -0.01825686
   -0.11536969
   -0.12084438
    0.21766750
    0.06287959
    0.04866519
    0.06575799
    0.04115706
    0.04060786
    0.06162071
    0.03720166
    0.04661136
   -0.08602596
    0.02108969
    0.26740649
   -0.51993945
   -0.08251302
   -0.08989536
   -0.01115085
    0.06391520
    0.07652972
    0.08268336
    0.08433768
    0.11087428
    0.04274585
    0.06891919
   -0.08214202
    0.02297635
    0.21191083
   -0.37916813
   -0.06605552
   -0.07986640
   -0.01197884
    0.09606686
    0.04963031
    0.08657546
    0.08531004
    0.08797429
    0.04924874
    0.09269014
    0.16982864
    0.06234568
    0.18593713
    0.05339587
