           2           1   1.01685611096744     
           3           2  0.948235973445466     
           4           3   1.67670190227640     
           5           2  0.953274951507475     
           6           5  0.995384985184615     
           7           5   1.00725766106488     
           8           6   1.02040261077693     
           9           1  0.949464017466052     
          10           2  0.956482287001124     
          11           5  0.966117447630485     
          12           6  0.972859176566592     
          13           6  0.964890131412592     
          14           7  0.979945716039938     
          15           7  0.984793692041647     
          16           7  0.982773351723947     
          17           8  0.985814053949828     
          18           8  0.987192464367376     
          19           8  0.982045880369994     
          20           3   1.24162951292790     
          21          20  0.988123959968870     
          22          21  0.945001222283231     
          23          22   1.56012611920195     
          24          21  0.959212978236325     
          25          24  0.990549731490485     
          26          24   1.01005027280542     
          27          25   1.02099893435515     
          28          20  0.915293722517764     
          29          21  0.935450376460945     
          30          24  0.965443488348973     
          31          25  0.970983878598815     
          32          25  0.972029741348057     
          33          26  0.981238933822631     
          34          26  0.967828593134602     
          35          26  0.974029444220194     
          36          27  0.985567725488951     
          37          27  0.983792220527699     
          38          27  0.984888017272433     
          39          22   1.32970292631190     
          40          39  0.967543651497061     
          41          40  0.937379809985603     
          42          41   1.61578095428829     
          43          40  0.982215679857246     
          44          43  0.998581166996938     
          45          44   1.00409385917987     
          46          45  0.985458627455645     
          47          46   1.31403662340342     
          48          47   1.30294969577850     
          49          47   1.32664751477754     
          50          39  0.914303276293927     
          51          40  0.940165338484349     
          52          43  0.966018514600151     
          53          43  0.966988072755696     
          54          44  0.970589730731082     
          55          44  0.971744996459167     
          56          45  0.936145342525937     
          57          45  0.945933914079925     
          58          46  0.906426000487049     
          59          48  0.920522052686564     
          60          48  0.902821178666006     
          61          49  0.914401359521568     
          62          49  0.912196674042653     
          63          41   1.27337258320940     
          64          63  0.982113008420270     
          65          64  0.940582362733910     
          66          65   1.54829868949167     
          67          64  0.983906453543395     
          68          67   1.00380993459715     
          69          68   1.39329245245872     
          70          68   1.41916151545665     
          71          69   1.46869444911969     
          72          70   1.43610043951138     
          73          71   1.35453179784786     
          73          72   1.37340259771245     
          74          73   1.06770844219632     
          75          63  0.921376714179457     
          76          64  0.941122822935083     
          77          67  0.962089609699308     
          78          67  0.956755150586393     
          79          69  0.967939854859890     
          80          70  0.959073691228720     
          81          71  0.968473050437467     
          82          72  0.939811936889316     
          83          74  0.828250855695003     
          84          65   1.34471263181341     
          85          84  0.967163063421124     
          86          85  0.936986758287973     
          87          86   1.58353260976861     
          88          85  0.978482374361871     
          89          88  0.991098641372408     
          90          89   1.01101055118916     
          91          89   1.01028683170226     
          92          84  0.902513599746748     
          93          85  0.939670944358851     
          94          88  0.966347215995738     
          95          88  0.959165280721335     
          96          89  0.964269598659469     
          97          90  0.984583730852943     
          98          90  0.982030734257933     
          99          90  0.980054741753675     
         100          91  0.985417074130861     
         101          91  0.983091790440753     
         102          91  0.985153652196435     
         103          86   1.31644772330186     
         104         103  0.982601255058369     
         105         104  0.934761891497078     
         106         105   1.60999686022975     
         107         104  0.971827051501788     
         108         107   1.01420723666298     
         109         108  0.990070678063930     
         110         109   1.00794327583475     
         111         103  0.854246449840359     
         112         104  0.929140323055194     
         113         107  0.967378216660896     
         114         107  0.965625779329977     
         115         108  0.974397634991487     
         116         108  0.971746831362326     
         117         110  0.974051550518552     
         118         110  0.978823284458446     
         119         110  0.980453887551740     
         120         105   1.31710517443452     
         121         120  0.983826951629684     
         122         121  0.933584140731054     
         123         122   1.54788035464271     
         124         121  0.979212972802707     
         125         124   1.00049117937415     
         126         125   1.41740071856222     
         127         125   1.40711172039493     
         128         126   1.43160265311724     
         129         127   1.44104924563765     
         130         128   1.43490987108845     
         130         129   1.43496556591028     
         131         120  0.877213865666047     
         132         121  0.946069494707601     
         133         124  0.963106986277043     
         134         124  0.954606764785027     
         135         126  0.965440654688397     
         136         127  0.963349924273830     
         137         128  0.947924927001748     
         138         129  0.969047391110240     
         139         130  0.965802211497495     
         140         122   1.36227157181760     
         141         140  0.982459543150885     
         142         141  0.944297684206944     
         143         142   1.60806509206515     
         144         141  0.956721006036455     
         145         144  0.993609617599898     
         146         144   1.00873207458707     
         147         145   1.01781171286252     
         148         140  0.830725368729049     
         149         141  0.940386887569056     
         150         144  0.967833733085846     
         151         145  0.958901929233574     
         152         145  0.976155818137637     
         153         146  0.979782089637092     
         154         146  0.985883708974417     
         155         146  0.971527370742735     
         156         147  0.982628980227005     
         157         147  0.986482660721377     
         158         147  0.985494548542094     
         159         142   1.31111200290830     
         160         159  0.982972797181527     
         161         160  0.936556805917222     
         162         161   1.62896844761143     
         163         160  0.973424027531167     
         164         163   1.01446849980389     
         165         164  0.988371901346764     
         166         165   1.00379809288228     
         167         159  0.846673521700568     
         168         160  0.951414412441217     
         169         163  0.974216077684214     
         170         163  0.963142189607602     
         171         164  0.962111077518869     
         172         164  0.974374818761165     
         173         166  0.977249313377285     
         174         166  0.983200232165881     
         175         166  0.984665623321971     
         176         161   1.30038384296548     
         177         176  0.974980587034131     
         178         177  0.936551837701839     
         179         178   1.62049802158078     
         180         177  0.960668868243138     
         181         180  0.994657802570764     
         182         180   1.00728451956084     
         183         181   1.02110856512331     
         184         176  0.907215409282770     
         185         177  0.948781995285093     
         186         180  0.958971066759225     
         187         181  0.976713736844552     
         188         181  0.974160769632445     
         189         182  0.982010381251829     
         190         182  0.984400262237884     
         191         182  0.984656440166405     
         192         183  0.985322863789124     
         193         183  0.984785865252503     
         194         183  0.982971274509595     
         195         178   1.30904972110167     
         196         195  0.977485430424794     
         197         196  0.975173858478305     
         198         197   1.89314865984534     
         199         196  0.966351484047609     
         200         199  0.988009746898570     
         201         200   1.00629598363657     
         202         200   1.00843878159236     
         203         195  0.871210271046960     
         204         196  0.944381100513048     
         205         199  0.970414258390644     
         206         199  0.970970276538153     
         207         200  0.948662314448906     
         208         201  0.977411988096797     
         209         201  0.975579112054823     
         210         201  0.981718669992934     
         211         202  0.977097242012794     
         212         202  0.982593723961768     
         213         202  0.978557149721750     
         215         214   1.02210776116433     
         216         215  0.945289461001984     
         217         216   1.57745884209919     
         218         215  0.949488216200351     
         219         218  0.994835145347688     
         220         218   1.00912196242785     
         221         219   1.01902547487838     
         222         214  0.946668221275544     
         223         215  0.954022198385247     
         224         218  0.968463143739793     
         225         219  0.969906577310780     
         226         219  0.976338894896851     
         227         220  0.981536426283758     
         228         220  0.985195930226573     
         229         220  0.981903960037826     
         230         221  0.985872625927321     
         231         221  0.986991940333877     
         232         221  0.986623569942497     
         233         216   1.31525462662128     
         234         233  0.999614205299239     
         235         234  0.951288831529259     
         236         235   1.62650854194967     
         237         233  0.911032741318332     
         238         234  0.942548555344734     
         239         234  0.947088455057930     
         240         235   1.27996009496146     
         241         240  0.980198651080632     
         242         241  0.938992228145300     
         243         242   1.62139796080618     
         244         241  0.960069991753376     
         245         244  0.991719762151683     
         246         244   1.00158273541429     
         247         240  0.911993687321141     
         248         241  0.942483676789735     
         249         244  0.955249761958293     
         250         245  0.862074742201633     
         251         246  0.980500744457960     
         252         246  0.976593920247566     
         253         246  0.981712925844464     
         254         242   1.29696328896368     
         255         254  0.973273025522243     
         256         255  0.938398115955519     
         257         256   1.56929829978264     
         258         255  0.985783071844841     
         259         258   1.00262060442446     
         260         259   1.40445206454579     
         261         259   1.42100368398743     
         262         260   1.45378130624593     
         263         261   1.43584394906049     
         264         262   1.43139024583476     
         264         263   1.44572053476578     
         265         254  0.916681668571888     
         266         255  0.943743457626097     
         267         258  0.958440601217860     
         268         258  0.954394185078803     
         269         260  0.968938447942476     
         270         261  0.963238288357533     
         271         262  0.970305386963352     
         272         263  0.969981289182961     
         273         264  0.970856513527634     
         274         256   1.33296448097283     
         275         274  0.983404388916718     
         276         275  0.937825191577337     
         277         276   1.57513389772019     
         278         275  0.979700843323618     
         279         278  0.998847340149841     
         280         274  0.831337465303782     
         281         275  0.939381869261326     
         282         278  0.965257655087949     
         283         278  0.946788436948788     
         284         279  0.872887120010673     
         285         276   1.34273039318916     
         286         285  0.978627682835030     
         287         286  0.945680029483480     
         288         287   1.56134962553119     
         289         286  0.962616052069358     
         290         289  0.993468515115969     
         291         289   1.01044775828676     
         292         290   1.01897319612393     
         293         285  0.843866201489635     
         294         286  0.948826684371632     
         295         289  0.956657947855646     
         296         290  0.977238168589869     
         297         290  0.974859212309201     
         298         291  0.980443078585925     
         299         291  0.984372543670312     
         300         291  0.986627558910577     
         301         292  0.986152738371845     
         302         292  0.983758724875542     
         303         292  0.984814653744066     
         304         287   1.34347872479310     
         305         304  0.972226528516768     
         306         305  0.938946093871591     
         307         306   1.54916468927710     
         308         305  0.979044970115403     
         309         308   1.00828934474157     
         310         309   1.40103931333391     
         311         309   1.42193240472632     
         312         310   1.45634049020620     
         313         311   1.43053914979633     
         314         312   1.42904024905397     
         314         313   1.44575129909062     
         315         304  0.869777983260755     
         316         305  0.947483665275958     
         317         308  0.949804250120540     
         318         308  0.953318872241116     
         319         310  0.968960254015758     
         320         311  0.962213466916061     
         321         312  0.969532387179572     
         322         313  0.968653235059476     
         323         314  0.969920103872164     
         324         306   1.36044946305947     
         325         324  0.981133333317055     
         326         325  0.936663216058058     
         327         326   1.59787697473959     
         328         325  0.976115069310428     
         329         328  0.990206630827697     
         330         329   1.00348537832577     
         331         329   1.01007475973007     
         332         324  0.843577147591682     
         333         325  0.942620004113468     
         334         328  0.970613636946799     
         335         328  0.956151021308202     
         336         329  0.940757929897968     
         337         330  0.987039330227113     
         338         330  0.974317674135300     
         339         330  0.974352411291593     
         340         331  0.985035446385637     
         341         331  0.983064527010933     
         342         331  0.983449500519265     
         343         326   1.32095666819996     
         344         343  0.980888291947442     
         345         344  0.942727560170440     
         346         345   1.53941419941387     
         347         344  0.985276735060413     
         348         347  0.888266438293955     
         349         348   1.52261343168903     
         350         348   1.49975776642079     
         351         343  0.868612385287551     
         352         344  0.925817287972724     
         353         347  0.968616068423671     
         354         347  0.966767270286374     
         355         345   1.36399431383578     
         356         355  0.966278977847567     
         357         356  0.927474234275343     
         358         357   1.58381806935754     
         359         356  0.999018172765954     
         360         355  0.863410779053164     
         361         356  0.956282780907886     
         362         359  0.980296862888806     
         363         359  0.979220709996315     
         364         359  0.973688720441785     
         365         357   1.34801782416816     
         366         365  0.984539619791695     
         367         366  0.939420560279247     
         368         367   1.65048839587099     
         369         366  0.950081324418167     
         370         369   1.02249887879652     
         371         365  0.841650426388228     
         372         366  0.942292460910069     
         373         369  0.962833207919838     
         374         369  0.957997454731995     
         375         370  0.853998673427270     
         376         367   1.27575538527600     
         377         376  0.987227174209286     
         378         377  0.942976923575471     
         379         378   1.63517593709035     
         380         377  0.954636699383487     
         381         380   1.01117026407737     
         382         381   1.27241262838481     
         383         381   1.54982220268816     
         384         382   1.52927654631302     
         385         383   1.22885739110970     
         385         384   1.26183347295915     
         386         376  0.918053576161878     
         387         377  0.934878398372976     
         388         380  0.944315680453097     
         389         380  0.957882524280264     
         390         383  0.969065745533406     
         391         384  0.953810558690809     
         392         385  0.929377749860950     
         393         378   1.27085624214087     
         394         393  0.994851787805844     
         395         394  0.926784292712638     
         396         395   1.64240208910739     
         397         394  0.981960252097352     
         398         397  0.964969354885815     
         399         398   1.66251060739813     
         400         398   1.28897822254864     
         401         393  0.894061319864692     
         402         394  0.928408339495467     
         403         397  0.948237647081295     
         404         397  0.969970012358881     
         405         400  0.923438626039670     
         406         400  0.922502540335171     
         407         395   1.29686458852570     
         408         407  0.974162977487785     
         409         408  0.926508404546167     
         410         409   1.60606996424758     
         411         408  0.967984430144525     
         412         411   1.00869283322846     
         413         411   1.00696110141318     
         414         407  0.900167994912185     
         415         408  0.953920979116977     
         416         411  0.957434978457979     
         417         412  0.982619233190331     
         418         412  0.984897733893762     
         419         412  0.986357718810464     
         420         413  0.982196802380452     
         421         413  0.986194698408167     
         422         413  0.981084795859644     
         423         409   1.31385279561233     
         424         423  0.962374360983120     
         425         424  0.937804472748535     
         426         425   1.61007787971962     
         427         424  0.973389963002895     
         428         427  0.999062276171645     
         429         423  0.968986903105237     
         429         428  0.998709552757936     
         430         424  0.956347941398374     
         431         427  0.974219789123103     
         432         427  0.976049435304041     
         433         428  0.965794652746556     
         434         428  0.967905568556731     
         435         429  0.959453467972113     
         436         429  0.957082605404458     
         437         425   1.29800213719776     
         438         437  0.979179046943034     
         439         438  0.984660080307280     
         440         439   1.88186005500657     
         441         438  0.951122020083709     
         442         441   1.00188672504529     
         443         437  0.970330108148215     
         443         442   1.00135777195391     
         444         438  0.938320679083761     
         445         441  0.973906858440891     
         446         441  0.973150774168863     
         447         442  0.965670552500291     
         448         442  0.971139610635239     
         449         443  0.959670717031524     
         450         443  0.954379384196645     
         451           1  0.959023608795716     
         452         197  0.955669860313461     
         453         214  0.953480829198162     
         454         439  0.955718427362421     
