   -0.39055637
    0.02419221
    0.26573962
   -0.48983059
   -0.06026976
   -0.10403797
    0.28646556
   -0.49892854
   -0.29416229
    0.16246439
    0.05418517
    0.05071066
    0.04967356
    0.06927917
    0.06793719
    0.22529346
    0.22734986
   -0.17218628
    0.01455879
    0.27420497
   -0.46364933
   -0.08252212
    0.00368217
   -0.04090584
   -0.05190864
   -0.03041311
   -0.03719009
   -0.03353692
    0.22342400
    0.09265670
    0.06658789
    0.07863078
    0.03320055
    0.05585395
    0.03121513
    0.05787691
    0.03862899
   -0.17204134
    0.01096095
    0.26593002
   -0.48456658
   -0.07238152
   -0.10936640
    0.29067580
   -0.50383733
   -0.27079671
    0.20292976
    0.09156385
    0.07393588
    0.07098084
    0.08665450
    0.08177788
    0.23492582
    0.21144265
   -0.17095671
   -0.00105392
    0.27274052
   -0.45324278
    0.11479191
   -0.48032179
   -0.13933880
    0.22645049
    0.07277466
    0.04842152
    0.33811350
    0.06313022
    0.05626031
    0.05980046
   -0.18302122
    0.01955197
    0.20515383
   -0.34128526
   -0.08057480
   -0.10541553
    0.28191946
   -0.47526431
   -0.27171629
    0.21823533
    0.08865603
    0.09594026
    0.07489343
    0.08803380
    0.05504542
    0.21608986
    0.22376151
   -0.38508604
    0.04167591
    0.19849191
   -0.38409543
   -0.07956664
   -0.07740058
   -0.02465756
   -0.15364312
    0.22458485
   -0.25100460
   -0.26328638
    0.17554000
    0.04587218
    0.07087723
    0.05265468
    0.05929287
    0.07417750
    0.08338618
    0.06964511
    0.23616037
    0.24545965
    0.22668056
    0.25960517
    0.24104106
   -0.38763445
    0.03635047
    0.19438090
   -0.36205959
   -0.06990136
   -0.00945457
   -0.10877336
   -0.11792977
    0.16440265
    0.05932029
    0.04860297
    0.04138648
    0.04058671
    0.03584338
    0.03887315
    0.02679540
    0.03948222
    0.03678169
    0.04736885
   -0.39397558
    0.03575513
    0.26680444
   -0.50715740
   -0.12544322
    0.16021934
    0.02495474
    0.04571667
    0.05465309
    0.06399007
   -0.17230431
    0.02612300
    0.20531814
   -0.34429267
   -0.08050158
   -0.01026350
   -0.11966002
   -0.11760622
    0.23736892
    0.07668954
    0.06086282
    0.06419516
    0.03293139
    0.05613053
    0.03878584
    0.04286713
    0.05059765
    0.03911352
    0.04093883
   -0.40491082
    0.04137751
    0.26551185
   -0.49396155
   -0.11204869
    0.17854763
    0.01188958
    0.03686904
    0.04203142
    0.06555884
   -0.16923930
    0.02989388
    0.20019104
   -0.34945402
   -0.07200430
    0.01257205
   -0.03871929
   -0.03656986
   -0.03240432
   -0.03058813
   -0.03494652
    0.21849224
    0.10219524
    0.05841873
    0.07432639
    0.05292230
    0.03098328
    0.04946324
    0.02961910
    0.03732007
   -0.39439058
    0.02424099
    0.19144272
   -0.34075354
    0.10884118
   -0.48608921
   -0.15114497
    0.18050910
    0.06622278
    0.02978142
    0.31776858
    0.04847839
    0.06803721
    0.06991869
   -0.39521137
    0.01668033
    0.27437139
   -0.50300540
    0.10963050
   -0.47307377
   -0.12711857
    0.17970431
    0.03599154
    0.04526840
    0.33418670
    0.05153408
    0.04637445
    0.04010202
   -0.18144341
    0.02061719
    0.29018547
   -0.51190499
   -0.09248176
   -0.07824901
   -0.01161374
   -0.14505496
    0.23837772
   -0.24851216
   -0.26932787
    0.22976442
    0.06589526
    0.07961284
    0.08386563
    0.08408129
    0.06563724
    0.07426119
    0.07123933
    0.24292527
    0.23770681
    0.22769174
    0.25519301
    0.24297666
   -0.18557700
    0.01838200
    0.27632478
   -0.49880661
   -0.09439027
   -0.08926211
   -0.03313023
   -0.13637426
    0.22331353
   -0.24227061
   -0.25240429
    0.22792559
    0.06915584
    0.08162673
    0.08852913
    0.06943255
    0.07116887
    0.09617509
    0.09644775
    0.23298834
    0.24434401
    0.25909672
    0.24704485
    0.25145703
   -0.17050647
    0.01483399
    0.28184325
   -0.49605466
   -0.01997726
   -0.12581490
   -0.13908028
    0.20570249
    0.08993877
    0.03046190
    0.06614914
    0.03065341
    0.06355177
    0.07087145
    0.07704386
    0.05203123
   -0.18842411
    0.05343831
    0.28608332
   -0.51562005
   -0.09339589
    0.37475263
   -0.61954014
   -0.62547843
    0.22025679
    0.05390311
    0.02467000
    0.01600498
   -0.18845432
    0.05330005
    0.27072583
   -0.51206150
   -0.09643250
    0.37597602
   -0.62646076
   -0.61274523
    0.21723377
    0.03959185
    0.04168904
    0.02754568
   -0.17777741
    0.02878476
    0.27886167
   -0.48459908
   -0.13687064
    0.22131231
    0.06638472
    0.08728100
    0.07599042
    0.07595374
   -0.18051878
    0.01598541
    0.27291130
   -0.46566732
    0.11323923
   -0.47250600
   -0.13736458
    0.22637339
    0.08917563
    0.01720159
    0.32472807
    0.06952716
    0.04396002
    0.07460831
   -0.18074163
    0.02005224
    0.27724825
   -0.50329520
   -0.01517784
   -0.12111315
   -0.12244105
    0.20067832
    0.08104814
    0.03212509
    0.05256652
    0.03583980
    0.06174300
    0.04450750
    0.06071942
    0.04773559
   -0.17705784
    0.02841921
    0.27521522
   -0.50084830
   -0.12871088
    0.22901495
    0.05874765
    0.06499917
    0.06327629
    0.06904478
   -0.18300917
    0.01586110
    0.27886296
   -0.47966388
   -0.03519057
   -0.06417734
   -0.12578008
   -0.11049773
    0.23869620
    0.06717440
    0.06403632
    0.04236398
    0.03344925
    0.07143541
    0.05067207
    0.05008778
    0.04279524
    0.03560625
    0.05811338
   -0.18088061
    0.01182212
    0.27393114
   -0.48840308
   -0.08554213
   -0.09561821
   -0.03016338
   -0.13616822
    0.22689371
   -0.23952627
   -0.24930426
    0.22885524
    0.09114802
    0.06627663
    0.07345140
    0.08269480
    0.08248068
    0.08591403
    0.08652607
    0.22840340
    0.24681658
    0.25516173
    0.24123685
    0.25523124
   -0.18544565
    0.00902949
    0.27159924
   -0.50414785
    0.07116005
   -0.46631018
    0.23100401
    0.07464756
    0.04283990
    0.05337750
    0.33394348
   -0.18666167
    0.02615716
    0.27325589
   -0.50967892
   -0.13308305
    0.24116862
    0.05886356
    0.07027118
    0.07066440
    0.08067603
   -0.18432413
    0.02120901
    0.28517430
   -0.50334189
   -0.02804767
   -0.07411450
   -0.11670932
   -0.11586924
    0.24297653
    0.06622376
    0.05727955
    0.04417876
    0.05782825
    0.07248406
    0.02436114
    0.04322779
    0.05516240
    0.04327889
    0.05122112
   -0.19555117
    0.03611541
    0.29313459
   -0.51661486
   -0.11386848
    0.29299475
   -0.50862874
   -0.29081596
    0.23337331
    0.06246897
    0.09245861
    0.08226453
    0.23522181
    0.24618124
   -0.18522077
    0.04250702
    0.28433249
   -0.50853071
   -0.10933554
    0.29471649
   -0.48636107
   -0.29325731
    0.23109579
    0.05597963
    0.09048414
    0.08168595
    0.23584500
    0.22837330
   -0.18070198
    0.03888168
    0.21828690
   -0.37544116
   -0.07435639
   -0.00797730
   -0.11879249
   -0.12128342
    0.23145610
    0.07625892
    0.06863412
    0.06428234
    0.02268096
    0.05146254
    0.03176658
    0.04753214
    0.05128302
    0.05492569
    0.04582214
    0.19158019
    0.07126617
    0.17124164
    0.07074947
    0.18230868
    0.08140235
    0.17956263
    0.06964966
    0.16729895
    0.07316135
    0.17091282
    0.09191431
    0.19727468
    0.06154139
