$grad                                                                           
  cycle =      1    SCF energy =  -528.38628294797   |dE/dxyz| =  0.450437
   34.68565581805235     52.02959511147550    167.15351005011064      n 
   35.82068990719669     52.46049850441420    169.60715814999307      c 
   33.82751569370158     53.72408035144972    171.28100951881419      c 
   32.88306476340273     55.76751769945670    170.75733974490893      o 
   38.18340369104296     54.14766432102544    169.41337883132016      c 
   39.24791158297317     54.68401705885851    172.04107270047851      c 
   40.16133577773164     52.87444309417226    167.74794614624975      c 
   34.21675044143053     53.62680158195007    166.19832092860528      h 
   36.35060403767162     50.60180677775156    170.34553552754707      h 
   37.60461132173366     55.92485399901727    168.52254199490733      h 
   40.90314289695668     55.88989287993971    171.87812172938044      h 
   37.85959268922478     55.65020016865427    173.21134947049691      h 
   39.80377915766827     52.93047717847892    172.96062203013034      h 
   41.81089694802834     54.08358145246076    167.56241917632667      h 
   40.74338558765734     51.07738791818076    168.56054719225844      h 
   39.41458501561462     52.53554534089390    165.86377074989960      h 
   33.14142646964838     52.36745569187913    173.30289252792156      n 
   31.39424462570444     53.26960463947374    175.21174863504152      c 
   32.85922032250593     53.40059839041459    177.70140683104941      c 
   34.18274690299428     51.63573186723859    178.38478979614507      o 
   29.15830122065336     51.43744931462097    175.46660159376464      c 
   27.76459183998194     51.17486242606117    172.95091646662974      c 
   25.56151803235083     49.31357526776566    173.13112143367613      c 
   24.09979221877373     49.32452247362254    170.64914227417862      c 
   22.07303989290848     47.36845496403229    170.65224315345677      n 
   34.09578143588408     50.78492873465500    173.78724555832198      h 
   30.74401112133957     55.13339758458253    174.61202759846483      h 
   29.89524126792599     49.61236857381211    176.09081825624935      h 
   27.89370973782963     52.16668777792908    176.92250309697741      h 
   27.08241323294958     53.02906274562895    172.35569307116486      h 
   29.10602381591378     50.52800939840083    171.52482813093670      h 
   26.31188972821697     47.43577316927791    173.53348451462182      h 
   24.33482763015932     49.88249162331730    174.68582451917908      h 
   23.26566557149489     51.18681544063326    170.36590765256997      h 
   25.39306016021929     48.95317619241614    169.09136181154119      h 
   21.02861316527471     47.46915529703601    169.01226885089508      h 
   22.86340304494566     45.59482289677376    170.80211456951119      h 
   20.89439872945410     47.64493678734419    172.17757553244070      h 
   29.73192347947831     64.23963760725471    180.30273115023877      n 
   30.80975577654263     64.52169573348635    177.79896788365397      c 
   29.89587573774429     62.38449515498834    176.08045772223849      c 
   29.94320875258321     60.16982211083674    176.77053053205651      o 
   33.72617697139896     64.33473129079660    177.99469591871733      c 
   35.07152617291227     65.91339957956622    176.06511991577264      c 
   35.45955778712033     68.46801784585378    176.53084592599464      c 
   35.98380837887856     64.86772046724003    173.84091951891509      c 
   36.79787145199702     69.93643670553796    174.83304477425958      c 
   37.33783609068916     66.33396375649248    172.15057815144968      c 
   37.77143288791359     68.86191315193703    172.65598943121631      c 
   29.61751106406198     62.44299316924540    180.95550856947256      h 
   30.24251310364319     66.36222233037755    177.05420497245103      h 
   34.24632035511126     64.97596813022541    179.88781593846267      h 
   34.24465289060229     62.34304508322978    177.83408501094701      h 
   34.71824815034569     69.27571982703869    178.25496665975405      h 
   35.65109929685944     62.88727480523256    173.46967682568220      h 
   37.11925554945426     71.90906884642020    175.24005735582821      h 
   38.09521185150700     65.48856694333388    170.45813984958463      h 
   38.85255086471403     69.99632858411188    171.35323373060288      h 
   29.23528868360670     63.06926982765661    173.74084235743615      n 
   28.59712548248956     61.22357233925736    171.81571084517125      c 
   29.90279807941861     62.01038071193763    169.36694256079713      c 
   29.73107794881436     64.20162002331696    168.61450992055100      o 
   25.72810685496954     61.14057704671588    171.41027456168467      c 
   24.88099463041931     58.82217148465526    169.93919901225539      c 
   25.85682860673190     56.74351921150203    170.17753754309095      o 
   22.88929131157299     59.24208645643617    168.44081136536369      n 
   29.24874808925085     64.92268398230112    173.23760768121443      h 
   29.26750915657260     59.36768347490972    172.43606821691469      h 
   24.81715469141664     61.07617677940281    173.26255008028880      h 
   25.10559242700641     62.84135333177394    170.43264124123550      h 
   22.22641328767605     57.83649464850399    167.34295439943887      h 
   22.17182148492171     61.00552562160362    168.25953134645280      h 
   31.15910688924917     60.23021954533723    168.09886661853159      n 
   32.64625030240339     60.94164892724227    165.89339851621745      c 
   32.90576504723578     58.70864888128413    164.08353687533739      c 
   34.27433236246773     56.90702441597737    164.55504712069450      o 
   35.27009769240652     61.83189184603285    166.71876022790551      c 
   31.54355960911851     58.52906348564563    168.90850509524918      h 
   31.64372555162329     62.47956511869010    164.94409468256441      h 
   36.35134596581116     62.47874679516653    165.09423690258345      h 
   35.06698975160044     63.37757680762775    168.05718933273891      h 
   36.27263969921913     60.27959408365356    167.61915568442981      h 
   31.50819722808951     58.86937770322935    161.97876893084938      n 
   31.64578109176498     56.96296064573901    160.02867209694537      c 
   32.65385970251254     58.04673198183157    157.54010198340723      c 
   32.52260205153185     60.29682064493853    156.98142795761859      o 
   29.05945365414984     55.66043756982302    159.61257357846407      c 
   28.05918502563772     54.60857344399115    162.10923128764077      c 
   27.13289869674294     57.46339721778672    158.44442324940420      c 
   30.70917224598805     60.53765462540851    161.49635624421956      h 
   33.01982294571766     55.56045718631221    160.68845513467454      h 
   29.40901264956095     54.11568432853672    158.28340350660571      h 
   26.28108678385009     53.64220146742512    161.77940636848228      h 
   29.42197724803972     53.32214602324370    162.93992540930427      h 
   27.74277198041352     56.14122778424002    163.43853342866626      h 
   25.35803655773115     56.49639177352406    158.08177105153763      h 
   26.75596727947078     59.04545911610035    159.70266424203490      h 
   27.79912953969338     58.23653408065948    156.65554232508026      h 
   33.58899483227983     56.24221573769062    156.02942061153573      n 
   34.81922374536654     56.71222427962986    153.64385393960430      c 
   34.12565355264888     54.68238146060925    151.72667462241293      c 
   33.95545352496818     52.44383606430859    152.30095406934154      o 
   37.72289714225438     56.54466525677993    153.93373700355153      c 
   38.81683379289579     58.90957959569162    154.99462859420680      c 
   40.27899358354892     58.93756403893848    157.11836078046895      n 
   38.61291125812927     61.31257679855707    154.05374025595884      c 
   40.93325170832171     61.30175207698835    157.43778632305552      c 
   39.98220683538064     62.82106623478115    155.62842889053852      n 
   33.91453641375293     54.49120960186385    156.76207969442981      h 
   34.27760173008946     58.58535357074868    152.96220718025563      h 
   38.18306629597047     54.97307781233835    155.18632080921242      h 
   38.56571359774605     56.16671291487469    152.08377992130653      h 
   37.62293369068807     62.04554875071541    152.44712527197407      h 
   42.11770516461724     61.97062744929743    158.93576746362837      h 
   40.07938418782395     64.73720789343821    155.49860747757756      h 
   33.44444732375688     61.40330587089097    138.22173009418432      n 
   34.49120058787107     61.75260202469774    140.72012533550668      c 
   32.49759447165209     63.02854837148520    142.37315578110821      c 
   31.50843474453154     65.02494430769758    141.73531242309997      o 
   36.88763340756555     63.39492588041293    140.57984202457982      c 
   38.32347792231284     63.36833119907685    143.08382238798396      c 
   40.55589106531146     65.20869689468516    143.13738288206110      c 
   42.57119749155510     64.57692062863775    141.16998563997254      c 
   44.78282416821917     66.29569336237162    141.46842412370481      n 
   32.39622958495987     62.82830956889568    137.49656235455018      h 
   34.97213681271943     59.89114453973325    141.47041921113544      h 
   38.04421386134393     62.62032427262654    139.06030597913448      h 
   36.31383631790980     65.31371040301316    140.08139746896910      h 
   37.01089154586877     63.87942273936715    144.59382011521055      h 
   38.95842026337262     61.44561208204600    143.46759141558729      h 
   39.83499343679281     67.11276947047952    142.81279211128611      h 
   41.36834008664696     65.12775262376165    145.03101486843937      h 
   43.19627344927860     62.62928001195669    141.40922707978797      h 
   41.80299631620603     64.80689719773673    139.27255478835204      h 
   46.06540704829229     66.01182371612114    140.03010460313430      h 
   44.18498252400340     68.15078941260627    141.42704926681847      h 
   45.65985871577324     65.97617318382125    143.17997568603005      h 
   32.01044380932016     61.83436448308456    144.54645146637631      n 
   30.42056637940187     62.86185195656367    146.51517405906671      c 
   31.95539128041897     63.00472847359315    148.96143829177390      c 
   33.27486824301559     61.22341249149672    149.64295403018642      o 
   28.06905661686974     61.24203224926937    147.03270735764420      c 
   26.28364791336650     61.67280124886697    145.10801017035388      o 
   32.90877006959823     60.18034554338182    144.93244827583862      h 
   29.81065245452913     64.74278010717997    145.91986634856534      h 
   28.61589383357100     59.24446108738686    147.10916482238864      h 
   27.28519669779461     61.77924231589241    148.88376397995637      h 
   24.85109283097313     60.58480614775473    145.40855542564321      h 
   31.74509661450683     65.17604932135595    150.21705102728717      n 
   33.05407628532640     65.71388480676589    152.56644002162906      c 
   31.16937220582759     67.10353679918143    154.26369131904875      c 
   30.25944686663218     69.13500374808245    153.59615756221271      o 
   35.35284935297485     67.38004034470417    152.09964065028041      c 
   36.57230968730592     68.07566719798201    154.69509143930335      c 
   35.08733760403839     68.67012820108710    156.41257554396802      o 
   38.92517498597729     67.97394068577324    154.80884174350200      o 
   30.70769638249384     66.60852433360421    149.47885738759825      h 
   33.61578596669101     63.91835119332225    153.42643683063784      h 
   36.73115778331065     66.43979029049737    150.88739449121454      h 
   34.72030321389850     69.14372209966089    151.23225560637280      h 
   30.35174582653079     65.76018033692529    156.23038686583018      n 
   28.39909923604805     66.62656361991066    157.93570116486109      c 
   29.34496127176742     66.37494931736107    160.64455431248123      c 
   30.01812485479818     64.32992666011387    161.50586808983439      o 
   26.00812803558490     65.03364230484885    157.51895333918924      c 
   24.67173602830175     65.84386782436570    155.09732472139865      c 
   22.97975814229055     63.68851296822543    154.05001906865766      c 
   24.04649686175102     61.80637585182704    153.17546178779492      o 
   20.62379327089754     64.01441838638343    154.14588912588573      o 
   31.15097229310269     64.07100929185809    156.64030389212115      h 
   28.02798119953227     68.61022556675999    157.49824172660027      h 
   26.56717029072640     63.05287613228128    157.36653048186540      h 
   24.75204673005035     65.22796604015072    159.14178570522856      h 
   23.58429496082277     67.55230159474353    155.46985313446766      h 
   26.08988707413467     66.23778346163250    153.64813365922038      h 
   29.30394463832403     68.51268015579505    161.98480046478190      n 
   30.24819783544743     68.67999722002416    164.54570622781486      c 
   28.37878111202284     70.14492049337116    166.16974165915596      c 
   27.35127806871369     72.08264795637666    165.40078986387286      o 
   32.82054349160808     70.05791475979146    164.71149212005065      c 
   33.88175990064275     69.83378298304051    167.38529073017992      c 
   34.70079401163233     68.97101328409312    162.81883899036026      c 
   28.70113984244145     70.13093332147342    161.15385794979173      h 
   30.45468974044728     66.75213661240848    165.25340409034206      h 
   32.50761724228286     72.05384708670211    164.25556204418157      h 
   35.66347629960516     70.84410397699251    167.51135327281449      h 
   32.59899960081430     70.60508911059405    168.79041983209936      h 
   34.21395795333306     67.85851817971165    167.84185113755646      h 
   36.50108808190284     69.94813455135997    162.97611752874644      h 
   35.00648649055706     66.96902167545900    163.17586561334855      h 
   34.05575228005829     69.17099393859064    160.87628364794060      h 
   28.04614010870384     69.23231810830269    168.48258447821436      n 
   26.49207927944598     70.44465142587572    170.37403389140346      c 
   27.95106118996875     70.45157549570440    172.86983193401016      c 
   29.16016217117871     68.60137151849648    173.56214139114746      o 
   24.00813162341859     68.97025196774329    170.70392668309293      c 
   22.45373814815852     68.94536437998110    168.26462114074971      c 
   20.89675542048047     66.55700028814542    167.96529431971436      c 
   21.70112923805532     64.47442929010215    168.60208632245460      o 
   18.64120526664355     66.85562751997318    166.89416240221661      n 
   28.78736263005708     67.51609103270991    168.93784597471176      h 
   26.10943462366467     72.38123488412938    169.76569076777790      h 
   24.48355218986546     67.02905201141864    171.22087329395069      h 
   22.91670892434040     69.80357419666900    172.23973757621405      h 
   21.23835686741339     70.59558139478631    168.13876931503066      h 
   23.73385661337753     68.97051320043497    166.64298900939170      h 
   17.96920159494382     68.58436539355452    166.41322089634011      h 
   17.55746593646144     65.31919201403326    166.59146844783166      h 
   27.79280051036207     72.58724280688101    174.20319674677631      n 
   28.71180670650890     72.79566098248441    176.77286402310639      c 
   26.65726486470715     73.97465347320481    178.41189797611486      c 
   25.26250054849296     75.62078708578672    177.56866324017781      o 
   31.02724956227333     74.52936564110861    176.92637432795206      c 
   26.67516903636411     74.02441166084877    173.59532378791184      h 
   29.17216916766227     70.90504871694600    177.46661721688494      h 
   31.62712958546254     74.66807202996591    178.88613318342516      h 
   32.54734257382867     73.73622362419731    175.79957966750123      h 
   30.53170860478774     76.39077410507021    176.21122394545071      h 
   21.34076614403272     82.21347819197673    180.23306899733370      n 
   21.85904701895165     80.13228781996415    178.54204481745870      c 
   22.15411121993413     81.21949836790039    175.88518927721876      c 
   20.92020947687737     83.05124995771739    175.18977587018765      o 
   19.74579573147191     78.13833317610813    178.61984787951775      c 
   17.12534317801185     79.27497683744008    178.21173486574236      c 
   15.14661055919145     77.21666348172256    177.92431807198216      c 
   15.56400622373683     75.19706131193166    176.88340231740116      o 
   12.84395324980518     77.83168046091022    178.80670830280954      n 
   20.53028364862088     83.72942870712170    179.39620125929071      h 
   23.61440685376390     79.21433145974565    179.12763678582863      h 
   20.12945875981141     76.69449429006077    177.19977828034411      h 
   19.80946451081439     77.21518597284397    180.46603261485575      h 
   16.64099478688861     80.49616677954000    179.79712293835152      h 
   17.11909349392678     80.40342545199317    176.48200413506055      h 
   12.55371289782936     79.41448294395720    179.81755031178022      h 
   11.46736188682787     76.51712105032631    178.75681344564958      h 
   23.88257148748229     80.06331578420433    174.45725518118448      n 
   24.32922822893032     80.73365876833030    171.86361017988565      c 
   24.14109464775565     78.35181808776137    170.24871147807826      c 
   24.49345992550776     76.24195800061402    171.12110480333189      o 
   26.96674287232222     81.94640123821647    171.50873907771472      c 
   28.77386874674093     80.11926204387544    172.22434430156730      o 
   27.18617183285616     84.37418718427168    173.05042611543814      c 
   24.73928340987290     78.47144336190864    175.08605382136037      h 
   22.88090844304232     82.10479216718421    171.31451579892152      h 
   27.18109188365351     82.39957733765809    169.48451455472596      h 
   30.42208489098719     80.90085994058022    172.20214586186111      h 
   29.01866551049454     85.25282040558584    172.75192893700685      h 
   25.71929529001303     85.70188636828424    172.50251258170090      h 
   26.96720684539619     83.95553510764994    175.04837208858902      h 
   23.49989078801308     78.78635870955605    167.84471079161639      n 
   23.44847232305485     76.82766799162911    165.94123717088678      c 
   24.81548820918722     77.85852473781659    163.60462943248925      c 
   24.73741242792633     80.10166975315606    163.05278668928443      o 
   20.72447213132326     76.09992361311973    165.24316094062698      c 
   19.11995955476243     75.60432766952232    167.60420307214261      c 
   16.85279375950509     73.97272047498792    166.96432583894480      c 
   17.07476503223136     71.89931742796355    165.95874188301289      o 
   14.59603662485421     74.93647405445957    167.55030189638157      n 
   23.34613958600564     80.56380741096093    167.15202175656603      h 
   24.44483066789378     75.17425406904296    166.67948450033549      h 
   19.87443413838305     77.61162534213960    164.13082728252533      h 
   20.79561680277040     74.39753219308783    164.08409501118777      h 
   20.26070066143810     74.57500798541494    168.98275797830016      h 
   18.54061587623777     77.37769035804752    168.47240961488029      h 
   14.40129280082821     76.62728996064570    168.39272846777280      h 
   13.03492643259085     73.89079005379030    167.23722368247647      h 
   26.00061640630590     76.08342393435426    162.26713247012921      n 
   27.53441767452366     76.59087241560607    160.06560060687417      c 
   26.69998007510754     74.73941793643968    158.01685095425304      c 
   26.69039016566963     72.45665232553644    158.40424040311183      o 
   30.38634260020924     76.19311690925646    160.63003401431121      c 
   31.90025091686669     78.52004539726443    160.15296512287776      c 
   32.24049100239115     80.50784173832413    161.76661265074014      c 
   33.25135067633103     79.12175597776066    157.89408109770250      c 
   33.72271752625954     82.30796908412127    160.65996459711818      n 
   34.38923899961234     81.51346306169695    158.29885042074559      c 
   33.63160714993687     77.87341149920162    155.60018749388439      c 
   35.90046400595521     82.65444797249981    156.47715248610646      c 
   35.13917584062475     79.01397270510074    153.81193989628352      c 
   36.25883789790967     81.37096780651535    154.24078232084275      c 
   26.19947579890338     74.32597642801205    163.01153144770433      h 
   27.18347081146306     78.54783228723775    159.50474071297018      h 
   30.56587812257843     75.62743889864051    162.60583509710906      h 
   31.10383594809044     74.64267111175563    159.46806212288868      h 
   31.50596418598940     80.75032801012652    163.64178128497059      h 
   34.25712273104857     83.94520205195515    161.46353131481879      h 
   32.78144835286384     76.04005285034357    155.26229682979954      h 
   36.77068081704796     84.46974395744066    156.80951540000038      h 
   35.49060243386121     78.09486247311536    152.02200522051913      h 
   37.43192123146033     82.17548462021971    152.77649966686022      h 
   25.89052938631566     75.80909571548861    155.87635033618037      n 
   25.20619110050194     74.40782999197660    153.62706587977723      c 
   26.98837353574113     75.18045728627871    151.48670335078268      c 
   27.34889266726994     77.38967667507104    150.93829196855512      o 
   22.49021403943170     75.06226728053281    152.79075910537048      c 
   20.49310064570802     73.19761562184286    153.73249695706880      c 
   20.37534716571155     70.83342766467327    152.06182196661288      c 
   17.91070937534240     69.36933319167949    152.34593541869128      c 
   17.79208376093107     68.00090272510954    154.78764307464763      n 
   26.09874711018384     77.69042878694373    155.61038698563880      h 
   25.42232069741621     72.40074804159197    154.05666635013756      h 
   22.08356926731886     76.96064411913694    153.47885238360394      h 
   22.42704035959520     75.14063018448677    150.73084082260075      h 
   20.91755192390542     72.71874962559806    155.69285484489640      h 
   18.66524020571103     74.14889771699562    153.66218076717809      h 
   20.53056236127758     71.41733363580288    150.09278642831327      h 
   21.96832324257471     69.58391928292610    152.43828824390528      h 
   16.31629617417801     70.66888320786876    152.20434206375384      h 
   17.77780890131220     67.96693570071398    150.84437124055560      h 
   16.01705641867528     67.28421516374306    155.07286766555313      h 
   19.09947155344506     66.39495594519688    154.71430683000250      h 
   18.25563159913561     69.17127448995069    156.25650210403975      h 
   27.89303172305628     73.22157927629014    150.15200090362916      n 
   29.46700220017013     73.57147246501107    147.94417179566636      c 
   29.07996610757613     71.22659216837852    146.28798552889444      c 
   29.31756268098142     69.08258256146532    147.13595985246985      o 
   32.24518197248310     73.94424373110817    148.68148049313382      c 
   34.01252117636347     73.97804430145014    146.39342395268460      c 
   36.65851219494957     74.61271206986484    147.31401391359864      c 
   37.46630027960764     76.76828520352520    147.40920565502003      o 
   38.06578271938594     72.59439119341599    147.97144171841398      n 
   28.01425240816281     71.49401771364855    150.96387979937009      h 
   28.79159134483595     75.27024637736702    146.97752469616705      h 
   32.38785837018015     75.73240324725971    149.70283451900409      h 
   32.77146280397612     72.43707847895807    149.98988869551954      h 
   33.97605769284191     72.14880235953451    145.44139852135748      h 
   33.40684941922864     75.44754322171744    145.08456563571912      h 
   37.24632650900381     70.89614239205970    148.22180821432121      h 
   39.69614431598969     72.90578410625582    148.90817973867587      h 
   35.77217549578756     51.16799109848371    166.16878903016357      h 
   32.73940197524739     54.94185975924211    178.78824680108139      h 
   30.67617298143159     65.09774499361519    181.42727842084523      h 
   33.79077743873574     55.15624033202032    149.92823643291098      h 
   34.70555418140984     61.16124243245071    137.10657236631823      h 
   26.43350136171762     73.40690053915016    180.20037516748170      h 
   20.27986792724237     81.69855190583965    181.45859250414503      h 
   28.62127755055083     71.42244581957283    144.46526494732598      h 
   0.9386384725379D-01  -0.5573733640407D-01  -0.6925527955281D-01
   0.3327461668507D-02  -0.7802966196030D-02   0.5368373076328D-02
  -0.3472712483513D-02   0.2392769859744D-02   0.3632020122875D-02
  -0.1006228150655D-03  -0.2245507605144D-02  -0.1323532637506D-02
  -0.2632274770629D-02  -0.3137166179731D-03  -0.5227388090810D-02
  -0.1955057830817D-02  -0.1037873438072D-02   0.1800139372246D-02
  -0.1296300484199D-02  -0.3336022825822D-03   0.2025672655697D-03
  -0.5306917964544D-04  -0.4893536475144D-02  -0.8889021255514D-02
   0.5332564333352D-03  -0.8788341653027D-03  -0.2535778131148D-02
   0.5815913965509D-03   0.1062750164098D-03  -0.3958073130461D-03
  -0.7081845832783D-03  -0.2856295861247D-03  -0.1329331645284D-02
  -0.1285562206064D-03   0.4141132369940D-03  -0.2821283906235D-03
   0.4366524724016D-03  -0.6027207945874D-03  -0.4408197403178D-03
  -0.4467383147904D-03   0.1719535868116D-03  -0.1476198247739D-03
  -0.3617936030977D-03  -0.1891045803749D-03  -0.4716726894146D-03
  -0.1381195545854D-02  -0.1041784302734D-02   0.4337014165439D-03
   0.1287218554702D-03   0.1718674831060D-02  -0.1706724641382D-02
  -0.4951135068297D-02  -0.2695379365715D-02  -0.3506372267391D-02
  -0.1279203391281D-01   0.7744471433664D-01   0.3860440274753D-01
   0.7961535028237D-02  -0.1150196412732D-01   0.6555012498003D-02
   0.1005837167150D-02   0.2499972563002D-03  -0.1490358988631D-02
  -0.7141165603916D-03  -0.2934411128567D-03  -0.2789902126905D-03
  -0.2197841390773D-03  -0.2393694764272D-03  -0.4257152543481D-03
  -0.7562514760500D-03  -0.1820184851491D-03   0.8488322486797D-05
  -0.1890914225709D-04  -0.5793731517645D-03  -0.5384551734198D-03
   0.3877691292705D-04  -0.1009128652374D-03   0.1588128757740D-02
   0.3669384768620D-03  -0.1402605087326D-02  -0.2392402606114D-02
   0.5213495511053D-03   0.1249530978669D-04   0.3108917517133D-03
   0.1846486601049D-04   0.8273951366897D-04   0.2850462166254D-03
  -0.3989158347552D-03   0.4153971507810D-03  -0.3092868154058D-03
   0.7349185951236D-03  -0.5174884539029D-03   0.4154961684994D-03
   0.2413524037106D-03  -0.1590136119639D-03   0.2245157194875D-03
  -0.9664368144928D-04  -0.4163703298946D-04  -0.1608867694523D-03
  -0.1835917979909D-03   0.2183002476767D-03   0.1119981854384D-03
  -0.2326192121694D-03  -0.2369385150261D-04   0.6493652866974D-03
  -0.2025685543727D-03   0.3533420262808D-03  -0.2740988313500D-03
  -0.4608733073443D-04   0.1709365766121D-03   0.2389531932426D-03
   0.4843916001550D-03  -0.2672815034423D-03  -0.4741295598280D-04
   0.8468682123037D-01   0.6345320795142D-01   0.7856434850715D-01
   0.9037906408412D-03   0.9897197418754D-02  -0.4325422753757D-02
  -0.6569005826636D-02   0.1285105462665D-02  -0.2231240716263D-04
   0.7702263628317D-03  -0.1886302330877D-02  -0.2481020696294D-02
  -0.2304223892168D-02  -0.3520583350578D-03   0.5466300675056D-02
  -0.2675886715305D-03   0.1695121377637D-02  -0.1913642753924D-02
   0.3642556117949D-03   0.4864934408580D-03   0.3091543211307D-03
  -0.1197088732378D-03  -0.7706552609970D-03  -0.8110973673564D-03
   0.8238567507361D-03   0.1667430045410D-03  -0.1897100508009D-02
   0.1204178326486D-05   0.8890243123270D-03  -0.9421202949543D-03
   0.1317069986280D-02  -0.1064803958133D-02  -0.4737647599708D-03
  -0.4118169395288D-03   0.5429257131736D-02   0.1101365113919D-01
  -0.4022907950443D-03   0.1154182981120D-02   0.1092188936545D-02
  -0.2535375558214D-02  -0.9138897315369D-03   0.1183854682756D-02
  -0.1934323405377D-02  -0.2229547444638D-03   0.6962160164611D-03
  -0.1216173912757D-02  -0.8944967526894D-03   0.1081215365664D-02
  -0.5272604923514D-03   0.6365862937692D-03   0.1304910823909D-02
  -0.4372858628770D-03  -0.4773440100228D-03   0.7953113833663D-03
  -0.6510398055085D-03   0.2220842730865D-03   0.1372456364559D-02
  -0.5405853760459D-03   0.5700024113988D-05   0.6612896345351D-03
  -0.2568855052134D-03   0.2747310688752D-03   0.3663816866133D-03
  -0.2149969834160D-04   0.9053728780067D-04   0.2391456612085D-03
   0.6510965436063D-06  -0.7693212971678D-04   0.1213344664974D-03
  -0.6727430998318D-04  -0.4216416903170D-03  -0.2991139329754D-03
  -0.7429581500126D-04   0.2363502242508D-03   0.4142472938425D-04
  -0.6992824241673D-04   0.1167796913993D-03   0.2066888969688D-03
  -0.3174272960948D-03   0.2144192344902D-03   0.3263711394742D-03
  -0.7955293995002D-04   0.3524451673945D-03  -0.7134931491446D-05
   0.7289107764097D-04   0.5301676185687D-03  -0.1012981329950D-03
  -0.2391896034550D-03  -0.3415621189028D-03  -0.2724526106968D-03
  -0.2985260897675D-03   0.3021816548319D-03  -0.3024090475495D-04
   0.5013042746025D-04   0.8868104668524D-04  -0.3397101162014D-03
   0.1177619163096D-03   0.3760013343164D-03  -0.1610879973050D-03
  -0.2669298134217D-03   0.1643783650552D-03  -0.9928013489195D-04
  -0.4980486626237D-03  -0.4594336533454D-03  -0.1398578015615D-03
  -0.1698539990222D-03  -0.2095709570416D-03  -0.1414856520071D-04
  -0.6295543213254D-03  -0.3632311030341D-03   0.1176654232521D-03
   0.6689109658421D-03  -0.5386568080832D-03   0.6713270499280D-04
   0.1319852917160D-03   0.1116788366005D-03   0.6360113405291D-04
  -0.1576822505960D-03  -0.1723397761979D-03   0.3922154129669D-03
  -0.2103013607197D-03   0.1769152803134D-03   0.1429748356846D-03
   0.3032412555834D-03   0.4020548000184D-03   0.2078329366899D-04
  -0.2876370062802D-03   0.2023727180805D-03   0.1497638703269D-03
  -0.3893024822223D-04  -0.7993798205348D-04   0.3101153498447D-03
  -0.1287336302596D-02  -0.8057540165603D-03   0.1683253785184D-02
  -0.4856084348108D-03  -0.6932240650784D-03  -0.8085444491619D-03
   0.2853193301081D-02  -0.6244580738796D-02  -0.1830996348179D-02
  -0.6212274142801D-03   0.5822195364144D-02   0.2973174015309D-03
   0.3570247278981D-03  -0.7364294798581D-03   0.7396014576913D-03
  -0.1137693681771D-02  -0.1058100939055D-02   0.1668805465337D-02
  -0.1552981769079D-03  -0.1512652665424D-02   0.4728984181778D-03
   0.5604548717564D-03  -0.1224205099160D-02  -0.4524606085757D-03
   0.9904764922816D-03   0.4400261069509D-03  -0.2571761414097D-02
   0.1844123186889D-02   0.9724063047379D-03  -0.1494787533735D-03
  -0.7438398782737D-03   0.1062286329935D-02  -0.2150149927358D-03
   0.2845761480001D-03   0.1428052178153D-02  -0.1522035219819D-03
   0.1921273761050D-03  -0.2569047206291D-03  -0.3359984846695D-03
  -0.4738882676385D-03   0.4699564507704D-03  -0.2134843033334D-03
  -0.2921524704072D-03   0.3737096878662D-03  -0.7457585046377D-03
  -0.8884688407811D-04   0.5809422131278D-03  -0.3245599709198D-03
  -0.4165122965520D-02   0.3680455996295D-02  -0.2096606369986D-02
  -0.4166123827275D-04   0.2222387521323D-02   0.7989548550705D-02
  -0.5061565391800D-02   0.4832736888454D-01  -0.7930141116953D-01
  -0.1892417161344D-02  -0.2271134380601D-01   0.5712683584596D-03
  -0.3176100431785D-02   0.1460459073742D-02   0.1251106587431D-02
   0.6734201314366D-03  -0.1517925113063D-02   0.1110172939222D-02
   0.5514167139800D-04  -0.4143308397606D-03   0.2786690293548D-03
  -0.2612265024094D-03  -0.6120170731565D-03   0.4287850553956D-03
   0.1927356982754D-03   0.2100417327229D-04  -0.2868849827567D-03
  -0.4303473736182D-03   0.1067394355621D-03   0.4997004677102D-03
   0.3042562914276D-02  -0.4533202668099D-02   0.3447894088522D-02
   0.9734396262278D-03   0.1332339362040D-02   0.5073039737341D-03
  -0.2204125027742D-03   0.1287727194936D-04   0.5928810412502D-03
   0.7872373146012D-03  -0.7568186514018D-03  -0.4073092684318D-03
  -0.2483957415541D-03   0.1159131721136D-02  -0.5996290805866D-03
   0.1105414556710D-03  -0.2590464708912D-03  -0.9386138322582D-03
   0.5635242565332D-03  -0.1742278833272D-03  -0.5655919182157D-03
   0.1012878016361D+00  -0.8851922058513D-02  -0.7092146557361D-01
   0.5014216520394D-02  -0.9806994809460D-02   0.3351641150247D-02
  -0.1697645994170D-02  -0.8238734377238D-02   0.6595216176592D-02
  -0.3339867324981D-02   0.4769506441466D-02  -0.3498501380677D-02
  -0.8045302316692D-03  -0.9285824407959D-03  -0.5738862418267D-02
  -0.2270565932541D-03  -0.1145595342813D-02   0.1254317636941D-02
   0.1018794854340D-03   0.4473353161610D-03  -0.6029365021243D-03
   0.4934638927044D-03   0.2062539131774D-03  -0.6337709802337D-03
   0.4828538993121D-03   0.4678506592561D-03   0.4094798693660D-03
   0.4369555503540D-02  -0.6044865226629D-02  -0.1334489906207D-01
   0.4204116510152D-03   0.2142247998418D-02  -0.3931578954219D-03
  -0.1563660546621D-02  -0.4502719868389D-03  -0.7062250417393D-03
  -0.1989206447968D-03  -0.3131054743605D-03  -0.6300837544480D-03
  -0.2840109205109D-03  -0.3793542913665D-03  -0.4183595710858D-03
  -0.1639920486165D-02  -0.1502624258486D-03  -0.2456599282127D-04
   0.2272903277094D-03   0.9819952577192D-04  -0.2645146004625D-03
  -0.6203074332335D-03  -0.6398384910828D-03   0.2090626740323D-03
  -0.8220171058760D-04   0.4751160517459D-03   0.4014483421649D-04
  -0.3106973118561D-03  -0.4996284383356D-03  -0.4929779383003D-03
  -0.3786548907951D-03  -0.6514173869106D-05  -0.6129377298539D-03
  -0.3649797518681D-03   0.2034728079266D-04   0.2851448845727D-03
   0.2379625201606D-03  -0.2061197309666D-03   0.5424227653002D-03
   0.4189125901695D-03   0.5485227464960D-02  -0.5121108264194D-02
   0.7848500454463D-04   0.2773823638134D-03  -0.7353333323012D-03
  -0.3071285022696D-02   0.4496364154015D-02  -0.1222599979602D-02
   0.1400478785371D-02  -0.2527248850754D-02   0.8136278004532D-03
   0.1723577198348D-02  -0.1565940685803D-02   0.8062416082268D-03
  -0.1476953585520D-02   0.2122624962470D-02  -0.7380099506196D-03
   0.3629235145010D-02  -0.4916776087150D-02  -0.1418602625879D-02
   0.1916550329235D-03   0.3078692092124D-03   0.1672955819464D-02
  -0.6759103064338D-03   0.3593990864962D-03  -0.2596830289499D-03
  -0.6038576557173D-03   0.6662470402260D-03  -0.2105729344909D-03
   0.9593699508850D-03  -0.9424871171242D-03   0.7473959972219D-03
  -0.4864636977812D-03  -0.1797527014764D-03   0.6444044071161D-03
  -0.2179664516440D-03  -0.1865638498868D-03   0.4643874909635D-03
   0.7255869783156D-03   0.3678949399378D-03   0.1180182083143D-02
   0.6305316437927D-03   0.6970259261722D-03   0.3328765442735D-03
  -0.1623717992905D-03  -0.2638295787748D-03  -0.4949248532966D-03
   0.8756696923718D-03   0.7728016965157D-04  -0.8490466723938D-04
  -0.4363596911913D-03   0.3443371876448D-03   0.6833355403225D-03
  -0.5722304095482D-03   0.7979984788948D-04  -0.7874357919217D-03
   0.2450548496096D-04  -0.3819597979614D-03  -0.3037607417985D-03
   0.7674509928222D-03  -0.5175725444225D-03  -0.3944198688971D-03
   0.4028115751729D-03  -0.5614044592816D-03  -0.6925410955468D-03
  -0.8809257681502D-04   0.2935413313413D-03  -0.9047772908289D-04
  -0.2276648462769D-03  -0.3513912024986D-03  -0.1646211281327D-03
   0.6187736814930D-04  -0.8923116619535D-04   0.3127396515174D-04
  -0.7029729292452D-04   0.1974438140950D-03  -0.1573378929369D-03
  -0.4831469230140D-04   0.2519121377592D-03   0.3462613036868D-03
   0.9295163992178D-04   0.2349192222672D-03  -0.1034794190520D-03
  -0.4500857676993D-04   0.2108094541290D-03   0.2289692719770D-04
   0.1545400854355D-02  -0.9288377999748D-03  -0.3173625617888D-03
  -0.8276990030067D-03   0.3199704585038D-03   0.2103919420183D-03
  -0.1058991964818D-02   0.4604559052511D-03  -0.3942842684129D-03
  -0.8222166843197D-04  -0.5562937639103D-03  -0.5275748649355D-03
  -0.6696757237722D-04  -0.9611305175983D-04   0.1484108367601D-03
  -0.3216711327843D-03   0.1970389021903D-03  -0.1351946465903D-03
   0.2840522206150D-03  -0.2345735002560D-03  -0.3097587469603D-04
  -0.1819252625265D-03   0.2589473449272D-03   0.1351278950564D-03
  -0.1317439580894D-04  -0.6415027359478D-04  -0.1936691779874D-03
  -0.1046258903064D-03  -0.1077657259688D-03   0.1597805347012D-04
  -0.2830127794448D-03   0.1846592764596D-04   0.8866288055013D-05
  -0.9171792742171D-04  -0.4344442185087D-05   0.1919109109745D-03
   0.1611111219272D-03   0.2145630132608D-03   0.3540094132052D-03
  -0.1839673051856D-03   0.4960686286084D-04   0.1060104877841D-03
  -0.1848531174350D-04  -0.2283128956572D-03   0.2018638754868D-03
  -0.4297633629220D-04   0.9094577226896D-04  -0.6751002226812D-04
  -0.1002409955377D-03  -0.9047041508272D-04   0.2145487771925D-03
   0.1296473413055D-04   0.1071780360685D-03   0.9183455369699D-04
   0.2188454372900D-04   0.1500461413850D-03   0.6621988615237D-04
  -0.2112046239531D-03   0.2943047422686D-03   0.2707504924320D-03
  -0.7240994972134D-04  -0.5626455902001D-03   0.4418646257628D-03
   0.1884051670348D-03  -0.4172592997839D-03  -0.1666657192751D-03
  -0.1040068479568D-03   0.4627425557648D-03  -0.7101250282594D-04
   0.1405779262964D-03  -0.8108277922140D-04  -0.1586059601019D-04
  -0.4649572123704D-03   0.1541616093066D-03  -0.1342336579304D-04
   0.7524170160386D-04  -0.2147664146065D-03   0.1044274380587D-03
   0.1737942844549D-03  -0.1871186859062D-04   0.1027150031152D-03
   0.4111757528880D-03   0.2146227833814D-03  -0.1830157532284D-04
   0.2638345806820D-03   0.1030870920118D-03   0.3702934109536D-03
  -0.2678706419770D-04   0.2366341721839D-04  -0.7644418641121D-04
   0.5629723684656D-04  -0.2211508496361D-03  -0.1907977784671D-03
  -0.3979063074439D-03   0.8777266504566D-03  -0.9051310517918D-03
   0.7635888632921D-03  -0.1379190643540D-02   0.4975215548792D-03
   0.4207503746599D-03  -0.1051955805712D-04   0.3128405155835D-03
   0.9511492190415D-04  -0.4567752708554D-03  -0.4160165154288D-03
   0.3005268908399D-03   0.8345164896008D-04   0.3019809725861D-04
   0.1894462148512D-04   0.3507679299208D-04   0.6958402914575D-04
  -0.6563498487340D-05  -0.9934004965565D-04   0.5819559592645D-04
   0.1996433508378D-03   0.8890860091469D-04   0.1624511844531D-03
   0.2386253829696D-03  -0.1707368917813D-03  -0.5954164649131D-04
  -0.4487910203635D-03   0.1001638239371D-03  -0.4818561863849D-04
   0.3457048704037D-03  -0.7249086221202D-04  -0.2813081457770D-04
   0.3050989783580D-02   0.2034864477094D-02  -0.4693400213695D-03
   0.5042531793513D-02  -0.6900910784435D-03  -0.4990067677023D-02
   0.7524509136123D-02  -0.3932530961739D-01   0.8414355079878D-01
  -0.1356575556464D-01   0.1700910563131D-01  -0.6843920258053D-02
   0.2674949742606D-03   0.3539496742865D-03  -0.2675502023494D-02
  -0.7937657415782D-03  -0.9610145370748D-03   0.2186969184084D-02
  -0.7243575166462D-03   0.6484183319775D-03   0.1337431946345D-02
  -0.1373005031871D-02  -0.1454890587967D-02   0.8878586023323D-03
   0.2153885937878D-03  -0.5892937754801D-04   0.2065353411218D-03
  -0.7855816364612D-03   0.3353769399334D-03   0.1776380962964D-03
  -0.8291533939584D-01  -0.4515172555830D-01   0.7965667627394D-01
   0.4010312509612D-02  -0.6906581274454D-02   0.5614594401627D-02
  -0.4025155686852D-03   0.1873036248496D-02  -0.4503004714157D-02
   0.1113471374879D-02   0.1256508479771D-03   0.3431967633524D-02
  -0.1703751477198D-02   0.3561063186142D-02   0.2675630746319D-02
  -0.2459999852178D-03   0.2977459509604D-02  -0.4271700783715D-03
   0.5099092240417D-03  -0.6805793003437D-03   0.2282881375923D-02
   0.3757927171602D-03  -0.1083760454190D-02  -0.5009381394917D-03
  -0.9079070237599D-03   0.1360107459989D-02  -0.2100587527678D-02
  -0.2513208175848D-02   0.8271786803919D-03   0.1065462080323D-01
  -0.1334601946076D-02  -0.1182822974356D-02   0.7880381010818D-03
   0.1261223257777D-02   0.2849238654452D-03   0.8897199320888D-03
   0.4169042893808D-03   0.5960276091641D-04   0.1198097617062D-03
   0.1743651320748D-02  -0.8096039435431D-03   0.9323971194841D-03
  -0.1563058809549D-03  -0.4671559549236D-03  -0.6023638371950D-04
   0.3488860609796D-03   0.1910670495198D-04   0.9569003073559D-03
   0.6488265878476D-03  -0.2309264727808D-03   0.6640028515902D-03
   0.1135319078518D-03   0.2217350933752D-03  -0.1511400539817D-03
   0.1106457165566D-03   0.1062719930176D-04  -0.1338012700422D-03
   0.8795462803974D-04   0.1341597240299D-03   0.5894856787612D-04
  -0.4020679579235D-03  -0.1666523141406D-03   0.1187065034623D-04
   0.2531335421418D-03  -0.6560080574228D-03   0.1833841869367D-04
   0.1103878610970D-03  -0.8496461518117D-03   0.4479880260207D-03
  -0.2393793706098D-03  -0.1080920481121D-03  -0.6141005665034D-03
  -0.9707804515694D-05   0.5695358780523D-04  -0.2510925004711D-03
  -0.2202740486580D-03  -0.1274223128112D-03   0.4657595133436D-04
  -0.1117742863797D-03   0.6930952132332D-03   0.3413875264001D-03
  -0.4077599814769D-03   0.2086569255406D-03  -0.1473779372080D-03
  -0.1949539467281D-03   0.3201811375312D-07   0.4302814255612D-03
  -0.2035827575220D-03   0.5878972539868D-03   0.3233114792691D-03
   0.5683931452082D-04   0.2221869654756D-03  -0.7454084295018D-03
   0.7943266178556D-04   0.4511814657582D-03   0.1549526208237D-03
  -0.1753627962252D-03  -0.9261643057283D-04   0.6223030477736D-03
  -0.9004614830493D-03   0.8633767449151D-03  -0.1222610770327D-03
   0.7087246135531D-03  -0.3847712931471D-03  -0.3416131687371D-03
  -0.9471218662504D-04  -0.2466150731246D-03   0.6535902470210D-03
  -0.4766720009048D-03  -0.4819364641228D-04   0.7807748448673D-04
   0.2310704985072D-03  -0.6854912348836D-03  -0.3141412561991D-03
   0.1323202499066D-03  -0.1035288875111D-02   0.2509211364934D-03
   0.6409693848146D-03  -0.1282390796051D-03   0.4918796252345D-04
  -0.2749992629954D-03   0.3838253107161D-03  -0.5383575262386D-03
  -0.2575593874853D-03  -0.7924891827951D-03   0.3377647254228D-04
   0.2118558744955D-03  -0.7049692652503D-03   0.2200024943698D-03
   0.1043539104714D-03   0.4339167385431D-03  -0.2829145559631D-03
  -0.1992071408314D-03   0.2393429018004D-03  -0.2953217492845D-03
   0.4381174898802D-03   0.2697126223640D-03   0.4057074754543D-03
  -0.4186420701260D-03   0.2798463860030D-04  -0.4728461571503D-03
   0.4961232462269D-03   0.3667684059027D-03   0.3828512901369D-03
  -0.3624962127272D-03   0.1823137904243D-03   0.2404911021710D-04
  -0.4927102777053D-04  -0.7256656793946D-04   0.3367768688700D-03
   0.9443342005724D-04  -0.1865004360464D-03   0.2284754086178D-03
   0.2102977008227D-04   0.1380975356765D-03  -0.3111840568681D-03
   0.8477858429673D-04   0.7989246174200D-04  -0.1069036509960D-03
   0.4096194166616D-04   0.2197510819342D-03   0.2519486661020D-03
   0.6766129601745D-04   0.1021580249841D-03   0.7099965629796D-03
  -0.1282102549482D-03  -0.4534551422398D-04  -0.1573842876423D-04
  -0.9525629440280D-04   0.3280274670666D-03   0.2928654367570D-04
   0.4506670753996D-03  -0.5718884547524D-04  -0.3261259108105D-03
  -0.5939167594256D-03  -0.2323301860856D-03  -0.3020967180366D-03
   0.1858398338452D-03   0.2120771927510D-03  -0.1779131351197D-03
   0.2575314684134D-03  -0.3378542267912D-03   0.3745001361962D-03
   0.2112837933636D-03   0.2297363272482D-03  -0.3743477300910D-03
  -0.2202597654867D-03   0.3530112467548D-03  -0.3119183391103D-03
   0.1781842292511D-03  -0.3267271735459D-03   0.1057000918539D-04
  -0.8739481450450D-04  -0.2741821791921D-03  -0.2973968127829D-03
  -0.3630522986139D-03  -0.1412349022009D-03  -0.2794495770403D-03
  -0.5489784779817D-03  -0.1919525756770D-03   0.7102943640422D-03
  -0.4474297439751D-04  -0.7507111139961D-04  -0.1287792674433D-03
  -0.6480735828165D-03  -0.7444518627243D-03   0.2373483726355D-03
   0.3513065112365D-03   0.4017219422245D-03   0.1392905742750D-03
   0.4716245924579D-04   0.4412940396428D-03  -0.1628164424791D-03
   0.5355485454090D-03   0.1521664493156D-03  -0.4129146680988D-03
   0.3916072966688D-03   0.2495607769224D-03   0.5137075971446D-04
   0.1792063217982D-03   0.4108287133042D-04   0.1376506134590D-03
   0.5345563726106D-03  -0.2359392189048D-04   0.3007354852357D-03
  -0.9648120224568D-04   0.2855495936600D-03  -0.4562044679221D-03
  -0.6101325285898D-04  -0.2380608067024D-03  -0.1276961589953D-03
  -0.2715081300652D-03  -0.8780540898894D-04   0.2451578084977D-03
   0.2472431370892D-03  -0.1285179783172D-03   0.1919283012653D-03
   0.2838866250470D-03  -0.1771297185393D-04   0.1799355573575D-03
   0.9225997339241D-04  -0.3505256664611D-03   0.4048701896134D-04
  -0.3760829896362D-03   0.3323617945804D-03  -0.1519143613852D-03
  -0.2787210432766D-03  -0.1012886175551D-03  -0.1526982784946D-03
   0.4362590224905D-03  -0.8497685358703D-04  -0.4294709170759D-03
  -0.2996424758527D-03  -0.6747569323491D-04  -0.1988640322766D-03
   0.1775418638697D-03  -0.8642762648430D-04   0.3003679294123D-03
  -0.3642272139765D-03   0.4954741918548D-04  -0.2062923358802D-03
   0.8288926967975D-03  -0.1634890015532D-03   0.1657174229830D-03
   0.1682509683792D-03  -0.2523697713696D-03   0.3684729219471D-03
   0.1555034787527D-03  -0.2627432849686D-03  -0.1156748141072D-03
   0.2728109016830D-03   0.2396857386850D-03   0.1955045224218D-03
  -0.4136648439638D-03   0.5461454037762D-03  -0.2573757517187D-03
  -0.1009278535805D-03  -0.2825703016574D-03   0.5160224783110D-03
  -0.9055007159580D-04   0.1905340795094D-03  -0.1850342492743D-03
  -0.1706175680055D-03   0.1707459243388D-02  -0.1348699931709D-02
   0.6221949332639D-02   0.2707175927504D-02   0.8043854386291D-02
  -0.2511729839007D-01   0.3118466338515D-01  -0.8241672217842D-01
   0.2848576434604D-02  -0.2264880923503D-01   0.4945290806379D-02
  -0.1868858789192D-02   0.1242539654101D-02  -0.5317762810824D-03
   0.7255856213359D-03  -0.2391894144002D-03   0.5695052804316D-03
  -0.5623931765542D-03  -0.1042912400986D-02   0.7104579475031D-03
   0.8235125614632D-03   0.1429473766004D-02  -0.9770058043164D-04
  -0.4936760537809D-03   0.6741487299119D-03  -0.3641332325982D-03
  -0.4455667537147D-03   0.3289137784341D-03  -0.1869555463803D-02
   0.1441181538417D-03   0.3754846591153D-03   0.1443945930572D-02
   0.3789790190597D-03   0.1576320725718D-03   0.1693164806320D-03
  -0.1497207356578D-03   0.8483758475296D-03  -0.6839856032715D-03
  -0.9283228304783D-03  -0.4904520846129D-03  -0.4223023268792D-03
  -0.4988237051030D-04  -0.5007450681052D-03   0.1200620575522D-03
  -0.2722902148576D-03  -0.7474494102318D-04   0.1532007627231D-03
  -0.5979441212364D-03  -0.1432035853436D-03   0.2471468797491D-03
  -0.8679242478118D-01   0.7263559912080D-01   0.7939065340691D-01
   0.1070270551255D-01  -0.6463694627203D-01  -0.3954547305160D-01
  -0.7338060132519D-01  -0.7466723985496D-01  -0.9177019725150D-01
   0.8270952189927D-02  -0.2864282330223D-01   0.7017312539997D-01
  -0.1035173979645D+00   0.2675521471797D-01   0.9116288347168D-01
   0.2088104706405D-02   0.2485944247605D-01  -0.7098545626606D-01
   0.8163792295084D-01   0.4170477823455D-01  -0.1044788599923D+00
   0.1744024493892D-01  -0.1434397424045D-01   0.7203049719260D-01
$end                                                                            
