$grad                                                                           
  cycle =      1    SCF energy =  -647.33612163140   |dE/dxyz| =  0.709207
  364.70465084213936    133.19267787810838    181.91104767616054      n 
  365.03743782622109    135.44082304387001    183.44672472963032      c 
  367.28274240960394    134.98052073137083    185.21642061036411      c 
  367.06617292511783    133.85073234628413    187.22767820918835      o 
  362.64643048437119    136.00286829350907    184.95453299788431      c 
  364.25688921326667    131.56965136540450    182.84635764261677      h 
  365.46363327630519    136.98696314898339    182.14011398600158      h 
  362.85206491752876    137.77815479580511    185.96252790246507      h 
  361.04361954914691    136.10660104650000    183.67757721089529      h 
  362.33499851694307    134.50063530318744    186.32111923781457      h 
  370.53910155020645    137.13058826072762    189.61218519688470      n 
  370.71562936547957    138.53711786405941    191.95960827133803      c 
  373.42180842767129    138.22392413706515    192.95926300725773      c 
  374.47352229818040    136.16514668789813    192.96967989327433      o 
  368.80700341979929    137.52813569747877    193.90351388701021      c 
  368.99314635043089    139.02246214151378    196.36751653576346      c 
  366.11100314987084    137.67442475627166    192.87996186514138      c 
  369.29409422884123    135.67526474777091    189.49559990805352      h 
  370.35388520077373    140.54209267911477    191.57434230034752      h 
  369.30622273640410    135.55256687220461    194.27582009400783      h 
  367.82065689765284    138.14611149919784    197.80820339936753      h 
  370.91813623340505    139.07853670904151    197.08328893422217      h 
  368.33775835794609    140.95162761056665    196.09630480890280      h 
  364.80304198048879    137.05120026605076    194.33475443578206      h 
  365.65028949524407    139.61597316861273    192.39313566705420      h 
  365.85097139472703    136.49099220060970    191.22107428066732      h 
  379.25643869674224    141.15454283730938    198.70459629652265      n 
  379.66523961025837    141.73686715185002    201.33525106237559      c 
  380.24006419701408    139.35152999261535    202.86025996052817      c 
  380.37224422663212    137.27174025146130    201.85063219099777      o 
  380.75070413191980    140.40910060288684    197.78365528443155      h 
  381.26581048871981    143.03445804228249    201.51119209827723      h 
  377.97134444590455    142.65125893750613    202.08104944324327      h 
  379.42106826396889    136.12237885694483    210.81693755226749      n 
  377.91012367443756    136.03746879958524    213.09619179686595      c 
  379.46095458920513    134.86612766032314    215.21750368638291      c 
  380.66652325593128    132.90444706599828    214.87862120397995      o 
  375.54875192747329    134.43139664523756    212.67452078099504      c 
  379.88550991892589    134.43467544145796    210.02151442675373      h 
  377.36252616769667    137.96736176418466    213.58612023388912      h 
  374.28260071644053    134.67999130518194    214.27004049909476      h 
  374.60481790638551    135.05518531181784    210.95693111548294      h 
  376.06386141611608    132.45327284452850    212.48645946785396      h 
  378.10185861350129    132.39957795030725    202.13424259481599      n 
  375.36121493693815    132.20377861607281    202.13154461985008      c 
  374.56595850509530    130.13462620767189    200.26299574343011      c 
  372.88014941628444    128.62905410958138    200.74568167932992      o 
  374.18947822720122    134.77813364977172    201.60301856073713      c 
  374.47178763180415    136.44667801258129    203.94416376527596      c 
  374.43735408169277    135.56659303973117    206.08297871737727      o 
  374.79927855422210    138.90698451290217    203.48307133946008      n 
  378.91642448997146    134.13965553886425    202.13703521935167      h 
  374.71852489069539    131.58498794902866    204.01163536203353      h 
  375.06133970250346    135.67688530550237    199.96900584087834      h 
  372.16010920348322    134.58966281071866    201.27338898462872      h 
  374.75319626697490    140.12637507231511    204.97212848148465      h 
  374.60297461024686    139.65094493005995    201.72811350680490      h 
  372.97023022644623    122.88616650798639    201.48640375552040      n 
  370.35837390102517    122.23554634887373    202.01801924387303      c 
  370.03635302979575    120.56979752984850    204.34461974027380      c 
  368.04434645150855    119.44589228475162    204.71776812971896      o 
  369.00821801923240    120.95541879936415    199.78210032872542      c 
  369.19859113220400    122.39837225582976    197.28508664865910      c 
  367.52539170012710    121.11231203094404    195.31213018941898      c 
  368.38400028432818    125.14419907990757    197.59221696468970      c 
  373.33794467944449    124.76231435209442    201.36653651746110      h 
  369.39756210253631    124.01467801602057    202.46310952269567      h 
  369.80114104563000    119.07248088324884    199.55188294617952      h 
  367.02551300957265    120.77309040339338    200.31308101353412      h 
  371.15555190051060    122.36947982401966    196.62097993968979      h 
  367.63675651387592    122.13092777097035    193.53447655177021      h 
  368.10956006235040    119.17862328702485    194.95420123589591      h 
  365.56460152142591    121.10723057789748    195.92757884947667      h 
  368.46300065123739    126.08753499196092    195.77614323090907      h 
  366.45945524397627    125.23784810386599    198.30437871404379      h 
  369.61357644884441    126.17981310780436    198.86994952466401      h 
  368.07311404027456    120.79070370994401    209.98463950964182      n 
  365.65937202271317    120.82880251127951    211.28948024523959      c 
  363.68345863728160    119.27027166057741    209.85011067501279      c 
  362.40097245127282    117.62798404961696    210.85299271892373      o 
  364.67322928974693    123.54392311151089    211.48730038607479      c 
  366.35076062943443    125.34574653944881    213.00516151090849      c 
  365.95563477255240    128.03561227876648    211.86267408127100      c 
  367.29433238193195    128.56661372108093    209.98144140906587      o 
  364.32184803821690    129.41336162234182    212.83891447319564      o 
  368.87255992783969    122.47778405160494    209.59897763275015      h 
  365.88411357302095    119.99100586370625    213.17436920380894      h 
  364.47230596719146    124.32396993589636    209.58315952371046      h 
  362.79443045530718    123.50883239294902    212.33700257206820      h 
  365.84207793849652    125.35452631373465    215.00099640921835      h 
  368.34967151857586    124.87439395846300    212.81998255593979      h 
  363.41518175100725    119.97141534143022    207.44535205462157      n 
  361.50147344710166    118.94464303568148    205.77864829660294      c 
  361.94339692790277    116.12011427116124    205.34487243461672      c 
  360.21519812453772    114.59100959893856    205.51932411305808      o 
  361.54970947995764    120.38334938787808    203.28842398348715      c 
  364.61079335967690    121.25586503017912    206.70004256532113      h 
  359.65303084376677    119.12843910639698    206.69964973646071      h 
  360.11626920930053    119.64328908936866    202.02225346096694      h 
  361.18917496776038    122.37829472056301    203.63454397227878      h 
  363.39555616524416    120.18505212620060    202.41109856572447      h 
  363.88296369518980    124.95657113875227    188.33256681192233      n 
  362.34425392561275    127.16927288277657    188.81843645076512      c 
  361.62687692475674    128.40337777382953    186.31658013082424      c 
  363.20152911918404    128.72545261695487    184.63741922961694      o 
  363.73458274359712    129.17476493283178    190.41575607991922      c 
  361.85022915232605    131.16301443489843    191.31623881513730      c 
  365.03902875229375    127.93891627750595    192.66252043502399      c 
  365.46627533976044    125.25022954255444    187.31208763657003      h 
  360.65430378187455    126.51876316907496    189.81333183704834      h 
  365.15978290280276    130.09171108769868    189.22661902270707      h 
  362.82496710138304    132.58693092008528    192.42645949468806      h 
  360.93586596653836    132.08903559310164    189.72769942419674      h 
  360.39731220385397    130.29358789718214    192.48101161168566      h 
  365.90767276337618    129.38064488296419    193.83751451621336      h 
  363.68087073677356    126.88395994623806    193.78805406264055      h 
  366.49583280317074    126.63946296747523    192.02710379788428      h 
  359.23876533318912    129.18366441539834    186.18381353367300      n 
  358.19425955567328    130.33319637185468    183.94970026697672      c 
  356.35671559242741    132.44703504549688    184.63751794379829      c 
  355.20430443704254    132.50686443045569    186.64120764448572      o 
  356.79804854010547    128.37212052347073    182.28975709443750      c 
  358.61040056898895    126.33632795256547    181.35253587030556      c 
  354.57587266353812    127.18508066994413    183.69146651445303      c 
  358.00523709956855    128.74328096411401    187.58392639169719      h 
  359.75641692199702    131.11409375433104    182.84598398105771      h 
  356.10451254783703    129.42257992624249    180.64735234125519      h 
  357.70315044017576    125.24715200347045    179.86772968570116      h 
  360.30202517375750    127.19459723741718    180.57003839280623      h 
  359.16250531797232    125.07761507854667    182.88041447642706      h 
  353.65945559357561    125.77795924942052    182.50877886627254      h 
  355.21893362122177    126.27148595047338    185.41670369074438      h 
  353.17024922877454    128.60188251456609    184.18176702245293      h 
  356.11041570210335    134.18817558354644    182.82380147457584      n 
  354.21685687344166    136.17143212673199    182.76230237160985      c 
  352.22540094674514    135.24551930198209    180.88046513922387      c 
  352.79493419256147    134.59710077205511    178.71429881000557      o 
  355.52802284682457    138.65430732038638    182.04069233133717      c 
  353.86438253336888    141.00180523308958    182.28468119661832      c 
  351.90901428757542    141.33783451900410    180.18972125540694      c 
  353.08531110558306    141.86727674163475    177.61707428112084      c 
  351.08334645521239    142.05346671831666    175.66881824570467      n 
  357.11668910224904    133.96421076427208    181.20999902622421      h 
  353.36831680635714    136.30824870006700    184.64202065674553      h 
  357.11914260110120    138.85646952724309    183.33795584734690      h 
  356.29254837821264    138.47698378233412    180.13651074840217      h 
  352.85978643035423    140.93563543886978    184.08396910158234      h 
  355.09040724444588    142.65739723906503    182.30989700899090      h 
  350.72348838326877    139.66150450644835    180.06385889919005      h 
  350.68951526016065    142.91159748984680    180.72160511848148      h 
  354.11688232578251    143.64980764139415    177.65894517670696      h 
  354.38258661662826    140.35168795310670    177.09540535509782      h 
  351.86713933323591    142.06199352481624    173.90287871383589      h 
  349.82469951070840    140.57388926444045    175.79901976437915      h 
  350.01776705843332    143.78971981449089    175.82005722335839      h 
  349.89723913249793    135.00717958288686    181.80232228686472      n 
  347.84948631220470    133.88453801888616    180.37198366498214      c 
  346.77496746213171    135.77718399294031    178.45214390259326      c 
  347.03528787291424    138.05931345405887    178.73921407752860      o 
  345.71799886714712    133.08780779997991    182.15749071662682      c 
  346.54592197291322    131.13611225905663    184.10928900459555      c 
  347.85763670740499    128.24519990617134    182.73541617472378      s 
  345.08079029491932    127.07416796727057    181.10364915208186      c 
  349.52085802061868    135.64907369224446    183.56744018724464      h 
  348.57964129977927    132.22530207685040    179.36879830040317      h 
  345.05303645776462    134.76767503407083    183.15711324802581      h 
  344.16813607145554    132.33529713994136    181.02473843585042      h 
  348.03923724519080    131.87537834996917    185.31792153275822      h 
  344.94660720832940    130.56533497924684    185.27337839422654      h 
  345.39035830016581    125.07203971425380    180.78051402586726      h 
  343.43012092753196    127.35029705036834    182.28825248783369      h 
  344.88575604193579    128.03786347262920    179.30173084572834      h 
  345.61481752976312    139.93220055601032    188.44263598382892      n 
  347.75060383414814    139.95260560667327    190.13870055943070      c 
  349.49582484062148    137.68766824995467    189.64949490989090      c 
  349.54487112484765    136.62820407305483    187.59337705403291      o 
  344.15482960926931    138.80390677048368    188.91516869507961      h 
  348.84515281665733    141.66342889658563    189.74386272777483      h 
  347.08352569817532    139.98091705679113    192.08507707700821      h 
  351.00911577889804    137.09480387082394    191.58914216457450      n 
  352.73099039648832    134.98542811363438    191.45558658095024      c 
  351.36993341229362    132.50714094025886    192.03000440816373      c 
  349.56806462583069    132.35032543991025    193.48295376656964      o 
  354.87349541323829    135.27787903886875    193.37973367941021      c 
  356.40825248046372    137.71781944314841    193.07477679142903      c 
  358.36139014136779    137.86256031409968    195.19583340448153      c 
  357.71615059687184    137.85019993451721    190.50815599956056      c 
  350.63995142383857    137.76113660628579    193.33694696329167      h 
  353.47166237472112    134.88541939991904    189.53171015833144      h 
  354.04790535557032    135.22569936376328    195.27474993237618      h 
  356.14144061254638    133.66065312443698    193.18940804655892      h 
  355.12918012614529    139.33251255033144    193.25452207885880      h 
  359.38726006574814    139.64189553156535    195.13330203172376      h 
  357.45749881655917    137.69236105591537    197.03543565231809      h 
  359.71871897821160    136.32955066304248    195.01278230663200      h 
  358.89734485642867    139.52687665660463    190.41465201036797      h 
  358.90926726235364    136.20032314710576    190.23555397580765      h 
  356.34416679866405    137.92728226454781    188.98460649839717      h 
  352.37854323936750    130.52580937208074    190.84336569772481      n 
  351.69030915765353    127.95622242648899    191.38838697981845      c 
  354.09582533251717    126.37940083649855    191.41633134896992      c 
  355.91697504669798    126.89961343369140    190.08046421061255      o 
  349.87568950128360    126.85123861614916    189.42017816052791      c 
  353.77893380471414    130.77526347938687    189.56000271081189      h 
  350.77542915090498    127.90903225112130    193.23975398262579      h 
  349.44963603046739    124.90279859417997    189.91012958512241      h 
  348.13066630319679    127.93332211403037    189.41765750308321      h 
  350.70342166838390    126.91675187951199    187.54165623783609      h 
  354.02698668381936    124.44013480605726    193.02291161415366      n 
  355.82223912191540    122.38471815134311    192.82917589126941      c 
  354.70133184993631    120.52947311549254    190.91174969328804      c 
  352.52044078689249    119.74361626782679    191.10892747073072      o 
  356.36567682311215    121.16917108305071    195.39782360054551      c 
  358.03616325406733    118.85327436122256    195.00545631987285      c 
  357.69962996784858    123.07972101030948    197.09556756407108      c 
  352.37330035648171    124.10415898426928    193.94200942667115      h 
  357.57391114160879    123.15871244599589    192.05855667418516      h 
  354.56912626460934    120.59981952871520    196.25358705398642      h 
  358.61836385807658    118.08405157035659    196.81845344318086      h 
  357.04914216173989    117.38660980878129    193.95635939306990      h 
  359.70391130053474    119.39813500753982    193.93365485357404      h 
  357.91447690212539    122.32299168467671    198.98980725135468      h 
  359.56086692028299    123.49223392838158    196.33206874630253      h 
  356.63096958739305    124.82766099794235    197.19451913920111      h 
  345.00025592388459    125.19928994454524    196.37902104315671      n 
  345.41433416318762    127.83488630312648    197.00494763040271      c 
  347.57889186942771    128.05699133519079    198.92239958591568      c 
  347.72764472834683    126.64103355045908    200.75374983497969      o 
  342.98166532760689    128.97749270726410    198.08218643692285      c 
  342.20096801438524    127.57711104706200    200.19151468375645      o 
  343.53528230880517    124.32906895942581    197.25665279777897      h 
  345.95081549687154    128.86895027953395    195.29145110713941      h 
  343.34577410979455    130.96033318230644    198.58240943384456      h 
  341.51974399504621    128.93469443773907    196.60319152300687      h 
  340.68671999454403    128.38355644061502    200.94772220635485      h 
  349.25993643642209    129.87259918614041    198.42916672647652      n 
  351.41265405471125    130.27078629210183    200.05935653659799      c 
  351.77820037977443    133.08859179285218    200.51438213161316      c 
  351.32520508118586    134.68381141850278    198.90405336559627      o 
  353.79760154130588    129.13277270739110    198.89483579868872      c 
  349.15430999359273    130.98414953847416    196.86388354612973      h 
  351.01663111714214    129.34596859604284    201.86454990960874      h 
  355.36115510575797    129.31745841138374    200.21024905926609      h 
  353.46646027684568    127.13939349680295    198.52805078623371      h 
  354.24942684593066    130.09053571047252    197.13184226756078      h 
  352.61775031942989    133.62428228284037    202.83600361323161      n 
  353.03049147463366    136.18412520938637    203.66960208891064      c 
  355.79412227596481    136.53238511363850    204.40587108977434      c 
  357.00403402765266    134.88248714032045    205.48842619824595      o 
  351.24591741602808    136.79617297349475    205.93166724870227      c 
  348.72736898274883    136.27606493691738    205.27311222330303      o 
  351.39349918116289    139.58595095564010    206.64108998617968      c 
  353.15570732612360    132.20971926306888    204.00845938958150      h 
  352.53086692878679    137.40489449017517    202.07465835474488      h 
  351.84492510562535    135.60367619141459    207.52888126655330      h 
  348.41246528545088    134.45419070161859    205.31550200475360      h 
  350.10368309099300    139.93734732913504    208.19743235338572      h 
  353.29186154389930    140.12050885765575    207.20453099156228      h 
  350.79173156835958    140.72233893213780    205.04019384015106      h 
  356.78977554628858    138.75149953835887    203.69304190395482      n 
  359.28260184271710    139.56602188518079    204.48044869634043      c 
  359.10763351376818    140.64846619486258    207.15226883048604      c 
  357.19154632967417    141.71284417777139    207.89348829879805      o 
  360.23829376455069    141.60812134803376    202.66228744371972      c 
  363.05472858527594    142.10623685851505    203.05132968317650      c 
  363.96968417161389    144.19951293598672    201.30600781428137      c 
  363.93325563025900    144.03230122435724    199.00842966400333      o 
  364.78963107125958    146.28038821660630    202.50739862215548      n 
  355.62462696904254    140.12624336181793    203.06485113721629      h 
  360.54764616151493    137.93336448470973    204.48325655830337      h 
  359.93282963651916    140.97849322739228    200.72305832264979      h 
  359.16544541520932    143.34417021850109    202.97541372431613      h 
  363.42210926240489    142.61032520615115    205.01290744201668      h 
  364.08582750097770    140.36955767449268    202.61824504647083      h 
  364.87372105539833    146.35849081288944    204.40497649558864      h 
  365.46701903989606    147.73915058198079    201.48989120791020      h 
  361.19385934346462    140.44518419423392    208.56583598698100      n 
  361.29393921386571    141.55897005211449    211.06252504973477      c 
  363.52200246340897    143.42503519236635    211.12844142357895      c 
  364.68060519229419    143.91898442990541    209.18418268729087      o 
  361.29870055754100    139.51997141487146    213.14441778488364      c 
  359.64775215340893    137.30553827464166    212.28631997300869      c 
  360.52130964754610    135.34473401597037    211.40077479633197      o 
  357.16501968149578    137.64462791163777    212.60707218541478      n 
  362.63232158520952    139.31991943606951    207.98436867922103      h 
  359.55065746249187    142.69070487212545    211.18604996027230      h 
  363.21112366506452    138.81514009048689    213.43079965284224      h 
  360.53799523150332    140.27036052607403    214.90211345325005      h 
  355.96983572215481    136.28582599921245    212.00064034308656      h 
  356.44135568807326    139.33537156717583    213.09351846487132      h 
  364.02135497054434    144.57532985147549    213.34346943857719      n 
  365.38563933756336    146.95949785124932    213.36723977122526      c 
  368.02319801893981    146.93634988340204    212.15843860448578      c 
  368.95800999082996    148.97578452237346    211.57066152370194      o 
  365.50734874189419    148.14034875005780    216.03736112507934      c 
  365.40348834887578    146.30988038601660    218.27555743343925      c 
  367.48491012066546    144.30199638189293    218.23478801640118      c 
  367.03290999919386    142.19274765869571    220.14481300519225      c 
  367.09914220463668    143.17215454836438    222.78671967007807      n 
  362.80399612107294    144.30782797185958    214.78810109130541      h 
  364.37343205375078    148.29574113180902    212.13249928162071      h 
  367.24374049444231    149.24970790506003    216.11224020567326      h 
  363.93447087295476    149.45945616257208    216.22515393159563      h 
  365.58003083446937    147.49514017136715    219.95320613436792      h 
  363.55510771494608    145.39555569961567    218.33319830598921      h 
  367.57538353953458    143.42847373260145    216.37325314243475      h 
  369.32149926548243    145.18061577230284    218.55248315999069      h 
  365.19520404674984    141.31996922373423    219.80466970897430      h 
  368.49311393161526    140.75748185286722    219.91299143598877      h 
  366.86795227652073    141.71290477504647    224.05302308115057      h 
  368.80703347872509    144.03897030552673    223.13264009360495      h 
  365.67225563377383    144.47206676662560    223.03253222029988      h 
  369.25560075389490    144.75340211009825    211.86938659155535      n 
  371.76387174516913    144.62754571275420    210.80302884746033      c 
  371.84052915935956    143.22924391913591    208.28001054731644      c 
  373.87359153736122    142.66899401043804    207.29291641349064      o 
  373.57314742096065    143.31641920043955    212.63302098109810      c 
  372.57087441361335    140.64879837183483    213.35915891623915      c 
  370.69190164879728    139.85787999752674    212.14858246327518      o 
  373.65540312144179    139.53133786946930    215.10805260792955      o 
  368.52809490150810    143.04165913327418    212.31702183347790      h 
  372.38866257215966    146.57454870944380    210.45202692345472      h 
  375.40788369590939    143.03371826616285    211.73093491791391      h 
  373.86105680656044    144.41589985102536    214.35176098175498      h 
  369.61334316841203    142.81730252600047    207.16036680109801      n 
  369.40751993292383    141.35644384624541    204.88403315724489      c 
  369.02530568206959    138.51099291209150    205.27880418803332      c 
  368.82286106455143    137.12227862758124    203.43213402594060      o 
  367.98408128648612    143.21157105201382    208.09531126261928      h 
  367.80523588541962    142.02692344962065    203.77752620038891      h 
  371.11375681883993    141.62817036128877    203.75845515640640      h 
  368.83866286582310    137.73039206597807    207.66611437932914      n 
  368.09059631625144    135.16748324729599    208.22936022383126      c 
  365.55936734639732    134.69236803278358    206.92163900334646      c 
  364.20816610146858    136.46341800496114    206.26274360088718      o 
  367.79563297447817    134.79152107065221    211.08934195755126      c 
  365.74197821009921    136.11992107295012    212.09723455406984      o 
  369.38139209515543    138.81112957518243    209.16397811444128      h 
  369.48978810295063    133.81031925786078    207.51399761754692      h 
  367.64027084629453    132.76445366813383    211.46967230489082      h 
  369.48042552735546    135.53392951163474    212.02913003291187      h 
  364.15972133874385    135.27795478173041    211.64977630935994      h 
  364.95710596861250    132.28104299814396    206.55305194161218      n 
  362.63288206866639    131.67149303656777    205.24394292509851      c 
  361.40451493758445    129.35260815515770    206.42159504189581      c 
  362.43226732418549    127.29138011372598    206.63332165955129      o 
  363.08500510736235    131.37721475578903    202.37418989980787      c 
  360.57429227476632    130.77457788114327    201.06461674997146      c 
  365.11398886565911    129.41158028445895    201.82459400050561      c 
  360.72616277010849    131.03591770307742    198.20082668518296      c 
  365.92727060834022    130.87313988775708    207.44528613228772      h 
  361.36010960693966    133.28366536101720    205.52423465286472      h 
  363.76954307635975    133.22069178331662    201.71638467590239      h 
  360.00613061868916    128.85606471430765    201.57421805710246      h 
  359.13664621265099    132.06413527746827    201.79820505684620      h 
  365.42842607125641    129.25537586195597    199.80523660332648      h 
  366.89123641575225    129.95647118113126    202.70463796460191      h 
  364.56213290023084    127.58408066986856    202.58247332510095      h 
  358.86128213597090    130.81909695363706    197.37341469888560      h 
  361.45474334800406    132.89162840935381    197.70912545240515      h 
  361.96854425698490    129.61285978728566    197.40480041130263      h 
  359.03041170778954    129.80495179535873    207.17182059712849      n 
  357.45162920114899    127.99493433825937    208.45351076140346      c 
  355.18986040632211    127.36462765652477    206.75658236448029      c 
  354.41087951625133    128.86941662402501    205.18774799336617      o 
  356.61790215078406    129.12876482296312    211.03932588410925      c 
  356.22150732837616    131.74579982480731    210.94880543147303      o 
  358.20328594278601    131.49301415162853    206.79398730002117      h 
  358.57707069971224    126.29273123792207    208.78794671921466      h 
  354.82447371434671    128.28068618651528    211.62299532353302      h 
  358.08076128875985    128.67008589503638    212.43472333694007      h 
  357.85118940277221    132.59943901066347    210.83288451567250      h 
  354.24197439398665    125.01828848749093    207.01497075667990      n 
  351.88050960239678    124.35854179164842    205.78459493667586      c 
  349.71454883756724    125.09477101359194    207.55121648953698      c 
  349.91986340947460    124.94176583022484    209.85567823246978      o 
  351.82243916452501    121.54095758309796    205.08199891979484      c 
  353.91122966073789    120.99695473157711    203.14682835256377      c 
  349.22235163903304    120.87422070819899    204.03399782466087      c 
  354.36345403485404    118.18251640008114    202.72797729101211      c 
  354.62834704518480    124.04014296079164    208.60848917544192      h 
  351.74546425691085    125.49832335482444    204.06584171001603      h 
  352.17214294544704    120.44309596277816    206.80314859977165      h 
  353.38672631000810    121.90043792717020    201.36800468920379      h 
  355.65360627079860    121.88021536847597    203.80686039211133      h 
  349.23557805639649    118.96814805685339    203.27533879063512      h 
  347.78254361742609    120.99716689413299    205.49455294847706      h 
  348.71889527924918    122.19039147978506    202.53621859091226      h 
  355.93749021169202    117.90505906338454    201.43995567666684      h 
  354.80474195848859    117.25129601714180    204.50519478558095      h 
  352.71204392796471    117.28083101926943    201.90920682627217      h 
  347.64459747892420    125.95742870149031    206.39604312192100      n 
  345.45979739246548    126.74570588709729    207.83009904167085      c 
  344.12920270459091    124.38907325817441    208.91611775513559      c 
  344.31308404975681    122.33100540998305    207.88977542024389      o 
  343.69146612687024    128.26931384768878    206.14401454382224      c 
  344.83991296073458    130.76132359769201    205.28857559449929      c 
  347.06073575723951    131.32397970918100    205.62881821168961      o 
  343.18852023781221    132.28658871641613    204.14326107134690      n 
  347.57707298760346    126.10816285491936    204.48830938521434      h 
  346.12377209859699    127.90830941242639    209.41743764348456      h 
  343.27531585654310    127.19622326855088    204.43029734459870      h 
  341.91928861909145    128.65793134799480    207.11578665398434      h 
  343.78260044148533    133.97098994144233    203.48147889007930      h 
  341.40262790732925    131.70678989323918    203.76901237441686      h 
  363.44539765786612    133.44764692061787    180.79667153762429      h 
  369.00121290661662    135.61027583517102    184.74596144834342      h 
  370.08807175954615    138.18141541494055    188.35325851435869      h 
  374.36395520623847    139.72240962130536    193.62105214668520      h 
  377.99506047633264    140.02252737749919    198.56307613350583      h 
  380.51818105883837    139.46692542192761    204.72584272990116      h 
  378.58383919766322    136.98320024843849    209.61253064653613      h 
  379.51133950257048    135.69037298673794    216.91725224606213      h 
  378.72401260118403    131.63882932478995    203.52231604982421      h 
  375.43400952471012    129.98705892804239    198.59093848099218      h 
  373.96957005314249    122.27666615681862    202.72025593673470      h 
  371.45490277265509    120.38733974094050    205.57972700111870      h 
  369.21318189542012    119.94811372828077    210.92424015933719      h 
  363.67089243044950    115.48999464508358    204.90924333899005      h 
  364.39049529584850    124.28259766869044    189.80929746055227      h 
  345.84160473448918    135.15392919075927    176.93179800980113      h 
  344.96602850602460    141.50014641388785    188.32782935778459      h 
  355.74642019178981    119.92795317376262    189.45674856568857      h 
  344.69423510337538    125.05287175265242    194.71244522941143      h 
  343.09224350815833    124.53048971057450    210.48957928161917      h 
  -0.1007227459415D+00   0.2776321176869D-01  -0.7322995904715D-01
  -0.3174304142706D-02   0.6828995798922D-02  -0.6970596171187D-02
   0.7519555551286D-01   0.3677545756250D-01  -0.3661794543620D-01
   0.5145882906806D-02  -0.8246645929189D-02   0.1957735146365D-01
   0.1530580461031D-03  -0.6226339730265D-02  -0.5028694979913D-02
  -0.7575985764155D-02  -0.4288927540567D-02  -0.9061452526835D-02
  -0.2489760629786D-02  -0.4025495224888D-03  -0.1724766753635D-02
   0.2246876434820D-02  -0.9836729964213D-03  -0.1466878745097D-02
   0.1009560993399D-02  -0.9897394668176D-03  -0.9669151863221D-03
   0.4803612625923D-03   0.1775634216539D-03  -0.6857933463573D-04
  -0.3461168020582D-01   0.7657756038843D-01  -0.7995830619140D-01
  -0.2376162040100D-02   0.5696044606364D-02   0.8824399949229D-03
   0.3414564087301D-01   0.8357706175564D-01   0.2566927513507D-01
   0.7994821335584D-02  -0.1563965288729D-01  -0.7337661259451D-03
   0.8455660952337D-04  -0.2549303141282D-02  -0.7185679691640D-02
   0.1394764102541D-02  -0.2357084747821D-03  -0.7376395364226D-03
  -0.3726008830794D-03  -0.8313780750516D-03  -0.5403336127642D-03
  -0.6522177745176D-02   0.2747429161433D-02  -0.1583331143555D-01
  -0.1300863999117D-02  -0.3565882665069D-03  -0.4117459153660D-02
   0.2124266202736D-03  -0.9912540687019D-04   0.4916888871301D-03
   0.9122153112946D-04  -0.3645819018494D-03  -0.1627878195151D-02
  -0.4841538878877D-03   0.1243780814717D-02   0.5239465429833D-03
   0.1281933412087D-03  -0.3339668985791D-04  -0.1034073916822D-03
   0.7871755947431D-04   0.3025489422612D-03  -0.4597505360951D-04
   0.2595650242835D-03  -0.6334542547142D-03  -0.2581870329793D-03
  -0.5714275871935D-04   0.6199528411798D-03  -0.4485586791293D-03
  -0.8847859316195D-01  -0.9370847540147D-01  -0.2425122995765D-02
  -0.1099183479321D-01   0.1273547082678D-01  -0.9665495550394D-03
   0.1163082881474D-01   0.1614106930898D-01   0.7813185596311D-01
  -0.3488795522427D-03  -0.1813645610898D-01  -0.2868546442325D-02
  -0.8914959383354D-02  -0.1729580956257D-02  -0.5144539711734D-02
   0.1222125416745D-02   0.3011864549249D-03  -0.2206883220159D-02
  -0.2200168562523D-02  -0.3037622287628D-03  -0.2762459390598D-02
  -0.7902708239056D-01   0.5644436333841D-01  -0.8061201993338D-01
  -0.8254681296937D-02   0.8013322120160D-02  -0.1494325296196D-02
  -0.1360826813777D-01   0.6077296588833D-01   0.7762697973189D-01
   0.1408765670631D-01  -0.2286819766101D-01  -0.4842932287753D-02
   0.5105815795253D-02   0.2625956072475D-03  -0.7533043952588D-02
   0.3008278785797D-02   0.4021750827912D-02  -0.1340987560575D-01
  -0.3742674181802D-03   0.1054031151749D-02  -0.2758779671045D-03
   0.3495188862913D-02   0.1840360314019D-02   0.1086092640167D-02
   0.1031508734924D-02   0.7104737829350D-03  -0.3997639541856D-03
   0.6021546740776D-03   0.1439634666312D-02   0.3884465125440D-03
   0.3566427278458D-01  -0.4875325455645D-01   0.1051488657604D+00
  -0.7552703720561D-02   0.1898673274180D-02   0.9139662544177D-03
   0.5125710346036D-01  -0.1654342740746D-02  -0.6953995014095D-01
  -0.1119369311420D-01  -0.1131758343790D-01  -0.2331148370641D-02
   0.6994468218255D-02  -0.2840193101637D-02   0.1091246114126D-02
   0.2958604040846D-02   0.9641545324345D-02   0.9306778686630D-03
  -0.1457942887808D-02  -0.4432411204871D-02   0.1045741046903D-02
  -0.1934662370697D-02  -0.6959117859663D-02   0.4183794974459D-02
   0.1227852939691D-01  -0.2393415049278D-02   0.7489815052748D-02
   0.5589185129384D-02  -0.4007754729618D-03   0.3904574607097D-03
  -0.9537888321985D-03   0.2287264993268D-02   0.3896405310426D-03
   0.1303459268633D-02  -0.1012649918263D-02   0.1305561605250D-03
   0.4794088515510D-03  -0.1924505850291D-02  -0.1195689443918D-02
   0.3964184778180D-03   0.5586403168996D-02  -0.4919669137061D-02
   0.6624798126342D-01  -0.3872323824967D-01   0.9327547701773D-01
  -0.2788342873007D-02  -0.5586658813506D-02  -0.7202759402205D-02
   0.8112219592357D-01  -0.2396586996197D-02   0.5521288099693D-01
  -0.1707254543771D-01  -0.6908596657361D-02   0.3044368650286D-02
  -0.1120939887671D-02  -0.2528601112608D-02   0.1531875601564D-02
   0.3177374242446D-03  -0.2255177651741D-03   0.6301819891660D-04
   0.4524187759771D-03  -0.4617212342481D-03   0.1966865936889D-02
  -0.2261305242748D-03  -0.1373800894753D-03   0.7095073126862D-03
   0.9723164243663D-02  -0.1248259690255D-02   0.4100771173956D-02
   0.8969026975902D-02   0.3066819572188D-03  -0.2018771629701D-02
  -0.3775474719965D-03   0.1533431200288D-02   0.6691664538221D-03
  -0.1304155278818D-03   0.9353067020599D-03   0.3465012619848D-03
  -0.1099299221435D-03   0.5259013446123D-03  -0.2303223968444D-02
  -0.3523383879122D-03  -0.8102174428089D-03   0.9567722386807D-03
  -0.7315008611315D-03   0.8768631678901D-03  -0.2234801930795D-02
  -0.3250397097338D-03   0.2548618293280D-03  -0.7333687898481D-03
  -0.6323361541530D-04  -0.8422939364426D-03   0.3970780484063D-03
   0.1329028095639D-04  -0.1729237068619D-04  -0.2888216118877D-03
   0.5664607483376D-03   0.1307948920397D-02   0.2875917391851D-03
   0.7671066604484D-01  -0.5363277849978D-01   0.7280667562274D-01
  -0.4361186138958D-02  -0.8600832187101D-02   0.1005782620227D-02
  -0.2435595138712D-02  -0.3615138761836D-02   0.1063016825478D-02
   0.9483714429779D-03   0.6874609337605D-03  -0.2015712619757D-02
   0.5337026454790D-02  -0.1405471160679D-02  -0.2807796078877D-02
   0.9230652317059D-03  -0.2243741818021D-02   0.3662324866156D-03
   0.3939631274464D-03   0.3014384238218D-02   0.7438032859062D-03
  -0.8378614946313D-03  -0.2377083904889D-02   0.1435266481769D-02
  -0.2867716407633D-04  -0.4132596761393D-03  -0.5096175676072D-03
   0.1080405116163D-01  -0.9879537270935D-02   0.1713976752971D-02
   0.4125960886045D-02  -0.8252101650083D-03  -0.1313543161664D-02
  -0.4037623836996D-03   0.1045378482596D-02   0.1445045870766D-03
   0.1822738146694D-02  -0.1284752024738D-02  -0.1746949525173D-03
   0.4233335777585D-03   0.7743014994361D-04  -0.3121374972819D-03
  -0.1710141020036D-03   0.1208932008455D-03   0.9060699372916D-03
   0.1918275455895D-02  -0.2522394541612D-03   0.3392558681079D-02
  -0.3463743274978D-02   0.5472489470996D-02  -0.6767581923288D-03
   0.9157449166008D-01  -0.7615968443710D-02  -0.2127371057487D-01
  -0.1475554599446D-01  -0.1597898485218D-01   0.2468967208401D-02
  -0.1380129408147D-03   0.6472439415283D-03   0.2139267172790D-02
  -0.1866599778953D-02   0.2196516884148D-02  -0.1785559161743D-02
   0.4806404750016D-03   0.5285215658760D-03   0.8001693158045D-04
   0.4015974868947D-03   0.2332213560737D-03  -0.6342629983873D-04
  -0.3001700032922D-03   0.2908862867466D-03  -0.6764219171658D-03
  -0.5609533044446D-03   0.5125386892726D-03  -0.5694539440131D-03
   0.4158793133524D-01  -0.3828047668235D-01   0.1134864110864D+00
  -0.7826695054794D-02  -0.8883964619250D-03   0.6559997940321D-02
  -0.9270093085365D-02   0.4248130366095D-02  -0.2001738350859D-02
   0.5174232290980D-02   0.6763527389111D-03  -0.3427680351365D-02
   0.5190760222068D-02  -0.5611855637725D-02  -0.1615005140253D-02
  -0.5862030352683D-03  -0.9594109231614D-03  -0.7892714818266D-03
   0.9121659538573D-03  -0.8986590382853D-03   0.2061304331564D-03
   0.1721335589488D-02  -0.1106660340227D-01   0.8309636732253D-02
   0.5106407568599D-03  -0.8667914284512D-03  -0.2661446589902D-04
  -0.5850360779812D-03   0.5736676480593D-03   0.1240716818730D-03
   0.2955067205989D-03  -0.7833138426112D-03  -0.9973698511216D-03
  -0.1464113447535D-03   0.1190307406648D-03   0.3418224543584D-03
  -0.1344282511654D-03  -0.8138428153791D-05  -0.4050404597413D-03
  -0.6415877555462D-03   0.4059679658805D-03  -0.7156986276091D-03
   0.5942695804794D-03  -0.5914090152705D-03  -0.1387989088461D-02
  -0.2420897073849D-02  -0.1770234150673D-02  -0.1166699859402D-02
   0.4552661614660D-02  -0.2789978507319D-02   0.4255604725200D-03
   0.1411365149276D-02   0.1109534587871D-02  -0.2906040952154D-04
   0.5959079721457D-03   0.2138133332701D-02  -0.3457217750327D-02
  -0.1482128616296D-02  -0.4534802432066D-03   0.1602348092575D-02
   0.2281564001082D-02  -0.7162574553771D-03   0.2455313115639D-02
   0.6013317579838D-03  -0.1547657509521D-02   0.1476403760134D-02
   0.6746859286235D-03  -0.4628798982052D-03   0.5295466049378D-03
  -0.9278979414701D-03  -0.1450673083787D-03   0.1033096479976D-02
  -0.2413202746085D-02   0.1096374988611D-02  -0.9506943158730D-03
   0.2737025591669D-02   0.1312648068180D-02   0.1104925453924D-02
   0.1609015057732D-03   0.1844905593332D-02  -0.1062686170212D-02
  -0.1941359049067D-02   0.7811338652684D-03  -0.3556765393614D-03
  -0.1621571862441D-03  -0.5798229818304D-03   0.7481453457994D-03
  -0.6361710573043D-03  -0.8668837973740D-04   0.8053645464580D-04
  -0.6933774319792D-05   0.4292156021869D-04   0.5882266543823D-03
  -0.3804127709692D-03  -0.6496107826865D-03  -0.6505062368412D-04
  -0.4556558273686D-02   0.9101084926635D-03   0.8801348531505D-03
   0.6221022876365D-03  -0.1845471189309D-02  -0.1494298444413D-02
  -0.4292579783898D-02   0.7135939730947D-02   0.1622988268939D-01
   0.1386100676527D-02  -0.5767000219821D-02  -0.1013195944018D-01
   0.1252511517405D-03  -0.8860703249840D-04  -0.1121285808155D-02
   0.1342963546377D-02  -0.8391966399707D-03   0.8293663733981D-03
   0.2587706258381D-02  -0.5327306687960D-03   0.6073105414010D-04
  -0.9551776461575D-03  -0.1637107038308D-02  -0.1653703114377D-02
   0.1753088658142D-01  -0.2628613947186D-01   0.2349228753749D-02
   0.3524567997379D-02  -0.9498005565765D-04  -0.3810109042363D-03
  -0.8600588285297D-03   0.2782071428758D-03  -0.3062463391999D-03
  -0.4963424125274D-03  -0.4930754604796D-03  -0.6897774152294D-04
   0.7360640450810D-03   0.5101062817606D-03   0.1582942438340D-03
  -0.1473184190584D-02   0.8736915898573D-03  -0.4979483987802D-03
  -0.6900652977702D-03  -0.9561713411081D-05  -0.6006135579217D-03
  -0.3353991118351D-03   0.7272182919641D-03  -0.8150898483761D-03
  -0.1144671183742D-03  -0.2086439795876D-03  -0.1484301233908D-04
  -0.1811201020854D-02   0.3026352201561D-03  -0.4989800692324D-03
   0.1883862193878D-02   0.1248957628337D-03   0.7220029450155D-04
  -0.2190463386157D-02   0.1425524453752D-02   0.4968413040672D-02
   0.2079711915253D-04   0.5625097803843D-03  -0.2932696401111D-02
  -0.1425842432720D-01   0.2516797469151D-01  -0.2268371980415D-02
   0.5297546373617D-02  -0.2499235265288D-02  -0.4504190078216D-02
   0.1590306643076D-02  -0.5379557885115D-02   0.4796936362284D-02
  -0.4318158399473D-01  -0.4879286241567D-01  -0.6949135056405D-01
  -0.1513478844813D-02   0.2176663308807D-01   0.5065509525767D-02
   0.2528515217970D-02  -0.6123778580252D-03   0.5140448357681D-03
  -0.1333041073230D-02   0.9715310611880D-03   0.2089829799374D-02
  -0.1779406459638D-02  -0.2897949118241D-02  -0.1081801883809D-02
   0.6410922260085D-03   0.1120703641849D-02   0.2061004238614D-02
   0.1438791398292D-02   0.4401004439340D-03  -0.6308339917736D-03
  -0.9936427587808D-03  -0.3980838733823D-03   0.1191867982266D-02
   0.5375202495648D-03   0.8797795426262D-03  -0.9488324239578D-03
   0.5379113974406D-03   0.9975136162044D-04  -0.9070230357967D-03
   0.3719376347578D-03   0.4084494451306D-04  -0.3648130326588D-03
   0.4146720528258D-05  -0.1272339191155D-02  -0.4881239572043D-03
   0.3777740630088D-03  -0.2876345837251D-03  -0.1819780142543D-03
   0.1067550962575D-03   0.4754347143244D-03   0.2130857867807D-03
   0.1350946913101D-02   0.4594933065393D-03  -0.3798264735970D-03
  -0.4279912638175D-01   0.1112105468114D+00   0.6666313353721D-02
   0.2269417664711D-02   0.7219757391728D-02   0.1999606563449D-03
   0.8033149198261D-02  -0.3685855836417D-02   0.2919150096803D-02
  -0.4032891655535D-02   0.2781947124556D-03  -0.1959124067500D-02
  -0.5033720717544D-02   0.1132048795428D-01  -0.6503775123013D-02
  -0.1388093878800D-03   0.1625540354249D-02  -0.1618944077250D-02
  -0.7205113431476D-02   0.6144782770292D-03  -0.1051875819181D-01
   0.4050491499812D-04  -0.1475760182379D-03  -0.3162615867761D-03
  -0.4405076925116D-04   0.5007214360742D-04  -0.2953993891321D-05
  -0.1036211959573D-03  -0.3669171377839D-04   0.9187544838209D-04
   0.1549288381350D-03  -0.1355804506265D-04  -0.1283957540922D-03
  -0.1397263121098D-04  -0.3415327602498D-04   0.1045846981047D-04
  -0.5878968269198D-04   0.3616614409247D-04   0.6584651980663D-06
   0.5075502386490D-06  -0.3123077645929D-04   0.1651234922694D-04
   0.2683929092116D-04  -0.4984783415087D-04  -0.3450089281738D-04
   0.1105663670846D-05  -0.9058079626440D-04   0.3531894383183D-04
  -0.2459049827793D-04   0.3054723357895D-05  -0.6899779136424D-05
  -0.7833356825145D-05  -0.8661168857722D-05  -0.1802369543844D-04
  -0.4081407034106D-05  -0.5989739054582D-04  -0.2752659593913D-04
  -0.4620491332745D-04  -0.1747663725839D-04   0.1094015100623D-04
  -0.1274635822421D-04  -0.3556238412032D-04  -0.1686215091870D-04
  -0.1260311269723D-04  -0.1516183901374D-04  -0.3260302494806D-04
   0.9373768335166D-05  -0.4625636322931D-04  -0.7363551718657D-05
   0.4761352267930D-05  -0.3586948152773D-04  -0.1743715431592D-04
   0.1906690302835D-04  -0.4649950291625D-04  -0.3176457408823D-04
   0.1001942675578D-04  -0.2187781923510D-04  -0.1632551543282D-04
   0.1849822132964D-02  -0.2174570488701D-02  -0.1466737622055D-02
   0.1199162819012D-02   0.9286801526254D-03   0.5943884338952D-03
  -0.4312173216055D-02  -0.6206509885674D-02   0.4360882870145D-02
   0.4090905846512D-02   0.2195460485665D-02  -0.3182768919449D-02
   0.1081856941141D-02   0.8684435659415D-03  -0.2827579332189D-03
  -0.1141275594512D-02  -0.8767459971371D-03   0.2055918881803D-02
   0.2459411387074D-03  -0.1014770363037D-02  -0.2279091798254D-02
   0.3114607976259D-03   0.6246442614165D-03   0.1412683160366D-02
  -0.4033976825013D-03  -0.3601119285166D-03   0.5222938437814D-04
  -0.1409405733769D-03   0.4195419346987D-04  -0.7338875193280D-03
   0.4791497881327D-02   0.1863272774778D-02  -0.3762136693617D-02
   0.1066775616636D-02   0.1916708591975D-02   0.9169616429458D-02
   0.7218232935939D-01  -0.4593767057326D-02  -0.6457785329807D-01
  -0.2642658118708D-01  -0.1398521500419D-01   0.1428850010529D-02
   0.5853953972335D-03   0.2764796673146D-02  -0.1731093695000D-02
  -0.2176860352907D-03   0.5266776810609D-03   0.1455849429657D-02
   0.1083735836886D-02   0.7336825676629D-03   0.2004527931460D-02
  -0.5423116480366D-02   0.2935177341067D-02   0.1308355382421D-02
  -0.5381554132748D-03  -0.1412572882423D-02   0.8710522506625D-03
  -0.6464888259796D-03  -0.1950693886704D-04   0.4400901025538D-03
  -0.3752849787691D-03   0.1077821053145D-03   0.8860576187564D-03
   0.6472823163992D-03  -0.2916924052134D-04  -0.7724895032275D-03
  -0.1288604439246D-02   0.1713641180215D-02  -0.1712150840395D-02
  -0.1111587451928D-03  -0.7370623677884D-03   0.2789747452661D-04
  -0.6465992788600D-03  -0.7285919082170D-03  -0.1196984817650D-02
  -0.9219661249637D-03  -0.5576020169368D-03  -0.1114755785607D-02
  -0.2515173245483D-01  -0.1012976866268D-02  -0.1141537002975D+00
   0.4013932429547D-02   0.4211231514867D-02  -0.3199762153061D-02
   0.6453023222735D-02   0.7311974612168D-02  -0.4175750101544D-02
  -0.1335287609852D-02  -0.4218997823964D-02   0.5580470262365D-03
   0.1107153578925D-02  -0.1220312455159D-01   0.6128066358667D-03
   0.1683631486461D-01  -0.7873972786370D-02  -0.1254376377314D-01
  -0.4671722950597D-02  -0.8115538720440D-02  -0.1201860753916D-01
   0.3196126463683D-03  -0.5911845765279D-03  -0.2147690011707D-02
   0.4070615438600D-03  -0.3987808491695D-03  -0.9786576258805D-03
  -0.1910606082640D-03   0.6170093499033D-03   0.5389680684188D-04
  -0.1537439371345D-01   0.9223221795477D-02   0.1160039616956D-01
  -0.6671191760918D-04   0.7044076862403D-05   0.7375510183460D-06
  -0.6270670784229D-04   0.3280232860510D-05   0.1925432732847D-04
  -0.5131131426390D-04  -0.5721244699069D-04   0.1649392329547D-04
  -0.1033259264304D-03   0.7964607322579D-04  -0.1269064543050D-03
  -0.7189913540440D-04  -0.3220075524833D-04  -0.3651914805558D-07
   0.7498070384121D-05  -0.2420805369669D-04  -0.7723070844836D-04
  -0.2885731498826D-04   0.2656286888094D-04   0.6819364492761D-05
  -0.3655813700020D-04  -0.2063815874927D-04  -0.1309968248964D-04
  -0.7754403249259D-04  -0.7650740277087D-07   0.1394210780753D-04
  -0.2712438365586D-04  -0.3792268835017D-04  -0.4141698412690D-04
   0.5374110830987D-04   0.2552420340521D-04  -0.1034780465646D-03
   0.1614385110210D-04  -0.8605469662682D-05  -0.3285853353236D-04
   0.1899979942691D-03   0.6349164475793D-05  -0.1127293406639D-03
   0.4485831993113D-04  -0.6144316957381D-04  -0.3906595079735D-04
  -0.3496599162779D-03   0.7693394272649D-04  -0.1795080185361D-03
  -0.2839136503153D-03   0.2571523590334D-03   0.2988646340381D-03
   0.1021420671997D-03  -0.1761633456408D-04  -0.2217826748544D-03
  -0.3772043471241D-05   0.8604560939600D-04  -0.1047936158611D-03
   0.9381957927919D-04   0.1225492177790D-04  -0.9343104441986D-04
   0.2920814884794D-04   0.5274730969260D-04  -0.1676955470712D-03
   0.4479819960630D-04  -0.1618273443065D-03   0.6801812953001D-04
   0.1217106064946D-04   0.4216471777717D-04  -0.1075596762417D-03
   0.6297625461691D-04   0.8999925387322D-04  -0.2459311453826D-04
  -0.2033656733738D-05   0.8360137600520D-04  -0.1246755411554D-03
  -0.1499815263175D-04   0.1239547869185D-03  -0.1481641850132D-03
  -0.2769108871473D-06  -0.3158096919207D-04  -0.5978546508682D-04
  -0.4040491465084D-03   0.2154888303105D-03   0.7668428353493D-04
   0.2896211964985D-03  -0.6477951136062D-05  -0.2285986269079D-03
  -0.1904134712895D-05  -0.1292200365570D-03  -0.3277288788515D-04
  -0.5053764410509D-04   0.3098506559444D-04  -0.5995240787338D-04
   0.1690924971547D-03   0.2165945800871D-03  -0.4217146552925D-04
   0.1504539694832D-03   0.1864857525688D-03  -0.7501143875705D-04
   0.2223502745222D-03   0.4849615587368D-03  -0.4283786981167D-03
   0.6318161408772D-04  -0.4811446359099D-04  -0.1448660374154D-04
   0.7500285444283D-04   0.1527061337872D-05  -0.9492159868457D-04
   0.2615539232948D-04   0.4727432297954D-04  -0.8148227502296D-04
   0.8453238170102D-04  -0.1854165051986D-05  -0.8127592313909D-04
   0.5381511928647D-04  -0.1299802629029D-03   0.3186098136850D-04
   0.3145423922907D-04  -0.8826316596464D-04  -0.1274876242068D-03
  -0.1282026551738D-03  -0.1529477835963D-04   0.1453427272228D-03
  -0.7294238470211D-04  -0.4673810341721D-04   0.2639231283056D-03
   0.5244664108279D-04  -0.3905497388067D-04  -0.7422667051749D-05
   0.7517426153826D-04  -0.1278084044071D-04  -0.7484164219479D-04
  -0.1571839853941D-04  -0.3938393992302D-04  -0.8801709028190D-04
  -0.2302065573509D-04   0.8343292942778D-04  -0.1136345559702D-03
   0.1054721766354D-03   0.1815273940940D-03   0.6086264523437D-04
  -0.2254906804308D-03   0.4287617673242D-04  -0.1584981228689D-03
   0.7230554284105D-04   0.1861136920165D-03  -0.2403506559818D-03
   0.2859626491139D-03  -0.4724486984506D-03  -0.4714048826224D-03
   0.4609512124255D-05   0.2307652579589D-04  -0.5162391163380D-04
  -0.4260704189530D-04  -0.8516342838275D-04  -0.5861330213906D-04
   0.1754518267573D-04   0.1469335766258D-03  -0.1474028691565D-03
   0.6255355496736D-04   0.3904927076868D-04  -0.4614581740866D-04
  -0.3536802994579D-03  -0.5976789810372D-04   0.2747688778343D-03
   0.2653933781729D-04   0.1423826607549D-03   0.1620044370618D-03
   0.3223301793416D-02   0.2407785047705D-02   0.9261532519006D-02
  -0.1213092316153D-02  -0.7971616488345D-03   0.6578850277739D-03
  -0.2354365355399D-02  -0.7061517409853D-02  -0.1727911975315D-02
   0.2300464849099D-02   0.3990681626806D-02  -0.5885573457067D-03
  -0.5258883987830D-04  -0.3667268478185D-03   0.1737724979497D-03
   0.3977414553799D-03  -0.3941252484679D-03   0.2432462692139D-03
  -0.1733248690525D-03  -0.9561721104170D-03   0.3604638534507D-03
  -0.2732550924043D-03  -0.1089335207364D-03   0.3836686737422D-03
   0.1885807174230D-03   0.4292905476165D-03   0.6202428852311D-03
  -0.3379378598815D-03   0.1179780310562D-02  -0.5793672877360D-03
   0.1916209746202D-03   0.3651711156079D-03  -0.8652557157574D-03
   0.7388487327520D-04   0.1984484103848D-03  -0.1958030774667D-03
  -0.6509898051473D-04   0.3446752582558D-03  -0.1961299352618D-03
  -0.6052195214818D-04   0.1289663975426D-03  -0.3351214649371D-04
  -0.2451197043359D-03   0.1950268619913D-03  -0.3678993598446D-03
  -0.3505028127037D-04   0.7939804499960D-03  -0.6077695374611D-03
  -0.1533428327047D-03  -0.1986929002878D-04  -0.2773754826078D-03
  -0.9120848708088D-03   0.3099753452363D-03  -0.4624712951004D-03
   0.1880070331439D-03   0.3633362374309D-03   0.6318931012102D-04
   0.5545690162762D-04  -0.3922342516962D-03   0.1657249479420D-03
  -0.4995805517286D-03  -0.6423279815510D-04   0.3471835874910D-03
   0.3076731998725D-03  -0.4744160289806D-03  -0.6170662030052D-03
   0.4475918536365D-05   0.6194012658119D-04  -0.3699990811184D-03
  -0.1134575691657D-02  -0.2819842548904D-03   0.7011087564815D-03
  -0.3215061419102D-02   0.6856790529541D-03  -0.6059628943110D-03
   0.2442398426916D-02   0.2220693273214D-03  -0.1641551844731D-02
  -0.1703858894424D-02   0.2462958040325D-03  -0.9764635436556D-03
   0.2263129798061D-02   0.2996773978991D-02  -0.6418456729008D-03
   0.3614484299939D-03  -0.7198257351501D-03   0.1390681997506D-02
  -0.2432986588478D-03  -0.2358776960306D-02  -0.1406444300967D-02
   0.1863932039131D-03   0.5309492947331D-03  -0.3139205600096D-03
   0.3887204757060D-03  -0.8568920433224D-04  -0.2444898305975D-03
   0.7090761752860D-03  -0.9918905503605D-03   0.4457000961485D-03
   0.6021966363590D-03  -0.1042127328436D-03   0.4916070976022D-03
  -0.4093351317825D-05  -0.6138765568745D-04  -0.2520661479185D-04
   0.9474382525966D-04   0.1111463164872D-04  -0.1300599296843D-03
   0.1175968979890D-04  -0.4171233961399D-05  -0.5508710833616D-04
   0.8650780615286D-05   0.6933694717537D-05  -0.4240806999790D-04
   0.1568338451344D-04   0.3892076492068D-04  -0.1037431580226D-03
   0.3941187553358D-04  -0.2474556091908D-04  -0.6960824822645D-04
  -0.3934080138680D-04   0.3568567203829D-04  -0.7936552394599D-04
   0.2249496280541D-04  -0.2583799241175D-04  -0.3527616274785D-04
   0.9913119683843D-05  -0.2232324229911D-05  -0.1063072575767D-03
  -0.1693684881100D-04   0.2665710703922D-05  -0.7450830381742D-04
   0.2454295712326D-04   0.2995339890212D-04  -0.5079018014995D-04
  -0.5691300891792D-04  -0.2207680994717D-04  -0.9229131581634D-04
   0.4186602296831D-04   0.2735780281131D-04   0.6744294287509D-04
   0.1877147655974D-04  -0.1074763746192D-04  -0.5692121184375D-04
  -0.1501778510861D-05   0.1521596670313D-04  -0.6387384900685D-04
  -0.7097114481948D-04   0.4843862185132D-05  -0.8944624381297D-04
   0.1498642667984D-05  -0.7668944651641D-04  -0.7143168392486D-04
  -0.4477357581800D-04  -0.4347765427349D-04   0.1716528286166D-03
   0.3665932967109D-04  -0.2493536637370D-04  -0.6528912170444D-04
  -0.1843863500202D-04   0.2171599374308D-04  -0.9745845751458D-04
   0.4893904697165D-04  -0.5210782768406D-04  -0.3995760472959D-04
  -0.5148825881843D-05   0.1578868446235D-03   0.3253320048721D-04
  -0.5241784524535D-04  -0.1113315224142D-04  -0.8147161517211D-04
  -0.4583388564112D-04  -0.1141227658559D-04  -0.6403241249518D-04
  -0.6696487258796D-04  -0.1743590099965D-04  -0.7642822292489D-04
  -0.6328739959153D-04  -0.6188375593418D-04  -0.7050357835175D-04
   0.4280918297482D-04   0.3848902339285D-05  -0.1877798909964D-03
  -0.2576003985908D-04   0.5727487396276D-04  -0.8446604312599D-04
  -0.5297610363927D-04  -0.4695861634694D-05  -0.1134568342514D-03
  -0.3776046240357D-04  -0.6663987518929D-05  -0.3098721758497D-04
  -0.4093602408470D-04  -0.6440748184963D-05  -0.7849492334444D-04
  -0.5722582231884D-04  -0.1224758649239D-04  -0.8233986115736D-04
  -0.6926839038386D-04   0.8632171412638D-04  -0.1854067640848D-03
  -0.9619531960817D-05   0.3276730620701D-04  -0.4945716820765D-04
  -0.7407192818110D-04  -0.6420838628926D-04  -0.5315902269268D-04
  -0.6242459179799D-04  -0.7533765929946D-04  -0.1047531356313D-03
  -0.7729116932875D-04  -0.7717125693367D-04  -0.5579415848269D-04
  -0.1439957935183D-04   0.3757522728982D-04  -0.6714504301515D-04
   0.1940673368708D-04  -0.7864792919312D-05  -0.6571025920401D-04
  -0.6163638919871D-04   0.1713685152998D-03  -0.1716275590660D-03
   0.1694675810690D-04   0.2011578344783D-03  -0.1319077430126D-03
   0.1301320395052D-03   0.4169291569054D-04  -0.9745109519983D-05
   0.5464595256611D-04   0.1335608879498D-03  -0.3630797550776D-05
  -0.4873393124927D-04   0.2453172953769D-04  -0.1460188151451D-03
  -0.4895454962802D-04   0.6791550831576D-04  -0.5265728835040D-05
   0.2658888463785D-04  -0.1163714184150D-04  -0.1503462901601D-04
  -0.1220485111272D-03  -0.8247766449681D-04  -0.1337562605372D-03
  -0.9885402372089D-04   0.1555731665612D-04  -0.1348179658448D-03
  -0.1661894299395D-03  -0.6490336139569D-02  -0.1528229138238D-02
   0.9619207242456D-03  -0.2332874072913D-03   0.1550109068236D-02
   0.1205282660049D-02  -0.5586732981184D-03   0.1905179459881D-02
   0.2234234929685D-03   0.2731506243033D-03  -0.1493792543094D-02
   0.9037162718405D-03   0.6981864358856D-03  -0.4316557755530D-03
   0.7973573013994D-03  -0.1127451880158D-02  -0.2470855174347D-03
   0.1270151390138D-02  -0.8919863678461D-03   0.1454565743332D-02
   0.6647101807586D-03  -0.1254039866460D-02   0.2260205034091D-03
  -0.1423200135504D-02   0.4507622757209D-03   0.1136864267047D-02
  -0.7485618989475D-03   0.2538560121369D-03   0.1725031682027D-04
  -0.5559604975400D-03   0.4713553022214D-04   0.2442426317898D-03
   0.2110649388528D-04   0.5862790787174D-03   0.1536937800130D-03
  -0.1081838500927D-02   0.3523730156651D-03  -0.2747931909545D-03
   0.1028632502765D-02  -0.6397238149005D-03  -0.9759024999030D-03
  -0.7048600260020D-03   0.1787026904888D-02   0.4417401123337D-03
  -0.1234347606353D-03   0.1254805835107D-02   0.1012958347944D-02
  -0.3903566473660D-03   0.5933012181710D-03  -0.3525446735863D-03
  -0.8918282813782D-03   0.5090175044032D-03   0.4330127900008D-03
  -0.8523369570882D-04   0.7111221604107D-04  -0.3488215192870D-03
  -0.1595144012757D-02  -0.6697715941331D-03  -0.6876341379654D-03
   0.9435920752048D-03   0.5495684249058D-02  -0.5293651539703D-02
  -0.4419901015511D-01   0.2392589325879D-01   0.7811371575536D-01
  -0.2190558420784D-03  -0.1762800668545D-01  -0.8692895784779D-02
   0.4922013305130D-02  -0.2054291040567D-03   0.1826448423640D-02
  -0.7110987387732D-02   0.1458602543953D-02  -0.3383769777190D-02
   0.3253565589497D-02  -0.1581045074595D-03   0.1077355441189D-02
   0.5229828292974D-02  -0.3305593494447D-03   0.3475498275045D-02
  -0.3450758291573D-03   0.1093763383777D-02   0.1466546088260D-02
   0.8580346887861D-03   0.7645735833026D-03  -0.8032611121094D-03
  -0.1157117563889D-02   0.3203197803922D-02   0.6082369204751D-03
   0.3302961943273D-03   0.6513225928818D-03  -0.2263734732259D-02
  -0.1575447834035D-03  -0.9439862500416D-03   0.4457483643812D-04
  -0.5856916995877D-02  -0.3211102889221D-02  -0.2856823899738D-02
   0.9918504851888D-01  -0.2392125754678D-01   0.9450878848553D-01
  -0.6672336531262D-01  -0.2623766150584D-01   0.2749333670692D-01
   0.3001522311650D-01  -0.8730286042343D-01   0.1034257131624D+00
  -0.3314946264459D-01  -0.6577040199708D-01  -0.2513795509752D-01
   0.1058301427371D+00   0.9167398025725D-01   0.1334687300540D-01
  -0.1071036719431D-01  -0.1221613174242D-01  -0.7589487086647D-01
   0.6992928313593D-01  -0.7303271246163D-01   0.9744539825975D-01
   0.3175532694036D-02  -0.3653217936678D-01  -0.6612776422061D-01
  -0.5141203549179D-01   0.6798259294968D-01  -0.1093294040715D+00
  -0.4158176666576D-01  -0.1218457106716D-02   0.6421180723765D-01
  -0.8492236207656D-01   0.5323313775081D-01  -0.9758703859218D-01
  -0.6066438133073D-01   0.4415216685519D-02  -0.4679464149337D-01
  -0.9200581163374D-01   0.7394318835866D-01  -0.7274666388087D-01
  -0.7298967623448D-01   0.1556299616365D-01   0.1661373528518D-01
  -0.3640232700790D-01   0.5827180731652D-01  -0.1204062819552D+00
   0.3684257668944D-01   0.3331627958818D-01   0.5709021040330D-01
   0.5038437084703D-01  -0.1294268954483D+00   0.1348571890768D-01
  -0.4748481329369D-01   0.1999744782130D-01   0.5575969860253D-01
   0.2071848429335D-01   0.1356407752184D-01   0.1367092847930D+00
   0.4016078052015D-01  -0.1432292508028D-01  -0.6304578154174D-01
$end                                                                            
