$grad                                                                           
  cycle =      1    SCF energy =  -306.63771361451   |dE/dxyz| =  0.364534
  180.98402753927863    107.31502359114978    375.27830327762007      n 
  179.59733357098526    109.02372353150625    373.62739164472038      c 
  181.30155106476042    109.77165038157536    371.41823159086618      c 
  180.54669230722425    109.80176128127653    369.22424368103049      o 
  178.66613799391155    111.38412684248753    375.06426723041727      c 
  177.31873045924161    113.16794617251695    373.23414495040851      c 
  176.87636828290769    110.66464134985695    377.21417750887485      c 
  180.74286428615622    107.50392078393543    377.16288362561158      h 
  177.96069700330662    108.03951544705455    372.81515537459040      h 
  180.30520892262075    112.37138232319356    375.85014874599864      h 
  176.72377692231146    114.86808572669960    374.22097722982278      h 
  178.54687251413640    113.72348617493503    371.68300778041754      h 
  175.64894980691349    112.27042104057912    372.44108798760556      h 
  176.07898038116758    112.37499497125029    378.02428456808599      h 
  175.32830597822741    109.51088756553901    376.51384430842705      h 
  177.83633949860206    109.65332402340948    378.71988290048597      h 
  179.22467615331772    110.97307429177891    363.51415628592963      n 
  179.69466632523100    113.29743634165233    362.14980788365699      c 
  181.71238206532155    112.83037198707292    360.12690524154419      c 
  181.53364523619177    113.72560654344822    357.99884421016128      o 
  180.51509658238149    115.46339425696411    363.87202311943639      c 
  180.34784845951242    117.88674102568201    362.31026049248607      c 
  178.32288084884829    118.79007210513922    361.68884090408574      o 
  182.56469910233861    118.92837492223305    361.66723469239781      n 
  179.71393087450511    110.84384980450596    365.35825258931197      h 
  177.95729766430253    113.84252104370472    361.15046999638651      h 
  179.18562951741350    115.61016218006043    365.44012567886989      h 
  182.41563521871672    115.13593973520329    364.59120248591182      h 
  182.55384832787411    120.44534966940947    360.51442509661132      h 
  184.23585411379923    118.12033822636295    362.07171354774397      h 
  178.08948094273742    134.49187743630557    357.20556580832675      n 
  175.62712235877257    134.23087204257419    358.37901605390226      c 
  175.50547743774933    131.83863496269663    360.00274558717814      c 
  175.36264867050411    132.07646468859983    362.32615574278464      o 
  173.51931717190570    134.48732012067185    356.40672317986605      c 
  170.95369220703100    133.93217811683746    357.60645771777877      c 
  173.56328681697320    137.15095307364493    355.29241245910680      c 
  178.16866148896875    134.37247446876307    355.29573558867594      h 
  175.43818426778205    135.77444416848147    359.76223992259230      h 
  173.87538501881204    133.14364653537834    354.88306845101397      h 
  169.46554069859314    134.14692907174432    356.20913669627453      h 
  170.87825912001585    132.01897012505793    358.35076339183587      h 
  170.58615117040367    135.23551493728209    359.15289934246232      h 
  172.04369701109229    137.35600592115392    353.92722493309714      h 
  173.30544346406722    138.55668268511766    356.76937745321862      h 
  175.34531929225381    137.52398550988380    354.34015992051513      h 
  175.56195765025885    129.54899049951618    358.97178016625281      n 
  175.43091895766648    127.36981152553685    360.65154177770228      c 
  177.44512898985872    127.47694902120323    362.70403020681579      c 
  176.94885684543590    126.83702221595843    364.87760183251265      o 
  175.72837761622640    125.05054227311280    358.93536145203973      c 
  176.90711335555125    126.13299038511218    356.53544945827798      c 
  175.70210708298390    128.74453063686073    356.35633487652137      c 
  173.60982254679652    127.36266249233763    361.63745638786520      h 
  176.86874345261927    123.58714254482516    359.82280963414797      h 
  173.87201413945868    124.25923345156593    358.52869391968960      h 
  178.94552457790797    126.33723857219414    356.73756863399609      h 
  176.50963941458863    124.99080711102364    354.87755163137587      h 
  176.82337010758931    130.03792490006091    355.23044851133631      h 
  173.79001134667050    128.61094208545546    355.57568412085584      h 
  179.76471398827684    128.17474409671345    361.98889200378716      n 
  181.78080230582850    128.29931507204222    363.84016107154719      c 
  180.85889045024348    129.54501844996136    366.29332393043501      c 
  181.37974671133827    128.67433659658769    368.36768587958596      o 
  184.04714767524212    129.77292982563159    362.82227744385693      c 
  185.48476820432535    128.31428326568684    360.77802681487105      c 
  187.70878348003845    129.86597461198542    359.84830524765937      c 
  187.45918234751812    131.85542211602217    358.70067542528187      o 
  189.99655907058442    128.90647382240121    360.37383195661130      n 
  180.12387090858743    128.83449961322978    360.22687376003267      h 
  182.34840213296391    126.37036048714566    364.36070098911659      h 
  183.38030698692535    131.56676796656004    362.05625043071586      h 
  185.30938564272398    130.17962028753843    364.40367790350632      h 
  186.12654894940121    126.50538607365706    361.51778443786498      h 
  184.26137987883305    127.99200988511866    359.15033611138165      h 
  190.20727794520121    127.31140125805859    361.38256020789709      h 
  191.54996904723382    129.87985256490427    359.85673506340771      h 
  179.61308003427814    131.72524636357204    365.95541608439487      n 
  178.59278440725137    133.13291335459127    368.05797211996605      c 
  176.26533669946440    131.84193977042779    369.21355101823536      c 
  176.08205155206406    131.57607903483986    371.51544336693536      o 
  177.93491683391687    135.83650057619636    367.24821053591762      c 
  180.31677576848259    137.45677380883677    367.29373828195111      c 
  180.94229197547151    138.65257174675270    369.17089712263902      o 
  181.67280152590078    137.43833923041214    365.16497941559322      n 
  179.12660880117943    132.29747281015062    364.19338980439181      h 
  180.01358199632389    133.17289850096734    369.57235345505967      h 
  177.09448039641765    135.79495032949831    365.36915896121462      h 
  176.60092519924231    136.63523355444261    368.59993282742352      h 
  183.31363026181435    138.40323403409286    365.12751986829522      h 
  181.16523406013329    136.39947390672080    363.63635212008165      h 
  174.48743188492264    131.10156014640540    367.59868044594361      n 
  172.16401483238337    129.92690064686454    368.46939376533305      c 
  172.72158301549089    127.95962429791486    370.50578675357292      c 
  171.46199358377569    127.82030123252083    372.44674455550114      o 
  170.73597154193666    128.70516307938101    366.25119543080893      c 
  168.56090507517274    127.05580814716036    367.18717135350829      c 
  169.71844951803106    130.73448209395849    364.46803603956835      c 
  174.74502758206202    131.30548130601835    365.70647370353748      h 
  170.96672037815836    131.36969253365120    369.36195687074689      h 
  172.09646928894867    127.50020258277918    365.26381858868996      h 
  167.58244356966512    126.22062926305640    365.58675039985661      h 
  169.23582222542973    125.53928732519610    368.39707489584873      h 
  167.22205399377896    128.18047592048836    368.26197627955520      h 
  168.72318243191327    129.85063966165137    362.90349839541477      h 
  168.39597966738026    131.95027196482329    365.46425190700751      h 
  171.23089725114039    131.89525395913648    363.71003178651330      h 
  174.58036338730810    126.34311083700007    369.97964447603061      n 
  175.19195559707160    124.29750473404697    371.68658812833343      c 
  175.17315167851319    125.13098779943795    374.45301738400480      c 
  174.41607314607586    123.72725354373694    376.12672815097915      o 
  177.81880311693666    123.23568193727752    371.11393211340942      c 
  178.06358301904359    121.97707864789959    368.51571673317937      c 
  180.84272497782692    121.34161974042497    368.06895648766164      c 
  176.42202892089506    119.62023779782223    368.26417569436001      c 
  175.59708296856900    126.50624063551032    368.36688713381221      h 
  173.75581012022323    122.80620256584722    371.53228545232656      h 
  179.16798579326709    124.79562112703030    371.22294066831222      h 
  178.28816230444218    121.86966527529925    372.58767411774272      h 
  177.48258434045334    123.32507372992558    367.06462191704912      h 
  181.08810214917401    120.55565471974364    366.19048264866865      h 
  181.98315343028912    123.04257800968243    368.23984341485124      h 
  181.50122628587630    119.97348299981749    369.45367418376975      h 
  176.52596103638317    118.91178309948542    366.33872390075874      h 
  177.04501918789936    118.15571907228214    369.56564604892509      h 
  174.45246677323212    120.04077707212892    368.66235440408008      h 
  176.24389216290211    127.38232315292612    374.90986411906664      n 
  176.66168116445519    128.33141863163206    377.42133333450499      c 
  174.50629611767522    129.92714333907699    378.51398273123078      c 
  174.89764552788986    131.29212154146609    380.35244653785765      o 
  179.12848709220802    129.88257264475044    377.46100869980700      c 
  179.94321783970841    130.42898652787915    379.91492648096784      o 
  176.56687103769349    128.61847802530289    373.48125775775026      h 
  176.87269434555824    126.70305533159154    378.69431866932456      h 
  180.63295541894601    128.78953590088130    376.55995991248756      h 
  178.82689062205736    131.62218017040266    376.35952687460536      h 
  178.48831221129950    131.11685807644116    380.81459832986781      h 
  172.23164106276980    129.70732579532992    377.44247878357436      n 
  170.10742641794548    131.08664432689341    378.47541235615461      c 
  168.80326622349571    129.69306482349600    380.64497720253513      c 
  167.30797015975330    130.82401456139669    382.00410292139162      o 
  168.22257690664941    131.94151576014434    376.44265874142059      c 
  166.62712726884752    129.89368091402869    375.14633856866794      c 
  164.46306487754217    128.93409884128431    376.79424306857027      c 
  165.51829151880034    131.01253452954498    372.72185425900580      c 
  171.99243691801874    128.74077126311136    375.80149478172973      h 
  170.91072023465256    132.78266717564549    379.37122278704874      h 
  166.94003473921009    133.28941659284453    377.32679312240288      h 
  169.32368584375678    132.91746543511715    374.99724926105102      h 
  167.84194813586663    128.30550061353733    374.63839585075897      h 
  163.36824886428417    127.53712170133691    375.75797177452409      h 
  165.14350865303624    128.04755950756464    378.51230420728967      h 
  163.21209196933367    130.47891911587433    377.31619420192021      h 
  164.36215745173936    129.61205956847050    371.76284251160001      h 
  164.33942787885482    132.63864837540450    373.15599836659652      h 
  167.02044311673561    131.60308789761677    371.45227512913164      h 
  169.33423404871934    127.23985852150940    380.91907849120349      n 
  168.33581159591023    125.86672803041462    383.07349735965602      c 
  168.99354591276276    127.36267049627189    385.48716299714016      c 
  171.06097096500332    128.35538003938416    385.77874552829428      o 
  169.25259155618292    123.12378520951563    383.13228556608806      c 
  171.90339279790672    122.66485205430031    384.21264898778907      c 
  172.39139325393538    119.82034703456456    384.31278535532692      c 
  173.97394691374308    123.96456561946748    382.67922748475627      c 
  170.70665590222075    126.42957055127425    379.87345871060296      h 
  166.26593976562791    125.86756834921442    382.89919048883547      h 
  167.90791276764236    122.05763017122091    384.27964442633078      h 
  169.17139349090701    122.38457656967347    381.20519439459662      h 
  171.95877985422123    123.41557703953494    386.14319473100562      h 
  174.22278313414301    119.44883712482280    385.16417921832090      h 
  170.95114000495789    118.87236771398682    385.43065770929013      h 
  172.38068080703243    119.03760551936794    382.41288632565204      h 
  175.81757026086117    123.40280691199769    383.39501637409739      h 
  173.86547657546737    123.43364791393343    380.69323994572255      h 
  173.83126214172546    126.00595078273018    382.87219698216057      h 
  167.08304193551325    127.57342957272955    387.11851963139912      n 
  167.23142980406982    128.79785816079854    389.54906749299846      c 
  165.53144676643893    127.26070157171910    391.44623876713825      c 
  165.77187162785492    127.78632964179150    393.71981620412032      o 
  166.25928099423624    131.52351897944368    389.40855686504744      c 
  167.87708362959512    133.16809624793780    387.67445174231415      c 
  166.81505932284395    135.85137210752404    387.45548253566301      c 
  168.18514640727381    137.37980047252978    385.63737510697268      n 
  167.74234500307139    137.44390200969710    383.16422796512461      c 
  165.85494308825741    136.12363479564485    382.14610716794596      n 
  169.06055644662433    139.04012734541922    381.72745778323883      n 
  164.08201799223195    125.67548954465656    390.47610325470146      o 
  165.50286843882898    126.49188348323963    386.97741265998474      h 
  169.18403258295717    128.76407662264251    390.23748017724728      h 
  164.31387540915875    131.46048168169585    388.71699302536172      h 
  166.23165006258964    132.26451063637921    391.33390491382795      h 
  169.80818693607509    133.21393418832849    388.39471287485031      h 
  167.94096347658629    132.28736232014202    385.81349726932712      h 
  164.82750934441137    135.77372233209718    386.91229990891901      h 
  166.94322802325257    136.79898947944213    389.28168336957646      h 
  169.78391209951087    138.20050457950518    386.27919108296533      h 
  165.33540295023261    134.46479285258781    382.93761745487706      h 
  165.57366369635764    136.24675225670128    380.26576438356403      h 
  170.39622304329555    140.16808467865758    382.47808256462122      h 
  168.75981622660808    139.14402168812018    379.85191414385423      h 
  180.54226860730941    105.70926225911523    374.93342422140364      h 
  183.09963092631759    110.25917982548987    371.73491442300451      h 
  177.55808901520072    110.63413817177255    363.50105704277621      h 
  183.22481205598291    111.77072965833793    360.52787633977317      h 
  178.74367923500719    136.01369501100635    357.59112752331805      h 
  -0.4083659208542D-01  -0.1136825405748D+00  -0.2515411635533D-01
  -0.3352132464143D-02   0.9162563760517D-05  -0.4791507330787D-02
   0.8159817223626D-01   0.1861873241681D-01   0.3336153544401D-01
  -0.3033028934293D-02   0.7315080103236D-03  -0.2020574652909D-01
   0.1259003260005D-02  -0.4870099015067D-02   0.5035988246122D-02
   0.1048710142328D-02  -0.1719282296057D-02  -0.5767478796754D-03
   0.1226365673887D-03  -0.1293164815548D-02   0.9567277158304D-03
   0.2257998852547D-02  -0.1326729421653D-01   0.3438721197253D-03
   0.3112606506231D-02  -0.3110459915127D-02   0.2150375581156D-02
  -0.8679389448346D-03   0.1758779051778D-02  -0.1794028908540D-03
   0.3496991409247D-03  -0.6642211313479D-03  -0.3440124228974D-03
  -0.4559278191826D-03   0.3661181284986D-03  -0.3571676796586D-03
  -0.7545771781410D-04   0.6008877521549D-03   0.4828486643785D-04
  -0.1069862076710D-03  -0.3245143593297D-03  -0.5557229124324D-03
   0.2728730070025D-03   0.7148472166443D-03   0.3694050690030D-03
  -0.2044867300422D-03   0.5583444280714D-03  -0.2134363982568D-05
  -0.1181937003263D+00  -0.1421610462234D-01  -0.7319113024790D-03
  -0.3545220072524D-02   0.9569625224490D-02  -0.1434860709996D-05
   0.6357043542149D-01  -0.5384132714728D-01   0.3688445625749D-01
   0.4336820406563D-03   0.5674626031044D-02  -0.1772447268309D-01
  -0.3723624429466D-02  -0.1255189612713D-01   0.4191944476679D-02
  -0.8279061555830D-03   0.4389033598056D-02  -0.4808525219177D-02
   0.1228223283445D-02  -0.3112217291663D-02   0.9526710217801D-03
  -0.2545955732638D-02  -0.2705185486493D-02   0.1285906881825D-02
  -0.1325876750805D-01  -0.8204132790354D-02   0.4639830667252D-03
  -0.2283678333916D-02  -0.2243614110443D-02   0.2053484105892D-03
  -0.4767686905223D-03   0.1259266397792D-02   0.1043563133890D-03
   0.6332658721819D-03   0.2034152433288D-04  -0.6030639548275D-03
  -0.2975644250701D-03   0.8680807652970D-03   0.6617355440140D-03
   0.6530816339615D-03   0.6184512209396D-03  -0.2273946054718D-03
   0.3168230098513D-01   0.1155919118161D+00   0.2781226188740D-01
   0.1578841031119D-02  -0.2648331043793D-02   0.5488906420065D-02
   0.3547692713991D-02  -0.2715158495821D-02   0.4714088397791D-02
  -0.4379192364427D-02  -0.9519929232238D-03  -0.8894826948798D-03
   0.7648824921407D-02   0.6210209651541D-03  -0.4357259840625D-02
   0.8675749737524D-03  -0.2768926951944D-03   0.1671992609525D-02
   0.7886531420679D-03   0.4693183744179D-03  -0.2929391742644D-03
   0.9183873449918D-02   0.7673558810393D-02   0.8862997463225D-04
   0.3009972402915D-02   0.2131074603090D-02   0.4869297489909D-03
   0.1139883286125D-02   0.6777840154834D-03   0.5044398664717D-03
   0.9819511907551D-03   0.1427507561703D-03  -0.9713818761014D-04
   0.3771510503190D-04   0.9530772657445D-04   0.8268020218377D-04
  -0.4779118191975D-04  -0.1217171236908D-03   0.1767781706596D-03
  -0.3171825019729D-03  -0.4540064105177D-03   0.4348980541446D-03
   0.5913289394185D-03  -0.3490009226184D-03  -0.1184712142727D-03
   0.4591415584588D-03  -0.8909990618375D-03   0.6950618372333D-03
  -0.1915447748740D-02   0.6022325012888D-03  -0.8922195116021D-03
   0.1189083848776D-02  -0.1367274054400D-04  -0.6346903436413D-03
   0.6183662756849D-02   0.4508357672278D-02  -0.3333571135308D-02
  -0.1898145954419D-02  -0.2222534432688D-02   0.2901142313194D-02
  -0.3957589172288D-03  -0.2212296617827D-03   0.1515040388517D-03
  -0.3688950236256D-03  -0.1092513377717D-02   0.7482420979087D-03
   0.4894466132793D-03  -0.9252325981230D-03   0.1304300512203D-02
  -0.2273985655043D-03   0.5474045795039D-03   0.2271052124046D-03
   0.5843475973693D-03   0.8231909894454D-03   0.3346217158312D-03
  -0.6528262553495D-03   0.3460986715219D-03   0.1014287981663D-03
  -0.3258193786678D-03   0.2083987395147D-02   0.2198199305992D-03
  -0.3884559159285D-03   0.7549001838551D-03  -0.3181346550706D-03
  -0.1325666870338D-02  -0.2428292076968D-02   0.1621365502934D-03
  -0.2688313303474D-03   0.1383116716712D-03   0.5708577230751D-04
  -0.2144373779363D-02  -0.3210259723893D-02   0.8106186025901D-03
  -0.1612313586015D-02   0.2071854404166D-02  -0.8658579512174D-03
  -0.2481826990081D-02   0.6258223250825D-02  -0.4992221467042D-02
   0.1550589982546D-02  -0.2433605804926D-02   0.4092110613604D-02
   0.8307357988175D-03  -0.7103920304137D-03  -0.4832056559691D-03
   0.1566786519821D-02   0.9811184429099D-03   0.9252536438819D-03
  -0.5851340568063D-02  -0.3652671082597D-02   0.1137155609577D-02
   0.2845701081521D-02   0.9395363684609D-03  -0.7930039146601D-03
   0.1342234181155D-02   0.5636737776808D-03  -0.8889348687794D-03
   0.2048856967634D-02   0.1462033180877D-02  -0.2214820055799D-02
   0.1685180336275D-03  -0.5771723823848D-03  -0.4530402061301D-04
  -0.2076245640546D-02  -0.7878345227922D-03   0.7282904599434D-03
   0.2399685121535D-04   0.2800423272804D-03   0.7342674699740D-03
   0.2972818390901D-03  -0.1251348266227D-03  -0.6570627725095D-04
   0.3941370012700D-03   0.8555232837383D-03  -0.3592807932171D-03
  -0.8308163707796D-03   0.3166892796292D-03  -0.1119191494166D-03
   0.3647582367871D-03   0.2912869992174D-03   0.1629904580857D-03
  -0.1355520616509D-02  -0.4520470203161D-02   0.1620386010355D-02
   0.7564977817148D-03  -0.7607758183858D-03  -0.1583358680118D-02
   0.4782383735136D-03   0.1091943423414D-02  -0.2674989613853D-02
  -0.3214143312399D-03  -0.4787820383388D-03   0.1598845417753D-02
  -0.2995688957094D-03   0.4969069060040D-04   0.3637690333748D-03
   0.2164091196233D-02  -0.2088450810713D-02  -0.7899861491142D-02
   0.5918547482224D-03   0.2476161070272D-02   0.4905661684681D-02
  -0.3108347388678D-03   0.3497943227771D-02   0.7987877534060D-02
   0.3105339109678D-02   0.3001957307648D-02  -0.2114488879012D-02
   0.2511224301939D-03   0.4893446065880D-03   0.4713637939437D-03
   0.1791654960776D-02  -0.2771761699890D-03  -0.2858163969690D-03
  -0.1862257181823D-03   0.8905292480233D-04   0.3947596690099D-03
  -0.7463652644692D-03  -0.5645608355171D-04   0.1136969677235D-02
  -0.2298567661681D-02  -0.4576789462377D-02  -0.5934647419904D-02
   0.1649846630312D-03  -0.8235953088154D-04   0.1580119348326D-03
   0.1686691071037D-04  -0.4472720439078D-05  -0.3599459494976D-05
  -0.2330246163134D-03   0.2594497568802D-04   0.2594258374319D-03
   0.1034693287189D-03   0.2919774194764D-04  -0.1302890363177D-03
   0.4058458564770D-04   0.8089948704939D-05  -0.2014652610738D-04
  -0.8203933933507D-05   0.2160046894626D-04  -0.3084094143174D-04
   0.1779527448519D-05   0.2601453558737D-04   0.2183321365300D-04
  -0.7684292856247D-06   0.6902904411058D-05   0.5984208985308D-04
   0.6695398445367D-06   0.6690178236886D-04  -0.1785576420182D-03
  -0.2513188720759D-04   0.2426918224693D-04  -0.3041716533629D-04
   0.6040222294980D-04   0.6996479043269D-04  -0.2441714556283D-04
  -0.2002813266518D-04   0.5558520824361D-04   0.2855075218281D-04
   0.1785359358261D-04   0.7257515764868D-04  -0.3225548714307D-04
  -0.1122496130169D-04  -0.1089704704890D-05   0.1958812187406D-04
  -0.8286436090765D-05   0.2041807422850D-04   0.1682080303684D-04
  -0.3948291935060D-04   0.3735489287529D-04  -0.2930165981495D-04
  -0.2870329074147D-04  -0.1071907943913D-03  -0.3249980216282D-04
  -0.4520640411367D-04  -0.2972141638596D-04  -0.2012337736513D-04
  -0.1682990723645D-03  -0.4159873061364D-03   0.3178193875023D-03
   0.2176652821556D-03   0.2559989733886D-03  -0.3624840736681D-03
  -0.3363482290302D-04  -0.2754877249432D-04  -0.5881495422118D-04
  -0.1435285676749D-04  -0.5845001376332D-04  -0.2445547302635D-04
  -0.3772145878822D-04  -0.1215157900231D-04  -0.2290531839233D-04
  -0.5010460706684D-04  -0.2057362952891D-04  -0.2436608466335D-04
   0.1430049293204D-03   0.9882517621738D-04   0.1665741849679D-03
  -0.4857040879621D-04  -0.3532512772389D-04   0.1336234897039D-03
   0.1499010202767D-04  -0.8745280798411D-04  -0.1620414968355D-03
  -0.8077025252673D-04   0.1407409847379D-04   0.1762969811125D-04
   0.4353512608995D-04  -0.9961339827993D-04  -0.4229627270238D-04
  -0.1183978034868D-03   0.3283660062883D-04  -0.2738717311772D-04
  -0.3897486749688D-04  -0.8368138889359D-05  -0.4699673778156D-05
   0.5737298199513D-04  -0.1692706999878D-04  -0.4842942435766D-04
  -0.1226327389126D-03   0.3719581923581D-05  -0.2546277808570D-04
  -0.1065374654513D-03  -0.7932586333319D-04  -0.7043714080660D-04
  -0.1335650343278D-04   0.1055737487650D-03   0.2259968141490D-04
  -0.1599020123092D-04   0.1325024212614D-03  -0.1770629912459D-04
  -0.8125225359355D-04  -0.1923954436151D-04  -0.2202675611584D-04
   0.2362735575657D-04   0.4057594258824D-04   0.2236130892172D-04
   0.9925364188389D-04   0.3152644369765D-04   0.5764700497974D-04
  -0.5078763986230D-04   0.2498164309695D-04   0.8284772356448D-05
  -0.4163926190025D-04  -0.2338217442998D-03   0.1178113641517D-03
   0.4004584257726D-03  -0.1028703082208D-03   0.3458184155155D-04
   0.6040801858541D-04   0.1657481871372D-03   0.2901609304216D-04
  -0.9040575567774D-04  -0.6260571792037D-05  -0.7898392851472D-04
   0.7576249892685D-04  -0.1108540675643D-03  -0.3271629888615D-03
  -0.2485866213200D-03  -0.3758842264140D-03   0.1517133816466D-04
   0.8395974465920D-04   0.6039318849756D-04   0.9103822072981D-04
   0.4403341274168D-04  -0.4099546965758D-04   0.5249035058892D-04
  -0.4703568490936D-04  -0.3934089783875D-05   0.8967907664346D-04
   0.1819231922241D-03  -0.1930380753021D-03   0.9479638056192D-05
   0.5328092928103D-04  -0.6827688101560D-04   0.2700638279633D-04
   0.4409074364400D-04  -0.4603378172773D-04   0.1297398398112D-04
   0.2602600766875D-04  -0.2857353506002D-04  -0.3748972599472D-04
   0.1513719772278D-04  -0.2824395478687D-04   0.4543318576056D-04
   0.1020593570874D-03  -0.2073217546260D-04   0.9520680329511D-04
  -0.7188202304051D-04  -0.7763320620025D-04   0.1176464828536D-03
   0.1639750497439D-03  -0.4639809570824D-04   0.1118229900133D-03
  -0.1879007155846D-04  -0.1908902348773D-03  -0.9163835330185D-04
   0.3459809359181D-04  -0.3935903347454D-04  -0.1948315560736D-04
   0.4169576861666D-04   0.1948846736829D-04  -0.1117404948827D-03
   0.2271527283394D-04  -0.5208069928864D-04  -0.5850367209100D-04
   0.4598583539268D-04  -0.4742809107105D-05  -0.5289287313960D-04
   0.1982063335505D-04  -0.7776836321192D-04   0.1271975490553D-03
   0.5751067522285D-05  -0.3887410296053D-04   0.7021855797051D-04
  -0.2097873398601D-04  -0.1348325583886D-04  -0.4223354113920D-05
   0.2042987946652D-04  -0.1273904575471D-03  -0.2470211278207D-04
   0.3495762925355D-04  -0.1615195097776D-04   0.8246529800894D-05
   0.7508689640254D-03   0.3858780225532D-03  -0.4933893046564D-04
  -0.6153007020325D-03  -0.1460832400084D-03  -0.1280525077712D-03
   0.1483732639225D-04  -0.3489062390319D-05   0.1651441700887D-04
  -0.2836252943517D-04  -0.2258291044448D-04  -0.3574549338288D-04
  -0.4568663906220D-05   0.1321569442362D-04  -0.4333423282885D-05
  -0.8392058487747D-05  -0.1005025519383D-03  -0.9549071668915D-05
   0.7301674382927D-04  -0.5259759002488D-04  -0.2946222272510D-04
   0.4955212507291D-04  -0.1453796337651D-03   0.8415087387608D-05
   0.1709581800965D-04  -0.2300196418040D-04   0.3909407413649D-04
  -0.6457728145744D-04   0.1010826611005D-03  -0.2770883939662D-05
   0.2346297164653D-04  -0.5421291799200D-05  -0.1487267339355D-04
   0.2781021775283D-04   0.2226902472088D-03  -0.7970450868221D-05
   0.2343652165980D-04   0.2020286394099D-05   0.1515768506490D-04
   0.3470056974514D-04  -0.1878957824557D-04   0.6976867254890D-05
  -0.8399017058269D-04  -0.1734845340494D-03   0.9720028612899D-04
   0.7351582182893D-04  -0.1117410879096D-03   0.4753663164937D-05
   0.9324387765977D-05  -0.7498963855175D-04   0.2443907273400D-04
  -0.1594697829713D-03   0.3027596454835D-04   0.1263190757647D-03
   0.3138017822893D-04  -0.5001780260674D-05   0.2887674199596D-04
   0.1073983179142D-03   0.3140691444586D-03   0.5342742903734D-03
  -0.9011781855657D-04   0.3487073932044D-04  -0.3467111600584D-03
   0.3264064493238D-04   0.1888755001152D-04  -0.3026717540883D-04
   0.6120337638670D-04   0.6730042974203D-04   0.1617044664222D-04
  -0.5978873084721D-04   0.6182359833258D-04   0.1842562875822D-04
  -0.8909238316276D-04   0.1410542947516D-03  -0.5184762187126D-04
  -0.2683724272242D-03  -0.3308187647680D-03  -0.1318789729455D-03
   0.2068356873023D-03   0.2948521670304D-03  -0.3561556991108D-04
   0.1603612360966D-03  -0.1856516616669D-04  -0.7344240753268D-03
  -0.2051371541401D-03  -0.1539346871972D-03  -0.3827459222105D-04
  -0.1050384382288D-03   0.3192052071979D-03  -0.2225944663919D-03
  -0.2166284376778D-03  -0.2250870010913D-03   0.2841652183503D-03
   0.8310681931175D-04   0.2649123537144D-04  -0.2164898012181D-03
  -0.1576586228878D-03  -0.1565151374564D-03   0.2252171958070D-04
   0.8491875477140D-04  -0.2617455827260D-04  -0.2033059802153D-03
  -0.1297955854058D-03   0.4248104263825D-04  -0.4535576354647D-05
  -0.4101224069645D-05  -0.1264203753808D-03   0.2286757866965D-03
   0.1151693447078D-03   0.2135556823021D-03  -0.8513678975288D-04
   0.8416947689796D-05  -0.1405175804981D-03  -0.1330042551055D-03
   0.5042270014151D-04  -0.2299564143202D-03  -0.1544633493199D-04
  -0.1886459005510D-03  -0.8139253647044D-04  -0.1368740417152D-03
   0.1161937080213D-03  -0.1778968741544D-03  -0.1148480675853D-03
   0.6645486704957D-04   0.4744082287943D-04   0.7616153088750D-04
   0.3021032202144D-01   0.1315187826091D+00   0.3269837271132D-01
  -0.7114785881076D-01  -0.1719106980919D-01  -0.2284456652363D-01
   0.1346970536568D+00   0.3187899263592D-01   0.6308269333914D-02
  -0.5714344344029D-01   0.4453449898174D-01  -0.2501121285436D-01
  -0.5688047065221D-01  -0.1210028657221D+00  -0.3391965421414D-01
$end                                                                            
