   -0.38025141
    0.03424639
    0.27277999
   -0.45363165
   -0.07206889
   -0.00963432
   -0.12332069
   -0.11657668
    0.15922416
    0.00700042
    0.03632473
    0.05224970
    0.03363924
    0.03520271
    0.04105219
    0.04678665
    0.03139348
    0.03231629
    0.06109804
   -0.17796854
    0.00984814
    0.26437740
   -0.48017158
   -0.08333071
   -0.09371595
   -0.03124155
   -0.13695913
    0.23347762
   -0.24652582
   -0.25852162
    0.19205671
    0.08924894
    0.07133806
    0.05896406
    0.06580369
    0.08730888
    0.09237079
    0.08702119
    0.23555600
    0.24579638
    0.24940451
    0.24721496
    0.25270434
   -0.17635536
    0.01342603
    0.27249509
   -0.47688342
   -0.02124028
   -0.07132527
   -0.10558793
   -0.11508780
    0.22553659
    0.07308396
    0.05879140
    0.05721323
    0.05307949
    0.04279069
    0.02461089
    0.03676503
    0.05275786
    0.03200832
    0.03779192
   -0.18241184
    0.02990400
    0.20268762
   -0.36858456
   -0.11634775
    0.28475037
   -0.50096071
   -0.27489689
    0.22117206
    0.09765223
    0.09486163
    0.10802183
    0.24032154
    0.24175813
   -0.40047721
    0.03254266
    0.26538174
   -0.49105788
   -0.12167971
    0.17141513
    0.03491570
    0.05951124
    0.06230815
    0.05519971
   -0.16791406
    0.00623909
    0.27143282
   -0.46729131
   -0.07396194
   -0.08022204
   -0.09881423
   -0.05223185
   -0.13610322
    0.21430564
    0.08588564
    0.07170496
    0.06153944
    0.06654509
    0.03951951
    0.08350357
    0.09514864
    0.13121647
    0.11340294
    0.29688955
    0.26757963
    0.29713187
   -0.20264181
    0.04103824
    0.30037815
   -0.49234150
   -0.10804453
    0.37421810
   -0.64310088
   -0.63379522
    0.21166292
    0.05233787
    0.04479982
    0.03754305
   -0.19798481
    0.05232954
    0.28463746
   -0.48804843
   -0.09622003
    0.37575285
   -0.62327476
   -0.59848413
    0.20598284
    0.02902266
    0.03251413
    0.05452967
   -0.19127007
    0.03161202
    0.27112318
   -0.47192808
   -0.12967310
    0.21139702
    0.07870642
    0.09104129
    0.07419726
    0.05930657
   -0.17791979
    0.02203819
    0.27397340
   -0.49977801
   -0.13026819
    0.20111683
    0.08602368
    0.06890420
    0.07865101
    0.05374397
   -0.19844788
   -0.01728148
    0.28907471
   -0.49436978
    0.22612347
    0.06608459
    0.08409871
   -0.17805969
    0.02328078
    0.27204855
   -0.50861237
   -0.07317651
   -0.11281938
    0.29048507
   -0.50393288
   -0.27108084
    0.19613530
    0.08673973
    0.07149287
    0.07631133
    0.07258574
    0.09520157
    0.22589048
    0.21949608
   -0.17425987
    0.03795932
    0.21842950
   -0.37017859
   -0.13140711
    0.22314124
    0.08735864
    0.07406813
    0.08895603
    0.06665071
   -0.39078657
    0.02897877
    0.20159198
   -0.36731054
   -0.02574555
   -0.05836586
   -0.13079443
   -0.10625828
    0.16070709
    0.06382558
    0.03603127
    0.03815496
    0.03566830
    0.05256265
    0.04597056
    0.05250259
    0.03145320
    0.03257862
    0.04152774
    0.17422795
    0.08000737
    0.17105252
    0.05775226
    0.18303435
    0.07258736
