$grad                                                                           
  cycle =      1    SCF energy =  -632.40453231091   |dE/dxyz| =  0.546385
  370.64571649072758    137.17652921631591    189.42882040811810      n 
  370.83161235745467    138.57989722782116    191.77798162094115      c 
  373.54803616296738    138.28011479858375    192.75313125681177      c 
  374.60037433808100    136.22041508284011    192.78159503792739      o 
  368.95446473720358    137.54109074320388    193.73790837308468      c 
  369.14282028218679    139.01922583124605    196.21174314500971      c 
  366.24479686863344    137.65051963551875    192.74727482224012      c 
  369.40311030693198    135.71758037618622    189.32897145977134      h 
  370.44570265264235    140.58235880052746    191.40766647833661      h 
  369.48563366025968    135.57121142922884    194.09445102346234      h 
  368.03676395353801    138.08584951779676    197.66934160341660      h 
  371.07928931092016    139.13949078291839    196.88644560425746      h 
  368.41226857083768    140.92638460484869    195.98103207855155      h 
  364.96930465908537    136.96736362461988    194.20421918678062      h 
  365.73699916904974    139.59122859682219    192.30656406513012      h 
  365.98951895589772    136.49589246408661    191.06749166942663      h 
  374.63902518997133    140.41486192169330    193.54448333040617      n 
  377.15807744384182    140.55821247194183    194.56652935502180      c 
  377.01667278937879    141.08688031643686    197.41596354008109      c 
  375.03808177811726    141.56381556418356    198.49201697933884      o 
  378.60131789544397    142.69667204822824    193.18924320066210      c 
  377.08721122540300    144.88366300622974    193.40566933620693      o 
  379.11696510182622    141.97419200382873    190.44648754653593      c 
  373.69505091979954    142.07243855716703    193.54639047339262      h 
  378.07869460547118    138.73620689936678    194.23517872593391      h 
  380.40908710438543    143.02023807901344    194.17070149235062      h 
  377.73063511761637    146.17294688853411    192.27589403501582      h 
  380.01241011981506    143.53771465576583    189.45857345495156      h 
  380.37049681915659    140.35017472878559    190.37535620143618      h 
  377.36750452957864    141.47962474577992    189.48705152995427      h 
  379.27060388838328    141.08085071871758    198.59464148270467      n 
  379.52418283544534    141.64654860641593    201.24669479958382      c 
  380.13564789216377    139.29436888085479    202.80561259302792      c 
  380.30513861328808    137.19502092758106    201.84620092839970      o 
  380.81949701107715    140.40218046104249    197.71572561413544      h 
  381.02477322589408    143.04247910237112    201.51904824916326      h 
  377.73548467804534    142.45251102815718    201.89830653456272      h 
  380.52869909886152    139.77874146028120    205.24782364098564      n 
  381.29953129070594    137.91556297109216    207.07508575916509      c 
  379.84216335070784    138.35499651005412    209.53528731072080      c 
  379.40172242435364    140.50613059657931    210.27493966917626      o 
  384.14364029342460    138.20436904450506    207.68214161470206      c 
  385.74246371735626    137.79837544587610    205.37770636988446      c 
  386.11339982768720    139.73777719038796    203.64337843750127      c 
  386.83562185608656    135.46276008647840    204.90371083349274      c 
  387.50294296206158    139.35341029884768    201.47096398624538      c 
  388.23711006364863    135.05417015160478    202.73545867938469      c 
  388.56453559663544    136.99262269244147    200.99087369665131      c 
  389.90884944224553    136.67752112345116    198.82776366391860      o 
  380.14153902512743    141.49868731150693    205.98714746094720      h 
  380.92428568189047    136.03063349434177    206.32664779378464      h 
  384.43435579733722    140.10493047868309    208.44006941568125      h 
  384.60575124977970    136.80171274309859    209.12053114092623      h 
  385.32727820711727    141.58622742878256    204.01775828273497      h 
  386.59320719280345    133.95064733091516    206.25458439313891      h 
  387.83757588695329    140.87417039197794    200.15521657997928      h 
  389.08011641429948    133.22366732765502    202.40407742634295      h 
  390.42342975357633    134.93558541876874    198.66363473460672      h 
  379.29010412049831    136.24626315216190    210.79107542508535      n 
  377.88243581763135    136.20910065995656    213.13590641574433      c 
  379.48011615049376    135.02636572459670    215.21247914829146      c 
  380.65929559350303    133.05479966108146    214.83653141803561      o 
  375.49329633060955    134.61471166278008    212.86212386904157      c 
  379.71689303750509    134.55089776079947    209.99748560416222      h 
  377.37814607660960    138.15027961934723    213.62767765398689      h 
  374.47336723955220    134.63120958466735    214.64389457627112      h 
  374.30139159683472    135.41317726351281    211.39262145826146      h 
  375.99016376365080    132.68767578599278    212.35379398426912      h 
  379.54765661018769    136.21275380918675    217.42560190001362      n 
  380.69766830872516    134.94395176807106    219.55537261880832      c 
  379.19714343696478    132.55629905090785    220.18514301294809      c 
  376.88514399711738    132.45891304097233    220.12773765373063      o 
  380.85049486291234    136.63650430235796    221.88207645619542      c 
  378.29523363948033    137.96514484824993    222.47978944711267      c 
  377.50007206280941    139.48805086768090    220.85338324590896      o 
  377.28453513705409    137.46415870345601    224.54200204691335      o 
  378.39867161336451    137.68976732919324    217.87421372471675      h 
  382.62674413560399    134.40005069945752    219.01398405252715      h 
  381.42073920164296    135.51212769233507    223.51701817818099      h 
  382.26179068541234    138.10185429812310    221.53626658144759      h 
  380.67100617078671    130.57938649876982    220.71410498024804      n 
  379.76088880387641    128.24333571419908    221.77331436785474      c 
  380.55811739302629    128.14340740756700    224.55328875847766      c 
  382.05092961836647    129.64662719917331    225.46710005811664      o 
  380.99186826206403    125.93543680335016    220.43400523692196      c 
  383.47370396603969    125.56151919472126    221.33481271908775      o 
  380.90764230609608    126.21620067914483    217.56898470996282      c 
  382.56237748368102    130.85403398456691    220.82635802509733      h 
  377.70431857635003    128.24135394291130    221.57369873414441      h 
  379.95902625010763    124.23538710601436    221.00672815003429      h 
  384.45428920755216    127.06449653940159    220.91957893787801      h 
  381.75194440101228    124.55595392893491    216.70737813563645      h 
  378.96371353391112    126.41892309469232    216.94769158240098      h 
  381.94136077805007    127.89791758946710    216.99655604588906      h 
  400.64940634693943    142.40365646910075    216.20083384252001      n 
  399.59959510164890    141.05069713936689    214.06244201820010      c 
  399.23236335911338    142.86493685083900    211.83416807574082      c 
  398.73798640156991    145.11819533288337    212.13978421805200      o 
  397.09778051177034    139.81824081424060    214.84779824647040      c 
  395.73033688050015    138.55780911504021    212.69959503494164      c 
  396.22235855542999    136.04767588539235    212.10647741609307      c 
  393.90845701608572    139.84755482387888    211.31313570825023      c 
  394.87890651442581    134.82699778822698    210.22579739443077      c 
  392.56177032909545    138.63264259257855    209.42734045261130      c 
  393.02391362697637    136.11161512514732    208.89888107323432      c 
  399.36630511541637    143.14549605003813    217.41849920988668      h 
  400.95037584079108    139.59943021436712    213.46111971440348      h 
  397.53028868001627    138.42759764110045    216.30806942101029      h 
  395.90731675393607    141.28235426348442    215.68325215656472      h 
  397.66919238536445    135.04347045751740    213.13565950471872      h 
  393.53041335487472    141.82190559851344    211.71622278742666      h 
  395.29935453273259    132.87815700338297    209.79829734841593      h 
  391.15027276701198    139.66989158982381    208.37161434752508      h 
  391.93196844494042    135.18071497346656    207.44948309248966      h 
  395.65652261058989    144.08307529182187    205.02425169403540      n 
  393.29498755388698    143.42979193625970    203.83205127162873      c 
  393.26843479668798    143.88342894099418    200.97910636296049      c 
  391.28263011811964    143.94831302690523    199.79192112053343      o 
  391.09342755922660    144.73803763033959    205.13291167613667      c 
  391.13110953785133    147.66734236973829    204.75580828643317      c 
  393.02819295428532    148.59085767442087    203.70908062640484      o 
  389.23249269233526    148.82007259023186    205.54030069262615      o 
  395.93366574973385    145.94780555970982    205.33169778478390      h 
  393.09571816861524    141.36507809027924    204.03871529475776      h 
  389.31158597385689    144.03486270536268    204.37925115508557      h 
  391.14061332132832    144.39154066389779    207.17001456808634      h 
  395.54052412059428    143.88589529584095    199.87249563633932      n 
  395.83828847634157    143.61758582936841    197.17801022251032      c 
  396.73017867528927    140.93859030714964    196.51164829399511      c 
  396.17443912026755    139.93063063084006    194.51349676401441      o 
  397.68827028943002    145.62432920454671    196.13559730646779      c 
  397.01214855642132    148.05714734246141    196.97771461324700      o 
  397.82986711692791    145.47996828624119    193.25708508865253      c 
  397.12132615486922    144.10924319915034    200.92383179069336      h 
  393.96645227801361    143.88662301891051    196.32727933112622      h 
  399.54738034567094    145.29586846418911    196.99428636427047      h 
  395.29157730152656    148.40568103039803    196.47913335372726      h 
  399.16104498594666    146.87407202664002    192.55536970768549      h 
  398.42383864624117    143.60512829368366    192.67877109647532      h 
  395.97403643894302    145.84996403246805    192.45592953616338      h 
  398.17429382755415    139.83450622575884    198.27646612781510      n 
  399.52576432271491    137.51116874353218    197.82444860782567      c 
  398.75097099316019    135.30011561041002    199.51948628423679      c 
  398.94613811372017    133.12343646626087    198.77209930298216      o 
  402.40110532395141    137.91287051299219    198.26199219936248      c 
  402.85641436614270    138.60606223328645    200.79922522048662      o 
  403.48324597602704    139.82866880731044    196.40480226947017      c 
  398.67811444637664    140.86866901820386    199.80240645544748      h 
  399.18052209443016    136.96112178062984    195.86104684449217      h 
  403.33254690649409    136.07956946694952    198.01949038853260      h 
  402.21630674832852    140.31900000370388    201.05047233114288      h 
  405.51139524400577    139.99164978839036    196.67838761212076      h 
  403.08968996551368    139.24327683430693    194.47974663480437      h 
  402.63312126337405    141.67352447193215    196.73270047866382      h 
  398.03750798569843    135.91263532034617    201.86422060161846      n 
  397.56789010491497    134.04767932696129    203.78759370574616      c 
  399.86983007168527    133.41031767804989    205.42357301275570      c 
  399.72254486880257    131.83871666197447    207.10711443212810      o 
  397.89039522238733    137.73207201590637    202.42783979133949      h 
  396.08252456974435    134.73459083691540    205.04386029040631      h 
  396.95738519395184    132.29461531226795    202.87844068167254      h 
  388.53765968231517    131.13993519260447    216.67433439713565      n 
  386.69107490767840    132.10890707529646    214.89680380370086      c 
  386.23308480375749    130.08525126986751    212.84816230368631      c 
  387.95155978830235    128.68922076205618    212.20248840738171      o 
  387.76515583927403    134.44095525212100    213.54275233047619      c 
  388.45922301593231    136.60873254228650    215.32925943416390      c 
  386.19244709438198    137.94528023634277    216.46451413709653      c 
  385.84258133144272    138.06778714640913    218.74336502989567      o 
  384.57370358790553    138.96748274292815    214.78347046791089      n 
  390.32838748418629    131.10708188235452    216.01224111614323      h 
  384.94196498711983    132.55993107054525    215.89608056362817      h 
  389.46957348904226    133.88335504666244    212.51789064499863      h 
  386.36494570533893    135.09297824078837    212.18047485071452      h 
  389.58724854711261    135.92251176874078    216.91266568654143      h 
  389.56497833958326    138.01517067702420    214.29911817166899      h 
  384.99540592522823    139.13684029393102    212.93909368006481      h 
  383.05853613947812    139.92701915668107    215.42015038722565      h 
  383.93292583282965    130.05414343995056    211.81586512390953      n 
  383.39813388107422    128.46812669652510    209.65604679838285      c 
  382.67562677334246    130.14705621137236    207.43545303552915      c 
  381.44580067612890    132.10020220615678    207.70223893653329      o 
  381.35007872730591    126.47788281340738    210.24553086899465      c 
  378.78815479051389    127.68899758825617    210.76792503460942      c 
  381.14347733536403    124.57311749110309    208.09635027457531      c 
  382.56191363721871    131.22645328750522    212.45833698371695      h 
  385.16932648655387    127.48814553954945    209.21701639144510      h 
  381.97746594307552    125.50170848970345    211.95730076836637      h 
  377.41535198715832    126.22714415468269    211.20510568405757      h 
  378.89742097799137    128.99788363241461    212.34887654526199      h 
  378.12654958869547    128.72329091314319    209.11582322490580      h 
  379.72805379203186    123.16479323865882    208.56550970897732      h 
  380.55968675203468    125.50307676391840    206.36040037340229      h 
  382.93694113745551    123.63593356978340    207.74269093120139      h 
  383.59896497309808    129.42282289794542    205.18610394369557      n 
  382.72247555308786    130.63936559896774    202.88270821369008      c 
  379.89450194912007    130.11202572310080    202.69717541679702      c 
  379.04104850990768    127.96600436307487    202.89162395583668      o 
  384.11841912273405    129.52785480029885    200.62783239967646      c 
  384.23145740691882    127.63143863929452    204.95732062749639      h 
  383.03611560462747    132.67992418986410    203.04299204032313      h 
  383.45719865985933    130.38207028170487    198.88405480348874      h 
  386.13009207557411    129.87017958916073    200.82514514569277      h 
  383.80496255337960    127.49322065086471    200.56762089285547      h 
  378.38134677064545    132.09457170967627    202.28307690772655      n 
  375.66885850045793    131.68382324705337    202.38377768009155      c 
  374.91043102381235    129.67936040033163    200.42998751476964      c 
  373.24060697903008    128.13892946647027    200.85717346055270      o 
  374.27524085804447    134.17593382470744    202.01409768930739      c 
  374.46342600058063    135.76028353826089    204.41877493639845      c 
  374.29892241514688    134.81618787719640    206.51579047274254      o 
  374.87025389734248    138.23009026805121    204.03383841852920      n 
  379.06483413346223    133.88978972717007    202.27197342266751      h 
  375.15737367588321    130.91891193434881    204.25024478886340      h 
  375.04345382112604    135.20870118171746    200.40891958754992      h 
  372.26593491885882    133.82822868314486    201.69254148241367      h 
  374.78947608160638    139.45220033434543    205.51632284652595      h 
  374.73367709753819    138.97153807138275    202.28424363492113      h 
  376.21441465436368    129.78191490711450    198.27355850835315      n 
  375.88866539975663    128.08156760194117    196.14760635065841      c 
  375.93059969602626    125.27820050033895    196.86621969848062      c 
  374.91174549545087    123.71826313095920    195.49984940490452      o 
  377.98455049410103    128.54475983435117    194.22339787012012      c 
  377.54001226904575    131.14085838609165    198.08275541488689      h 
  374.04292011584175    128.43714723512494    195.26994640000217      h 
  377.72572546239047    127.28320635263127    192.62587544238013      h 
  377.91920262068709    130.48780643257422    193.55909051156132      h 
  379.81735741214578    128.15931018275427    195.07513002429471      h 
  377.17390372764697    124.62672578050690    198.96340987422630      n 
  377.33858434317455    121.99749371845647    199.69539500374603      c 
  374.78942636707404    120.95224230648158    200.53429323984938      c 
  374.34774782442463    118.67390598605843    200.40002620860921      o 
  379.29724705592986    121.68283991473861    201.77970791110715      c 
  382.01493913646254    122.23219527214756    200.70400047840303      c 
  383.43254174640845    123.53546580780890    202.05119728992136      o 
  382.51044592940372    121.30231297807468    198.60191910703043      o 
  378.00568906872530    125.90028694808240    200.12092216868882      h 
  377.97600917582889    120.90165057999658    198.04810379909372      h 
  378.93136001422289    122.97612838559995    203.33689147602450      h 
  379.29078111141814    119.74250295109054    202.47420448414582      h 
  373.16507502249817    122.62442234592621    201.49499122090018      n 
  370.55812168912934    122.04626491886671    202.12301249358299      c 
  370.28634601437716    120.44912764864463    204.50809440205350      c 
  368.33929320942480    119.25825903894662    204.90793075386500      o 
  369.12174386650707    120.73551307684689    199.96157329398471      c 
  369.12774804023138    122.19318004462249    197.46477616196134      c 
  367.40106392761476    120.85218769566933    195.57520927222006      c 
  368.22717539223061    124.90362374566133    197.83971083791468      c 
  373.57725144103892    124.49118493546000    201.34117704150779      h 
  369.64980880433149    123.85852955983029    202.54079007986851      h 
  369.95910543340432    118.87930296173347    199.68254914241783      h 
  367.17821470030668    120.48761142154899    200.60014527683975      h 
  371.04800593302144    122.23939230703151    196.70169461382375      h 
  367.38078904656641    121.87953240054193    193.79897472068245      h 
  368.04443744256889    118.94326462025221    195.18521284210135      h 
  365.47893828090804    120.76845932098443    196.29632706968553      h 
  368.08032161793955    125.83622815878370    196.02262673135274      h 
  366.38291645884408    124.91835106671061    198.74349629252777      h 
  369.54148972538997    125.99093261169234    198.98416950021627      h 
  372.17568084860642    120.47189620846520    206.18113376735050      n 
  372.13484312213268    118.86108056306124    208.40060265288045      c 
  369.43931960889631    118.43169896000444    209.36837479089712      c 
  368.58650765926717    116.30287058517972    209.62663772022253      o 
  373.77848592719198    120.03392752137536    210.52723022603050      c 
  376.18154502765299    120.69435967599969    209.58727469714026      o 
  373.98403221824009    118.22978928573008    212.75927226993846      c 
  373.80161571360799    121.42485627084582    205.86534850590519      h 
  372.89941201744011    116.99310439832583    207.90323886574419      h 
  372.89767739093702    121.81516479525217    211.12274264298509      h 
  377.33706504470734    119.31992005854524    209.92903027409002      h 
  375.10112178762182    119.10141212360486    214.24663990795827      h 
  372.12664976004453    117.77987020889751    213.50667383212954      h 
  374.89207795040176    116.48052118547197    212.16939773205675      h 
  364.33279645425432    115.52121518014587    204.76833173273545      n 
  364.98654677583841    112.89714788367891    204.34187625050254      c 
  364.40475207456950    111.28036771780405    206.65618006714803      c 
  363.37134581501107    109.20753079865904    206.40324299158283      o 
  367.76354445597303    112.63795841945287    203.58869855386453      c 
  368.16866898324395    113.30028698644384    200.80645221395193      c 
  370.98140617758219    113.37684740383591    200.16287856435858      c 
  371.39378793034308    113.91762280374634    197.36013614625091      c 
  374.04921899818601    114.71836671968860    196.93168069240164      n 
  365.75531402426481    116.80610811621044    204.82993299523113      h 
  363.77420612121546    112.15683434715241    202.82768750210471      h 
  368.88099695667199    113.87816920836697    204.79991381678045      h 
  368.36442528633978    110.69624861620093    203.92936330049406      h 
  367.22633152887187    111.88770234495716    199.63938820538132      h 
  367.32481581049046    115.13854478006104    200.41632226808085      h 
  371.87495460443637    114.87020480925428    201.26939175485359      h 
  371.84670038315704    111.58139874717973    200.68118100029469      h 
  370.98526799734367    112.25030730232059    196.22067117793384      h 
  370.15667490228134    115.45158362436058    196.75447020210203      h 
  374.34058295569997    115.22620938851379    195.07965140187622      h 
  374.44026021261766    116.27092054994957    198.10243312987410      h 
  375.27487277609021    113.28804577373563    197.40608253555718      h 
  361.11233501851535    140.45919361406422    208.30224438877062      n 
  361.16514947788954    141.62717169819430    210.76936528470631      c 
  363.34944698851950    143.54946925837291    210.80003131483770      c 
  364.55900216101503    143.97667943497800    208.87218227650223      o 
  361.27398669039559    139.63927248215467    212.89986993583210      c 
  359.69508007883792    137.33737202842013    212.15800472529753      c 
  360.61771862041087    135.44875428339455    211.15942963629996      o 
  357.23564255066441    137.50698612219279    212.67873844805803      n 
  362.53996898298317    139.28111758430435    207.80297474290563      h 
  359.38826374927754    142.70507960376077    210.87451114036912      h 
  363.21727197007675    139.01277700840737    213.16743493002704      h 
  360.53163428866924    140.42337663829321    214.64976066809825      h 
  356.09269233829133    136.05680109270003    212.19078593966793      h 
  356.45849671544846    139.07522651937083    213.42394617580507      h 
  363.77034105679445    144.77465725605822    212.99084224102904      n 
  365.15747642198386    147.14333138899431    212.99548976178608      c 
  367.77914088069468    147.08102938512513    211.75527780539929      c 
  368.69082318805613    149.09812622352669    211.07206244916875      o 
  365.35357493649673    148.31289663354013    215.67170149204824      c 
  365.03599293930358    146.52008873680626    217.92083369908980      c 
  366.96583510051056    144.36517457250525    217.97241898584230      c 
  366.28046216555111    142.28005042393545    219.84192605271815      c 
  366.29913375964043    143.22492315939652    222.49731542092346      n 
  362.46416313429648    144.59428731858208    214.37130043626593      h 
  364.14282491711759    148.49794175528254    211.78381820791017      h 
  367.18581769707941    149.25080529669773    215.77708973189817      h 
  363.91304700356926    149.77923569334783    215.82900088639485      h 
  365.24303486718230    147.71400885536917    219.58822658460420      h 
  363.12291363823914    145.74993982734634    217.92231291854833      h 
  367.07549671144227    143.49944342525225    216.10855775473044      h 
  368.84497943713609    145.10687469563601    218.37774087457953      h 
  364.40244584224956    141.54688753443412    219.41927792248669      h 
  367.64137983877089    140.74212320820439    219.65761359133234      h 
  365.93203442604471    141.77211052984401    223.74273840432977      h 
  368.04852022647384    143.96953079068439    222.92331925222942      h 
  364.95027966772426    144.61372269775919    222.72050898011000      h 
  369.04611493528654    144.89714769357246    211.57619327217503      n 
  371.57649457102519    144.78286970116594    210.55724193042613      c 
  371.78420597665138    143.16548203431873    208.17453508754326      c 
  373.86136403915015    142.50118057831889    207.35863812874348      o 
  373.41326802383765    143.72449477496446    212.51162315686054      c 
  372.68372434465533    140.94476390330908    213.13998314836886      c 
  371.11590535315145    139.93101711135509    211.67985125796977      o 
  373.65537731742296    139.97014835501435    215.03374736113946      o 
  368.30088524136511    143.21327429734981    212.07273801920365      h 
  372.10818047869253    146.72107141962223    210.04116682375960      h 
  375.31823232086731    143.65884206381051    211.72213036327375      h 
  373.45590788387244    144.84250457984533    214.24014213630420      h 
  369.63433605631502    142.76821894141861    206.88934428966206      n 
  369.61601160620552    141.25577451948712    204.63426037675922      c 
  369.09351361545657    138.43828673722678    205.03509924897381      c 
  368.76187619702330    137.05255868761253    203.20490715001623      o 
  367.94645002224775    143.18192009951449    207.69585785035437      h 
  368.18601156500949    141.96057176852233    203.32872523679495      h 
  371.45582409588047    141.45205995189590    203.71937816866887      h 
  368.94188709299414    137.65666350534414    207.42509116529308      n 
  368.10199397759459    135.11744528591424    207.97599286768295      c 
  365.57133069077838    134.76027748849222    206.63381459928951      c 
  364.18679017726498    136.56592615997900    206.19937311932114      o 
  367.74615561976344    134.77520750457040    210.84067412307175      c 
  365.78694440063435    136.26317309232073    211.80953193925984      o 
  369.59002988185853    138.70172049116397    208.90290500502613      h 
  369.47941699289953    133.71812703686473    207.30224693309762      h 
  367.45984129193306    132.76191300548328    211.25771627544995      h 
  369.47234972190608    135.41128038891921    211.78504514479707      h 
  364.14391533491067    135.55414613375490    211.33115443112578      h 
  364.96794664400358    132.39954009626189    206.00616647812873      n 
  362.58872614688698    131.82567192872196    204.78091568787369      c 
  361.40948845118555    129.53369905634270    206.07589803216413      c 
  362.53030866840345    127.53784200364167    206.40860046688326      o 
  362.93262060788481    131.44988734682212    201.90551995885085      c 
  360.39071131457916    130.72861898657550    200.72136028955592      c 
  364.99717934270268    129.52177380089989    201.35123620391397      c 
  360.44893618614680    130.78874801309490    197.84274236538434      c 
  366.04604989224219    130.92861078592077    206.56004186366587      h 
  361.35805000634383    133.45949524380546    205.08954324473430      h 
  363.53382168330512    133.28269895724546    201.14910809829584      h 
  359.86071271259846    128.84331431872187    201.37370146479839      h 
  358.96295112322099    132.05265395474478    201.40929861177332      h 
  365.17494327779696    129.22819027918925    199.33144542945780      h 
  366.80977290804219    130.19485321175745    202.05090079494346      h 
  364.57080067064862    127.73504343988630    202.27063967790301      h 
  358.55489435940615    130.53634185509031    197.09594175399752      h 
  361.17986661237109    132.59388019129923    197.19401908483368      h 
  361.64516050103896    129.29544029839832    197.10689649608148      h 
  370.18157364471784    138.22755761575999    188.17483767518658      h 
  379.85036190651886    126.81161571871021    225.69191829973951      h 
  401.62518105766679    141.35210957666624    217.11443923856442      h 
  399.39283705633915    142.22926389183843    210.06181589700208      h 
  395.75320709831715    143.32698685672926    206.54462808171314      h 
  401.51704740128105    134.28479899457508    205.11857848955944      h 
  388.54378713287872    132.10947587751596    218.07165872868384      h 
  368.34418597314635    119.90964653980029    209.80129214452640      h 
  363.30595864871447    116.05990017598263    203.52415145276652      h 
  364.86155955851166    111.90121603486894    208.38156073618885      h 
  359.70646950210977    139.51399507340886    208.15156644901938      h 
  359.62916122113791    129.61554453530374    206.70422950109383      h 
  -0.3285187923787D-01   0.7905797654596D-01  -0.7543156534796D-01
   0.4075900933548D-02   0.8360357756188D-02   0.2628219988086D-03
   0.7121332490167D-02   0.1136357614083D-01  -0.3086572124429D-03
  -0.1796288892593D-02  -0.4068576169425D-02  -0.2793649979648D-02
  -0.1153542769056D-02  -0.2845703381865D-02  -0.5935300713083D-02
   0.1965285335991D-02   0.1624003649231D-02  -0.5260902729478D-03
   0.5041298507185D-03  -0.3035521905638D-03  -0.1253873965637D-02
  -0.5472008927094D-02   0.1302978624556D-02  -0.1478183383946D-01
  -0.3770132206078D-03  -0.2928497269314D-03  -0.3125842799200D-02
  -0.1385385049114D-03  -0.2576837114555D-03   0.5972193643155D-04
  -0.2014260585599D-03  -0.4772765295379D-03  -0.1848626419153D-02
   0.1198368232944D-03  -0.2428283189168D-03  -0.2929017286943D-03
  -0.8608012956364D-03  -0.2421138948759D-03   0.4178209143039D-03
   0.5698388064012D-04   0.3229069188159D-03   0.2319956000413D-03
   0.2051561888022D-03  -0.6982367593911D-03   0.3787796459683D-03
   0.3890887399228D-03  -0.1151627011895D-03  -0.7429187709225D-03
  -0.3713804879496D-02  -0.4919161204350D-02   0.1642178598237D-02
   0.1110253450658D-02  -0.7232773609018D-03  -0.1056171954307D-02
  -0.3068025625230D-02  -0.5773758287370D-03   0.2893219830087D-02
   0.2833956011413D-02   0.2274654667938D-02  -0.2911697472103D-02
  -0.1641118245117D-02  -0.7735586432796D-03  -0.6223276021770D-03
   0.1379930386392D-03  -0.1347940852572D-02   0.1698853492690D-02
   0.3241279792217D-03   0.8361693841498D-03   0.1572687789554D-02
   0.2938594035659D-03   0.1448148248965D-03  -0.1222841651412D-02
   0.1777604755201D-03   0.1215394550657D-03  -0.5596114259836D-03
  -0.1830777684929D-03   0.5330792700753D-03  -0.1124593590891D-04
   0.3132468688164D-03   0.1658214364173D-02  -0.1666490272117D-02
  -0.4996538553179D-04   0.1502135484362D-03  -0.2052457210052D-03
  -0.1517642980639D-03  -0.3752732632158D-03  -0.4996248172222D-03
   0.1915298508936D-03  -0.7675698563952D-03  -0.7339199526690D-03
   0.1908627403854D-04  -0.1278112023806D-03  -0.2900511633170D-04
  -0.6596197979302D-04   0.3010542602422D-04  -0.6428195631157D-04
  -0.4435052348529D-04  -0.5079099249920D-04  -0.8684512027523D-04
  -0.2112391722463D-03   0.1248500607559D-03  -0.3975874938368D-04
   0.4191144373434D-04   0.1855389849351D-04  -0.5612796350480D-04
  -0.2177546055836D-03   0.2092276155413D-03  -0.1428146967857D-03
  -0.1456318072408D-03  -0.1065056839025D-03  -0.1480991613241D-03
  -0.3840988825437D-04  -0.3610054843539D-04  -0.3138488855539D-06
  -0.3340209004560D-04  -0.6744631941963D-04  -0.3130626316790D-04
   0.8079868184148D-06   0.1278461916441D-03  -0.4059508296020D-04
   0.1018533570628D-03   0.2192142847892D-04  -0.1047100030948D-03
  -0.5069500617710D-04  -0.1154263787636D-04  -0.8931013793551D-04
  -0.1352953522314D-03   0.4971796118024D-04  -0.8796981156704D-04
  -0.2069500723612D-03   0.7953530576852D-04  -0.2939218248113D-04
  -0.2129613932630D-03   0.9689559299821D-04   0.1161135527801D-03
  -0.3325196350051D-03   0.2369032027329D-03   0.4378008048469D-04
  -0.3369879207267D-03   0.1429160336681D-03   0.2409732266215D-03
  -0.4855452091951D-03  -0.3552560886089D-03   0.7167988069976D-03
   0.1836681299482D-02  -0.2403033663205D-02  -0.2138290404735D-02
  -0.1387845485615D-03  -0.1359044510117D-03   0.1471572456476D-03
  -0.7005171956760D-04  -0.8868181411620D-04   0.6182618540387D-04
  -0.2795600413287D-04   0.6492662946887D-04  -0.9133762558577D-04
   0.1042904207747D-03   0.3226222960245D-04  -0.9446415690698D-04
  -0.2992693174319D-04   0.7199531919194D-04   0.5265443180656D-04
   0.7236152605333D-04   0.1198145894976D-03   0.8825451192775D-04
  -0.1325724999186D-03   0.3478851434288D-04  -0.8543785189496D-04
   0.1945483682452D-03  -0.2274073546113D-03  -0.1470525697623D-03
  -0.1177178199233D-02   0.2675999704506D-02   0.9741684515177D-03
  -0.8587466179381D-04   0.3346776866944D-04  -0.7484132372025D-04
   0.3719798769627D-04   0.4735774232963D-04  -0.9603938328124D-06
   0.4802984061885D-04   0.1343269511842D-03  -0.1372069554728D-04
   0.1725800317713D-03   0.8162585546394D-05  -0.1376397001245D-03
  -0.1444114181692D-04   0.7174033584991D-04   0.9458118911938D-04
   0.6744233308695D-04   0.1020585076304D-03  -0.1089874033336D-03
   0.3167809765757D-04   0.5417992079124D-04  -0.2665829917160D-04
   0.1432044870206D-03  -0.5376656307407D-04   0.2001818776754D-03
  -0.1354427110601D-03   0.2287109136952D-03   0.2580567126405D-03
  -0.7881557656663D-04   0.8415094130513D-04  -0.1343682735480D-03
  -0.5864415163995D-03   0.9201647887506D-03   0.5574663012248D-03
  -0.3915481547128D-03  -0.3167432651950D-03  -0.1224079902318D-02
   0.7396130987321D-02  -0.4848340633077D-02   0.4311064711664D-02
  -0.5695335638362D-02   0.6550794661259D-03  -0.5832073264664D-03
  -0.1025447167112D-02  -0.1101552276969D-02  -0.1218872198456D-02
   0.1651274439149D-02  -0.9407187688905D-04  -0.6407840901658D-03
   0.8131122104684D-04   0.1025888780530D-02   0.1293679294773D-04
  -0.2464550576467D-03  -0.5587722823875D-03   0.1311476472394D-02
   0.1214402705336D-02  -0.1591492628367D-02  -0.1150608757135D-02
   0.2022839016326D-03  -0.3864558928197D-03   0.1480787539533D-02
   0.3350263155514D-03  -0.3486901873077D-03   0.4631470283510D-03
   0.1417682958714D-03   0.5218015231631D-03   0.2981498021409D-03
  -0.6227805501230D-02   0.3145120286131D-02  -0.9096534278257D-03
  -0.4462310264171D-02   0.4982820896551D-03  -0.8818468232495D-02
  -0.3717560053760D-01  -0.6763553931758D-01   0.3203112723308D-01
   0.9932386855295D-02   0.8548807146320D-02   0.1204857230404D-01
   0.1487686779820D-03   0.4800808200580D-02  -0.1454574425948D-02
  -0.8956084080084D-03  -0.8792981754526D-02   0.2242298687766D-02
   0.1539438765454D-02  -0.1166069649998D-02  -0.2280609568026D-02
   0.2826197132739D-02  -0.1330123235532D-02  -0.1220623007675D-02
  -0.6601285499645D-03   0.1117500033300D-02  -0.1043657119099D-02
  -0.7435434760253D-03  -0.1815478320506D-03  -0.4220762806806D-03
   0.6404206165124D-03   0.9398885209304D-02  -0.5225085317657D-03
  -0.1639279548854D-03  -0.9498577762049D-03   0.4522293088994D-03
  -0.7886542107613D-04   0.4392139632555D-03   0.9401671407040D-03
  -0.3631103765235D-03   0.6622068686477D-03   0.2350941712004D-02
   0.6446483926949D-01  -0.8028032131806D-01   0.6256795634711D-01
  -0.2701132888609D-02  -0.1023004677075D-01   0.4617204304205D-02
   0.1710297621542D-01  -0.5749906228766D-01  -0.8061818320770D-01
  -0.5453399859896D-02   0.2744695827656D-01   0.2030207405519D-02
   0.8244122637902D-02   0.5689479889154D-02   0.5821670382447D-02
   0.2031290572973D-02   0.9050372959328D-03  -0.2529897325947D-02
  -0.7001093530816D-03  -0.4443247927710D-03  -0.4778894856170D-03
  -0.3602666960697D-04  -0.1323899887843D-02  -0.4426715243343D-03
  -0.1283033910505D-02   0.4171386203876D-03   0.2781290758351D-03
  -0.2185347813603D-03  -0.2179255960129D-02  -0.8405426797184D-04
  -0.1460005353881D-03  -0.2997297678601D-03   0.1329963660042D-02
   0.4966000054626D-02  -0.3252088422020D-02   0.9911183374101D-02
   0.1192343602651D-02  -0.1155438544157D-02   0.4959239534904D-03
   0.6641389960502D-03   0.9333477087854D-03   0.4299900163440D-04
   0.1447871378094D-02  -0.6874702724842D-03   0.1701949316559D-02
   0.8358787892006D-03   0.7419894248614D-03   0.6893208664808D-04
   0.8159096872191D-04   0.1267840778235D-02  -0.2326182948814D-03
   0.8773904733108D-03   0.4393554962765D-03   0.2192505105022D-03
   0.6889675346420D-03   0.1258517016466D-02   0.7752623839191D-04
   0.6262430140377D-03   0.6583998120102D-03   0.1456676058464D-03
  -0.1925012541700D-01  -0.4761833768217D-01   0.1193871962695D+00
   0.7955580754597D-03  -0.6105288914956D-02  -0.3153766307393D-02
   0.8671565406544D-02  -0.7275905200362D-03  -0.8052529539236D-02
  -0.2472808133800D-02  -0.2574481441651D-03   0.7886620039375D-03
   0.7146476064611D-02   0.3921007244561D-03   0.2340979956686D-02
  -0.5559550139797D-03   0.3346964424033D-02   0.3577403439925D-02
   0.1424395648197D-02  -0.2522163101193D-02  -0.8341918125400D-03
   0.3435680697571D-03  -0.1755210880497D-02  -0.9880156661251D-03
   0.8834247056870D-02  -0.6882872063748D-02   0.9248155581789D-02
   0.2527855435167D-02  -0.4026935884934D-03   0.1041615238431D-02
   0.2378939202753D-02  -0.9831859944602D-03  -0.1231405656730D-02
   0.9379027351038D-03   0.9240972493027D-03   0.3070947345039D-04
  -0.5354175445446D-02   0.2162697648160D-02   0.1901116811044D-02
   0.7246622224995D-03  -0.3488745626308D-03   0.7894584483710D-03
   0.6701228624560D-02  -0.1119066849594D-03   0.9181971071141D-02
  -0.2056919806616D-02  -0.1401198183405D-02  -0.3952191569240D-02
   0.3853237040792D-03  -0.1232731772418D-02   0.5112115116648D-03
   0.5578386199449D-03   0.1097242571995D-02   0.2478539805910D-03
  -0.8333981133929D-03   0.4785195336670D-03  -0.7615675140006D-03
   0.6427850941586D-02  -0.3626676597162D-02  -0.4891947078587D-02
  -0.8250456033537D-03   0.2881654775464D-03  -0.3732552608240D-03
  -0.7190657222918D-03  -0.9303021505552D-03   0.2080848868978D-02
  -0.1650134285198D-02  -0.5696236380377D-03  -0.3982860356404D-03
   0.3509854353517D-04  -0.3663144403413D-03  -0.1618986535706D-03
   0.5454093265847D-05  -0.3851458084769D-04   0.9126082496999D-03
  -0.4371674999596D-03  -0.1298751263525D-03   0.1901605597500D-03
  -0.4747756685702D-02  -0.2536057731503D-03  -0.1272750719882D-02
  -0.3546106890284D-04   0.1685145504551D-02  -0.2653522533205D-03
  -0.2861521911323D-02   0.3397585822930D-02   0.6232110942503D-02
   0.1164683523832D-02  -0.3157951305638D-02  -0.2249495508715D-02
  -0.2660573640848D-02   0.1436013491635D-02  -0.2009990084888D-02
   0.4830674053579D-02  -0.6364465855469D-02   0.2148654849392D-02
   0.5958441129495D-03  -0.1373059652525D-02  -0.1579702270138D-02
   0.2216070017879D-02   0.1787891823208D-02   0.2289751978389D-03
   0.9390663361104D-04  -0.3400098151767D-04  -0.6421867000041D-03
   0.5320823917664D-03  -0.6795963057465D-03  -0.4537617088328D-03
  -0.7658836328415D-02   0.6843402081972D-02  -0.6103900810836D-03
   0.1068424232337D-03   0.6896279219997D-03   0.3773188066716D-03
  -0.6199700009311D-03  -0.3113128547282D-03  -0.6849700857351D-04
   0.2054348692940D-03  -0.3620871857843D-03   0.1740343347099D-02
   0.2403544039337D-03  -0.3859523938102D-02  -0.7235150048626D-02
  -0.8666927877310D-02   0.4239008916195D-03  -0.4518464460202D-02
   0.7253588163767D-01   0.5113974339899D-01  -0.2689145379362D-01
   0.9390608637971D-04  -0.1284579184917D-01   0.1365232319745D-01
  -0.1623812949185D-02   0.1964562939530D-02   0.3214602747311D-02
   0.1877199272581D-02   0.2474826447186D-02  -0.8780603219941D-03
   0.6481486685632D-03   0.5183324613230D-03  -0.3619795586555D-03
   0.4238783349090D-02   0.7860157544505D-01   0.9234702172751D-01
  -0.1176810703646D-01   0.5363206251372D-02   0.5637012633166D-02
  -0.5744827781053D-02  -0.5734441976823D-02  -0.7168468423017D-02
  -0.1513238150476D-02   0.1817704113522D-02   0.3909646842483D-02
   0.4782068617060D-02  -0.6917611585374D-02   0.5063235264957D-02
   0.7059534312972D-03  -0.2704244733417D-02  -0.1645193609420D-02
   0.3295153873813D-02   0.1192384357263D-02   0.6265864592530D-03
  -0.6975188381673D-03   0.5967753096029D-03   0.2024047043161D-02
  -0.2598492565344D-02  -0.2669173347098D-02  -0.1820881220033D-02
   0.1917982319903D-02   0.3515853219461D-02   0.1096915131656D-01
  -0.4475325805197D-04   0.4713631289950D-03   0.1631227514967D-02
   0.8885795921363D-03   0.1234592609267D-02   0.3855512758579D-03
  -0.1596632870477D-03  -0.8139026930125D-03   0.2446919288817D-02
  -0.1689081751919D-02  -0.9934016582736D-04   0.1347949925127D-02
  -0.2202681304405D-03   0.9200514757338D-03   0.7836167013194D-03
   0.1836735305676D-03   0.1524072874190D-02  -0.5388529913788D-03
   0.8508877830616D-03   0.6027671643491D-03  -0.7043078416567D-04
  -0.7107179909990D-04   0.1366687882672D-03  -0.5033854774891D-04
   0.1780629713428D-04   0.4915115581660D-04   0.9651079998063D-05
   0.1879554301964D-03  -0.2738849173544D-04  -0.2740507472562D-04
   0.2128247385793D-03   0.3562617816592D-03   0.1216416890608D-03
   0.1330393779444D-03  -0.4869367553417D-04  -0.4145662604201D-05
   0.1595914768870D-03  -0.7792949201464D-04  -0.1241911226605D-03
   0.2445371572610D-03   0.2467339899983D-04  -0.3614212150512D-04
   0.4407626265879D-04   0.2419247724387D-03  -0.1436973554071D-03
   0.2342322143800D-04   0.8771833839634D-04  -0.7276161154400D-05
  -0.5593675384016D-04  -0.1791958119468D-03  -0.5857920200975D-05
   0.1463745082769D-03  -0.1341943518004D-03  -0.1776091407939D-03
   0.1703509363541D-03  -0.1239111651148D-03  -0.1166783805783D-03
   0.2706773945918D-03  -0.1311814313076D-03  -0.1741263883187D-03
   0.2181272554534D-03   0.4510508128980D-04  -0.2002958904082D-04
   0.2730868081519D-03   0.6228686807733D-04  -0.1740671137255D-04
   0.2718223415009D-03   0.7338246752455D-04   0.1715570674909D-04
   0.5622828617654D-04   0.1959956660182D-03   0.4341643394351D-04
   0.1580671485048D-03   0.1408601770992D-03  -0.4049606843199D-04
   0.1510429453279D-03  -0.3416204528791D-03  -0.5303060256639D-04
   0.5158365710734D-03   0.3216507821657D-04  -0.2215709663254D-03
   0.1152138636288D-03  -0.4887319477563D-04   0.3031367817854D-04
   0.7918190805417D-04   0.1740779379448D-03  -0.7922173639756D-04
   0.7753978301203D-04   0.1610833480384D-03  -0.1016363147547D-03
   0.8882159150294D-04  -0.1927353455312D-03  -0.2049245178625D-04
   0.1501169686170D-03  -0.1862492468933D-03  -0.6215480061558D-04
  -0.4004851626922D-04  -0.4890922660442D-04   0.2634828638410D-03
   0.1152225934117D-04  -0.1390918835314D-03   0.1658198345580D-03
   0.7771918839884D-04  -0.3151334939084D-03   0.2345052529747D-03
   0.1211084874078D-03  -0.1036072314447D-03   0.4745689362874D-04
   0.4924477459366D-05  -0.1563581194223D-03  -0.4958381378880D-04
   0.7564222518035D-04  -0.3118173294205D-03   0.2836331331336D-03
  -0.3437718045739D-04  -0.3449438225006D-03   0.3171535382918D-03
  -0.1245056122693D-03  -0.3572086890616D-03   0.2484031621242D-03
   0.9010417932237D-05  -0.3131565680954D-03   0.4070197498802D-03
  -0.4176482035868D-04  -0.1795529510714D-03  -0.4593552008294D-03
   0.1157881519674D-03  -0.4387927289899D-03   0.1861372904557D-03
   0.2259646843471D-03  -0.3543490782537D-03   0.3354603201500D-03
   0.1194359180699D-03  -0.3781461366456D-03   0.7482343691186D-04
   0.2243461538049D-03  -0.4358451324534D-03   0.5282775276610D-03
   0.1178181512586D-03  -0.1296145763701D-03   0.4839714621183D-03
  -0.1056718802375D-04   0.5703113660080D-04   0.5953997432620D-04
   0.5312336725486D-04   0.6412852867074D-04   0.4351383154665D-04
   0.2505834685093D-05  -0.1110210296288D-04   0.2814309620586D-04
   0.1792943240391D-03   0.7419877526950D-04  -0.1927258876045D-05
   0.7435355023838D-04  -0.9064547557364D-04   0.7602079860866D-04
   0.1323544794721D-03  -0.8614498494074D-04   0.8086826688201D-04
   0.1104353797352D-03   0.1899136968404D-03  -0.8622969062149D-04
  -0.4459805926823D-04  -0.9391316829334D-04   0.1140834117988D-03
   0.2106814605654D-03  -0.6379378593647D-04  -0.3677008548429D-04
   0.4021432433480D-04  -0.1460500648881D-03   0.1037472862430D-03
  -0.8256947127656D-04  -0.6531750428223D-04   0.1288713970081D-03
  -0.6821025871432D-04  -0.9435763243026D-04   0.7207122587369D-04
  -0.5071892213679D-04   0.3213807912261D-04   0.6500588305267D-04
  -0.1397178220750D-03  -0.1955689829656D-03   0.9466362657850D-04
   0.3304792732860D-04  -0.8017394795802D-04   0.6007664289145D-05
   0.1948337012301D-03   0.4119256909887D-03   0.8103851688209D-03
  -0.1943116185443D-03  -0.4838601944591D-03  -0.4163150398900D-03
   0.5541652081828D-04  -0.4559365352244D-03  -0.5193669335335D-03
   0.2164649265759D-03  -0.2101188335533D-03   0.1119325969287D-03
  -0.2747180578327D-03  -0.1150227631051D-03  -0.3940532094271D-05
   0.3699228519697D-04  -0.3623171731838D-04   0.7753843083446D-05
   0.6012049491343D-04  -0.2797084011728D-04   0.1206144421756D-03
  -0.7272610809828D-03   0.9478719865620D-04   0.1316932860333D-02
  -0.3742803733301D-03   0.6996194352108D-04   0.9756274960078D-03
   0.2107179953589D-02   0.9555749317228D-03  -0.2443214815807D-02
  -0.4476061203930D-02  -0.2412756058826D-02  -0.3921996136980D-02
   0.3040072060165D-03  -0.5707232401356D-03  -0.4558593045140D-04
   0.1776234115935D-03   0.9310300892552D-03   0.1355080509768D-04
  -0.2397884041565D-03   0.2435849650372D-03   0.1039518741563D-02
   0.2526096086001D-04   0.7307915220935D-03  -0.4466971573002D-04
  -0.1038496133129D-02   0.1131286783820D-02  -0.7167480364373D-03
  -0.6204140101189D-04   0.6707726511406D-03  -0.5484977601225D-03
  -0.1698134085818D-04  -0.7070556500737D-04  -0.1612066198156D-03
   0.1888823667999D-03  -0.2467285593201D-03  -0.1004763421942D-02
  -0.4355740290356D-03  -0.5816913126654D-03   0.6964923374555D-04
  -0.8832798177057D-04  -0.6334611072192D-03   0.4113546329077D-03
  -0.1714264644700D-03   0.1087670665779D-03  -0.1138464704798D-02
  -0.3282283517079D-04  -0.9385589473070D-04  -0.3872651535559D-03
   0.6100586525805D-03  -0.1652513362190D-02   0.2112957237688D-02
   0.1152281558162D-03   0.9467539909536D-04  -0.9793318052849D-04
  -0.3427009785680D-04  -0.5798889923943D-03   0.4310764017234D-03
  -0.1588283114744D-03  -0.1036780543360D-02  -0.5727094696227D-03
   0.3953244870504D-02   0.2619358375554D-02  -0.4017060522332D-02
  -0.3057657968932D-01   0.7907684355746D-01   0.2821568104327D-01
  -0.1100410575094D-01  -0.1268059155606D-01  -0.1795042994988D-02
   0.6192585445195D-03  -0.1923457600670D-02  -0.1588882866180D-02
  -0.1576545708099D-03  -0.6150129339802D-04   0.9039672924643D-03
   0.2713773386705D-03   0.2192619022154D-03  -0.5357226091356D-03
   0.1266796402963D-03  -0.5874237363391D-03  -0.2451646499768D-03
  -0.7595514033575D-03   0.8268762218143D-04   0.5208746100529D-04
   0.1158276006800D-03  -0.2731328988533D-04   0.1059112948724D-02
   0.4430466967545D-03   0.4597402714366D-03   0.1635867378030D-02
  -0.1671641979636D-03  -0.6899454222482D-05  -0.4837615122651D-04
   0.4078516627884D-03  -0.1634436224378D-03   0.1909336185608D-03
   0.3609206038118D-03  -0.7297419405674D-05  -0.2457800187813D-03
  -0.6559711552360D-01   0.3136760254784D-01  -0.9332545433095D-01
  -0.6705555755997D-03  -0.4794708970560D-02  -0.3488496591762D-02
   0.2949764035170D-01   0.4799743778175D-01   0.7710068040000D-01
  -0.1194965266371D-01  -0.2184120247469D-01  -0.4425111779664D-02
  -0.5680892131289D-02   0.8584517249415D-02   0.9541714763450D-03
  -0.6944733427652D-03   0.9453874584870D-03  -0.1181596083004D-02
   0.2210536369961D-03  -0.5267166828922D-03   0.7735510452201D-03
   0.9692041519384D-04  -0.9193124692895D-04   0.2733705339107D-04
  -0.7182063509010D-03   0.7320004175306D-04   0.7387012744980D-03
  -0.5717611418114D-02   0.1160320097387D-01  -0.7430554988113D-02
  -0.1955459938074D-02   0.2764986779668D-02  -0.3010076049194D-03
   0.1378664621414D-02  -0.2686811374147D-03  -0.2829815440511D-03
  -0.2141118634664D-02   0.1517158480982D-02   0.1576358126352D-03
   0.6165829688679D-03  -0.1470783733973D-04   0.2863031974126D-03
   0.5043382770791D-04  -0.3565008556180D-03  -0.4039601320652D-03
   0.3353316588983D-03  -0.5995711300593D-04  -0.2971802191346D-03
   0.1966907956176D-03   0.7830885689962D-04  -0.1552537283070D-03
  -0.8260846494931D-04   0.2025528720709D-03  -0.2793616194660D-03
   0.9903332495311D-04   0.8416682656643D-04  -0.6550196870272D-03
  -0.4603171121004D-03  -0.4835460384125D-03  -0.6794299938323D-03
  -0.2343514209038D-03  -0.6220973638213D-04  -0.7332821625560D-04
  -0.1972226353963D-03  -0.3625331818156D-03  -0.2618757995199D-03
  -0.9888759934580D-01  -0.7262054907905D-01  -0.1438531225431D-02
  -0.6292862547625D-02   0.4258901243173D-02   0.7205684950360D-02
   0.2454352778153D-02   0.5121202057297D-02   0.1046325030674D-01
  -0.1582893734098D-02  -0.9039378986034D-04  -0.5819287246121D-02
   0.1205282889388D-02   0.7644108120390D-03  -0.9102832923454D-02
  -0.8137006075413D-02   0.1797091361441D-02   0.3992420090617D-03
   0.5033421652431D-03  -0.3598447472455D-02  -0.3089673329117D-02
   0.4732386415762D-02   0.9676716238331D-03   0.3735073861271D-03
  -0.8702878640986D-02  -0.9695075664994D-02  -0.7288901089722D-02
  -0.2393392108732D-02  -0.8172361713549D-03  -0.2119461984104D-02
   0.2117010460986D-03  -0.1306964850120D-02   0.1135414297201D-03
  -0.4433650048623D-03   0.3685404618363D-03  -0.2011140143099D-02
  -0.6540710368751D-03  -0.1264963643416D-02  -0.4156151724369D-03
  -0.5416222976997D-03   0.3062992757549D-03   0.7835219764636D-05
   0.5898625452150D-03  -0.8003757180288D-03   0.2268312192142D-02
  -0.5249276857968D-03   0.5863775910230D-03  -0.4844678339037D-04
  -0.1198220826881D-03  -0.3105906568038D-02  -0.2279214971413D-02
   0.6378603803167D-03   0.1018096166288D-02   0.2247728899711D-03
   0.2012926582694D-04  -0.7424340716700D-03   0.1407508527037D-03
   0.7564110094668D-03  -0.5342069030516D-03  -0.1710628627988D-03
   0.7780324428807D-03  -0.5869890481234D-03   0.1429879677618D-03
  -0.3335280086831D-03  -0.1311369615943D-03  -0.3830813125388D-04
   0.4384605314483D-03  -0.1920934004040D-03  -0.6367377650439D-03
  -0.3930751551782D-03   0.2716453384439D-03  -0.3446727973453D-03
  -0.2122940334806D-03   0.2257273865262D-03  -0.2062381134360D-03
  -0.2650881047868D-03   0.8174155442047D-04  -0.5550432409778D-03
  -0.2416125990379D-03   0.2081722928442D-03  -0.1326004896583D-03
  -0.4426251094318D-03   0.4334334512421D-03  -0.2653504161448D-03
  -0.3522515051389D-03   0.3216096036215D-03  -0.3410031238901D-04
  -0.8063606494856D-03   0.6490576251967D-03  -0.2161688036182D-03
  -0.5883770795751D-03   0.5307807898608D-03   0.1373143321565D-03
   0.3847295692109D-03   0.2567518109619D-03  -0.1963254861557D-03
  -0.2701172799444D-03  -0.6153698950365D-03   0.4527789763912D-05
  -0.4211854360938D-03   0.1037005185663D-03   0.3550971832060D-03
  -0.3334286860883D-03   0.4339550525688D-03   0.4848427027045D-03
   0.6812773839547D-04  -0.4055012960772D-03  -0.2827912787754D-03
  -0.1314172593049D-03   0.4092874871501D-04  -0.1944896505099D-03
  -0.9318057675961D-04   0.1065065854688D-03   0.1987614620661D-06
   0.2644822086729D-03  -0.3149836958958D-04  -0.1280730336118D-04
  -0.2356944021366D-04  -0.3822995295119D-04   0.2862823890733D-03
  -0.8834429182491D-04   0.9294276855959D-04   0.5164506702464D-05
   0.2612028666650D-03   0.1516299512234D-05   0.1149835632645D-03
   0.2147793937258D-03  -0.1572311822613D-03  -0.3036479463302D-03
  -0.4784104391462D-04   0.1075205965797D-03  -0.1504881825304D-03
  -0.3046462356527D-03   0.2469427760367D-03  -0.1265037535693D-03
  -0.9082369906006D-04   0.8602911651091D-04   0.8764890246450D-05
  -0.1746762121955D-03   0.9364147247270D-04  -0.1689431147050D-03
   0.7389979577272D-04   0.5267250198595D-05   0.5349661444756D-04
  -0.1644668184996D-02   0.1201358720560D-02  -0.1835631986092D-02
   0.1014491478955D-02   0.7904774438736D-03   0.7788796855121D-04
  -0.1703573759258D-03  -0.2268574703258D-02  -0.1120365154325D-02
  -0.7290379009597D-03   0.1630188435244D-02  -0.4192991549718D-03
   0.1872074895935D-02  -0.8710329355486D-03   0.3797674118014D-03
   0.2058653356927D-02  -0.4909666169299D-03  -0.6442724219074D-03
   0.1127608586486D-03  -0.8391661083228D-05   0.1055531037503D-02
  -0.2991237146336D-03   0.1445771772366D-02   0.2526031710508D-03
  -0.1482594659813D-02   0.2018211861565D-02  -0.8377276132769D-03
   0.3936117755307D-02  -0.1293206630423D-01   0.3853306262567D-02
  -0.3535098760719D-02   0.8658087110393D-02   0.5771607536825D-03
   0.4053480561694D-03  -0.3517037244667D-02  -0.1064546880143D-02
  -0.3291277592109D-02   0.3954480882852D-02  -0.2566499948677D-02
   0.7939037134644D-03  -0.1397690075404D-03   0.1977918175276D-02
  -0.1323858117322D-02  -0.8128595842359D-03   0.7217848373128D-03
   0.5653861756419D-03  -0.7398280677614D-03   0.1404469563096D-03
  -0.3526232847841D-03   0.5896901539362D-04   0.1979589319907D-03
   0.3032770751518D-02  -0.8682468453066D-03   0.1743102260157D-02
   0.1396887290711D-02   0.5450815291222D-02  -0.2443331167571D-02
   0.7024590792974D-02   0.3150560570750D-02  -0.7931600418162D-02
  -0.8096481650313D-01   0.2873455044081D-01   0.2274860825491D-01
   0.1755539532387D-02  -0.1922046955134D-01   0.3402146176560D-02
  -0.1131478420306D-03   0.3063377290469D-03   0.2951884855345D-02
   0.1067720515106D-02   0.5160969462769D-03  -0.1697988373538D-02
   0.2525730804252D-03   0.5202004684376D-04  -0.2304048588465D-02
   0.5901056809052D-03  -0.1053740408692D-03  -0.1071304193439D-02
  -0.1477326001955D-02   0.1636808828052D-03   0.2581308859498D-02
  -0.5081511538191D-03  -0.8581474239603D-03  -0.1542028984785D-03
  -0.1241077037265D-03   0.2853152934333D-04  -0.1039738093750D-02
  -0.1218530158772D-03   0.4607158865141D-03   0.6319342339241D-03
  -0.2364705543306D-03  -0.8587210670349D-04   0.1330459579294D-02
   0.8135416340885D-05  -0.2789167196680D-03  -0.3280958294575D-03
  -0.3857545341060D-03  -0.1794587464913D-03   0.7936896141035D-03
   0.1868600994068D-03   0.9201219686723D-03   0.5996376010994D-03
   0.2617453033355D-03   0.1606657119350D-03   0.2969228616611D-03
   0.5404786148472D-04  -0.5447340564955D-03   0.5295054771584D-03
  -0.4143762626820D-04   0.1760076241071D-03   0.7272454313024D-03
   0.3153907547784D-01  -0.8635799419298D-01   0.1039270359402D+00
   0.3312946756586D-01   0.5842957705418D-01  -0.3768078667791D-01
  -0.8297022678084D-01   0.8396429556699D-01  -0.7299304626444D-01
  -0.7437635715687D-02   0.3397039917085D-01   0.6864473123545D-01
  -0.6988272790634D-02   0.6349096553089D-01  -0.1252959256412D+00
  -0.6288823809276D-01  -0.3943935580316D-01   0.1877082738621D-01
   0.1892351742355D-02  -0.7690415406732D-01  -0.1163264954607D+00
   0.3589619197370D-01  -0.6501833293414D-01  -0.1649739386533D-01
   0.8822546659798D-01  -0.4300884856483D-01   0.9697967192125D-01
  -0.2059298360740D-01  -0.3061190795151D-01  -0.6567700525298D-01
   0.1176348748431D+00   0.7311724917188D-01   0.1530864832406D-01
   0.7341235412460D-01  -0.1327647620451D-01  -0.2031035983610D-01
$end                                                                            
