   -0.39309992
    0.04626255
    0.19448135
   -0.37243007
   -0.12412431
    0.18072427
    0.03600244
    0.05653200
    0.07258980
    0.06530557
   -0.38585944
    0.04478063
    0.26542226
   -0.51876337
   -0.04733650
   -0.08877601
    0.37305498
   -0.65220606
   -0.65346404
    0.15753866
    0.02126261
    0.05367017
    0.01306652
    0.01691458
    0.01981829
   -0.17213744
    0.02710543
    0.20314695
   -0.33929551
   -0.02784248
   -0.05930691
   -0.12057541
   -0.10714370
    0.24412568
    0.06498983
    0.06988395
    0.02728257
    0.04066239
    0.06029436
    0.05512503
    0.05138934
    0.03270934
    0.05160162
    0.04285578
   -0.39610429
    0.03862195
    0.26508337
   -0.50122559
   -0.10166391
    0.28813735
   -0.49091681
   -0.28009082
    0.16974984
    0.04143009
    0.07394988
    0.06413202
    0.20244894
    0.21963911
   -0.16995045
    0.02504681
    0.20613981
   -0.37061250
   -0.07591450
   -0.01665599
   -0.11853736
   -0.11994737
    0.23781024
    0.09220114
    0.06100779
    0.06636998
    0.04854770
    0.04710867
    0.04005514
    0.04651568
    0.04423898
    0.04742391
    0.03850391
   -0.38905935
    0.01240793
    0.26273892
   -0.49727593
    0.11467972
   -0.48188014
   -0.12316145
    0.17264425
    0.04303216
    0.02904139
    0.33347732
    0.06334309
    0.04448604
    0.05370554
   -0.17329916
    0.00945479
    0.27726306
   -0.49330321
   -0.08682501
   -0.10756820
    0.28529763
   -0.49462165
   -0.27982986
    0.23578852
    0.08216844
    0.09100668
    0.07678139
    0.06578736
    0.08193524
    0.23428344
    0.23887293
   -0.17527634
    0.00767092
    0.27753145
   -0.49824363
   -0.08139943
   -0.09016768
   -0.03325261
   -0.15390617
    0.22932294
   -0.24229841
   -0.26773722
    0.22889343
    0.09229658
    0.07153319
    0.06163410
    0.07733741
    0.08662165
    0.08214011
    0.09076281
    0.23682207
    0.23455590
    0.24281514
    0.25108925
    0.26026523
   -0.17143432
    0.02759367
    0.28632765
   -0.51186143
   -0.07661999
   -0.01021554
   -0.11521289
   -0.12043490
    0.21353132
    0.06743432
    0.05887191
    0.05187318
    0.04218265
    0.05641543
    0.03903124
    0.03538813
    0.05711070
    0.03699982
    0.03832952
   -0.19004665
    0.04417950
    0.27951096
   -0.51456249
   -0.11589592
    0.29358877
   -0.48394672
   -0.29206095
    0.24445692
    0.05196950
    0.10132396
    0.08254982
    0.23655388
    0.23867175
   -0.18687311
    0.03093985
    0.28339529
   -0.51176921
   -0.06474452
   -0.08863737
    0.36603802
   -0.58381512
   -0.60436506
    0.23277021
    0.08579817
    0.07091612
    0.05574921
    0.04463645
    0.01458613
   -0.19282023
    0.03703956
    0.29231203
   -0.50480983
   -0.01872445
   -0.06379348
   -0.10558001
   -0.10979405
    0.22941241
    0.05205776
    0.04589719
    0.03667804
    0.04608648
    0.05958894
    0.00902231
    0.05332590
    0.05818304
    0.03485220
    0.05065864
   -0.18978504
    0.05183191
    0.27041302
   -0.50959571
   -0.09867586
    0.37631541
   -0.59676735
   -0.59307313
    0.21135816
    0.05467899
    0.04814868
    0.04598152
   -0.18001299
    0.02398999
    0.27799831
   -0.47829973
   -0.07477487
   -0.07988211
   -0.02175526
   -0.16462293
    0.23744666
   -0.27033864
   -0.29348688
    0.22009849
    0.07654791
    0.06113549
    0.05199588
    0.06116269
    0.07341524
    0.09392052
    0.08397811
    0.23213283
    0.25565951
    0.23287560
    0.24164792
    0.22589632
   -0.18811607
    0.02377599
    0.28225405
   -0.49494887
   -0.01650282
   -0.11980406
   -0.10964381
    0.21603114
    0.07660669
    0.04106163
    0.05437973
    0.03555032
    0.07023149
    0.03938269
    0.05481366
    0.03792874
   -0.18319523
    0.02240491
    0.28999311
   -0.46852817
    0.07508137
   -0.45969069
    0.21906060
    0.06385531
    0.03388751
    0.05568493
    0.32604275
   -0.17627217
   -0.03168658
    0.27154701
   -0.45789772
    0.20193929
    0.09188850
    0.09067428
   -0.17444744
    0.00973398
    0.26909271
   -0.46833942
   -0.06530838
   -0.10800229
    0.28717508
   -0.49079021
   -0.28689911
    0.20308314
    0.10404334
    0.05640360
    0.07714494
    0.08452415
    0.07740362
    0.22944370
    0.22957299
   -0.17385867
    0.00754871
    0.27456025
   -0.47329184
    0.12241899
   -0.47336073
   -0.13360962
    0.20631612
    0.06578688
    0.01896723
    0.31371131
    0.06856504
    0.05283267
    0.06724180
   -0.15574767
    0.01899314
    0.20385302
   -0.37008875
   -0.07111834
   -0.10935225
    0.29188052
   -0.51779930
   -0.28733137
    0.20693803
    0.09997918
    0.08684936
    0.09019507
    0.10461607
    0.07320088
    0.22535051
    0.22167164
   -0.38662239
    0.02614394
    0.19769662
   -0.37008271
   -0.07432549
   -0.08315715
   -0.09030993
   -0.04992743
   -0.14530400
    0.17298291
    0.07292977
    0.05206939
    0.03261865
    0.06274252
    0.06578631
    0.07825069
    0.06180225
    0.11982041
    0.11333856
    0.30544117
    0.29393661
    0.29511831
   -0.37979298
    0.02813703
    0.26733624
   -0.52157824
   -0.06368596
   -0.01046210
   -0.10965365
   -0.11917647
    0.14805695
    0.05829851
    0.03437113
    0.02862977
    0.03370408
    0.04775794
    0.02317667
    0.03166037
    0.05014758
    0.03795607
    0.04127448
   -0.17503507
    0.03128504
    0.19889356
   -0.36299278
   -0.13020202
    0.24004803
    0.08140309
    0.07894670
    0.07355113
    0.08804828
   -0.39236676
    0.02975016
    0.27538370
   -0.50541255
   -0.06418453
   -0.09598314
    0.28812640
   -0.52219302
   -0.28329440
    0.16780726
    0.04264834
    0.05760885
    0.04885960
    0.03804978
    0.06370640
    0.25071236
    0.23568794
   -0.17778513
    0.02127801
    0.27427747
   -0.47973539
   -0.01625091
   -0.06308619
   -0.11302596
   -0.11331576
    0.21492433
    0.06526246
    0.04344127
    0.03812139
    0.05522469
    0.06636331
    0.02458628
    0.04551575
    0.04557779
    0.04198112
    0.03612882
   -0.17508895
    0.04558157
    0.28127301
   -0.48209305
   -0.10962727
    0.29082061
   -0.51862606
   -0.28155846
    0.20315856
    0.06105192
    0.08778152
    0.07790977
    0.24165542
    0.21624529
   -0.19745634
    0.03177771
    0.20630613
   -0.35844413
    0.09279073
   -0.46490998
    0.23694515
    0.07966110
    0.02609003
    0.04976677
    0.32051761
   -0.40085370
    0.04498207
    0.20272268
   -0.38301591
   -0.06510381
   -0.00507041
   -0.10740358
   -0.11652175
    0.17121618
    0.04849525
    0.04380096
    0.04395585
    0.02656642
    0.04286086
    0.01704630
    0.05102230
    0.04611917
    0.05119231
    0.03551128
    0.17473730
    0.08791275
    0.17948192
    0.08169605
    0.17517532
    0.07272899
    0.18757905
    0.08350118
    0.19273198
    0.06721907
    0.18703108
    0.08484786
    0.18845976
    0.07003670
    0.17516090
    0.06712308
