           2           1   1.02277562124821     
           3           2  0.943971515915784     
           4           3   1.65801860273503     
           5           2  0.952178608117101     
           6           5  0.991664832743917     
           7           1  0.950723628103407     
           8           2  0.965094155567085     
           9           5  0.980008635345210     
          10           5  0.972872277485525     
          11           6  0.879325291958698     
          12           3   1.27313695205817     
          13          12  0.960382305908390     
          14          13  0.963940583568219     
          15          14   1.90847812660915     
          16          13  0.970953509318935     
          17          16  0.981535093433992     
          18          17  0.976553805744312     
          19          18   1.62491079604987     
          20          18   1.30637148927376     
          21          12  0.931209680901832     
          22          13  0.960377148186067     
          23          16  0.977733212869782     
          24          16  0.971445072001137     
          25          17  0.956688848013172     
          26          17  0.971523651394782     
          27          20  0.932165735051503     
          28          20  0.934504412831808     
          30          29   1.00717722829905     
          31          30  0.985384185307217     
          32          31   1.88933499341121     
          33          30  0.948724812143182     
          34          33  0.999392400206761     
          35          34  0.986705903566658     
          36          35   1.62519899762194     
          37          35   1.29988528286757     
          38          29  0.948736092374609     
          39          30  0.964788767086400     
          40          33  0.976361618415187     
          41          33  0.975212557702867     
          42          34  0.947230988174557     
          43          34  0.954928184602424     
          44          37  0.931257735870903     
          45          37  0.927990596096960     
          47          46   1.02359400699971     
          48          47  0.936670642796518     
          49          48   1.66005948233540     
          50          47  0.949289345888234     
          51          50   1.00008740544570     
          52          51   1.39553637512385     
          53          51   1.43272768181974     
          54          52   1.45888448095845     
          55          53   1.42592155750756     
          56          54   1.36804155601044     
          56          55   1.38998746958578     
          57          56   1.05438482824247     
          58          46  0.952507073372962     
          59          47  0.963380623995131     
          60          50  0.974664390340583     
          61          50  0.968574028039702     
          62          52  0.975619627456929     
          63          53  0.975118961418125     
          64          54  0.973092577847120     
          65          55  0.970928773178445     
          66          57  0.870817776703494     
          67          48   1.27742256694621     
          68          67  0.957523989499434     
          69          68  0.950754956470799     
          70          69   1.90656654902576     
          71          68  0.967849926417540     
          72          71   1.00460142163878     
          73          72  0.993924833850911     
          74          73   1.00690670369580     
          75          74  0.936460984719601     
          76          67  0.923685176908646     
          77          68  0.968100263671004     
          78          71  0.971296133555735     
          79          71  0.968530210008914     
          80          72  0.977548192372272     
          81          72  0.976976464691514     
          82          73  0.973869664707063     
          83          73  0.975576809230127     
          84          74  0.966718334457636     
          85          74  0.965972617862768     
          86          75  0.894135290081901     
          87          75  0.897015696532286     
          88          75  0.897951680536593     
          90          89   1.00820464011179     
          91          90  0.945972824273893     
          92          91   1.62503859642232     
          93          90  0.967057204132570     
          94          93  0.983764178323950     
          95          89  0.953630343908778     
          96          90  0.969608825578817     
          97          93  0.977465405146544     
          98          93  0.978760805316490     
          99          94  0.869215776001655     
         100          91   1.31019096454774     
         101         100  0.977944305402865     
         102         101  0.936586397527686     
         103         102   1.61842982674105     
         104         101  0.952496025890535     
         105         104   1.00097933631274     
         106         105   1.39985109855958     
         107         105   1.43154442308347     
         108         106   1.46228542324159     
         109         107   1.42717255101841     
         110         108   1.37998718367269     
         110         109   1.41241871591149     
         111         110   1.00714142766771     
         112         100  0.912993337128822     
         113         101  0.963132561526666     
         114         104  0.971254368075154     
         115         104  0.968653498876298     
         116         106  0.973617661610620     
         117         107  0.976280123637955     
         118         108  0.973105695903962     
         119         109  0.974358326591161     
         120         111  0.854725996437828     
         121         102   1.31554258021714     
         122         121  0.966420938348058     
         123         122  0.940906743412916     
         124         123   1.60348853550013     
         125         122  0.959667530164569     
         126         125  0.977358509739645     
         127         125  0.997460650972710     
         128         121  0.918703534502481     
         129         122  0.959331034010255     
         130         125  0.964109441490374     
         131         126  0.861492628142549     
         132         127  0.976801010255647     
         133         127  0.978607882228995     
         134         127  0.982298556873000     
         135         123   1.32932270608708     
         136         135  0.975624179936929     
         137         136  0.952972401936862     
         138         137   1.58080359413805     
         139         136  0.956286598636096     
         140         139  0.928476112458386     
         141         140   1.52107573082086     
         142         140   1.47153302747616     
         143         135  0.923255542805402     
         144         136  0.954701198703057     
         145         139  0.961777570364192     
         146         139  0.970456310138261     
         147         137   1.33563635803750     
         148         147  0.956191256422502     
         149         148  0.931580167048882     
         150         149   1.64372919158268     
         151         148  0.979737651625419     
         152         151  0.954793632902102     
         153         152   1.67230557798581     
         154         152   1.29482538420305     
         155         147  0.899712686527042     
         156         148  0.948167076427656     
         157         151  0.968219671803178     
         158         151  0.947887368295636     
         159         154  0.925224827791244     
         160         154  0.934075358156456     
         161         149   1.30622030161607     
         162         161  0.967827018844122     
         163         162  0.923363232053904     
         164         163   1.64315212122945     
         165         162  0.966985329047835     
         166         165  0.963093122260630     
         167         166   1.63770715766560     
         168         166   1.32293763828885     
         169         161  0.933287369554802     
         170         162  0.952230144922943     
         171         165  0.969187046504158     
         172         165  0.964078339977639     
         173         168  0.922513011688173     
         174         168  0.927981985612938     
         175         163   1.30760869153777     
         176         175  0.989036036699097     
         177         176  0.959682231877377     
         178         177   1.61194081002311     
         179         175  0.917378812025600     
         180         176  0.952104691358714     
         181         176  0.946246220168459     
         182         177   1.31463598020970     
         183         182  0.967283365188380     
         184         183  0.949598963758919     
         185         184   1.62438756796822     
         186         183  0.965995817733599     
         187         186  0.999688832247418     
         188         187  0.997658484221850     
         189         188   1.00767489593820     
         190         189  0.938418765438017     
         191         182  0.930222013066053     
         192         183  0.964654096326810     
         193         186  0.974513602283017     
         194         186  0.971716585197044     
         195         187  0.978655001881215     
         196         187  0.978711466792164     
         197         188  0.973923486963460     
         198         188  0.973838450619709     
         199         189  0.966179839486089     
         200         189  0.965423775102937     
         201         190  0.891977246717215     
         202         190  0.895904228530756     
         203         190  0.898121135103271     
         204         184   1.29557324641063     
         205         204  0.975685236077897     
         206         205  0.928912839776654     
         207         206   1.63262821249368     
         208         205  0.948776560234453     
         209         208  0.987141955313769     
         210         208  0.997024167931597     
         211         204  0.929979791975686     
         212         205  0.961904322252835     
         213         208  0.972824451384950     
         214         209  0.870209651641596     
         215         210  0.979599975521016     
         216         210  0.972842190945933     
         217         210  0.983077044563640     
         218         206   1.31348074391476     
         219         218  0.975072802713414     
         220         219  0.972577361661966     
         221         220   1.89279293065109     
         222         219  0.931537291250899     
         223         222  0.994545670025725     
         224         222  0.999666877994668     
         225         223   1.00850983192599     
         226         218  0.910895807621591     
         227         219  0.958692898211583     
         228         222  0.973297605395057     
         229         223  0.972469578128596     
         230         223  0.979527184274930     
         231         224  0.974494986678638     
         232         224  0.981370615333578     
         233         224  0.984844373267927     
         234         225  0.983737769460713     
         235         225  0.986815451307698     
         236         225  0.983735341334093     
         237           1  0.954789752439633     
         238          14  0.954420945338025     
         239          29  0.945535560149076     
         240          31  0.955714945724937     
         241          46  0.957968116212936     
         242          69  0.953629917716878     
         243          89  0.944508647492126     
         244         220  0.951802727935108     
