$grad                                                                           
  cycle =      1    SCF energy =  -471.76080653980   |dE/dxyz| =  0.475948
   48.15228858530316     79.66203886312123     47.02099149460806      n 
   46.29299046296887     80.43679004233856     45.17396222354679      c 
   47.64953929218350     81.63380517654898     42.93196052623274      c 
   46.91171405608019     81.15089007490610     40.78486333955469      o 
   44.20528647791858     82.14832547830949     46.27083483160256      c 
   44.54704034391047     84.93011241752906     45.58816725835876      c 
   41.64538606534227     81.21129587465644     45.33555050324725      c 
   47.94007416796406     80.24357230732100     48.82982540746366      h 
   45.40012203585619     78.72275948535658     44.40726201840192      h 
   44.27790036971733     81.97777594297987     48.32498435193531      h 
   43.06757478146358     86.02316115341011     46.50024998183029      h 
   46.37263601878887     85.62945184190266     46.20760635859523      h 
   44.39256492578687     85.19402507224140     43.55619656955781      h 
   40.14214436274152     82.46802800256384     45.94648631405666      h 
   41.62712155242650     81.14837888971269     43.28486401494274      h 
   41.27073185344359     79.32087690975233     46.04092269195392      h 
   51.40374768295978     77.02013888692044     39.13605639214353      n 
   49.55617809200645     75.58006180348718     37.77732820114002      c 
   47.99325673348095     77.11507481481725     35.96856934687632      c 
   46.81385988430418     75.90403875820364     34.11783682976098      o 
   47.63934385653685     74.54905611476957     39.68800880918428      c 
   48.65981751162172     72.33198274600841     41.09556753667004      c 
   48.87471289488139     72.42841111426443     43.69942467066707      c 
   49.11858700598738     70.08521672208666     39.81882748381894      c 
   49.53072279938863     70.30539018702353     45.04598841284299      c 
   49.63674929568970     67.91057357623419     41.16067408603310      c 
   49.83609163383174     68.02749435718383     43.78715501512669      c 
   50.09381910004977     65.97096226073660     45.26898072925508      o 
   50.74868730394802     77.79431878799932     40.75797404937619      h 
   50.52882986033830     74.06966703104364     36.72762150059132      h 
   47.15519639506051     76.08492436315197     40.97414540356477      h 
   45.91761432492395     73.99054721776972     38.71158532095654      h 
   48.41119494269275     74.14831074751775     44.67263289015859      h 
   48.86698711278712     69.98011030292572     37.79519346012714      h 
   49.65272579702310     70.30065606182701     47.07593331674910      h 
   49.73552162483324     66.11134836406235     40.20048774544848      h 
   50.70864524034914     64.48842283906909     44.38466672075062      h 
   47.52058466495708     79.47972169892562     36.39620606599762      n 
   46.35524283299702     81.26373612671868     34.68276386687516      c 
   48.42433241122266     82.23066797995062     32.87438405478724      c 
   48.09214497142224     82.13035274720612     30.57470284588571      o 
   45.26922660093142     83.52668046185508     36.09514754262116      c 
   42.86525001773508     83.09263101460559     37.56771779951391      c 
   41.59901550947220     80.79960435506997     37.70603282253663      c 
   41.85017684773530     85.17238212787149     38.82072656032121      c 
   39.32601234811186     80.61971103633591     39.00336792136533      c 
   39.58609794041414     85.00055125611408     40.10785269703388      c 
   38.30184744786653     82.71940109576894     40.18372978234174      c 
   47.92811897586076     80.18551167561509     38.18033487606780      h 
   44.92643094924374     80.34687155018717     33.50250466507197      h 
   46.72789991863974     84.21712555524401     37.38227828346214      h 
   44.92267457600124     85.00030394767909     34.68594850523245      h 
   42.35685052963161     79.12489008125559     36.81851530411568      h 
   42.85764051369101     86.94803479669554     38.77072170240271      h 
   38.36255033105542     78.81994083929457     39.10762912714730      h 
   38.83966160998680     86.64440307393407     41.05787707903397      h 
   36.54713550219449     82.56656327390183     41.20983482547984      h 
   51.41833531452203     59.96395483887574     51.72051778774470      n 
   50.72776101962507     61.30764850023980     49.45739767067845      c 
   53.08583834743768     62.51194388228247     48.30901200232981      c 
   53.29451969799307     62.56765806395385     45.99807582226795      o 
   48.62850008860925     63.19019707252727     50.02157275692459      c 
   46.24466772495099     61.74975483602604     50.75372652218654      c 
   45.74556674506384     59.66791827921706     49.90236365561136      o 
   44.69411984728898     62.96746167701917     52.34607366518357      n 
   50.59742650033753     60.46363248432104     53.38652531781128      h 
   50.04927413982226     59.93839169014935     48.04270747102777      h 
   49.23756612519594     64.47370566395843     51.50582100088730      h 
   48.23606088232136     64.28560173182801     48.32059932469510      h 
   43.08680188770773     62.10347270175594     52.88362300092034      h 
   45.15453253584631     64.63399869828119     53.12753835057084      h 
   42.65451338895402     69.42755611985292     25.55162972573689      n 
   40.34080710308678     70.87356844169759     25.92652635545980      c 
   38.82173129642798     69.56644591284970     27.99103054031460      c 
   37.83960555731363     70.67877290588791     29.77334504509888      o 
   38.85991318580092     70.90703773419894     23.45004219909223      c 
   40.61583554648588     71.64282553430206     21.14627683831312      c 
   42.32817038736699     73.20083333796318     21.55244416984207      o 
   40.19019557699815     70.49696960787772     19.14010538018962      o 
   43.18664882236248     69.27525882329108     23.72831138227671      h 
   40.79866088028802     72.80562701428251     26.52507896314366      h 
   38.08967143410509     69.03723928027443     23.05729041531377      h 
   37.32345020022213     72.27439302626119     23.57431274578957      h 
   38.59615865239561     67.07000059677546     27.68880448453133      n 
   37.32690032768982     65.64951948861143     29.63528566099005      c 
   38.84426724251152     65.50286166510632     32.07591088683591      c 
   37.66651877671388     65.40479633932117     34.07424321445710      o 
   36.47406077955807     63.02833716210709     28.80321768853031      c 
   34.84850419725142     63.08232741822655     26.41471414512408      c 
   32.55430165498797     64.83659984161073     26.59741478025719      c 
   31.52970242806730     65.37989897184924     23.95679502176643      c 
   29.41388692722737     67.23333580944124     24.06053450237072      n 
   39.37977582199961     66.17319114260503     26.18226554028418      h 
   35.66771484303766     66.75609912508335     30.21295744870065      h 
   38.13610991050523     61.85442178335479     28.47360675948169      h 
   35.43448480477034     62.23536671870595     30.39440474766433      h 
   36.03449204922374     63.68522086436595     24.84357556294086      h 
   34.20398601973184     61.16091608074769     26.05696702084288      h 
   31.13679749863023     63.95931508961667     27.80735361266280      h 
   33.11836832368798     66.61823911103058     27.46116453662427      h 
   33.04075158974141     66.18252789037079     22.80497853271322      h 
   30.85305721375858     63.64701502895269     23.07533070468675      h 
   28.81352942433695     67.70719614841349     22.26885313458103      h 
   27.91007287898199     66.48758769906325     25.04846331454228      h 
   30.00184582232427     68.85798823025766     24.96142923072696      h 
   41.35114685880493     65.59182500189067     32.03731119058291      n 
   42.69890428398227     65.81002848176054     34.40311744234815      c 
   41.88952991328463     68.27572656712422     35.69222877717762      c 
   41.43933641706373     68.29075722660495     37.95840897792925      o 
   45.54288003985659     65.74010436219424     33.98698066447527      c 
   42.47069755586248     65.35549137258846     30.49903863707220      h 
   42.11895478520752     64.28296734727415     35.69151149333212      h 
   46.49285319195311     65.92248741622042     35.79651307616658      h 
   46.13116222681224     63.98267169114561     33.09977277103706      h 
   46.06003538870888     67.28096817652369     32.73588329041199      h 
   41.66326421868543     70.34697764960649     34.24611486026441      n 
   40.81880237049491     72.74332954292102     35.28295371554704      c 
   38.31862924608665     72.35771642662802     36.68536048450004      c 
   37.79019938366211     73.46818664902570     38.63823605232017      o 
   40.14940652362878     74.71010312744731     33.26946887305777      c 
   42.64636330102318     75.72891001684388     31.12667485862866      s 
   42.21665662674167     70.32923664501381     32.41292177313137      h 
   42.20700227840479     73.47609769437183     36.63972952390282      h 
   38.70049256122608     73.97613162799172     32.01052656760044      h 
   39.47290221957006     76.42108764291952     34.20175982751035      h 
   43.33450126239362     73.40098512887724     30.46574966259888      h 
   36.71887113365378     70.82329348430430     35.48624120205015      n 
   34.15103072985411     70.52496776354297     36.37604046326557      c 
   34.08913016330293     68.74915786026030     38.65512007261991      c 
   32.80452695624147     69.26265462597543     40.51720238677679      o 
   32.50420163538396     69.58576406703493     34.20064055190127      c 
   29.69451435044658     70.04611179682966     34.43541170571087      c 
   28.14597104550562     69.09475007164896     32.53025467987797      c 
   28.57636794237908     71.39796930219565     36.38424020998182      c 
   25.57008852326723     69.52729010861125     32.53907502771378      c 
   25.98849312799269     71.82337874439276     36.40446201580922      c 
   24.47939210501978     70.91263918105628     34.47506688439334      c 
   37.21718764124520     70.02042869548099     33.82259798862106      h 
   33.52449104502336     72.38264570949251     37.04844784165518      h 
   33.17721987089921     70.57793561877546     32.51263263504558      h 
   32.84631113646115     67.56052719442253     33.94873018844385      h 
   28.99065455495953     67.97675952061887     31.04910388250622      h 
   29.69108943211203     72.11263328454440     37.93461911874294      h 
   24.38946897283530     68.78251695528263     31.05334764063747      h 
   25.15339313767943     72.86967547981938     37.94779857981803      h 
   22.46772103642549     71.25858135343913     34.49056705101047      h 
   35.51312330975825     66.70034785300489     38.42884360318129      n 
   35.72859830125731     64.73910463688482     40.32150025191937      c 
   36.85833432940789     65.89191729799576     42.68470369475060      c 
   35.88547135453251     65.54012530016880     44.75566037909491      o 
   37.34472393201477     62.55313449674689     39.35293665906960      c 
   36.21583793283181     61.17802764408282     37.13200083295341      c 
   37.44677768277496     59.25612878603287     35.91720371582105      c 
   33.85910922495044     61.51141680936932     35.82588018899376      c 
   36.04522188840843     58.38760167113001     33.94038722752372      n 
   33.85293778232270     59.72946349792129     33.81041081300433      c 
   31.74158179472792     63.08430057746624     36.06487235487028      c 
   31.91579479983702     59.58597422837104     32.03053762684360      c 
   29.82912503893308     62.93653948546467     34.30354444368982      c 
   29.91872037471905     61.23447646370897     32.28419451886501      c 
   36.42550145635510     66.36399217154569     36.77544340548572      h 
   33.85148617440591     64.04633280783834     40.87000875963567      h 
   39.20594732906702     63.30634108559389     38.84584681964603      h 
   37.64981475073211     61.21252006066928     40.90097983991225      h 
   39.25623696282793     58.42424734142961     36.30821106938723      h 
   36.58155605798330     56.97942550120163     32.78556149427132      h 
   31.55790636071550     64.41160328147889     37.59977715879175      h 
   31.99104155666100     58.24970762613647     30.48855156115363      h 
   28.21849160714125     64.17756138028305     34.48994544417877      h 
   28.38739277553234     61.18810294796114     30.93634652535901      h 
   38.90436456736634     67.31515825132017     42.43059135534282      n 
   39.90328136057850     68.53127403887311     44.65913879103574      c 
   38.07049736698814     70.38413461247372     45.81079765823649      c 
   37.97934791245565     70.63028113320668     48.11488489244606      o 
   42.38237264730537     69.89307439174540     44.08104764894848      c 
   42.08950481829095     71.82844557360609     41.95053067114033      c 
   44.28583533899397     67.84444596031962     43.43758248285273      c 
   42.07248924264055     74.57458091528726     42.79019179527858      c 
   39.66357912564119     67.70478162308034     40.71231827081913      h 
   40.25358324033047     67.09994739002958     46.12639457542072      h 
   42.99447772132159     70.86670399215568     45.79794523596875      h 
   43.62296696781718     71.55617900379922     40.61181596881166      h 
   40.36853879775560     71.46590089320921     40.91018947923045      h 
   45.80989040345385     68.67989089383774     42.39304790988184      h 
   45.01398548550632     66.99710780958351     45.15757285469901      h 
   43.45566213181572     66.39234720346828     42.25302239177852      h 
   41.83910268158538     75.79020552678323     41.14794006926904      h 
   40.53533787978721     74.96415523561993     44.09270160437355      h 
   43.84958080530521     75.02665343027023     43.70480274738185      h 
   36.69802020423175     71.81083650098645     44.25975636292459      n 
   34.96266032652272     73.63280556840255     45.32733114325435      c 
   32.82517399594987     72.19872457652470     46.65298583710872      c 
   32.01377693100418     72.89881734411641     48.70803395954695      o 
   33.93697105162833     75.39948616688480     43.30953698048175      c 
   36.88061015282479     71.72476618779878     42.36218547429646      h 
   35.95592515691245     74.71182762464132     46.79884937345948      h 
   32.61197901739013     76.72259553122144     44.15086124656982      h 
   35.47695061065171     76.45184904884236     42.45008579563680      h 
   32.97948276254350     74.31241864777031     41.85478325126821      h 
   31.96118231818956     70.19697129502504     45.41892055093221      n 
   29.88569471900588     68.63272180989033     46.29634050809364      c 
   30.66759190483733     67.34918357376128     48.76352816313385      c 
   29.38770542332072     67.46796969185714     50.69204940892585      o 
   29.26928172253660     66.70237800241075     44.22999412125154      c 
   26.84172013570651     65.18129308050766     44.63424959568369      c 
   24.51861498111238     66.86595554030421     44.35383429458023      c 
   26.74926490945586     63.03743981175609     42.69868501737962      c 
   32.63604384644193     69.79633068926658     43.66314965064826      h 
   28.26463961244291     69.84396219274427     46.74954813118765      h 
   29.12732930549586     67.71168424206286     42.43558766451907      h 
   30.86284250536390     65.39763584058771     44.10242001990033      h 
   26.86702005959213     64.37724185389222     46.54257319503866      h 
   22.80120880761203     65.76151477351843     44.56648418679216      h 
   24.50729376485301     68.33894910752591     45.78505306331569      h 
   24.50755919179143     67.74876847315775     42.49752836601482      h 
   25.02944843056937     61.93698869316494     42.91709741174441      h 
   26.78992995560694     63.81231001630721     40.79527129056906      h 
   28.35672822241077     61.77989019633988     42.93313952266203      h 
   32.86222266920540     66.12970319208351     48.61909590087072      n 
   33.93662560103206     64.83483318217417     50.75822872982108      c 
   34.51205497851515     66.73801874876484     52.82823209239944      c 
   33.65655718312613     66.33252753944869     54.96032000808198      o 
   36.33080065836540     63.33342266559225     50.16278355441805      c 
   35.96614498438576     61.16767765663249     48.27246046287023      c 
   38.50662459891040     59.88070040953763     47.79819955642085      c 
   34.04437045461856     59.22368776863163     49.17987299926683      c 
   33.89051980634996     66.13792821823070     47.00285714677158      h 
   32.49313819210599     63.56270375091326     51.53824461636919      h 
   37.75852941753393     64.63330216835092     49.43683075931872      h 
   36.99402940103663     62.54999434915250     51.95381964958207      h 
   35.29950983419054     61.98096703607408     46.49994640963975      h 
   38.31502085785016     58.42772632047719     46.35960227939501      h 
   39.91285237237896     61.23927632623519     47.16794481248117      h 
   39.18909969449557     58.98082231103431     49.51439326946891      h 
   33.88189741788980     57.72037098854173     47.79084440155270      h 
   34.63107366858508     58.38883203409005     50.96344883943048      h 
   32.18864684793901     60.06411525884540     49.43438659476789      h 
   35.91443674034671     68.74032778770578     52.32137578700945      n 
   36.50771687940635     70.59199295714258     54.26300123516268      c 
   34.11011644491300     71.71973358190033     55.37117537817102      c 
   33.87311571910706     72.10451027884305     57.64786873400418      o 
   38.16718908291713     72.69504435980488     53.19706832300390      c 
   39.22158919073734     74.43246546100640     55.24960411299610      c 
   41.03755235400705     73.03664876907220     57.00920753321865      c 
   40.57443154152165     76.64612264045512     53.99651516714835      c 
   36.73205744989874     69.08718424880919     50.60850745287128      h 
   37.51696238458924     69.65839384651564     55.80597597693446      h 
   39.74189053550790     71.83450314285992     52.18487426273759      h 
   37.06823717425046     73.79871072162096     51.84601081630001      h 
   37.65693289314813     75.17615320091420     56.38031805561713      h 
   42.12856919664311     74.42103605434596     58.05611184142720      h 
   40.03079373422056     71.87222213309015     58.36708841097973      h 
   42.32776261871117     71.84021803790284     55.94376334822098      h 
   41.36155347302717     77.85109425828314     55.44605381814782      h 
   42.10492800805537     75.97099578012858     52.80387587970050      h 
   39.27706082759490     77.75412824863261     52.85063848586389      h 
   32.27895498551847     72.29428886570069     53.74275237167221      n 
   29.99910643817159     73.45617102839982     54.69295300387625      c 
   28.34971190466499     71.52620865095376     56.05575169745578      c 
   26.63512088671384     72.26643267607531     57.42370338419305      o 
   28.51208251919215     74.79358334539924     52.59963566990766      c 
   26.85910311338775     77.00239299719721     53.35177882057896      c 
   25.26671674062488     78.00362797467903     51.50519609534998      c 
   26.90714204178010     78.17943831259871     55.69543839790092      c 
   23.79688534707633     80.11211002490924     51.97129497911532      c 
   25.43121635272083     80.29371282942128     56.17205010132144      c 
   23.87798608900919     81.27630203270641     54.31468988236570      c 
   32.50406330933419     72.23631642240260     51.83710276269241      h 
   30.58075947046553     74.82132851438099     56.14547132297408      h 
   29.88667192369529     75.49872049566152     51.22919193901114      h 
   27.36592595097530     73.38149784667618     51.61898747803335      h 
   25.18372982637236     77.12680385529039     49.66263904556292      h 
   28.08207071634182     77.46708597625681     57.20239550656429      h 
   22.59490127013395     80.85585768235771     50.49806270605808      h 
   25.50693766716279     81.18272917963255     58.00831026601559      h 
   22.74156940247206     82.93148542777520     54.68176723410224      h 
   28.95298933555837     69.08718815732936     55.77739305370000      n 
   27.61890475055561     67.06556653776090     57.05113067462499      c 
   28.95966445666997     66.31750040014948     59.50422245449474      c 
   27.69471298898974     66.06603024910783     61.42972198389629      o 
   27.20319561917684     64.74658248485584     55.34291496898412      c 
   29.29504086532366     63.13045976276457     55.17221869643454      o 
   30.15918776120501     68.58708265657523     54.38157145868286      h 
   25.75505295144391     67.78185126208939     57.60667469384456      h 
   25.66609664878646     63.60879985867118     56.12566073682002      h 
   26.66180252737995     65.44640079564266     53.46630330241326      h 
   30.80735710544327     64.14809318563690     54.92399100766348      h 
   31.44593184427464     65.99252108584561     59.42781183133228      n 
   32.94002355600088     65.47752191713606     61.66175814697707      c 
   32.96209282689131     67.82485338353352     63.33789771975463      c 
   32.96496181959898     67.64582462746037     65.64253667287215      o 
   35.67005022192375     64.59853643408638     61.08288894443424      c 
   37.25548581414855     66.73981379339695     59.94489131675840      c 
   35.59823590038620     62.27638488849653     59.37695828256113      c 
   40.01782712204980     66.06924465953054     59.45286312643140      c 
   32.38156265407172     66.28895503540724     57.78947345545423      h 
   32.00153789885076     63.98215813544218     62.75266978932542      h 
   36.49209040293984     64.04995099392593     62.90051499794228      h 
   36.36181982952178     67.30892481698855     58.18577620228806      h 
   37.22692691613393     68.35451355373813     61.22625501972628      h 
   37.48836756477404     61.52422800877726     59.10329416592845      h 
   34.43961659331318     60.80725369132453     60.22264267194702      h 
   34.80195285545717     62.76776898463098     57.55219115670239      h 
   41.01149109808686     67.69119259981051     58.67458620840964      h 
   40.94002208654998     65.55602020767107     61.21382413087819      h 
   40.22626059063838     64.52569024394586     58.11680631987097      h 
   48.18756834770263     77.96415900562319     47.11330238396866      h 
   49.11478973453999     82.79128403420056     43.22238779572653      h 
   52.71199384814835     76.01634595371691     39.55253411210452      h 
   50.03262639479256     82.93769017153156     33.57049772849272      h 
   51.04442253830030     58.31487227644665     51.53809544801680      h 
   54.42106427796993     63.23472914047743     49.43409748729566      h 
   43.93339970957936     70.17620096524934     26.38622103092639      h 
   32.97449991426313     69.54477017323080     62.55508454671693      h 
  -0.9730803146371D-02  -0.1205662847740D+00  -0.3937264916404D-03
  -0.5200561887794D-02   0.1135951900126D-03  -0.2212307568747D-04
   0.7453306393969D-01   0.4997087149657D-01   0.2199313825182D-01
  -0.5612063442448D-02  -0.1015102570225D-01  -0.3017064104860D-01
   0.5118324733857D-02  -0.3563148136448D-02   0.5052367470267D-02
  -0.6268933454259D-03   0.4068755423307D-03   0.3333923147426D-03
   0.3601653360829D-03  -0.2899982547966D-03  -0.4189823375404D-03
   0.5201536357083D-02  -0.1245491932142D-01   0.3274326704413D-02
   0.2820408113994D-02  -0.3452251327470D-02   0.9429346752442D-03
   0.1818818013377D-03   0.6849150958775D-03  -0.1993566456016D-02
  -0.6897155117361D-03  -0.1423949934122D-02   0.2304944064145D-03
  -0.5752093473645D-03  -0.6998291582633D-03  -0.1444701499004D-02
   0.9912400552617D-03  -0.1578963766144D-03   0.5254022171369D-03
   0.2612023366533D-03   0.4081954615093D-03  -0.1204138345652D-02
  -0.3372765294064D-03  -0.2591694117310D-03  -0.9913298012603D-04
   0.1387476021160D-02   0.1428766500077D-03  -0.9653899403117D-03
   0.7957892679096D-01  -0.8702565774140D-01   0.3168540136085D-01
   0.7458463647940D-02  -0.2877615438110D-02  -0.6696823646980D-02
   0.5132935389744D-01   0.6555481579856D-01   0.8259956193628D-01
  -0.5368670756166D-01  -0.3676616804758D-01  -0.6174023772422D-01
   0.3296476816348D-02   0.6603151280647D-02   0.2788881511864D-02
   0.5372632060027D-02  -0.8474901428829D-03   0.9446123334617D-03
  -0.9960355557997D-03   0.7468118646517D-03   0.1289132339559D-03
   0.1217349874295D-02   0.2388530941907D-02  -0.1153088625428D-02
  -0.1598073080086D-03  -0.1066258046406D-02  -0.1632416896386D-02
  -0.6989810898727D-02   0.2099622859749D-02  -0.1735455825766D-02
  -0.4314226169002D-02   0.2586156187856D-02   0.2593963817723D-02
  -0.1149148821153D-02   0.2379669114113D-02  -0.4781456699547D-03
   0.5649948750515D-02  -0.1997959029148D-02   0.1935789243601D-02
   0.6445054918436D-02  -0.3850568952301D-02  -0.8891057232761D-03
   0.7462333023839D-03   0.4900783660031D-04   0.1096333589155D-02
   0.1116951763500D-02   0.3559656681875D-03   0.3355940342276D-02
  -0.2267117300722D-02  -0.3346222754564D-02  -0.1953210203299D-02
  -0.9554487045563D-03  -0.1850282354448D-02  -0.2288480865269D-03
  -0.6926349092136D-03  -0.1257721025488D-02  -0.7917452133797D-03
  -0.3998442272175D-02  -0.2714058821105D-03  -0.1085672930172D-02
   0.8555119133127D-03  -0.1409741555629D-02   0.3586485108751D-02
  -0.7611990976592D-02  -0.3005266922087D-01  -0.1436613060501D-01
  -0.8351884628943D-02   0.1881451629310D-02   0.3814116501756D-02
   0.7982908482052D-01   0.3426342045300D-01   0.5985174893660D-01
  -0.7121209542329D-02  -0.3557431076354D-02  -0.2828518451178D-01
  -0.1829735997778D-02  -0.1015581361063D-02   0.4569670446279D-03
  -0.2479477919574D-03   0.4148173655415D-03   0.1415728889577D-02
   0.5622728309981D-03  -0.5759806513438D-03   0.2215741943786D-03
   0.9397978927718D-05  -0.6278168611685D-04   0.6611483475823D-03
  -0.3573011111545D-03  -0.4674022729311D-03  -0.8221671373216D-04
   0.1778249108888D-04   0.6207868081616D-03  -0.8812776078119D-04
  -0.4149702189245D-03   0.2127191418952D-03  -0.1284500002228D-03
  -0.3319077472159D-02   0.2784205241573D-02   0.1713838365212D-01
  -0.2396749443718D-03   0.2395995234324D-02  -0.5826526064391D-03
   0.7798085092556D-03  -0.1904330093397D-02   0.2156237290486D-03
   0.1430343359146D-02  -0.6530736871694D-03  -0.1212063061412D-02
  -0.1201701338893D-02  -0.1262646275496D-02   0.6971822235793D-03
   0.5464744950534D-03  -0.1702390119899D-03   0.6694407242732D-03
  -0.3408580025609D-03  -0.1960300299880D-03   0.5919325404789D-03
   0.6367789297246D-03   0.5626531059043D-03   0.3009195835364D-04
   0.7365729670266D-03   0.9184171197198D-04   0.7177690829578D-03
  -0.3607200727411D-01  -0.1083175664597D+00  -0.3037379776877D-01
  -0.4410812752018D-02   0.2835946893791D-03  -0.1678338690642D-02
   0.6213868329654D-01   0.2783828508978D-01   0.7001736824274D-01
  -0.7327637440631D-02   0.1874884702103D-02  -0.2241024790195D-01
   0.3370996072177D-02  -0.5959723803088D-02   0.4191589628159D-02
  -0.3084267769117D-03  -0.9218458142263D-03   0.2726871591799D-02
   0.4572734402505D-03   0.1665240792934D-02   0.3293381567937D-03
  -0.1208355559400D-02  -0.5562058620186D-03  -0.1190991634476D-02
  -0.1773869052265D-03  -0.1242647025625D-01   0.7725047200088D-02
   0.1719809071441D-02  -0.3740299935891D-02  -0.2650066479415D-03
   0.6602569908734D-03  -0.3211717521332D-03  -0.1784365050003D-02
   0.2004810132707D-02  -0.1429012289151D-02  -0.8211310684312D-03
   0.8005773696913D-03  -0.3350670464779D-03  -0.2261951220341D-03
   0.4398526917947D-03  -0.1137796952553D-02   0.4693466270850D-04
   0.9153093005009D-01   0.7265530670133D-01   0.5136679011242D-01
  -0.2019439492539D-02  -0.4741020817042D-03   0.8295167378380D-02
  -0.2157425752992D-02  -0.4072448421759D-02   0.8118917023702D-02
  -0.2784848731448D-03   0.1268770579756D-02  -0.2164255600642D-02
   0.3641099760669D-02  -0.3206546092252D-02  -0.3575995655785D-03
  -0.6604291039483D-03   0.2692603183121D-02  -0.5775942373737D-02
   0.6291049124389D-03  -0.4470854045485D-02   0.1513456523227D-03
   0.3651934182778D-02   0.7593281981986D-03   0.2531680228793D-02
   0.4748300002889D-02  -0.3249646681074D-02   0.5540015314255D-02
   0.4448795420751D-02  -0.2762572837984D-02   0.1340052096562D-02
  -0.1483585828092D-03  -0.4169544996073D-03   0.1974472256250D-02
   0.1266296072190D-03  -0.8568081097341D-03   0.2241540128048D-02
  -0.9200796290116D-03   0.5084195862265D-02   0.5882282254783D-03
  -0.3303805862996D-03   0.1792069805910D-03  -0.7628291619673D-03
   0.1217383886662D-01   0.1722849495561D-02  -0.1656036723276D-02
  -0.5915838622161D-02  -0.1653775660939D-02   0.5062071671522D-02
  -0.1126353912181D-02   0.1026856573692D-02  -0.5190114749283D-03
  -0.2023722404438D-03  -0.5561423101102D-03  -0.1289737296014D-02
   0.2907351578075D-03  -0.4513158123216D-03  -0.4191666640995D-03
   0.5000095292044D-03   0.1369505094070D-03  -0.6578934300749D-03
   0.5984185804003D-03  -0.1624426336730D-03  -0.6934516177866D-03
  -0.1496083518816D-02  -0.5189844391935D-02  -0.5679402051671D-02
   0.2506163427761D-03   0.4710086873896D-03   0.5636080859237D-03
   0.3638510357015D-03   0.3541911456747D-03   0.1175337076103D-02
   0.1243615241054D-02   0.6946442432689D-03   0.1627891286503D-02
   0.4858238343899D-03   0.8925971530428D-03   0.1746609060948D-02
  -0.1033337304468D-02  -0.3219405383625D-03   0.1890367650290D-02
   0.5435191565833D-03   0.2204380369832D-03   0.6317749095166D-03
  -0.3517221100669D-04  -0.6524887254794D-03   0.1001262693647D-02
   0.4687136426195D-03   0.8404087601730D-03   0.9859171934572D-03
  -0.5450105544443D-03   0.4734991964444D-03   0.4716980002202D-03
  -0.2137978293303D-03   0.6305849792419D-03  -0.5335533206422D-04
   0.5170461186679D-03   0.3685769014960D-03  -0.2210318162867D-03
   0.3776309797216D-03  -0.3370791435918D-03   0.2009775929439D-03
  -0.1310836589232D-01   0.3931553335317D-02   0.6826653612167D-02
  -0.7679644976404D-03  -0.1039257230286D-02  -0.2648507253152D-02
  -0.1351705069232D-02   0.1192621061792D-03  -0.6301197194859D-02
   0.1587127073659D-02  -0.4703055412593D-03   0.5636281004364D-02
   0.2572334583169D-02  -0.4583511955684D-03   0.2534767254681D-02
   0.8629768195582D-02  -0.2529897138071D-02   0.2440211821514D-02
  -0.2734923304425D-03  -0.9168378147605D-03   0.1484716430957D-02
  -0.1348882943359D-02  -0.1550946690199D-02   0.1357810799224D-02
   0.1776342686969D-02   0.1271832033696D-02  -0.1778206279246D-02
  -0.4442971953890D-02  -0.2876426392958D-02  -0.1435868267195D-02
  -0.2824050546039D-02   0.2275561161422D-03   0.3692736908964D-02
   0.4201305532814D-03  -0.1999415359680D-03  -0.7286182419406D-03
   0.1166274482960D-02  -0.1100728973872D-02   0.6456104537404D-03
   0.2276783845311D-02   0.1366174882671D-02   0.1484413748120D-02
   0.2339870409353D-02   0.3385654506960D-02   0.4046867159059D-03
  -0.9267143694028D-03  -0.2306865019672D-02   0.3237243672598D-02
   0.1706350496856D-02   0.6609912892655D-04  -0.2162254616935D-02
  -0.8610871104758D-03  -0.1000786536737D-02   0.3718323082067D-02
   0.3964809759842D-02   0.1946073482507D-02  -0.2475252534020D-02
  -0.1046756061003D-02   0.1269105954694D-02   0.1378445450109D-02
  -0.1010497234350D-02  -0.1281919691565D-02   0.1021166481973D-02
   0.4899858306020D-03   0.3195628396154D-03  -0.6853657376553D-05
   0.8033987289606D-03  -0.1622614350517D-03   0.7375513824853D-03
   0.2975475446665D-03   0.3214873261806D-03   0.1186893909806D-02
  -0.1351724871552D-02   0.4366395615467D-04   0.7393481455421D-03
   0.7330120576373D-03  -0.5879080166853D-04   0.3379654295088D-03
   0.9359743903686D-04   0.2752311154416D-03  -0.1207248433972D-03
   0.7582407695786D-04   0.1411430583873D-03   0.9519559960122D-04
   0.1150387348906D-03   0.3476136343657D-03  -0.2173085877979D-03
  -0.1710917251272D-03   0.2983246380868D-03  -0.8907139052194D-04
  -0.2258889047944D-03   0.5387908062068D-03   0.5363646188669D-04
  -0.3103387546964D-03   0.5219641823853D-03  -0.9286987344635D-04
   0.7042602523243D-03  -0.2408971335564D-02   0.6448761932225D-03
   0.3648245173558D-03  -0.2491597345747D-03   0.5508051689649D-03
   0.1199803685072D-02   0.5530724625705D-03   0.6898147514852D-03
   0.5181609569518D-03  -0.2338478505628D-03   0.3407812289883D-03
  -0.2978165236848D-03  -0.5609482408078D-03   0.8266560688677D-05
   0.3441184386430D-03   0.1571456779471D-03   0.8322097454965D-04
  -0.1234037039192D-03   0.6478625876830D-04  -0.1161235701194D-03
  -0.5521040011135D-03   0.2241842797274D-04   0.3451230983688D-03
  -0.5721667398779D-03  -0.6037152013914D-04  -0.2651632019453D-03
   0.1456946381731D-03   0.1825115406180D-04   0.1294227695843D-02
   0.5670919334742D-03  -0.8759535404801D-03   0.4484146810949D-03
   0.1158504434726D-02  -0.6214900638256D-04  -0.4201739905232D-03
  -0.2382036145601D-05   0.1460009588886D-02  -0.4648272783364D-03
   0.1484036505662D-02  -0.3898603031108D-03   0.3585211363788D-03
   0.7720531329478D-03   0.3076857137311D-03   0.1459668099016D-03
   0.3156838398215D-03  -0.2769008289149D-03   0.4264671998360D-03
  -0.3389229691441D-05   0.3963741874421D-03   0.3054490710331D-03
  -0.4451680758717D-03   0.1384236145430D-03   0.8021165614187D-03
  -0.6170403410515D-03   0.1556936328756D-03   0.1207495597632D-03
  -0.1238158257029D-03   0.4693633451960D-03   0.4536909107314D-03
  -0.2963667465947D-03  -0.2972354971311D-03  -0.8506498593484D-03
  -0.1959290340044D-03   0.2218674217235D-03  -0.3979236003462D-04
  -0.2348284595034D-03   0.1475818206935D-03  -0.7639613798847D-03
  -0.3644950859187D-03   0.7909359644044D-03   0.7141825619452D-03
   0.1391124382329D-03   0.8949988835492D-04   0.8638212084219D-03
   0.1674073291898D-02   0.3164435513537D-03   0.1000070988521D-02
   0.1736049116376D-02  -0.1247547775903D-02  -0.1459211812514D-03
   0.3751790271379D-03  -0.1623363769410D-02  -0.1598165558188D-02
   0.1317621941608D-02   0.9902713472985D-03   0.1221794017620D-02
   0.6661318381179D-03   0.5298019417672D-03   0.9247896331052D-03
  -0.6493657972341D-03   0.2446371143026D-03  -0.1889546195505D-02
  -0.1740674760995D-03   0.4114884361755D-03  -0.3359634145916D-03
  -0.7806726635155D-04   0.1401308731977D-03  -0.1219831912809D-02
   0.1388982084906D-02  -0.1481821734376D-02  -0.2469862777885D-03
   0.6193482709463D-03  -0.8464571496114D-03  -0.1545592308933D-04
   0.2472213187107D-03  -0.7904408126637D-03  -0.1294372433570D-04
   0.1306234241366D-02  -0.6502483448807D-03  -0.2407513293149D-04
   0.1865587118693D-03   0.2744255000092D-03  -0.1627623847719D-03
  -0.4611762171644D-03  -0.1294725194885D-03  -0.4331381182178D-03
   0.7737113089257D-03   0.9450571606128D-03  -0.1223812216094D-03
  -0.5816523302039D-03   0.2306682179303D-04  -0.1089855974429D-02
  -0.2047143772756D-02   0.1371466452637D-02  -0.1407860095726D-02
   0.4350418939857D-03   0.6198432197747D-03   0.2055594358060D-02
   0.1842694607487D-03   0.2982901234750D-05   0.3597768706449D-05
  -0.8763057998864D-03   0.3827284173799D-03  -0.1116069816071D-02
   0.7178018929247D-04  -0.8972398678015D-03  -0.8258856415946D-03
   0.1110760679657D-02   0.5411943395115D-03  -0.1378753482990D-03
   0.1813043881921D-03   0.2552146695631D-02   0.9004421021789D-03
   0.1510690504971D-02   0.8896698476856D-03  -0.7327567677823D-03
  -0.1496013975058D-04  -0.4799449127482D-03  -0.1576598612766D-02
   0.7756982347583D-04   0.9472940571242D-03  -0.4604820331537D-03
  -0.2089706830371D-03  -0.5448352355896D-03  -0.1668878147842D-02
   0.3149311594822D-03  -0.6680942309127D-03   0.8642846128817D-03
   0.6075522650523D-03  -0.1955206463962D-04   0.3881727830378D-03
   0.4568480841972D-03  -0.5000497182183D-03   0.4835684239749D-03
   0.3205523053971D-03  -0.1110973889411D-02   0.2201262642580D-03
   0.1814124515488D-03   0.5371820041248D-04   0.3714026313049D-03
   0.5321509052427D-03  -0.1721203304111D-02   0.3539627219583D-03
   0.7949307605242D-03   0.2758165137526D-03   0.3987091998315D-03
   0.2492496960784D-03   0.3342396392497D-03   0.5627428959756D-04
  -0.2730685344353D-03   0.8098408973393D-03   0.4470190868316D-03
   0.3731630484161D-03   0.1805994981759D-03   0.3307673310416D-04
   0.4430444887762D-03  -0.4185951535784D-03   0.4084088792066D-03
  -0.3079144343579D-03  -0.1888717690302D-04  -0.1587391897725D-03
  -0.4324287901523D-03  -0.3776555859156D-03  -0.6886345740859D-05
   0.1264551630281D-04  -0.6260189777493D-03  -0.2043860531150D-03
  -0.1210457124512D-03  -0.1038816073498D-03  -0.4024497067826D-03
   0.2373718876072D-04  -0.2619359464256D-03  -0.2410221765901D-03
   0.3084746875519D-03  -0.6609922904875D-04  -0.1436572599990D-03
  -0.1103503904942D-03  -0.2101176431681D-03  -0.2334471754018D-03
   0.9666082384437D-03   0.1182506063808D-03   0.1409494511404D-03
   0.1111117265771D-03   0.4574479804613D-03   0.1052044750003D-02
   0.6150490309920D-04  -0.1853538865442D-03  -0.5543839814398D-03
  -0.2518963962310D-03  -0.4368717949152D-03  -0.4870696054495D-04
   0.2130160125193D-03  -0.5841007596166D-04  -0.1370188304002D-03
   0.2023739894606D-03   0.1791494128296D-03  -0.1802359075166D-03
   0.6873476037553D-03  -0.6401453477724D-04  -0.1884225752682D-03
   0.2087258819289D-03  -0.4572254847358D-04  -0.9216130912466D-04
  -0.1191474849934D-03  -0.3101678889943D-03  -0.4646286392707D-03
  -0.4227747667332D-04   0.1347928832436D-03  -0.8509994851703D-04
   0.1020395317553D-03   0.1301889347494D-03   0.1893744605907D-05
  -0.1794818309667D-03   0.1619584580431D-03   0.1738663657301D-03
  -0.2701753601921D-03   0.3371812154041D-04   0.4885782018234D-04
   0.1815601337631D-03   0.3493120159846D-03   0.8102029559339D-04
   0.8026286922994D-03  -0.1012836617778D-03  -0.5310224886725D-04
   0.1170746137611D-03   0.3865723988800D-03   0.7303810550104D-04
   0.2351148504376D-03   0.5172054248069D-03  -0.1182356806759D-03
  -0.2670557580060D-04   0.3021642459324D-04  -0.8169652117383D-04
   0.2747543049723D-03   0.5113082245182D-03  -0.1268878517860D-03
   0.3148364916499D-03  -0.2788929892676D-03   0.2122240242119D-03
  -0.5172664160378D-03  -0.9572566727117D-04  -0.1003939281111D-04
   0.5468523619955D-03   0.4045371990757D-03   0.3289013424843D-03
  -0.7776115601303D-03  -0.2847226671928D-03   0.1549322159675D-03
   0.3124995083797D-03   0.7622570350914D-03  -0.5446027508302D-04
   0.1965830516156D-04  -0.2121226454570D-03   0.1006610992642D-03
  -0.1077590990084D-03   0.1977390490502D-03   0.8891510573718D-04
  -0.5981610083334D-03  -0.3805857209008D-03  -0.6846094582174D-04
   0.5240433604055D-03   0.4899402653681D-03  -0.4383790752463D-04
  -0.2151507197357D-04  -0.5112493041002D-03  -0.4936805417314D-03
   0.3108059960155D-03   0.5254682383942D-03   0.3412702822330D-04
  -0.3994509723940D-02  -0.4494356569106D-03   0.4994315070554D-03
  -0.6901689215903D-03  -0.2476647131218D-03   0.3038985435057D-02
   0.2218547797181D-02   0.4317688287952D-04  -0.1007009282761D-01
  -0.3661870842955D-02   0.2350079324767D-02  -0.1894735050481D-02
  -0.3801639503499D-03   0.3326738136773D-03   0.6628806098650D-04
   0.4028867215890D-03  -0.8011325108694D-04   0.2600479834861D-03
  -0.6050584234479D-03  -0.1936805772317D-03   0.3042739323677D-03
  -0.7670442528922D-03  -0.1584576865289D-03   0.1331482520564D-02
   0.4202774138980D-02   0.1403666349913D-02   0.8985321212044D-03
   0.5347000044366D-03  -0.3543725855615D-03   0.8418159080467D-03
   0.3527096291987D-03   0.1690958551426D-03   0.9881681743724D-03
   0.3286454812588D-03   0.6537823409097D-03   0.1182672763078D-03
   0.6309842674305D-03   0.4485296553792D-03  -0.1220358204442D-03
  -0.1653864100043D-02   0.7261674922538D-03  -0.2079949666164D-02
   0.1362982245761D-02  -0.9744323177326D-03   0.2891680793513D-03
   0.7203017485424D-04  -0.1665885697917D-02   0.4453750720302D-03
  -0.1600376563364D-02  -0.4222012944891D-02  -0.1355818898107D-02
   0.3527361464917D-03   0.5192745248460D-03   0.2424174638654D-03
  -0.1128705840678D-03   0.6315479162515D-03  -0.1726755175218D-03
   0.1200329830687D-02  -0.3370610720509D-02   0.4598562679638D-02
  -0.5398855619227D-03  -0.2604097240801D-03   0.2448343801129D-02
   0.3592396783386D-02  -0.2786929802681D-02  -0.8460262540050D-02
   0.3448114211763D-02   0.1964750844258D-02  -0.2078268643169D-02
   0.1017546467913D-03  -0.1012428296236D-02  -0.8195404013711D-03
  -0.3415487967771D-03   0.9457204188182D-03  -0.4320912242776D-04
   0.2472224881294D-03  -0.2623857308670D-03  -0.4585283728712D-04
  -0.2780402382334D-03  -0.7023651348621D-03  -0.2025449865080D-03
  -0.2236219783889D-03   0.1265431467977D-03  -0.2207737713574D-03
   0.2431831674836D-03   0.3116712829421D-03   0.9188665945381D-03
   0.4826801007542D-04   0.2282302706450D-03   0.6353968273051D-03
   0.3674317776972D-03   0.1879447650814D-02  -0.4234742969254D-03
   0.8269877560303D-03   0.5174376133313D-03  -0.3457983759509D-03
   0.1298465837684D-03  -0.4815196903804D-04   0.3173802358694D-05
   0.3277472650008D-03  -0.4669836833820D-03  -0.8223888509868D-04
  -0.1002927833762D-02   0.9910863330823D-03  -0.3996081854987D-03
   0.1050054652966D-03   0.9243348161080D-03   0.2699293585053D-03
  -0.6945487903810D-04   0.3750296416474D-03  -0.4416693577272D-03
  -0.2752593705115D-03   0.7992752190653D-03  -0.4046797107593D-04
  -0.3024866192564D-03   0.5691371622096D-03  -0.2853706162798D-03
   0.6196633335401D-03   0.2955179593063D-02   0.3245164679842D-02
  -0.7103060774376D-03  -0.6459039159939D-03   0.2613771568215D-02
   0.6897341679825D-02  -0.2724371454038D-02  -0.7523225754923D-02
   0.7964112799759D-03   0.2678526551921D-02  -0.6198303328755D-02
  -0.1039209654074D-02  -0.1353694310740D-02  -0.3773500681222D-03
  -0.4526342668463D-03   0.9352680655356D-03  -0.4008025791074D-03
   0.5456721191542D-03  -0.6253812072019D-03   0.1839985241784D-03
  -0.9306873055205D-03  -0.1946684968961D-02  -0.8332631450922D-03
  -0.4814997050673D-03  -0.3583861098759D-03   0.3419134549238D-03
   0.9184160131991D-04   0.6344805203201D-03   0.4861897073963D-03
  -0.4502750567644D-03  -0.1372203355058D-02   0.1073035797729D-03
  -0.5530723428917D-02   0.8981673921772D-03   0.7320407995241D-04
   0.3221035648595D-02  -0.7355259896337D-02  -0.2952245685797D-02
  -0.7578670484373D-04   0.7568231444703D-01  -0.5533231690900D-01
  -0.1170576483256D-02  -0.7849664955728D-03   0.1512501169285D-01
  -0.1552567904447D-02   0.6232889591391D-03   0.1468027922885D-04
  -0.7610200576293D-03   0.6815672614102D-03   0.8125404829449D-03
   0.1964142616974D-03   0.1067473972135D-02   0.7564915210311D-03
  -0.2128910467593D-02   0.1725733643667D-02  -0.5594289958518D-03
  -0.2979656050304D-03  -0.2231609985826D-02  -0.2171939930557D-02
   0.8424427326279D-03  -0.6992754466220D-03   0.1963249487267D-03
   0.2117366388753D-03  -0.1046864835207D-02  -0.1076241003773D-02
   0.1000692860651D-02   0.8573260618176D-04  -0.1300469611864D-02
   0.2216662068510D-02  -0.9565748954764D-03  -0.4972337416696D-03
   0.5262809215226D-03  -0.3192046071503D-03  -0.9284200666531D-03
   0.6602420847997D-03  -0.2718235840734D-03   0.3776112854615D-03
  -0.2193504683585D-05   0.6556508236252D-03   0.5486472941978D-03
   0.1202280699669D-02  -0.5204591770879D-03  -0.1004540965598D-02
  -0.1655633980112D-03   0.1466384971340D-02  -0.5195156080842D-03
   0.2361337297526D-02   0.4984316738726D-03  -0.7585695915093D-03
  -0.8881537465690D-02   0.1381767065304D+00  -0.4605334598010D-02
  -0.5812434232733D-01  -0.4317664300277D-01  -0.1588419874909D-01
  -0.1089518987069D+00   0.7834762172770D-01  -0.3195908790619D-01
  -0.6198386993372D-01  -0.2587445243222D-01  -0.3300455465033D-01
   0.2386951685499D-01   0.1356574538188D+00   0.1573596117946D-01
  -0.5027488414133D-01  -0.2513232945134D-01  -0.4712866119677D-01
  -0.1060580635180D+00  -0.5961791058419D-01  -0.6767329071126D-01
   0.7823012994061D-03  -0.6626229862803D-01   0.4036491290869D-01
$end                                                                            
