           2           1   1.02401311963267     
           3           2  0.995357490786299     
           4           3   1.86245831590310     
           5           1  0.957925331141910     
           6           2  0.962971117462174     
           7           2  0.931950658833631     
           9           8   1.01459318602561     
          10           9  0.931066542965411     
          11          10   1.63468701057613     
          12           9  0.978628565351607     
          13          12  0.999325476961104     
          14           8  0.954209326320842     
          15           9  0.963633235838328     
          16          12  0.967465807819349     
          17          12  0.965055000598488     
          18          13  0.879269744618447     
          19          10   1.30971283347338     
          20          19  0.992874363536732     
          21          20  0.991089449989972     
          22          21   1.89602296559536     
          23          19  0.881758816796614     
          24          20  0.952929156820462     
          25          20  0.932380573111002     
          27          26   1.01185572240291     
          28          27  0.935975075910733     
          29          28   1.62968423112041     
          30          27  0.979855492125618     
          31          30  0.994961574562867     
          32          31   1.01030954145894     
          33          31   1.00831099661096     
          34          26  0.950451836788891     
          35          27  0.959092151622525     
          36          30  0.967656843762129     
          37          30  0.972930919053638     
          38          31  0.969004408670894     
          39          32  0.986064622733876     
          40          32  0.983893973866827     
          41          32  0.985567237934950     
          42          33  0.985996046078788     
          43          33  0.986572256522174     
          44          33  0.986265938719037     
          45          28   1.29317709015028     
          46          45  0.978680131521538     
          47          46  0.974877400999735     
          48          47   1.87853236561200     
          49          46  0.939201084906225     
          50          49  0.998567949079927     
          51          49   1.00492516886415     
          52          45  0.913518348296544     
          53          46  0.947305064703819     
          54          49  0.958094184300170     
          55          50  0.870984797061580     
          56          51  0.979972441154594     
          57          51  0.977750605184099     
          58          51  0.979327578258493     
          60          59   1.01258654781128     
          61          60  0.936255538803803     
          62          61   1.60383324790918     
          63          60  0.992690981800049     
          64          59  0.955410853018314     
          65          60  0.963978878273368     
          66          63  0.985606798104980     
          67          63  0.981908691869276     
          68          63  0.980423745836340     
          69          61   1.31681541669862     
          70          69  0.981342337220671     
          71          70  0.941434290570481     
          72          71   1.57785079020516     
          73          70  0.961782737917016     
          74          73  0.993922367403765     
          75          73   1.00806690925731     
          76          74   1.02048824948377     
          77          69  0.894297802437936     
          78          70  0.945130008175714     
          79          73  0.956117948758211     
          80          74  0.968939447860774     
          81          74  0.974366815567614     
          82          75  0.981216699948663     
          83          75  0.983028820160016     
          84          75  0.981490228244949     
          85          76  0.986100459563088     
          86          76  0.985780424361838     
          87          76  0.983077446410765     
          88          71   1.32835908581733     
          89          88  0.974924742416162     
          90          89  0.974757259644012     
          91          90   1.88728155560408     
          92          89  0.951364337823032     
          93          92  0.992408024824937     
          94          92   1.00770270737557     
          95          93   1.01729224818998     
          96          88  0.890113961994127     
          97          89  0.944319268631492     
          98          92  0.964120383174417     
          99          93  0.964143994723167     
         100          93  0.964316829054706     
         101          94  0.981489605765192     
         102          94  0.981314589335389     
         103          94  0.983516402585487     
         104          95  0.981846841590226     
         105          95  0.986440783301071     
         106          95  0.984841993931316     
         108         107   1.01547816380988     
         109         108  0.938221458689649     
         110         109   1.62354111223217     
         111         108  0.976022455719053     
         112         111  0.993460174935267     
         113         112   1.00767296101366     
         114         112   1.01106001565791     
         115         107  0.906054406206611     
         116         108  0.959436053407227     
         117         111  0.965830172795685     
         118         111  0.975593954973910     
         119         112  0.966304715229803     
         120         113  0.985982711141107     
         121         113  0.986576605668506     
         122         113  0.983763287248188     
         123         114  0.985799860625040     
         124         114  0.985448041448904     
         125         114  0.985919721636806     
         126         109   1.29640298952019     
         127         126  0.984125588778481     
         128         127  0.973205264798261     
         129         128   1.89214078001529     
         130         127  0.947561484160492     
         131         130   1.01670729127751     
         132         131   1.20703866311283     
         133         131   1.53926750427694     
         134         132   1.27999818615958     
         135         133   1.30541609140950     
         135         134   1.53272824681175     
         136         126  0.895683064928010     
         137         127  0.949374774721622     
         138         130  0.959273695252112     
         139         130  0.965396353952451     
         140         132  0.888992624873711     
         141         133  0.972083893090859     
         142         134  0.963414989511683     
         144         143   1.01769532680653     
         145         144  0.978323590877251     
         146         145   1.88984690389991     
         147         144  0.933723965023336     
         148         147   1.00219700541769     
         149         147  0.992421406661172     
         150         143  0.946361703421342     
         151         144  0.957392906779670     
         152         147  0.961912939738178     
         153         148  0.867713274557098     
         154         149  0.979251521333367     
         155         149  0.984361270730331     
         156         149  0.980177743262056     
         157           1  0.956206679687800     
         158           3  0.952269491876401     
         159           8  0.953305990993241     
         160          21  0.954026429701338     
         161          26  0.957742335433063     
         162          47  0.950069136033161     
         163          59  0.955262762758139     
         164          90  0.954943788632415     
         165         107  0.962504110071917     
         166         128  0.952903220134584     
         167         143  0.952896595143017     
         168         145  0.953046043463225     
