   -0.38841753
    0.04496528
    0.19396610
   -0.36782314
   -0.12464352
    0.17701354
    0.03966551
    0.05499844
    0.06761572
    0.06795595
   -0.38256007
   -0.00847687
    0.27116747
   -0.51460401
    0.16223337
    0.04043269
    0.05148402
   -0.18336361
    0.03351172
    0.21322220
   -0.37411572
   -0.02595300
   -0.06446066
   -0.11403184
   -0.11827090
    0.25523467
    0.05149584
    0.07002375
    0.02839760
    0.05122509
    0.07327735
    0.03462052
    0.03577661
    0.04697725
    0.05461263
    0.05257267
   -0.40967544
    0.05282774
    0.27262863
   -0.50284733
   -0.11070444
    0.18811833
    0.00830390
    0.03792350
    0.03531327
    0.05879134
   -0.18003002
    0.03703372
    0.20453801
   -0.36478308
   -0.06597244
   -0.09412732
    0.29100871
   -0.49401321
   -0.28423730
    0.24551415
    0.06134870
    0.08332240
    0.06997558
    0.05719458
    0.06948949
    0.22317987
    0.24198672
   -0.38958703
    0.01801181
    0.26578551
   -0.49052829
    0.12051321
   -0.46290560
   -0.12214857
    0.14311984
    0.05192463
    0.00381484
    0.31327118
    0.05223438
    0.04504238
    0.06853956
   -0.18265821
    0.03650932
    0.20263511
   -0.34557528
   -0.05193924
   -0.08858601
    0.36893417
   -0.61001108
   -0.62973914
    0.23551272
    0.06538920
    0.05349084
    0.05977933
    0.02237362
    0.03309498
   -0.40572473
    0.04482180
    0.19824825
   -0.38930380
   -0.06671957
   -0.00991855
   -0.10682777
   -0.11609499
    0.17938702
    0.04650941
    0.04936549
    0.04038062
    0.04445934
    0.03352309
    0.02020729
    0.03755890
    0.04178225
    0.04288801
    0.04103944
   -0.38346314
    0.04199223
    0.20193726
   -0.36104464
   -0.02049178
   -0.04702217
   -0.11432852
   -0.11014567
    0.15135722
    0.04775970
    0.05028363
    0.00846052
    0.02825436
    0.04637406
    0.03656966
    0.05086673
    0.03344797
    0.05606633
    0.03329705
   -0.38311590
    0.03118143
    0.20227474
   -0.38417197
   -0.01651787
   -0.11038887
   -0.11265805
    0.15599777
    0.07042403
    0.04002396
    0.04804456
    0.03912413
    0.04645181
    0.05155188
    0.03962036
    0.03475402
   -0.40707831
    0.03677266
    0.28801795
   -0.47997551
   -0.02516653
   -0.06836486
   -0.10628171
   -0.11182313
    0.17330412
    0.02366993
    0.04438854
    0.04645166
    0.04475728
    0.05654380
    0.00814494
    0.03234692
    0.05461318
    0.04117159
    0.04127517
   -0.17877378
    0.04624255
    0.26971181
   -0.48144440
   -0.08642569
    0.37343092
   -0.61952496
   -0.63516336
    0.19281894
    0.05924703
    0.01990946
    0.00242085
   -0.17857273
    0.03236801
    0.27704831
   -0.49797938
   -0.01728539
   -0.05376495
   -0.10810737
   -0.10566920
    0.19142714
    0.05286252
    0.04725250
    0.03368600
    0.03368444
    0.07020032
    0.02652524
    0.03358146
    0.05253333
    0.04805770
    0.04495711
   -0.17329833
    0.04346384
    0.26868378
   -0.48821973
   -0.09079604
    0.37532938
   -0.64625598
   -0.63534942
    0.19022992
    0.05328571
    0.01797059
    0.03386575
   -0.15786925
    0.02490203
    0.19437721
   -0.36777491
   -0.07696046
   -0.00744722
   -0.12241410
   -0.11354486
    0.20637099
    0.09773573
    0.06325018
    0.08448838
    0.01955715
    0.04938540
    0.04713275
    0.06175525
    0.04379197
    0.05760930
    0.02136888
   -0.39771149
    0.03646604
    0.25770204
   -0.50275060
   -0.09753970
    0.37088354
   -0.63689194
   -0.61581136
    0.15897848
    0.05226903
    0.02260674
    0.02039274
   -0.17939032
    0.00170597
    0.28659579
   -0.50170219
    0.10936879
   -0.46353696
   -0.13724163
    0.22130939
    0.09585329
    0.07216382
    0.31827537
    0.08032229
    0.06147063
    0.03779091
   -0.18553774
    0.02603802
    0.27145840
   -0.51042068
   -0.07690290
   -0.01216117
   -0.12583900
   -0.10685115
    0.21065946
    0.07128207
    0.06338345
    0.05103504
    0.04332166
    0.05922453
    0.05896771
    0.04630949
    0.05066773
    0.02724407
    0.01964416
   -0.17292845
    0.02388852
    0.28396480
   -0.50022578
   -0.08760666
   -0.07598757
   -0.02328431
   -0.13907389
    0.23928246
   -0.23492356
   -0.25243649
    0.21372297
    0.06793104
    0.07826353
    0.07815132
    0.05597781
    0.06765833
    0.08678899
    0.09441324
    0.23151546
    0.22405148
    0.24217624
    0.25364834
    0.26145999
   -0.18041756
    0.00856195
    0.27668317
   -0.48383376
    0.06383685
   -0.44381796
    0.23454454
    0.09187387
    0.05581891
    0.10094863
    0.30002801
   -0.17362305
    0.04945117
    0.27516291
   -0.49574206
   -0.09076018
    0.37553604
   -0.62185005
   -0.63025073
    0.19258792
    0.06460012
    0.03014060
    0.00848560
   -0.18270817
    0.04062769
    0.28197403
   -0.49730405
   -0.06506418
   -0.00384949
   -0.10579832
   -0.10398197
    0.21034240
    0.04856298
    0.05400911
    0.05573844
    0.02064808
    0.05142066
    0.03635828
    0.04196296
    0.04778675
    0.04168639
    0.01615626
   -0.18563863
    0.03469889
    0.27784641
   -0.48740219
   -0.13608604
    0.22029376
    0.05918407
    0.08397359
    0.07059314
    0.07049210
   -0.18718083
    0.02479857
    0.27491525
   -0.47859619
   -0.13596744
    0.21922975
    0.08301716
    0.09029821
    0.07574143
    0.05103923
   -0.18047770
    0.02239724
    0.27907808
   -0.47608623
   -0.01484560
   -0.10634930
   -0.10634644
    0.20890640
    0.07515355
    0.04188223
    0.03976426
    0.04285568
    0.05187701
    0.01386321
    0.05380696
    0.04367681
   -0.17714224
    0.03493603
    0.28245459
   -0.47834005
   -0.06344293
   -0.08392132
    0.28849016
   -0.50751016
   -0.29597277
    0.21146607
    0.05611078
    0.06138727
    0.07240255
    0.05313881
    0.04143266
    0.22529957
    0.20582443
   -0.16721898
    0.02875516
    0.27072943
   -0.50050123
   -0.11818164
    0.29099157
   -0.49272165
   -0.29622263
    0.21600974
    0.09576368
    0.09472651
    0.09602030
    0.23564615
    0.24114372
   -0.16769225
    0.01093878
    0.26686527
   -0.48123680
   -0.08384000
   -0.09182917
   -0.02792863
   -0.14074355
    0.23194628
   -0.25983521
   -0.23854554
    0.22638336
    0.09604104
    0.07534153
    0.05329893
    0.08250424
    0.08782373
    0.07682550
    0.09535641
    0.20999263
    0.23066935
    0.26228796
    0.25481121
    0.26379759
   -0.17811230
    0.02013722
    0.27179312
   -0.47578248
   -0.08063596
    0.01512826
   -0.03216990
   -0.04194440
   -0.03060122
   -0.03020554
   -0.03107120
    0.22869745
    0.08866404
    0.07099597
    0.07363728
    0.02043362
    0.05416491
    0.01781043
    0.04656820
    0.01900108
   -0.18473659
    0.02555471
    0.27973186
   -0.49559365
   -0.11795587
    0.29251841
   -0.49164644
   -0.28267321
    0.22698930
    0.07876427
    0.09140201
    0.09288820
    0.23521810
    0.23394221
   -0.17990119
    0.00705982
    0.27042102
   -0.50502504
    0.05928501
   -0.45913078
    0.22947625
    0.07886275
    0.05948277
    0.07214764
    0.32881422
   -0.18381187
    0.02340942
    0.28437326
   -0.51264420
   -0.13648065
    0.23892276
    0.06843940
    0.06627712
    0.07968869
    0.06983703
   -0.19517847
    0.02250533
    0.29053884
   -0.50307767
   -0.02668570
   -0.06882690
   -0.11532626
   -0.11200824
    0.23712320
    0.06161831
    0.05225876
    0.04879530
    0.04566684
    0.06714441
    0.03063806
    0.04509971
    0.04919351
    0.03179097
    0.05077178
   -0.18693545
    0.02279715
    0.21436220
   -0.36918179
    0.11785359
   -0.46231940
   -0.12888895
    0.22253902
    0.07846414
    0.03711593
    0.32679781
    0.07953014
    0.04699366
    0.06851672
    0.17649363
    0.09150830
    0.18803527
    0.08130359
    0.17220091
    0.08075811
    0.19520227
    0.07559490
    0.17496481
    0.07859201
    0.17522208
    0.07669538
    0.17846276
    0.06883574
    0.19055200
    0.09864087
    0.18335126
    0.06310353
