   -0.42053456
    0.02262912
    0.25696699
   -0.50094007
   -0.08484501
   -0.11441177
    0.28135365
   -0.51834317
   -0.29703731
    0.19587303
    0.05776538
    0.07266122
    0.06972334
    0.06641263
    0.07961786
    0.23910766
    0.24575536
   -0.19033593
   -0.01119256
    0.26491385
   -0.47251442
    0.09343415
   -0.48070542
   -0.17378048
    0.22760628
    0.11338165
    0.07976228
    0.31781888
    0.09349441
    0.07915043
    0.07647033
   -0.19259462
   -0.01226927
    0.25960749
   -0.46176700
    0.09582826
   -0.48546765
   -0.16628592
    0.21266209
    0.12147328
    0.04942096
    0.33105576
    0.09281628
    0.07350721
    0.09132536
   -0.19822539
    0.01021507
    0.26204477
   -0.49509649
   -0.07294737
   -0.11576763
    0.37031784
   -0.65633807
   -0.65535288
    0.20543180
    0.09972474
    0.05224474
    0.07477006
    0.04822897
    0.04759495
   -0.16886581
   -0.04380516
    0.26572860
   -0.51347003
    0.22050086
    0.09825223
    0.11466301
   -0.18590693
    0.00839785
    0.26639992
   -0.51167496
   -0.16429798
    0.24160730
    0.09535295
    0.08943027
    0.08595351
    0.08572854
   -0.18366140
    0.00191274
    0.26821990
   -0.48413237
   -0.10556527
   -0.03742379
   -0.15521976
   -0.16169671
    0.23031640
    0.10844694
    0.06895896
    0.08011414
    0.06515454
    0.06765589
    0.04087310
    0.05715848
    0.06722213
    0.06011547
    0.05944466
   -0.19094961
    0.01298293
    0.27477305
   -0.49966127
   -0.13122927
    0.28021930
   -0.49146518
   -0.28214790
    0.22352538
    0.10999088
    0.09778195
    0.10081418
    0.24893148
    0.22282382
   -0.19059059
    0.02055279
    0.27700950
   -0.50330373
   -0.08012660
   -0.12095119
    0.36814516
   -0.66071116
   -0.65894367
    0.22319050
    0.08300047
    0.08540112
    0.05421069
    0.04395769
    0.05227482
   -0.19410887
   -0.00031964
    0.27748725
   -0.47932231
   -0.04629672
   -0.09207750
   -0.15845554
   -0.15356023
    0.22300978
    0.08167613
    0.06936337
    0.05280713
    0.04592257
    0.08871751
    0.06091947
    0.06867439
    0.06521014
    0.05661868
    0.06860901
   -0.20353082
    0.02633001
    0.28948684
   -0.47515636
   -0.13167291
    0.27403796
   -0.48668318
   -0.27878459
    0.23721101
    0.09982273
    0.09330320
    0.09790684
    0.23720609
    0.22610127
   -0.19969355
    0.03057204
    0.27612909
   -0.48914209
   -0.12242844
    0.28967053
   -0.49013501
   -0.29544501
    0.21920332
    0.10096052
    0.08164887
    0.09476680
    0.24488090
    0.21830255
   -0.18603198
    0.02020055
    0.27465434
   -0.46804718
   -0.13160318
    0.28946532
   -0.50382208
   -0.28776985
    0.21680837
    0.10375196
    0.10043686
    0.11856534
    0.22149939
    0.22381498
   -0.19818589
    0.00857695
    0.27289989
   -0.51200033
   -0.09918735
   -0.03459185
   -0.15702452
   -0.16256641
    0.22990481
    0.09814872
    0.05981718
    0.07472879
    0.06042728
    0.06998190
    0.04618264
    0.06231170
    0.07034999
    0.06111969
    0.04971052
   -0.19155074
    0.01142592
    0.27717923
   -0.49312700
   -0.09268010
   -0.12222318
    0.28793398
   -0.50155853
   -0.31646673
    0.23204932
    0.09277196
    0.07880285
    0.07722117
    0.08048001
    0.09383344
    0.23915630
    0.23553642
   -0.17654875
    0.01334022
    0.20896058
   -0.35682620
   -0.10696707
   -0.10654117
   -0.04837834
   -0.15507375
    0.22733112
   -0.26136092
   -0.26453979
    0.21792357
    0.11123381
    0.08536460
    0.09322344
    0.09617489
    0.08463421
    0.09449659
    0.10301911
    0.23900325
    0.24376598
    0.25964714
    0.25494946
    0.26300826
   -0.41848952
    0.02588999
    0.20019574
   -0.36793439
   -0.04062168
   -0.08777108
   -0.15425810
   -0.15516864
    0.19221636
    0.05644341
    0.06304683
    0.04157709
    0.04755973
    0.07372684
    0.04738341
    0.06003797
    0.05672039
    0.06010285
    0.06355097
   -0.40677478
    0.02148185
    0.19798419
   -0.39293466
   -0.03549157
   -0.15507232
   -0.14338245
    0.18345966
    0.06354092
    0.07294343
    0.06356883
    0.05063657
    0.06045908
    0.05200252
    0.05402141
    0.05464037
   -0.41363587
    0.01626862
    0.18776683
   -0.36681042
    0.10889513
   -0.48666086
   -0.16914459
    0.19544174
    0.06983918
    0.05086715
    0.31352965
    0.07899669
    0.06660268
    0.07791491
   -0.42166160
    0.02762596
    0.19363273
   -0.38501663
   -0.09084457
   -0.02960455
   -0.14969903
   -0.15614306
    0.18146458
    0.08869235
    0.05043698
    0.06303619
    0.04887610
    0.06237137
    0.03894670
    0.05949580
    0.06124537
    0.05599760
    0.04954259
   -0.40232361
    0.02485172
    0.19941911
   -0.37767879
   -0.03751072
   -0.08804214
   -0.16004158
   -0.15850287
    0.17664779
    0.07186077
    0.05311111
    0.04726598
    0.05882562
    0.06717021
    0.04874838
    0.06441265
    0.05559532
    0.05853166
    0.04907273
   -0.42269985
    0.02697781
    0.19167326
   -0.38574735
   -0.08990343
   -0.02873249
   -0.15076189
   -0.15222145
    0.19196652
    0.07878415
    0.06377180
    0.05262424
    0.05789790
    0.05353376
    0.05368912
    0.05194385
    0.05398054
    0.04726088
    0.05656618
   -0.42107571
    0.01560925
    0.26505743
   -0.50801730
   -0.04127445
   -0.15405207
   -0.15253827
    0.18052057
    0.06568619
    0.05607155
    0.06516775
    0.03625430
    0.06133536
    0.06541772
    0.06525652
    0.05538725
   -0.18218846
    0.03049034
    0.19659714
   -0.37919059
   -0.11662728
    0.36249171
   -0.61716999
   -0.63021715
    0.23049763
    0.08614420
    0.06234415
    0.05596773
   -0.41877956
    0.02857265
    0.26842869
   -0.53216844
   -0.10229115
   -0.02091036
   -0.15299719
   -0.14446603
    0.18880299
    0.05165332
    0.07047337
    0.04996152
    0.04523156
    0.06261591
    0.06077802
    0.05798354
    0.06038995
    0.04754357
    0.03250188
   -0.19627769
    0.01507921
    0.27798545
   -0.51637612
   -0.11271048
   -0.09842508
   -0.04684670
   -0.14256514
    0.22325246
   -0.24494191
   -0.26114712
    0.23853180
    0.09050266
    0.08991933
    0.08531951
    0.07393502
    0.08277421
    0.10265313
    0.10988507
    0.23254382
    0.25345124
    0.26229639
    0.22933837
    0.24707714
   -0.19178886
    0.00153286
    0.27661464
   -0.50944810
    0.04572925
   -0.45957748
    0.24406539
    0.10452530
    0.07184452
    0.10732637
    0.30199095
   -0.18795574
    0.03536351
    0.28405940
   -0.49402955
   -0.11840992
    0.37377309
   -0.65818039
   -0.62952068
    0.20370312
    0.07345058
    0.06120221
    0.05507671
   -0.20147516
    0.02165640
    0.29003091
   -0.51910556
   -0.09466739
   -0.02759162
   -0.15414220
   -0.15828082
    0.21565457
    0.08270385
    0.06088639
    0.07271969
    0.03976408
    0.07926205
    0.04827722
    0.05774391
    0.07166624
    0.06583872
    0.04074663
   -0.17819064
    0.03874830
    0.20396153
   -0.36560273
   -0.15313637
    0.22337446
    0.09679569
    0.08787092
    0.08470796
    0.07385033
    0.16859533
    0.07089613
    0.17251148
    0.06538118
    0.18616317
    0.08256687
    0.18220709
    0.07503931
    0.18499660
    0.06940464
    0.18148620
    0.06288801
    0.18466841
    0.06936332
    0.18713437
    0.07143737
    0.17098672
    0.07305786
