$grad                                                                           
  cycle =      1    SCF energy =  -754.29250632790   |dE/dxyz| =  2.879110
  261.74405151120817    130.27581721860082    229.17840422696923      n 
  262.19191656119165    132.75702739002807    228.07480427257966      c 
  264.99249041805012    133.37118832354966    227.90850838904151      c 
  265.85420545092961    134.49557526338151    226.03956942518656      o 
  260.87855702643003    134.74690881463806    229.72831447821474      c 
  258.10443933286177    134.09306363618120    230.25365829211935      c 
  256.97627294113130    135.81460397599096    232.23787053888145      c 
  257.38634347212883    135.44421768992873    234.52821838942967      o 
  255.42858738865689    137.59661554617824    231.40639112119067      n 
  261.07319879920766    130.31361173758677    230.65805964526896      h 
  261.52295357514043    132.73624040458580    226.36838174036430      h 
  261.77617685234628    134.90186634248042    231.31757400157372      h 
  260.96926387199630    136.37774230888155    228.89872478647325      h 
  257.13689964682158    134.23101363047988    228.70219328774635      h 
  257.97971742020815    132.35073631092916    230.81112744716205      h 
  255.19804082284261    137.78936759300657    229.80957269403453      h 
  254.65568947539435    138.55848605437052    232.46085820089854      h 
  266.44002049521180    132.55104726155469    229.80390351618664      n 
  269.17445394384487    132.97434587419727    229.84358776112188      c 
  270.41600389253313    131.47012401855665    227.74410223145267      c 
  271.73881205704117    132.56994452104766    226.17185024163737      o 
  270.38954772924296    132.13530755270929    232.35692327368716      c 
  269.49192790332677    129.69189190026796    233.03344516353559      o 
  269.91522651596938    134.03070267985439    234.51688003373388      c 
  265.86932325852405    131.74035482930617    231.09269661360733      h 
  269.43145667294925    134.77714442982679    229.62815900290198      h 
  272.20368464056833    132.07483632233178    232.09614109268415      h 
  268.49415260209781    129.16654808636338    231.91661712750090      h 
  270.71269086657276    133.42221092418069    236.05133750456324      h 
  270.62198402100648    135.66153617409790    234.06712525780117      h 
  268.11242796033980    134.20266774124042    234.79466974828060      h 
  269.83396830014954    129.01348028447029    227.62315977069764      n 
  270.86197921656725    127.35052144908875    225.65028587963135      c 
  270.00782308748495    128.25758990475140    223.01033872846313      c 
  271.55550863995933    128.68088851739398    221.31714427789282      o 
  270.07018404381171    124.57829348146973    226.11704818910778      c 
  270.86953812036444    123.74870378972824    228.62471452382519      o 
  271.21157851718726    122.84352506001487    224.15362292778795      c 
  268.84186217676853    128.26892826044718    228.67195767255760      h 
  272.69123393548693    127.42800021300992    225.71642628785676      h 
  268.24281905084132    124.49892499159924    225.99988518025131      h 
  269.86042446343976    124.30995239666950    229.71508639656966      h 
  270.69001415518119    121.11820526830651    224.48432496891496      h 
  270.63899155455022    123.34619216252794    222.48688464050781      h 
  273.03894351015765    122.95312916507409    224.22921196575984      h 
  267.54928962744924    128.71112413258274    222.69286476898120      n 
  266.48915336989353    129.66354601102850    220.28535390957654      c 
  267.66834236225498    132.18255070144170    219.65040599061268      c 
  267.98959577363547    132.82316779825348    217.40163211094898      o 
  263.65834389784624    130.06416791227954    220.53668746083309      c 
  262.11632752321970    127.72279746110027    220.12472720388629      c 
  259.38378380053592    128.07806593956815    220.72754978171210      c 
  258.05530645817998    129.50858848318614    219.41985942479840      o 
  258.52206876765644    126.84407489467709    222.51900998164587      o 
  266.43813076926244    128.48057756676849    223.85693595374829      h 
  266.84064239646278    128.43144469208673    218.97388410076428      h 
  263.29929596747979    130.72368226858427    222.20909492596110      h 
  263.13111035799233    131.34162265400445    219.33104230518146      h 
  262.28262340675792    127.19367419529708    218.37862042673567      h 
  262.78906996116956    126.36975368140348    221.16218675005047      h 
  268.33541562235689    133.57527872607378    221.63839768927338      n 
  269.49192790332677    136.03759163800802    221.36627715257455      c 
  272.12998532854567    135.75413274561345    220.36094294754844      c 
  272.82540447788705    137.07127173227360    218.54113685837524      o 
  268.12376631603559    133.10662669064806    223.18041406389989      h 
  268.49604232804711    137.07505118417222    220.23055185704692      h 
  269.52594297041412    136.89552721898897    222.98577229112226      h 
  273.59074348735243    134.07983555453612    221.56091892535218      n 
  276.18722694168679    133.52047667354415    220.82014635322764      c 
  276.17966803788960    132.76458629382526    218.02902112611568      c 
  277.71979468656684    133.71700817227105    216.52290954452579      o 
  277.28137826632991    131.39264525463548    222.51523052974727      c 
  273.08618665889009    133.22756915140309    222.84782229682358      h 
  277.25870155493834    134.99068346209737    221.04313401524473      h 
  279.00669805803830    131.03359732426901    222.00878397533560      h 
  277.25870155493834    131.93310687613447    224.26700648474579      h 
  276.26470570560804    129.87897476924840    222.33003738671613      h 
  274.41844345314462    131.11863499198739    217.32415334702782      n 
  274.16899962783742    130.20211790657825    214.74656715218640      c 
  273.60019211709891    132.27514727295727    212.85684120288917      c 
  274.60363659617576    132.21467604257978    210.79137074030734      o 
  272.22447162601054    128.07050703577099    214.61428633573561      c 
  273.03516405825906    125.63087083522825    215.84827738062668      c 
  270.71080114062346    123.99625788908617    216.33393694959608      c 
  274.90032357021539    124.18712020996519    214.15697265600568      c 
  273.32051267660290    130.49691515466859    218.34838481154691      h 
  275.80361257397948    129.53315492052704    214.26090758321703      h 
  270.67300662163757    128.64120427245874    215.40608150849113      h 
  271.83707780640464    127.73791526869466    212.85306175099061      h 
  273.87231265379774    126.02204410673279    217.43186772613777      h 
  271.22291687288305    122.42589562522018    217.12762184830092      h 
  269.55428885965358    124.89009826310375    217.43942662993493      h 
  269.87554227103413    123.63343050682111    214.74278770028781      h 
  275.39543176893130    122.62809630179498    214.98467262179787      h 
  274.09907976771336    123.79972639035927    212.55448505100165      h 
  276.38564816636301    125.22080030423076    213.86217540791532      h 
  272.02605040133432    134.09306363618120    213.61651103450666      n 
  271.42133809755921    136.22845395888706    211.95355219912511      c 
  273.87609210569633    137.35473062466821    211.01813785422300      c 
  274.18789688733034    137.84983882338406    208.77314342645789      o 
  269.86042446343976    138.31471140691119    213.32360351236559      c 
  267.01071773189949    137.85172854933336    213.24423502249510      c 
  265.93924311864805    137.37173815821188    211.20900017510201      o 
  265.74838079776896    138.14463607147442    215.38718424899815      n 
  271.29472645895629    134.12896842921785    215.06782056356693      h 
  270.39521690709086    135.60484439561898    210.56838307829025      h 
  270.40277581088804    138.41675660817324    215.07160001546555      h 
  270.22514157165415    139.93798599735752    212.55448505100165      h 
  264.12888565922123    138.00290662527715    215.40230205659256      h 
  266.54773487432169    138.47533811260146    216.76290474008655      h 
  275.62975778664412    137.72322718478114    212.77936243896801      n 
  278.12986521756437    138.70966413031431    212.16331177949712      c 
  279.43755557447804    136.96544707911298    210.26035774855481      c 
  280.28604252571250    137.82527238604320    208.29504276128571      o 
  279.67377131814021    138.93643124422996    214.59727880219194      c 
  279.95156103268687    141.63307017387709    215.61773081481240      c 
  281.61074041616979    143.29413928330936    213.93398499398862      c 
  283.84061703634052    143.70232008835754    214.59916852814123      o 
  280.66965689341981    144.12183924910153    211.93843439153076      o 
  275.40488039867779    137.40953267719780    214.35728360663120      h 
  277.98057686756988    140.36884351379726    211.39608304408245      h 
  278.88953504918180    137.89897169806579    215.88796162556193      h 
  281.34617878326821    138.24668127273648    214.29870210220298      h 
  278.29238164920389    142.39462973144387    215.77079861670549      h 
  280.67154661936911    141.57070921755027    217.30336636158555      h 
  279.55282885738512    134.52203142667167    210.83105498524256      n 
  280.79437880607344    132.65876164066461    209.15486806821596      c 
  279.57928502067534    132.78159382736894    206.49980310945335      c 
  280.90209318518333    132.84206505774642    204.62330524180121      o 
  280.47501512064218    129.88653367304559    210.21122487387311      c 
  281.67121164654736    129.66354601102850    212.86440010668639      c 
  281.60696096427125    128.01003580539344    208.46133864482388      c 
  281.68443972819244    127.04438584530259    213.95099252753229      c 
  278.92355011626915    133.88330405580922    212.18598849088869      h 
  282.58016982815928    133.06694244571281    209.07172012644685      h 
  278.68166519475915    129.52937546862842    210.34539541627319      h 
  283.39842116420499    130.27392749265152    212.78314189086660      h 
  280.76603291683398    130.77092541731668    214.01146375790978      h 
  281.38964248010205    126.32440025862034    209.14730916441877      h 
  280.77737127252976    128.11775018450339    206.83050515058036      h 
  283.39464171230640    128.36152483196275    208.26102769419836      h 
  282.46489654525215    127.07462146049134    215.61017191101524      h 
  279.96289938838265    126.43400436367959    214.09650142562816      h 
  282.63497188068891    125.92944753521722    212.84928229909201      h 
  277.05650087836352    132.81182944255769    206.41854489363357      n 
  275.64298586828920    132.86474176913799    204.01859293802610      c 
  276.51037007901664    135.14753071588905    202.52570943808129      c 
  277.23413511759748    134.91698415007477    200.33929651474443      o 
  272.81973530003921    132.96300751850148    204.61952578990264      c 
  271.16244564250553    132.39986918561090    202.33484711720229      c 
  271.66133329311998    133.32016572291863    200.21646432804010      o 
  269.23870462612092    130.84651445528857    202.70712312921384      n 
  276.11352762966425    132.80238081281121    207.74324278409094      h 
  275.95101119802462    131.36618909134532    203.00758955515212      h 
  272.44556956207833    131.75547263690052    205.94611340630928      h 
  272.40021613929520    134.62407662793370    205.27148124241018      h 
  268.27494439197937    130.43455419834177    201.46557318052558      h 
  268.95146628182778    130.24936105531066    204.19055799941216      h 
  276.50281117521945    137.37173815821188    203.72568541588504      n 
  277.30216525177218    139.75279285432634    202.45956902985591      c 
  279.89675898015724    139.31248670814011    201.29738757103812      c 
  280.28604252571250    139.90208120432084    199.07318012871528      o 
  277.49680702454981    141.89574208082939    204.36630251269679      c 
  275.04961192020994    143.30547763900515    204.74046825065764      c 
  274.27860373289661    144.77757415350766    203.12286283805923      o 
  273.83451813481179    142.88217902636256    206.89664555880577      n 
  276.04360776954019    137.56071075314159    205.27337096835947      h 
  276.06817420688111    140.21010653405628    201.18211428813098      h 
  278.04671727579529    141.21544073908240    205.97634902149804      h 
  278.78748984791974    143.07304134724157    203.81261280955269      h 
  272.43990038423044    143.65696666557440    207.20845034043981      h 
  274.44300989048548    141.83338112450261    207.97945852775308      h 
  281.68255000224315    138.36384428159289    202.80349915262801      n 
  284.25257729328729    137.82338266009393    202.02493206151755      c 
  284.25446701923664    136.21711560319127    199.65143626920025      c 
  285.44121491539528    136.89363749303968    197.82974045407772      o 
  285.73790188943491    136.45522107280271    204.09607170194730      c 
  286.13096488688876    138.08038538919834    206.40342708603922      c 
  286.47489500966088    140.39340995113812    206.27114626958840      o 
  286.15553132422963    136.86151215190165    208.60117836507186      n 
  281.40476028769643    138.00857580312504    204.36441278674749      h 
  285.06893890338375    139.43153944294585    201.69423002039053      h 
  284.84406151541737    134.92832250577055    204.57417236711950      h 
  287.36684565772919    135.93743616269529    203.43277789374397      h 
  286.41442377928337    137.67976348794733    209.98067830805883      h 
  285.91175667677032    135.25524509499900    208.64275233595640      h 
  282.98835063320752    134.03448213175298    199.76670955210739      n 
  282.82016502372005    132.29782398434884    197.62565005155361      c 
  281.76380821806293    133.58094790392167    195.29939740796874      c 
  282.75969379334254    133.28048147798339    193.19991187829953      o 
  281.25925138960059    129.96779188886538    198.37587125342461      c 
  282.52914722752831    128.46168030727549    200.50559239828257      c 
  280.77359182063117    126.38109203709926    201.41644030584382      c 
  284.98390123566531    127.32217555984928    199.51726572680013      c 
  282.20222463829987    133.52236639949342    201.09518689446332      h 
  284.51335947429033    131.74791373310336    197.18534390536738      h 
  279.58873365042183    130.49880488061791    198.91444314897433      h 
  281.03248427568491    128.88686864586737    196.91322336866858      h 
  282.89575406169195    129.57661861736085    201.91343823050900      h 
  281.58806370477822    125.43811878839996    202.76003545579417      h 
  279.22023709030884    127.12375433517306    202.04571904695982      h 
  280.38997745292386    125.25103591941952    200.02560200716110      h 
  285.79648339386313    126.36786395545417    200.85330197295329      h 
  284.61729440150168    126.20912697571322    198.10753016862444      h 
  286.10072927170000    128.66388098385031    198.95979657175747      h 
  279.74747063016275    135.02091907728615    195.68490150162540      n 
  278.53048711881536    136.38719093862804    193.64021802448579      c 
  280.51469936557748    138.07093675945183    192.32874821567353      c 
  280.67721579721700    138.23912236893929    190.01572365373374      o 
  276.43100158914615    138.06715730755323    194.82696592064445      c 
  274.08396196011898    136.58561216330423    195.56962821871826      c 
  272.10352916525557    138.25046072463508    196.82629597500090      c 
  271.93534355576804    138.44699222336200    199.13365135909280      o 
  270.49726210835286    139.47500313977969    195.27672069657717      n 
  279.05016175487208    135.23067865765813    197.13810075663494      h 
  277.81428098403171    135.19666359057078    192.44591122452994      h 
  277.10185430114666    138.90997508093980    196.31040079084275      h 
  275.96234955372040    139.37484766446693    193.63265912068860      h 
  273.36208664748750    135.80137589434588    194.07863444472275      h 
  274.55450372149403    135.23256838360743    196.71291241804309      h 
  270.64277100644875    139.31626616003871    193.66478446182666      h 
  269.32752174573790    140.41608666252969    195.89655080794668      h 
  282.17954792690830    139.17642643979070    193.85564678270569      n 
  284.22234167809859    140.78269349669333    192.91456325995566      c 
  285.89096969132805    139.14430109865268    191.13633114166697      c 
  286.54481486978489    139.96066270874906    189.04062506389639      o 
  285.80782174955891    141.86361673969134    195.11609399088692      c 
  287.78825454442244    143.78735775607592    194.25248923205808      c 
  286.51646898054537    146.04935971738470    193.04117489855858      c 
  288.13785384504240    148.31703085654135    192.91834271185425      n 
  288.21911206086219    149.92140818749468    190.98893251762178      c 
  286.77725116154841    149.50755820459861    188.98204355946814      n 
  289.50979488423218    152.04734988045405    191.17223593470362      n 
  282.15687121551673    139.01579973410043    195.47325219530410      h 
  283.53070198065581    142.21510576626065    192.00371535239441      h 
  284.68721426162568    142.65919136434550    196.32929805033575      h 
  286.64874979699619    140.48600652265370    195.98536792756363      h 
  288.79358874944859    144.33159882947351    195.68490150162540      h 
  288.93720792159513    143.00501121306687    193.05818243210226      h 
  285.99112516664076    145.59960494145196    191.34420099608968      h 
  284.99712931731045    146.45376107053428    193.98225842130859      h 
  289.10161407918400    148.62127673437820    194.19012827573127      h 
  285.80026284576178    148.20931647743140    188.93669013668500      h 
  286.81882513243295    150.53745884696559    187.72537580318553      h 
  290.30347978293707    152.40072863297266    192.54606669984273      h 
  289.55703803296461    153.07914024877033    189.91745790437028      h 
  292.97555227524327    132.00869591410637    210.91987210485956      n 
  291.13684892657710    130.02826311924289    211.28269948712460      c 
  291.96076944047070    128.28026661614297    213.36328775730084      c 
  290.62095374241892    127.82106321046373    215.16041713508250      o 
  290.73811675127541    128.47112893702197    208.88463725746647      c 
  289.86506336270003    130.14164667620071    206.70011406007887      c 
  288.75012505261475    126.48313723836131    209.43076805681332      c 
  289.31326338550531    128.68655769524187    204.23969087409387      c 
  293.45743239231405    132.17499179764454    209.37785573023302      h 
  289.55703803296461    130.84651445528857    211.72489535926016      h 
  292.32170709678644    127.68878239401292    208.39708796254774      h 
  288.35139287731300    131.04115622806617    207.21034006638911      h 
  291.15196673417148    131.40398361033127    206.36752229300254      h 
  288.46855588616944    125.47213385548731    207.92843592712205      h 
  289.32460174120109    125.40221399536330    210.79515019220594      h 
  287.18354224064734    127.30138857440700    209.91831735173201      h 
  288.77091203805702    129.86196723570472    202.94144914692669      h 
  290.83260304874022    127.82295293641305    203.68600117094979      h 
  287.98856549504791    127.45634610224938    204.54015730003215      h 
  291.70187698541696    131.20745211160437    219.74300256212825      n 
  289.10350380513330    131.15076033312545    220.71621142601632      c 
  288.49879150135820    128.49569537436284    221.79524494306503      c 
  287.83549769315488    128.22735428956264    224.03268046703292      o 
  287.16086552925577    131.78948770398787    218.55247521407102      c 
  284.46233687365935    131.75925208879914    219.57859640453938      c 
  287.78069564062525    134.30093349060391    217.33738142867290      c 
  291.80770163857761    131.65153770968919    218.18397865395804      h 
  288.95799490703740    132.40742808940806    222.04279904242296      h 
  287.28936689380794    130.50069460656721    217.25612321285311      h 
  283.28881705914574    132.15609453815154    218.22744235079188      h 
  284.08061223190128    130.09629325341757    220.24944911653992      h 
  284.29982044201978    133.00647121533530    220.91085319879392      h 
  286.56371212927786    134.65620196907179    216.01268353821553      h 
  287.71077578050125    135.62563138106123    218.60160808875273      h 
  289.46444146144904    134.23290335642920    216.61739584199066      h 
  287.56526688240535    129.75236313064551    229.18029395291856      n 
  285.04437246604289    130.46856926542912    230.02689117820370      c 
  284.13541428443091    128.53537961929808    231.99409589142212      c 
  284.51524920023962    126.25637012444564    231.66906302814297      o 
  283.14708761294850    130.37597269391358    227.80835291372878      c 
  283.87652182937723    132.11830001916562    225.83925847456106      o 
  280.50525073583100    130.90131650781819    228.75510561432668      c 
  287.65597372797163    129.28749054711838    227.62504949664694      h 
  285.12752040781197    132.16554316789802    230.71664114969718      h 
  283.16409514649212    128.69411659903906    227.08080842324935      h 
  285.00846767300624    131.45878566286089    224.94163864864490      h 
  279.32795146941879    130.83895555149138    227.35103923399885      h 
  280.03848842635455    129.63897957368766    229.99854528896424      h 
  280.45044868330132    132.56427534319977    229.52422407569065      h 
  280.95689523771296    120.10342243353389    227.05813171185778      n 
  281.73546232882342    119.20202315571913    224.60904688156859      c 
  283.93132388190679    117.36331980705295    224.70542290498275      c 
  284.68343480972709    116.37310340962119    222.74388736961222      o 
  282.48568353069447    121.46780456892651    222.96309557973069      c 
  280.37863909722807    123.11564559671368    221.83870863989887      c 
  281.53704110414725    125.24725646752094    220.24000048679343      c 
  278.73268779539018    121.43945867968705    220.10016076654540      c 
  281.78459520350521    121.39977443475181    227.58347552576240      h 
  280.30871923710407    118.29306497410717    223.90417910248073      h 
  283.56660677369240    122.55439698977239    223.96842978475684      h 
  283.50235609141635    120.83663610186123    221.57414700699724      h 
  279.37708434410052    123.84319008719309    223.18986269364638      h 
  280.19722540609553    126.28093656178652    219.53513270770557      h 
  282.61796434714523    126.28471601368510    221.29635729245058      h 
  282.52725750157902    124.52160170299081    218.87939780329941      h 
  277.38909264543986    122.44857233661175    219.37072655011670      h 
  279.77014734155432    120.74403953034567    218.75845534254441      h 
  278.00514330491075    120.07129709239585    221.07903880828138      h 
  282.85418009080740    115.15611989827380    216.79691980717391      n 
  283.14708761294850    116.21625615582954    214.31193018384806      c 
  285.72278408184059    117.51827733489532    214.24390004967336      c 
  286.42954158687775    118.88265947028789    215.98055819707750      o 
  281.03815345353274    118.14755607601128    213.73367404336310      c 
  278.44166999919838    116.89844722352582    213.86028568196602      c 
  281.41231919149362    119.35131150571361    211.08805771434700      c 
  278.15821110680378    114.62321718057197    212.04614877064068      c 
  282.62174379904383    116.25027122291688    217.97610879953535      h 
  283.03370405599065    114.89533771727078    213.04581379781894      h 
  281.13452947694697    119.46469506267145    215.00545960724011      h 
  278.12986521756437    116.33719861658456    215.57804656987716      h 
  277.15854607962558    118.14566635006200    213.46344323261360      h 
  280.06683431559401    120.55506693541594    210.76869402891577      h 
  283.02992460409206    120.21302653859314    211.03136593586808      h 
  281.37452467250768    118.03984169690135    209.80871324667277      h 
  276.47635501192929    113.91268022363623    212.21244465417885      h 
  278.41710356185752    115.18068633561465    210.31893925298306      h 
  279.40354050739069    113.34576243884705    212.46755765733397      h 
  275.78282558853721    119.93334709809716    196.76582474462339      n 
  273.69278868861448    121.43756895373774    197.70501854142410      c 
  271.33252097794224    119.92200874240137    198.17745002874841      c 
  269.97380802039760    120.45302173415389    199.98591776222585      o 
  273.13909898547035    123.66744557390844    195.95513231237487      c 
  275.04205301641269    125.80661534851291    196.32929805033575      c 
  274.52615783225457    128.12908854019918    194.65500085925842      c 
  274.82851398414209    126.80439064974185    199.07318012871528      c 
  276.32895638788409    120.39632995567497    195.30695631176596      h 
  274.23136058416418    122.08196550244809    199.33396230971832      h 
  273.18445240825349    123.10430724101789    194.21091526117357      h 
  271.44590453490008    124.29105513717654    196.27260627185683      h 
  276.67666596255481    125.09040921372925    195.91166861554103      h 
  275.79416394423299    129.41221245977201    194.98192344848684      h 
  274.59418796642927    127.63775979338192    192.88999682261479      h 
  272.86508872282229    128.80183097814901    195.03672550101643      h 
  276.03226941384446    128.16310360728653    199.32451367997180      h 
  273.13154008167322    127.42988993895922    199.36608765085637      h 
  275.18945164045789    125.44378796624785    200.24858966917816      h 
  271.76148876843274    117.44835747477133    204.46834771395885      n 
  271.27960865136197    119.34564232786572    206.35240448540819      c 
  268.46769643880771    119.70657998418149    206.90231473665366      c 
  267.62676839137043    119.27383274179242    209.00557971822147      o 
  272.57596065257985    121.89299290751838    205.67777232150908      c 
  271.73881205704117    123.93767638465795    207.49568868473301      c 
  275.42566738412000    121.59252648158009    205.64564698037100      c 
  272.60241681587001    117.98503964437172    203.18522379438605      h 
  272.03171957918227    118.72392249054694    207.90386948978119      h 
  272.06195519437097    122.40132918787933    203.99402650068524      h 
  272.55895311903618    125.51748727827044    207.05916199044532      h 
  269.92089569381727    124.14365651313136    207.38986403157233      h 
  272.20179491461897    123.46335517138436    209.20400094289769      h 
  276.20612420117982    123.19690381253345    205.22234836772844      h 
  276.00203379865570    121.05206486008112    207.29915718600606      h 
  275.89431941954575    120.33774845124675    204.39464840193625      h 
  267.03150471734176    120.47380871959616    205.00502988355925      n 
  264.36699112883269    120.92167376957960    205.29793740570031      c 
  262.82119530230761    118.70313550510467    206.20500586136299      c 
  261.23193577894864    119.02249919053590    207.87363387459243      o 
  263.22559665545720    121.93645660435220    202.81861696022239      c 
  263.76227882505759    124.74458936500787    202.35185465074596      c 
  265.89388969586491    125.38142700992104    201.57517728558480      o 
  262.07097410043656    126.31306190292456    202.87341901275198      o 
  267.59086359833378    120.74781898224425    203.50458747981727      h 
  264.27061510541859    122.16511344421718    206.63964282970136      h 
  263.88889046366052    120.96135801451486    201.41455057989455      h 
  261.41145974413189    121.67189497145058    202.84507312351252      h 
  264.43502126300740    114.42857540779436    209.85595639540523      n 
  264.83942261615704    114.27928705779988    212.55070559910305      c 
  263.44102541367710    116.44302326974520    213.93587471993789      c 
  262.07097410043656    116.00271712355895    215.75379108316181      o 
  267.70424715529163    114.41534732614929    213.17998434021902      c 
  269.27082996725898    112.29507481103781    211.95733165102371      c 
  272.01849149753713    112.81285972114524    212.64708162251722      c 
  268.44690945336544    109.72126806809499    212.75479600162714      c 
  265.72948353827599    114.93313223625672    209.01313862201866      h 
  264.17045963010582    112.67113027494794    213.12329256174010      h 
  268.35998205969770    116.03484246469699    212.62629463707492      h 
  267.91967591351147    114.34164801412669    214.99979042939222      h 
  269.03461422359686    112.30263371483500    210.13941528779978      h 
  273.08807638483938    111.51650771992735    211.91386795418990      h 
  272.51359969625304    114.45314184513524    211.99701589595895      h 
  272.20557436651757    112.79774191355087    214.47066716358901      h 
  269.49381762927612    108.46082085991375    211.93087548773354      h 
  268.61509506285290    109.56064136240472    214.57271236485107      h 
  266.69513349836689    109.46426533899059    212.27858506240423      h 
  263.68480006113646    118.72392249054694    212.87006928453428      n 
  262.50561106877495    121.03505732653744    213.86217540791532      c 
  259.68613995242350    120.74026007844706    214.28547402055787      c 
  258.70726191068752    121.44701758348423    216.28858352681294      o 
  262.76072407193010    123.23280860557010    212.03858986684349      c 
  261.50027686374887    125.75748247383117    212.94376859655688      c 
  261.22248714920215    127.69634129781012    210.82727553334396      c 
  263.59598294151948    128.67332961359676    209.88241255869536      n 
  263.76983772885478    130.39109050150796    208.07016537331933      c 
  261.68547000678001    131.32461512046078    207.03081610120586      n 
  266.03939859396081    131.17532677046631    207.24057568157787      n 
  264.55785344971173    118.97525604180348    211.52269468268537      h 
  263.38244390924888    121.34875183412078    215.44009657557848      h 
  264.54273564211741    123.54083393530554    211.73812344090524      h 
  262.02184122575488    122.75092848849930    210.43232280994084      h 
  259.84676665811378    125.38898591371822    213.64296719779685      h 
  262.50372134282566    126.48124751241201    214.29492265030439      h 
  260.30219061189445    126.92911256239546    209.43832696061054      h 
  260.20581458848022    129.09473850029005    211.43576728901769      h 
  264.97170343260785    128.10641182880761    210.53436801120290      h 
  260.22660157392249    130.81438911415054    207.53537292966823      h 
  261.79318438588990    132.43955343054614    205.85351683479371      h 
  267.39811155150545    130.56116583694470    207.88686195623751      h 
  266.13199516547633    132.29215480650095    206.06327641516569      h 
  258.38789822525632    119.72358751772516    212.39574807126067      n 
  255.67236203611623    119.38154712090237    212.49023436872551      c 
  254.89757439690436    118.10598210512676    214.90530413192738      c 
  252.98328201026627    118.80140125446812    216.06370613884656      o 
  254.83899289247614    117.84331019817444    210.13563583590118      c 
  256.62478391456204    115.92901781153635    209.51391599858243      o 
  259.07008929295262    119.20958205951632    211.01246867637511      h 
  254.83710316652690    121.01238061514587    212.46377820543537      h 
  253.20437994633409    117.07608146275976    210.45310979538314      h 
  254.63112303805349    118.97336631585416    208.70700301823251      h 
  257.30130580441039    115.38288701218946    210.84239334093834      h 
  256.34321474811674    116.20302807418445    215.68009177113922      n 
  255.90101887598121    114.73282128563122    217.99500605902833      c 
  255.92369558737278    116.45814107733958    220.25700802033711      c 
  254.07554360896006    116.65845202796507    221.58548536269302      o 
  257.94003317527290    112.72971177937617    218.36350261914129      c 
  258.50506123411276    111.20470293829331    215.97677874517890      c 
  256.77974144240443    110.90990569020295    214.38373976992136      o 
  260.62155429732564    110.23527352630384    215.71410683822657      o 
  257.65279483097970    115.70980960141787    214.85239180534705      h 
  254.27018538173769    113.91079049768693    217.82871017549016      h 
  259.48204954989944    113.54418366352327    218.93042040393044      h 
  257.41846881326688    111.58264812815275    219.69575941339582      h 
  258.03451947273771    117.80173622728989    220.59526896526128      n 
  258.38978795120562    119.46469506267145    222.76089490315590      c 
  256.14101407154197    121.22591964741646    222.92719078669407      c 
  254.96938398297769    121.47158402082509    224.92841056699982      o 
  260.82375497390041    121.03127787463883    222.44720039557257      c 
  263.29929596747979    119.48737177406301    222.36594217975281      c 
  265.52728286170122    121.19946348412628    221.85004699559465      c 
  263.66401307569419    118.06818758614079    224.82825509168705      c 
  259.29496668091900    117.76772116020254    219.57103750074219      h 
  258.53340712335222    118.46125058359462    224.28779347018806      h 
  260.69336388339894    122.00826619042549    220.90140456904746      h 
  260.92957962706112    122.22936412649327    223.83047979045813      h 
  263.18591241052195    118.26660881081702    221.00344977030949      h 
  267.06551978442911    120.20357790884665    221.80469357281152      h 
  265.29484656993765    122.03661207966495    220.23622103489481      h 
  265.65200477435485    122.45613124040895    223.17852433795059      h 
  265.22303698386435    117.10631707794852    224.75455577966449      h 
  263.74905074341251    119.26249438609663    226.21531393847121      h 
  262.25427751751840    116.92679311276528    225.09092699863936      h 
  255.52307368612179    122.43156480306807    220.81825662727837      n 
  253.39146281531450    124.16633322452293    220.59148951336269      c 
  250.92537045148160    122.80195108913033    221.35871824877739      c 
  249.62901845026377    123.62587160302392    223.13884009301535      o 
  253.23272583557352    125.09418866562785    217.91752729510713      c 
  256.35644282976182    122.25959974168204    219.43497723239281      h 
  253.62956828492594    125.60063522003952    221.70831754939735      h 
  251.81921082549923    126.24881122064846    217.75312113751829      h 
  254.78608056589584    125.96346260230457    217.47911087487017      h 
  252.99084091406351    123.66933529985775    216.78936090337669      h 
  260.69130870910817    129.39100454429959    228.17770392401215      h 
  286.44301706199548    137.42105855191133    191.68107235446968      h 
  292.31082680272391    133.49663023974236    211.40644528659453      h 
  293.66033271063083    127.45748933863864    213.28854549588922      h 
  292.62266008728346    132.31537503066554    220.64700878832170      h 
  288.64018368589763    126.97104021306585    220.68777076607563      h 
  288.62081781594321    131.07395736865186    229.35851535721699      h 
  283.23138062584172    129.12106239996029    233.54675908352527      h 
  279.31589107929545    120.54703190590617    227.00448508709539      h 
  284.75726657150767    116.96370605513171    226.35744944425619      h 
  281.50734889893039    114.11773516647334    216.81602115253406      h 
  286.87007764865029    117.26630355072325    212.76359911837483      h 
  277.09092262921507    120.04105934616315    197.84741717076054      h 
  270.87933699135147    118.49501230022622    197.02446711825829      h 
  272.65841290988209    116.17846132201525    205.15787858193303      h 
  263.09220103959115    116.99150997134686    205.45137592174692      h 
  264.02060045664092    112.89126789839760    209.25804085836947      h 
  250.37083345191365    121.25593855072307    220.42416054026964      h 
  -0.1730144456052D+00  -0.4715346603287D-01   0.1173068955496D+00
  -0.2844055598944D-01   0.4330224514423D-02  -0.1020807459052D+00
  -0.6507516117176D-02  -0.1062354438814D-01   0.2511306720640D-01
   0.5752838817829D-02   0.1111404007221D-01  -0.2130501170221D-01
   0.4825923060481D-01   0.7948871409653D-01   0.3869964579406D-01
  -0.5443667769993D-01  -0.8473587795333D-01  -0.4187740124148D-01
  -0.1465397766989D-01   0.2489439032228D-01  -0.4371565919274D-01
   0.3254713951764D-02  -0.8126623088418D-02   0.2686185429049D-01
  -0.1228876433625D+00   0.1374796259354D+00  -0.5885441810132D-01
   0.8104284352233D-01  -0.1009526132313D-01  -0.2080434416106D+00
   0.3997692376073D-01  -0.4777023363046D-02   0.1047985752172D+00
  -0.5508361500635D-01  -0.2804940870731D-02  -0.1022340050350D+00
  -0.3528341455237D-02  -0.1007872349315D+00   0.5669403302316D-01
   0.5859174328896D-01  -0.1317497085535D-01   0.9725646192066D-01
   0.7948003740352D-02   0.1033704519846D+00  -0.4308413492266D-01
   0.3059713113875D-01  -0.2445808723024D-01   0.2158998404562D+00
   0.1038741801197D+00  -0.1306178654497D+00  -0.1479873777800D+00
  -0.8259734781610D-01  -0.9858894083306D-01   0.1555037164017D+00
   0.2191658110252D-01   0.9718208305355D-01  -0.1912005044161D-01
  -0.8123854237903D-02  -0.2134981724966D-01   0.2598197956567D-01
   0.5828336154635D-02   0.1613350685751D-01  -0.1257046326898D-01
   0.1035856244336D+00  -0.3743179008395D-02  -0.1898644600560D-01
  -0.1117818427587D+00  -0.5721032491029D-01  -0.1252748913439D+00
  -0.9359426465899D-02   0.6390644920617D-01   0.7727187798781D-01
   0.8724822802622D-01   0.1054398993917D+00  -0.1682745366847D+00
  -0.2286905323458D-01  -0.1077953613105D+00   0.2012192123284D-01
  -0.1120899031151D+00   0.8421273045275D-02   0.1694676712820D-01
   0.1123627368713D+00   0.6064352966257D-01   0.1148238005193D+00
  -0.4954697612894D-01   0.4146656086370D-01  -0.9095893453835D-01
  -0.4476808681360D-01  -0.9790802857809D-01   0.3047530188402D-01
   0.1126239434583D+00  -0.9418870197539D-02  -0.1733713554612D-01
  -0.1268752445322D+00  -0.8409077238380D-01   0.1439584499798D+00
   0.9899679650581D-01  -0.8402358579255D-03   0.7506848891280D-02
  -0.2287089208457D-01  -0.9557421593601D-02   0.1617917623797D-01
   0.1144999454219D-01   0.7376150305609D-02  -0.1543217476261D-01
  -0.9507248520228D-01  -0.4823747072421D-02  -0.3150754168966D-01
  -0.1081016778714D+00   0.5141589283784D-01   0.1427115725152D+00
   0.3125525378124D-01  -0.5834819794300D-01  -0.6270247488160D-01
   0.1326742893474D+00   0.9462019074246D-01  -0.1387899686875D+00
  -0.1137073352061D+00  -0.7938980932527D-02  -0.1173156987651D-02
   0.1138354604875D+00   0.7777026195501D-02   0.3611631495054D-02
   0.1106590101570D+00  -0.5841304209377D-01  -0.1233177536582D+00
   0.3281846407858D-01   0.1045879643116D+00  -0.2411051651771D-01
   0.3618112315758D-01  -0.3303204346811D-01   0.1016509869243D+00
  -0.1133072015972D+00  -0.7149589986549D-02  -0.6603556489320D-02
  -0.1268149261810D+00  -0.2873958187560D-01   0.1507085749587D+00
   0.5124225659507D-02  -0.5701038011081D-01  -0.8377939933010D-01
  -0.1221813509600D-01  -0.9203778115158D-02   0.3640430163901D-01
   0.2217676981572D-02   0.4699784751447D-02  -0.3270523499833D-01
  -0.4440259076320D-01   0.8027764318150D-01   0.1738697190913D-01
   0.1211634700863D-01  -0.7854776484965D-01  -0.2495440418288D-01
   0.3628816640374D-01  -0.4139277819038D-02  -0.4170525860238D-02
  -0.2506687801800D-02  -0.1393424249212D-01   0.1518247789682D-01
   0.4774616924812D-03   0.1253772924678D-01  -0.2407415318881D-01
   0.1447142855418D+00   0.3280400909927D-01  -0.1566317854397D+00
  -0.2352223740836D-01   0.7154179518256D-01   0.8207667847805D-01
   0.2086369894144D-01  -0.4045563281710D-01  -0.1068462110671D+00
   0.3200556029731D-01  -0.7680994148999D-01   0.7853457833071D-01
  -0.4607261919403D-02   0.2954538106964D-01   0.1117787291150D+00
  -0.3613077456653D-01   0.8399945353024D-01  -0.7118399311423D-01
  -0.2695872665984D-01  -0.6166785914951D-01   0.1972327485548D+00
  -0.4326876958488D-01   0.1001204058275D+00   0.2308795527255D-01
  -0.2347721097996D-01  -0.1592370905742D-01   0.2301519934238D-01
   0.3369012774475D-03   0.1612145944871D-01  -0.1377876445348D-01
   0.3269526757066D-01   0.6448434913250D-01  -0.2015667305058D+00
   0.5886597064136D-01  -0.6113375927915D-01   0.7717450036983D-01
  -0.4338894755304D-02  -0.4477572114249D-01  -0.1041930083668D+00
  -0.6890177895998D-01  -0.1114136840662D+00   0.1714073292309D+00
   0.5769162647828D-01   0.8830964732589D-01   0.1299563052028D-01
  -0.2303043274636D-01  -0.1929895983976D-01   0.1886532447565D-01
   0.1595951537626D-01   0.1450020901774D-01  -0.1316843186988D-01
   0.4480589975812D-01  -0.7192093124558D-01   0.6431559298064D-01
   0.7498114820588D-01   0.1112329627019D+00  -0.1748878879081D+00
  -0.6309716596092D-01  -0.9269769181789D-01  -0.8369668277984D-02
  -0.1051562397261D+00   0.1778613289533D-01   0.3356570193001D-01
   0.3981794379534D-02  -0.3850385049830D-01  -0.1035808560412D+00
   0.6549888488022D-01   0.9284324848144D-01   0.1351784288892D-01
  -0.1323532272560D+00  -0.7639808634215D-01   0.1327050711576D+00
   0.7728898330044D-01  -0.3284200404492D-01  -0.3205689564677D-01
   0.5062766426339D-02  -0.4500522685340D-02  -0.1195361209080D-01
   0.1215424873305D-02  -0.1275946595951D-02   0.1160537698851D-01
  -0.8774435025043D-01   0.3109435691467D-03  -0.4241436269829D-01
   0.2929112063310D-01   0.2804881697762D-01   0.8065831801678D-01
  -0.7665079825474D-01  -0.5482658378705D-01   0.1694712741348D-01
   0.6322045932882D-01  -0.4990672218174D-01  -0.5680239580719D-01
   0.1450349204787D+00   0.8039093043929D-01  -0.1445994340986D+00
  -0.1031916616967D+00   0.4120469926512D-01   0.3327518411622D-01
   0.9460985850998D-01  -0.3936012542258D-01  -0.5396058139106D-01
   0.1843873240071D-01   0.1989379185121D-01   0.1108950377176D+00
  -0.4853322984204D-01  -0.2170617864998D-01  -0.9895185207151D-01
  -0.3291356382060D-01   0.9631309372059D-01  -0.4854968229429D-01
   0.7052545184199D-01  -0.5603314080126D-01  -0.6929052715462D-01
   0.5064401608554D-01   0.2278852379109D-01   0.9877716516058D-01
  -0.2904212454817D-01   0.9475704557035D-01  -0.5240458006345D-01
   0.5011278676294D-01   0.2349734211864D-01   0.9662703092710D-01
  -0.8879914220107D-01  -0.6346434744426D-01   0.1720462126751D-01
  -0.8718448246148D-01  -0.4392016340556D-02   0.1866762955644D+00
  -0.4517162199591D-01  -0.3364017301064D-01  -0.8510244714376D-01
  -0.4224520452292D-02  -0.3733682287962D-03   0.1460392323712D-01
  -0.2135034256843D-02  -0.6725205245018D-03  -0.2059913957731D-02
   0.4296419740280D-01   0.1020306682750D+00   0.4021691290254D-01
   0.6765094354039D-02   0.8239666628022D-02   0.5376668231854D-01
  -0.1297192905154D-01  -0.1558648176158D-02  -0.2538521109072D-01
  -0.1045487059547D+00   0.1951283092501D-01   0.1640209391993D+00
   0.9581206703082D-01   0.1527244608748D-02  -0.1952171069526D+00
   0.5845208458348D-01   0.3540776413126D-01   0.9045456134273D-01
  -0.3505079579370D-01  -0.1282316392595D-02  -0.1098021601666D+00
  -0.1797624859919D-01  -0.9636129838330D-01   0.5485076131359D-01
   0.2184156406453D+00   0.2112962036428D-01   0.2356867702502D-02
  -0.1087873178295D+00  -0.4416869316085D-01  -0.1836217206966D+00
  -0.3423040327455D-01  -0.4303286855968D-01   0.2006824465423D+00
  -0.4817459930319D-02   0.9278901263555D-01  -0.4238021425240D-01
   0.3793666493153D-02  -0.6703967205475D-02   0.5127071583042D-02
  -0.5634422319313D-02  -0.9489108568045D-03   0.8781048806079D-02
   0.3939041267078D-01  -0.8484971202004D-01   0.5241363091344D-01
  -0.3877027868807D-01   0.4017947075115D-01   0.8939473335225D-01
  -0.1455923922294D-01  -0.6860426123560D-02   0.1455936345556D-01
  -0.2197777786288D-02   0.3002368602162D-02  -0.8145535868907D-02
   0.1064402138444D-01  -0.1474425643774D-02   0.5561938475799D-02
   0.3643746404274D-01   0.4501590516590D-01  -0.2106410355232D+00
   0.7413463039660D-02  -0.1007873996081D+00   0.5043436227943D-01
   0.5199122487071D-01   0.6227577706292D-01  -0.8049060708777D-01
  -0.1060470001035D+00   0.3806203318004D-01   0.2121086403881D-01
   0.1048206096772D+00  -0.4953880875382D-01  -0.1804740081449D-02
  -0.5226263977593D-01   0.7383722661936D-02  -0.1002893031879D+00
  -0.8631730938259D-01  -0.6199082466623D-01   0.1741499328399D+00
   0.1142796826158D+00   0.3024898746679D-01  -0.1121585701968D-01
  -0.6932359010794D-03  -0.6627658356952D-02  -0.7618424546055D-02
  -0.8038079388688D-02   0.1204554746316D-02   0.9668991600322D-02
  -0.8148148241279D-01  -0.4377492858492D-01  -0.1211618808702D-01
   0.3910811392392D-01   0.6294294201971D-01   0.6326986923636D-01
   0.2572162953728D-01  -0.5388299912989D-01  -0.4204138411586D-01
   0.3053776145832D-02  -0.7290739832285D-01   0.3819883990273D-01
   0.8699249407884D-01   0.7811146536834D-01  -0.1839562111662D+00
  -0.1046566591393D+00  -0.2434802504191D-01   0.1112051532240D-01
   0.1113177878544D+00   0.1697180974172D-01  -0.9298733580490D-02
  -0.1092965110297D+00  -0.3536347615569D-01   0.8631883716878D-02
   0.6047762387602D-01  -0.6832595212236D-01  -0.7092900417893D-01
   0.1513923356532D-01   0.1024276983222D+00  -0.4135406021540D-01
   0.5080930868065D-01  -0.6745604970513D-02   0.1013349460785D+00
  -0.1110975118224D+00  -0.2143303100917D-01   0.1402290039983D-01
  -0.4817950944529D-01  -0.5370842421020D-02  -0.9840518733229D-01
   0.1055911523715D+00   0.3778674584105D-01  -0.9781718552120D-02
  -0.5995927249730D-01   0.6960592699597D-01   0.6496843688762D-01
  -0.1157679422763D+00   0.5235674620688D-02   0.1771884834919D+00
   0.1249130587850D-01  -0.8569456079223D-01  -0.6381386589522D-01
  -0.4106014807473D-02  -0.1021081185503D-01   0.2045189852455D-01
  -0.2040279774702D-02   0.1229735160329D-02  -0.4345967840383D-02
  -0.3404781519059D-01   0.2387638107785D-01   0.9673338966345D-01
  -0.3682859969465D-01  -0.3397709767601D-01   0.5424532466914D-01
   0.1036141589019D-01   0.1967255670253D-01  -0.3582645128623D-01
  -0.1472750485676D+00  -0.1220641086314D+00   0.2115377508649D-01
   0.1189326804176D+00   0.3211073602721D-03  -0.1803213605192D+00
  -0.2564810830035D-01   0.9057734156703D-01   0.6052008709131D-01
   0.1910095390255D-01   0.8007006881771D-01  -0.7962038160168D-01
   0.2522668529192D-01  -0.1073152406951D+00  -0.3436148963744D-01
   0.1296832336857D+00   0.5620515048606D-01   0.1706680452950D+00
   0.3539713393037D-01   0.8506626328049D-01  -0.1948655752508D+00
  -0.6162368902025D-01   0.9655502101997D-02   0.1998545899811D+00
  -0.6418632252496D-01   0.4719262956271D-01  -0.7760045448913D-01
  -0.6363304916905D-02  -0.5977343065825D-02   0.2533615913316D-01
  -0.3108489060461D-02   0.4076764912669D-02  -0.1201932449116D-01
   0.8997123370600D-01   0.3098648403849D-01   0.4058964557373D-01
   0.2370418245443D-02  -0.1394728488425D-01   0.2919604553826D-01
   0.1132473289648D-02   0.2909657479954D-02  -0.5523465622252D-02
  -0.9733969331522D-01  -0.3307429463317D-01   0.1653470668256D+00
   0.6400071860032D-01  -0.2007001989841D-01  -0.2067006294317D+00
   0.7214014377959D-01  -0.2294705813379D-01   0.8242655230805D-01
  -0.3338345674973D-01   0.4538662337581D-01  -0.1015524781183D+00
  -0.7481120587923D-01  -0.7565969984734D-01   0.4013562041240D-01
   0.1879560572020D+00  -0.1062591358553D+00  -0.3773726412287D-01
  -0.8240312963799D-01   0.1430999710435D+00  -0.1425335863602D+00
  -0.2906586754692D-01  -0.3786335316532D-01   0.1897431339208D+00
   0.4402497145764D-01   0.8143501700309D-01  -0.2044000881497D-01
   0.8165147988860D-02   0.1161325725018D-01  -0.4219037615114D-02
  -0.1386468526227D-01  -0.4776273624633D-02   0.2439037669132D-01
   0.4723771783097D-01  -0.9777116757133D-01  -0.1109180038700D-01
  -0.3279306341252D-02  -0.5097876599410D-01   0.1173954784958D-01
   0.3044999101940D-02   0.2491647756801D-01   0.5426853665695D-03
  -0.3267134201671D-02  -0.8491140893664D-01   0.1703555934802D+00
   0.4634367194330D-01   0.4501372901145D-01  -0.2103506150831D+00
  -0.5311731078398D-01  -0.9794120181260D-01   0.2577300406138D-01
   0.6158416049590D-01   0.9255467123431D-01  -0.3111023491574D-01
  -0.1023525811597D+00   0.2313259445954D-01   0.4294490967948D-01
  -0.3336225983162D-01  -0.1162213030508D+00  -0.1840704565404D+00
   0.3327041548660D-01   0.2150143730397D+00  -0.3426126200145D-02
  -0.9699708390513D-01  -0.6186222725516D-01   0.1694554812400D+00
   0.8596410937008D-01  -0.2809913787235D-01  -0.2937597282976D-01
  -0.1058588439014D-01   0.1481615959811D-02   0.2305426611534D-01
   0.8533109456533D-02  -0.9631831210647D-03  -0.1569437457871D-01
  -0.9467589100818D-01  -0.3290074870359D-01  -0.5058412136129D-01
   0.1439887870991D-01   0.5313622646065D-01   0.7926877111030D-01
  -0.5513360923933D-01  -0.6583358015317D-01   0.3110880825280D-01
   0.8018752939480D-01  -0.3530679116552D-01  -0.3272533827509D-01
   0.1066185456760D+00   0.6005934304861D-01  -0.1789524689347D+00
  -0.1042654248800D+00   0.3104359510416D-01   0.2910853878776D-01
   0.1006563448185D+00  -0.3940915177490D-01  -0.3756012320436D-01
   0.6789390682597D-02   0.6587513795798D-01   0.9250688335473D-01
  -0.2154949697107D-01  -0.6874984610611D-01  -0.8530324731619D-01
  -0.5237326089933D-01   0.5698952166812D-01  -0.8271921919893D-01
   0.9388732427080D-01  -0.4739945377801D-01  -0.3953695471928D-01
   0.2304782010807D-01   0.6913341974580D-01   0.8701453682863D-01
  -0.4852380448586D-01   0.5915178893264D-01  -0.8300995536739D-01
   0.2388394358535D-01   0.6817953552064D-01   0.8706414625043D-01
  -0.6874708436961D-01  -0.8194342676773D-01   0.3348391846749D-01
  -0.8227321567258D-01   0.2458445998651D-01   0.1888142726407D+00
  -0.3685150885048D-01  -0.7854815952490D-01  -0.7567110053981D-01
  -0.8016838840808D-02   0.1052807824475D-01   0.1875377083646D-01
   0.8187762439891D-02  -0.1694247706093D-02  -0.7037609189595D-02
   0.1313629803497D-02   0.1044271302035D+00   0.2082344004795D-01
  -0.6026442670514D-02  -0.1037023175292D+00  -0.1191323515678D-01
  -0.4305746936867D-02   0.3313683396242D-02  -0.2509119122081D-01
  -0.2700305261555D-02  -0.3601876770480D-02   0.9768964241610D-02
  -0.1338868102747D+00   0.1018529871028D+00  -0.1155593130373D+00
   0.8894947308916D-01  -0.2421727082179D-01  -0.1977344646055D+00
   0.4100078011497D-01   0.6972881914622D-01   0.7715397306102D-01
  -0.4570664414231D-01  -0.4687093595250D-01  -0.9366891431684D-01
   0.2897707342882D-01  -0.7753291226752D-01   0.8011068157416D-01
   0.4768232441661D-01   0.4316194174200D-01   0.9477582253416D-01
  -0.2746528401695D-01   0.7723552120175D-01  -0.7939402499742D-01
  -0.2141691307070D-01   0.2305493253492D-01   0.2146818497989D+00
   0.1563258011307D+00  -0.1263491509487D+00  -0.8898284555168D-01
  -0.1117549685199D-01  -0.3331449617419D-01   0.1967885942910D+00
  -0.4863373153039D-01   0.9019984134575D-01  -0.4137022264888D-01
   0.1690050915117D-01  -0.9377121798093D-01   0.5960751634305D-01
   0.1001038367410D-01   0.1251337730802D-01  -0.3842239032568D-01
  -0.1604558134525D-01  -0.2528615836159D-01   0.1080180760205D+00
   0.1033218390784D+00  -0.1151458391717D-01   0.1706106856751D-01
  -0.1025999125592D+00  -0.1711298246872D-01  -0.2991955638319D-01
   0.1190295963750D+00   0.4423473959931D-01   0.1638503425569D+00
   0.1925282241117D-01   0.1399354774653D-01  -0.8367222687980D-02
  -0.1181908482071D+00  -0.3535751391656D-01  -0.1580069000030D+00
   0.9714125647283D-01   0.1701763435598D+00   0.1340753338549D-01
   0.8803740209103D-02   0.2486239298872D-01  -0.2159989861744D+00
   0.4491839228154D-01  -0.7980039699811D-01   0.6235031674635D-01
   0.7429731398608D-01  -0.5001266941195D-01  -0.7023652467407D-01
  -0.5336746111534D-01   0.8696176853862D-01  -0.4936976891456D-01
  -0.5487370701379D-01  -0.3230825420941D-01  -0.9442383729290D-01
  -0.6783246899574D-01   0.5086877001343D-01   0.7764345723786D-01
   0.2609297484323D-01   0.3093213919737D-01   0.1053150930779D+00
   0.9200200399198D-01  -0.2950250904119D-01  -0.6595366353773D-01
  -0.1271301435024D+00  -0.3749930874360D-01  -0.1747186145135D+00
   0.1298206119038D+00   0.1741130696348D+00   0.8521606335646D-02
  -0.5986826824624D-02  -0.1396728601274D+00   0.1695298186320D+00
  -0.1087183643393D+00  -0.4665439487963D-01  -0.1851775940932D+00
  -0.5705791552018D-02  -0.1389613784408D+00   0.1701961954813D+00
  -0.1477860647977D-02   0.1186688289050D+00  -0.1611331228958D+00
  -0.7956176471485D-01   0.3994669657482D-01   0.2925956696352D-01
   0.6671535401790D-01  -0.2500765211749D-01  -0.1770605977581D-01
   0.5213249397417D-02  -0.2104549211011D-03  -0.2273431121112D-02
   0.8172371011646D-01  -0.3627111387116D-01  -0.1677450488986D-01
  -0.8135080597592D-02   0.1039023835561D+00   0.1134366542470D-01
  -0.6270006165912D-01  -0.5985223076091D-01   0.1792459090777D-01
  -0.2192528113028D-01  -0.4659317629103D-01  -0.8870827114835D-01
  -0.7460391881388D-01  -0.1259842433664D-01   0.2109692631896D+00
   0.1022114446885D+00  -0.4197612266915D-01  -0.3322939436456D-01
  -0.9772349731142D-01   0.5016046561252D-01   0.2727520430909D-01
   0.9888518459567D-01  -0.5175575699531D-01  -0.3142150672620D-01
  -0.8278427338140D-01  -0.7463703814416D-01   0.2489946255529D-01
   0.1601573565877D-01   0.6290516939544D-01   0.9150399220068D-01
  -0.3530680066053D-01   0.6718011689776D-01  -0.8468987493265D-01
   0.9531927766925D-01  -0.5118040513498D-01  -0.3100267243644D-01
   0.3232145663387D-01  -0.7470596112435D-01   0.7637287949032D-01
  -0.9450901658054D-01   0.5241368528309D-01   0.3300400745203D-01
   0.8171273476366D-01   0.7345112590583D-01  -0.1878863846691D-01
   0.8344104156596D-01   0.1391495527646D+00  -0.1375355845231D+00
  -0.1437573842560D-02   0.7718789972428D-01   0.8435965077715D-01
   0.1264809289980D-01  -0.6750030101813D-01  -0.7669510306017D-01
  -0.8030122599410D-02  -0.6695499344094D-02   0.4178983331659D-01
   0.2623659182286D-02  -0.5027430136121D-01  -0.7833393345651D-01
  -0.9248636620020D-01  -0.2409426437845D-02   0.3088213904245D-01
   0.1793507965571D-01   0.7711460391212D-01  -0.4413318459226D-01
  -0.8643226253947D-02  -0.4651632083651D-01   0.2171146423155D+00
   0.1348586361648D-01  -0.7273241007881D-01  -0.8350594237295D-01
  -0.1154899392452D-01   0.8314057231674D-01   0.7702577348309D-01
   0.7075503550818D-01  -0.2522705000425D-01   0.8444583691479D-01
   0.2157091548521D-01   0.1023804186294D+00  -0.4037312540782D-01
   0.1026571259630D-01  -0.7900978868721D-01  -0.8235019113145D-01
   0.7596100429445D-01  -0.2016386143614D-01   0.8005466302924D-01
   0.5437354586644D-02  -0.8415903064102D-01  -0.7852488700531D-01
  -0.1036471210043D+00   0.3620748090480D-02   0.4601066399302D-01
   0.8326001992919D-01   0.3192699168595D-01  -0.1868765302067D+00
   0.3206778453257D-02   0.9773727217461D-01   0.3325737235142D-01
  -0.4686515049130D-01   0.5961366294113D-01   0.7394117235482D-01
   0.7732238010015D-02  -0.3260545647955D-01  -0.6721606805136D-02
  -0.7633227942620D-02  -0.9145405487770D-01  -0.2531442350433D-01
   0.1334373239230D+00  -0.7429382134533D-01  -0.1109290441533D+00
  -0.8126826402573D-01   0.7701125922845D-02   0.3046671563228D-01
  -0.5020161147071D-02   0.7734689805439D-01   0.2086108637357D+00
   0.1403252717340D-02  -0.1003456953159D+00  -0.4527829229748D-01
  -0.5659600133659D-02   0.1062413610158D+00   0.4328644868422D-01
  -0.1278490631641D+00   0.7572077390918D-01   0.9795928494177D-01
   0.6894230019655D-01   0.3950253071958D-02   0.8650364785121D-01
   0.2537068442219D-01   0.8005106316057D-01  -0.7560451665350D-01
   0.2523451841678D-02  -0.1038884716067D+00  -0.4642210895646D-01
  -0.8585220602512D-02   0.2005659836470D+00   0.4779850437474D-01
  -0.7533056509936D-01  -0.5282633656611D-01  -0.4410491715687D-01
   0.2579275692954D-01  -0.7761137612705D-02   0.9076427730080D-01
   0.4936738155450D-02  -0.7422288332578D-02  -0.2030422652578D-01
   0.9691094928871D-01   0.1790996531945D-01  -0.4641659404282D-02
  -0.4786696579500D-01   0.5360371660326D-01   0.7835168023844D-01
   0.3864161549788D-01   0.7507591942775D-01  -0.5844533608945D-01
  -0.5480160086370D-01  -0.6125932479747D-01  -0.6306565250640D-01
  -0.1257285604028D+00  -0.1708441830929D+00  -0.7441938104773D-01
   0.8366031060833D-01   0.5686627832228D-01   0.4737319942598D-01
  -0.6639326780649D-01  -0.6775436703121D-01  -0.6683030555314D-01
  -0.6111784747400D-01   0.4170882713993D-01   0.9018623755871D-01
   0.6321703658574D-01  -0.4357963160791D-01  -0.8071200317152D-01
   0.8484505862246D-01  -0.6154948100494D-01   0.4100594963496D-01
  -0.6678523708281D-01  -0.6236882732834D-01  -0.6721340444287D-01
  -0.6156026240408D-01   0.4779449810302D-01   0.8175116344733D-01
   0.8281453239670D-01  -0.6437408555904D-01   0.4383890307497D-01
  -0.6628363319037D-01   0.4079051971601D-01   0.8000317095852D-01
   0.4512454640637D-01   0.8306997749826D-01  -0.6079160670610D-01
  -0.1217102099816D+00   0.7461371354334D-01   0.1435431581398D+00
  -0.1593344201856D-01  -0.7907652220783D-01  -0.5993794250692D-01
   0.4253794961876D-01  -0.2765627659874D-01  -0.8048923364463D-01
   0.6751349493128D-02   0.1125969897435D-01   0.1586992820996D-01
   0.2455452432027D-02   0.6044171373878D-01   0.8333038605469D-01
  -0.8043694726741D-01   0.4418939303151D-01   0.7024356660107D-01
   0.1039800164438D-01   0.4366405165866D-01  -0.9392248307493D-01
  -0.1314216913841D-01  -0.8159004214464D-01  -0.6272334388304D-01
   0.1633927384014D-01  -0.1560067753284D+00  -0.1611966023605D+00
  -0.1139798297929D-02   0.8089881042600D-01   0.7395914464904D-01
  -0.5198565341656D-02  -0.8117404175415D-01  -0.7644567174017D-01
   0.1685381781151D-01   0.3848331565670D-01  -0.1057568702641D+00
   0.7654153612553D-01  -0.7823537984492D-01   0.2970296209332D-01
   0.8373886791847D-01  -0.7298347893572D-01   0.1613629442816D-01
  -0.9959151586962D-01  -0.5253206221646D-01   0.1041788980151D-02
   0.1529815491679D-02   0.8117634626682D-01   0.7724877002949D-01
   0.9884828450064D-01   0.3989292827364D-01  -0.1270099374149D-01
  -0.1510383607705D-01  -0.3507030413628D-01   0.1050958785437D+00
  -0.7515314617293D-01   0.7876424431577D-01  -0.2685283875391D-01
   0.1586270840436D+00   0.7613581767212D-01  -0.1022266309174D+00
   0.1866277246006D-01   0.3769024051198D-01   0.8285344563525D-01
   0.6494899644291D-03  -0.6246052841421D-01  -0.6324160650758D-01
  -0.9681256470030D-02   0.7220160166826D-02   0.1782568621788D-01
  -0.7252387905145D-01  -0.4668242368525D-02  -0.6622857368735D-01
   0.9171831167168D-01  -0.4719989688964D-01  -0.3445758549152D-01
  -0.1546291163650D-01   0.8888925880065D-01  -0.4967691844004D-01
  -0.1540092198191D-01   0.4214221984829D-01   0.9486597760327D-01
  -0.6357245561162D-01  -0.5858156670183D-01   0.2063290709019D+00
  -0.2412461043595D-01  -0.4092070564553D-01  -0.1018035684580D+00
  -0.7145388013470D-02   0.3785541700207D-01   0.1077145385542D+00
   0.1063080360082D+00  -0.4065694292983D-01  -0.2603195157205D-01
  -0.1042295255157D+00   0.3551567420609D-01   0.1847594428494D-01
  -0.7863579574163D-01  -0.7647169558086D-01  -0.2227938479800D-01
  -0.4542633817867D-02   0.3091902449641D-01   0.1097860295933D+00
   0.1028826707063D+00  -0.4074040957883D-01  -0.2545536781357D-01
  -0.7246100985353D-01  -0.8391630979812D-01  -0.1216116234206D-01
   0.1054003404366D+00  -0.3775376669648D-01  -0.1443417973572D-01
  -0.2225343764438D-01   0.8099566377497D-01  -0.7267271621117D-01
   0.1704632914450D+00  -0.1204575237100D-01  -0.1007504232442D+00
   0.3129725365911D-01  -0.4747370797715D-01   0.7683726980067D-01
  -0.8585173226117D-02   0.5936700014034D-02   0.2602001788107D-02
   0.6377113881732D-02   0.4376855479725D-04  -0.1395743346506D-01
  -0.1426628959655D-01   0.3241011006125D-01  -0.8042812047610D-01
  -0.2926068280180D-01   0.6375012485572D-01   0.5313747148331D-01
   0.8921235611706D-01  -0.7372304254755D-02  -0.6503011491670D-02
  -0.1015515146987D+00  -0.8074348502169D-01   0.1805571643250D+00
  -0.4121167868731D-01   0.3357640641036D-01  -0.1028006967626D+00
   0.3736221635828D-01  -0.2802813600214D-01   0.1052389511251D+00
  -0.5209270654176D-01  -0.9690766395316D-01   0.2915007156255D-01
   0.1125569746656D+00  -0.1160736130646D-01   0.8152265837446D-02
  -0.2779378365272D-01   0.3120466994049D-01  -0.1055704518995D+00
  -0.4550510868720D-01  -0.9926015288842D-01   0.2647644381832D-01
  -0.3582719215457D-01   0.3351460590508D-01  -0.1037470862455D+00
  -0.2858163070561D-01   0.7730688693706D-01   0.7760020925750D-01
   0.7213609285960D-01   0.4215238327933D-01  -0.1711224478166D+00
  -0.4839206427867D-02   0.5635148381007D-01   0.6367437412006D-01
   0.2700692846941D-01  -0.6494869097428D-01  -0.4968997405952D-01
  -0.1602477254735D-01   0.3203750273934D-02   0.2126798630480D-01
  -0.5530026495213D-01  -0.4524857373475D-01  -0.7222287385588D-01
  -0.8712503865559D-02  -0.3419314273050D-01  -0.5829682266138D-02
  -0.2697056805182D-02   0.8776056220652D-02   0.1466779131463D-02
   0.4426809483610D-02   0.9236582098742D-02  -0.1790535670974D-02
  -0.8365769381040D-01  -0.3413170797817D-01   0.2009670229817D+00
   0.1616715437331D-01  -0.8352249144342D-01  -0.8267629859328D-01
  -0.4827827503487D-01   0.5844533381801D-01   0.8605503987705D-01
   0.1139800304266D+00   0.9875606554480D-02  -0.7296060280035D-02
   0.1386455441753D+00  -0.4629894130097D-01  -0.1379619902779D+00
  -0.4995288519840D-01  -0.9450721997407D-01   0.2494363947491D-01
   0.5769971355461D-02   0.1249260739324D-01   0.1135967670470D-01
  -0.1193096281132D-02  -0.8429981082531D-02  -0.5145940629348D-02
   0.5102676158141D-01   0.7996425698028D-01   0.6175176548299D-01
  -0.8452875153862D-02  -0.1904757177778D-01  -0.8752657399489D-01
   0.8849801037108D-01   0.1983411637629D-01   0.2424292251407D-01
  -0.2601103988543D-01  -0.7139810541380D-01   0.1406122928169D-01
  -0.1784466123237D+00  -0.8385809711694D-01   0.1085537971791D+00
   0.4608144479089D-01   0.9211189619485D-01  -0.4365515252757D-01
  -0.3692778181014D-01  -0.1000230360140D+00   0.4238891349507D-01
  -0.8333636496408D-02   0.1053242118319D-01  -0.1132397063552D+00
   0.9730215826449D-02  -0.1070538739299D-01   0.1137112960055D+00
  -0.6299700849874D-01   0.8203531787362D-01   0.4613738171577D-01
  -0.2601736743194D-01  -0.1020896747951D+00   0.4111139646662D-01
  -0.9187517054631D-02   0.1812019274774D-02  -0.1129966474780D+00
  -0.6488279519381D-01   0.7722711133958D-01   0.5155517938147D-01
  -0.8495235996593D-02   0.1166679285227D-01  -0.1146359094602D+00
   0.1086810745864D+00   0.1701696479497D-01   0.2809766976372D-01
   0.1161897634658D+00   0.2141739264511D-01  -0.1692188976399D+00
   0.4984243532251D-01   0.2748441236527D-01   0.8068612080466D-01
   0.6494061340099D-02   0.3375718415630D-02  -0.3163416004620D-01
  -0.2735256920168D-02   0.2507447728749D-02   0.1185797355372D-01
   0.4950068817307D-01  -0.2664087000568D-01  -0.8691613889921D-01
  -0.4822493884474D-01   0.3096634101195D-01   0.1061447597478D+00
  -0.8836438359770D-01   0.3725625037921D-01  -0.3459988486191D-01
   0.1565565027285D+00  -0.7535515560530D-01   0.8358935866389D-01
   0.6580040159117D-02   0.1457778981389D-02   0.5945307486214D-02
  -0.1752475203340D+00   0.7384662901372D-01  -0.9034225222407D-01
   0.1913073394931D+00   0.6871811790445D-01  -0.7471893658514D-01
  -0.1209107928903D+00  -0.2354337515307D-01   0.1820959682479D+00
  -0.4483880363991D-01  -0.2583414118386D-01  -0.1020026007793D+00
  -0.1121270968268D+00  -0.1935105988528D-01   0.1319769121615D-01
   0.5247062114905D-01   0.3136876233673D-01   0.9715771061006D-01
   0.1035973287147D+00   0.2251751435129D-01  -0.3705314476973D-01
  -0.6571086154865D-01  -0.4404233867783D-01  -0.8212174820062D-01
   0.5429165226811D-01   0.5364985962742D-01   0.8904981041145D-01
   0.6066544200750D-01  -0.8811433761829D-01  -0.4675266049719D-01
  -0.1831701190438D+00   0.7784773660611D-01  -0.8953661098662D-01
   0.1952518663554D+00   0.6938511092551D-01  -0.6607048341700D-01
  -0.1586459050976D-01  -0.1495993299303D+00   0.1602677451704D+00
  -0.1803876864646D+00   0.8240985740912D-01  -0.9091744688544D-01
  -0.7438546758862D-02  -0.1524912856299D+00   0.1566131999422D+00
   0.9035904146292D-01  -0.6549265982254D-01  -0.1702572671025D+00
  -0.4939053488921D-01   0.8694807430785D-01   0.5806260867232D-02
   0.2722302451872D-01   0.3056272258921D-04  -0.2839174286298D-01
  -0.1340598266999D-01   0.3797739603313D-02   0.1080598254267D-01
  -0.1008367924055D+00   0.2271126201765D-01  -0.6654689888581D-01
   0.7214318589623D-01  -0.6611777407939D-01   0.1496037950627D+00
  -0.9931075904211D-01   0.6792230828827D-01   0.1851352381903D+00
   0.5318725626696D-01  -0.1013086467313D+00   0.1411986629650D-02
   0.1020233060968D+00   0.5147366406892D-01  -0.2737680175046D-01
   0.9611346424278D-03  -0.6931932268216D-01   0.9063807260244D-01
  -0.7255904010141D-01   0.6785695191359D-01  -0.1454442568404D+00
   0.1552393259136D+00  -0.5277498495632D-01  -0.1102048102356D+00
  -0.8937830969410D-01  -0.4325542440375D-01   0.7771534659144D-02
  -0.1622142918926D-02  -0.1251423070653D-01   0.7661293887847D-02
   0.1657507037469D-01   0.1086844922058D-02  -0.2066416576097D-01
   0.4873148089184D-01  -0.2897304130209D-01   0.9008027761189D-01
   0.6077138669550D-02   0.1694290512669D-01   0.2669900790032D-01
   0.8470353347200D-02  -0.7733245388782D-02  -0.1794856418101D-02
  -0.1366715495816D-01  -0.1530949133067D-03  -0.9860089120680D-02
  -0.1745354067556D+00   0.6231847319065D-01   0.1092875225822D+00
   0.1021433587297D+00   0.4702473602120D-01   0.7020160641555D-02
  -0.9880971364687D-01  -0.4977488371076D-01  -0.2675587558612D-01
   0.3787437934083D-01   0.7348654751167D-01  -0.7715156729442D-01
   0.1497814818178D+00  -0.4559429523227D-02  -0.1334862915961D+00
  -0.3406959855622D-02  -0.5689740727233D-01   0.9117090947274D-01
   0.1763857842398D-01  -0.4668184005567D-02  -0.2313837932319D-01
  -0.5168716338279D-02  -0.2230615828438D-03   0.5568950822175D-02
  -0.5707840228018D-02   0.1133833217548D+00  -0.3975961724221D-02
   0.1087820317958D-01  -0.5658213579039D-01  -0.6866043320185D-01
   0.6939754026665D-01   0.4859298348977D-01  -0.1773766296971D-01
   0.9187279074496D-02  -0.4650655621644D-01   0.7555645121907D-01
  -0.1635091082167D+00   0.9265620409661D-02   0.1425242068570D+00
  -0.6125914726607D-03   0.6000962461945D-01  -0.9441526129055D-01
   0.1086900877883D-01  -0.5615294300125D-01   0.9923962359406D-01
  -0.1990709322755D-02  -0.7050783105284D-01  -0.8959199499499D-01
   0.8360963894187D-02   0.7598474605694D-01   0.8561890727357D-01
  -0.9178496892178D-01   0.6421322139128D-01   0.3391818804158D-02
   0.1613124391421D-01  -0.5099784829756D-01   0.1004815765870D+00
  -0.5320025743967D-02  -0.7731284622578D-01  -0.8262297535266D-01
  -0.9592094188510D-01   0.5966307780942D-01   0.6533958704981D-02
  -0.4252587131511D-02  -0.7521467855076D-01  -0.8607834315401D-01
   0.8624012638688D-01   0.7074152328043D-01  -0.1535762479620D-01
   0.1135318171247D+00  -0.2541400171509D-01  -0.1671309063975D+00
   0.2319620889772D-01   0.9265079169194D-01   0.4133981282065D-01
  -0.4829428989661D-02  -0.8390143235505D-01  -0.7704390081365D-01
  -0.2331112864144D-01   0.1616358718455D-01   0.3765047490124D-01
  -0.7959597659533D-03   0.3288015248623D-01  -0.7391660747493D-01
  -0.1159693939326D+00   0.2856542993687D-01   0.1840210454873D+00
  -0.1611055528670D-01  -0.8492596040378D-01  -0.7367887215837D-01
   0.8735028573641D-01  -0.7169376416808D-01   0.7318222224386D-02
  -0.9736951572369D-01  -0.5465744367155D-01   0.2206825191856D-01
   0.1497002769146D-01   0.9130805703488D-01   0.6897089529390D-01
   0.8087697801556D-01   0.7799011827311D-01   0.8925408854154D-01
  -0.1578183841719D-01   0.6584196173889D-01  -0.2880056120980D-01
   0.5070621667558D-01  -0.1224815776249D+00  -0.4992767728904D-01
  -0.7218513957634D-01   0.2822641536712D-01   0.1151458442350D-01
  -0.7757604251218D-01  -0.8474239964420D-01  -0.8279212137043D-01
  -0.9379444129709D-02   0.5486994999045D-01   0.4847681712482D-01
  -0.8916155814019D-01  -0.1079307406101D+00  -0.2443318965907D-01
   0.3536276734858D-01  -0.2810225976912D-01  -0.6043898532290D-01
   0.1393711380372D+00  -0.2815957929082D-01   0.2713597558181D-02
  -0.2951591040903D-01   0.1228301310356D-01  -0.6828675428704D-01
   0.1072748300112D+00   0.9512469130269D-01   0.1852248509596D-02
  -0.4181108410515D-01   0.1383211217663D-01   0.6298493011409D-01
  -0.1050892501951D+00  -0.1360871682725D-02  -0.9460565316296D-01
   0.1498412985859D-01   0.5633265541977D-01   0.4826716882573D-01
  -0.6554186804747D-01   0.1102785101672D+00  -0.5984078242360D-01
  -0.1156300106057D-01   0.6591404381662D-01   0.3273256748759D-01
   0.4536717511612D-01   0.1260089626502D+00   0.4653544926029D-01
   0.1499616723177D-01   0.6099927887164D-01   0.4013506795766D-01
$end                                                                            
