   -0.39241366
    0.02120502
    0.25525736
   -0.48611093
   -0.07408954
   -0.01066307
   -0.11035735
   -0.11612847
    0.16135355
    0.05486782
    0.04507267
    0.05171023
    0.03436086
    0.03205186
    0.03458024
    0.03487768
    0.03598402
    0.04757530
    0.04190641
   -0.16888685
    0.00772203
    0.27195523
   -0.48239170
   -0.07006252
   -0.10561863
    0.29045145
   -0.50895902
   -0.29140102
    0.21933926
    0.09282395
    0.06997103
    0.06527376
    0.07579201
    0.08205599
    0.23417970
    0.22509351
   -0.18232475
    0.01116422
    0.27898146
   -0.48996568
   -0.08513390
   -0.07980359
   -0.03195656
   -0.14548401
    0.23793680
   -0.26829352
   -0.27548745
    0.21752622
    0.09152320
    0.07934819
    0.06607626
    0.07599329
    0.05786231
    0.09679191
    0.08162519
    0.23194675
    0.25388816
    0.22014146
    0.24803350
    0.24221321
   -0.17677626
    0.02031878
    0.28196490
   -0.49772293
   -0.02723790
   -0.11856430
   -0.12055960
    0.20117834
    0.06662159
    0.06712233
    0.06082545
    0.04545868
    0.04280526
    0.05788943
    0.04817151
    0.04057465
   -0.18336206
    0.02463832
    0.28204359
   -0.48551570
   -0.09106389
   -0.08885742
   -0.03009113
   -0.14564359
    0.23200705
   -0.25110293
   -0.26498624
    0.23368179
    0.06654986
    0.08425882
    0.06195848
    0.06373149
    0.07712232
    0.09224295
    0.08358711
    0.22560235
    0.24134891
    0.25217607
    0.23077790
    0.24333225
   -0.16576698
    0.03570050
    0.20747967
   -0.37784523
   -0.04945298
   -0.09396039
    0.36798296
   -0.62024146
   -0.60231583
    0.21590303
    0.07601081
    0.06688754
    0.03765363
    0.02697298
    0.04404824
   -0.41253666
    0.04174439
    0.27115648
   -0.52250632
   -0.12328989
    0.18710522
    0.02401337
    0.04483902
    0.05948667
    0.06665390
   -0.16711341
    0.02864505
    0.21974142
   -0.38454704
   -0.01664283
   -0.11663654
   -0.12776247
    0.23035187
    0.07285069
    0.05160040
    0.06006875
    0.02876360
    0.05111363
    0.05857737
    0.05300528
    0.06407134
   -0.39340840
    0.03472537
    0.19527285
   -0.38511408
   -0.07010343
   -0.01242039
   -0.11800924
   -0.11920220
    0.15470179
    0.08558918
    0.03383755
    0.05539291
    0.02901460
    0.03926004
    0.04130292
    0.04686237
    0.03905414
    0.04853213
    0.04392567
   -0.39337872
    0.03496441
    0.20569349
   -0.38081599
   -0.06810912
   -0.01085158
   -0.12331940
   -0.11432290
    0.16589682
    0.06319998
    0.05263752
    0.05017197
    0.01151084
    0.04313066
    0.03883515
    0.05308293
    0.03896328
    0.04847070
    0.03632129
   -0.37963056
    0.03079809
    0.19973009
   -0.38566811
   -0.01891506
   -0.11345047
   -0.10660956
    0.15898922
    0.07793975
    0.03723217
    0.04146375
    0.04221603
    0.04694648
    0.04204632
    0.04084785
    0.03015000
   -0.39103943
    0.01727234
    0.26834978
   -0.47666148
    0.11126578
   -0.47519377
   -0.15402747
    0.16497890
    0.03108118
    0.04714709
    0.32668085
    0.07652490
    0.06094020
    0.05809274
   -0.17573462
    0.02059624
    0.27010452
   -0.45131926
   -0.06227073
   -0.09673934
    0.36982017
   -0.63290094
   -0.65883835
    0.20552830
    0.06323196
    0.06992125
    0.04775655
    0.01574687
    0.02622735
   -0.16452890
    0.02549906
    0.26527000
   -0.46673089
   -0.10601461
    0.28700874
   -0.51477826
   -0.28949429
    0.20448027
    0.07481994
    0.08312506
    0.09937031
    0.22595809
    0.23467866
   -0.09098763
    0.01162686
    0.27774903
   -0.46873627
   -0.07743885
   -0.07271235
   -0.01773484
    0.08947141
    0.06897074
    0.08050344
    0.05206586
    0.07310703
    0.06152158
    0.08030097
   -0.18112757
    0.02070252
    0.28419009
   -0.48958687
   -0.07799791
   -0.01281770
   -0.11997364
   -0.12148201
    0.20744111
    0.07466592
    0.05429151
    0.05826272
    0.03304797
    0.04493543
    0.04129453
    0.04774704
    0.04922956
    0.04971299
    0.04009244
   -0.18357569
    0.02301060
    0.27446210
   -0.50491898
   -0.07296287
   -0.10762125
    0.28336045
   -0.50482145
   -0.27700478
    0.21852970
    0.07515695
    0.08087804
    0.06986017
    0.09806631
    0.06660064
    0.22902019
    0.23876238
   -0.17091461
    0.01305111
    0.26870764
   -0.49574799
   -0.08532350
   -0.08118673
   -0.09446107
   -0.04627748
   -0.15062131
    0.22586310
    0.08255607
    0.07650293
    0.07401220
    0.06614405
    0.06050417
    0.07873800
    0.08313821
    0.11713475
    0.10631027
    0.27750105
    0.29069278
    0.28211070
   -0.18164823
    0.01895450
    0.27636654
   -0.49528014
   -0.02918767
   -0.07288657
   -0.11759945
   -0.10353723
    0.23176003
    0.07507436
    0.05062412
    0.05776703
    0.05597309
    0.06341923
    0.03382784
    0.05377143
    0.04538524
    0.02847613
    0.03383068
   -0.19371258
    0.03957065
    0.27528279
   -0.50309404
   -0.10539042
    0.37225140
   -0.61181980
   -0.60311772
    0.22763130
    0.06066324
    0.04645694
    0.02836274
   -0.18641654
    0.02619661
    0.27325868
   -0.50701547
   -0.13812939
    0.22552311
    0.06185244
    0.06977478
    0.07482621
    0.08034576
   -0.17928532
    0.02454380
    0.27843882
   -0.50704166
   -0.13265776
    0.23766239
    0.06245592
    0.06787104
    0.08005790
    0.07441938
   -0.18456775
    0.02567183
    0.28104630
   -0.51720186
   -0.07888315
   -0.01645562
   -0.13105716
   -0.11621207
    0.22903692
    0.07293994
    0.06056367
    0.04939024
    0.04795297
    0.06184761
    0.04817748
    0.05123151
    0.05484977
    0.04200328
    0.02705355
   -0.19610074
    0.03155291
    0.28785978
   -0.51393236
   -0.13278838
    0.23481165
    0.05606611
    0.06284932
    0.07057949
    0.07310066
   -0.17652386
    0.03415346
    0.21723267
   -0.36872524
   -0.06613054
   -0.10420468
    0.29280480
   -0.49841521
   -0.28560336
    0.22793792
    0.07385536
    0.07887663
    0.06236654
    0.07663404
    0.07707569
    0.21530053
    0.23882234
    0.17848313
    0.07516790
    0.16890723
    0.05634207
    0.18780724
    0.06444186
    0.18393831
    0.05993050
    0.18151177
    0.07437543
    0.18507055
    0.06687032
