           2           1   1.00698097714587     
           3           2  0.981785857562555     
           4           3   1.89095833629002     
           5           2  0.956643596850382     
           6           5  0.994157443461349     
           7           6   1.00819400270589     
           8           6   1.00756762171806     
           9           1  0.958663592048491     
          10           2  0.956738086126869     
          11           5  0.969874994390022     
          12           5  0.974719154933586     
          13           6  0.969073440371176     
          14           7  0.976108321154880     
          15           7  0.982091549230231     
          16           7  0.983050937364401     
          17           8  0.984924994518762     
          18           8  0.984521104680711     
          19           8  0.987070790089319     
          21          20   1.02433912975822     
          22          21  0.939483696095494     
          23          22   1.61574597956445     
          24          21  0.946446182890696     
          25          24   1.01168731034287     
          26          25   1.40938088541532     
          27          25   1.39471964036339     
          28          26   1.43944827615857     
          29          27   1.46823780851682     
          30          28   1.37407702183720     
          30          29   1.35720978589815     
          31          30   1.07844148578252     
          32          20  0.923279903939016     
          33          21  0.962257427155191     
          34          24  0.957375881031684     
          35          24  0.972322770291435     
          36          26  0.961901251092432     
          37          27  0.969923764697739     
          38          28  0.958986752986616     
          39          29  0.969358021093133     
          40          31  0.853984237811105     
          41          22   1.29820518517561     
          42          41  0.972693171716090     
          43          42  0.935221645290098     
          44          43   1.64790362334538     
          45          42  0.960970174278691     
          46          45  0.990805481931149     
          47          45   1.00961686548986     
          48          46   1.02094946069326     
          49          41  0.928418107879227     
          50          42  0.956189308071148     
          51          45  0.964858735885734     
          52          46  0.976550563239615     
          53          46  0.973892516757125     
          54          47  0.984027982149338     
          55          47  0.978854571045836     
          56          47  0.979810385099621     
          57          48  0.985745268175612     
          58          48  0.987757928529120     
          59          48  0.987922122543549     
          60          43   1.28818058591080     
          61          60  0.989125764433815     
          62          61  0.942747243814932     
          63          62   1.59664387162072     
          64          61  0.948350189720294     
          65          64  0.996372577621299     
          66          64  0.998793125939637     
          67          60  0.911920402023129     
          68          61  0.952850413190353     
          69          64  0.959908852282045     
          70          65  0.862202024509473     
          71          66  0.980606693258761     
          72          66  0.983578906055750     
          73          66  0.983811721736233     
          74          62   1.32877203443272     
          75          74  0.986669158993757     
          76          75  0.996497337502332     
          77          76   1.88835750552829     
          78          75  0.926957728784677     
          79          78   1.02023055663199     
          80          79   1.57235328036022     
          81          79   1.20628811268428     
          82          80   1.21275553092615     
          83          81   1.24569074070374     
          83          82   1.18153808730599     
          84          81   1.32946648544837     
          85          83   1.33699251856911     
          86          84   1.50536266557739     
          87          85   1.49562003920782     
          87          86   1.36972578011390     
          88          74  0.917923142921044     
          89          75  0.927692257735443     
          90          78  0.959189997554277     
          91          78  0.956070237163747     
          92          80  0.969216196457940     
          93          82  0.934071701027032     
          94          84  0.965050201125929     
          95          85  0.968106395380173     
          96          86  0.967292987572046     
          97          87  0.971841533824273     
          99          98   1.02100250722871     
         100          99  0.931970037294780     
         101         100   1.64500580696963     
         102          99  0.970318302758874     
         103         102  0.962309039498412     
         104         103   1.65564346631097     
         105         103   1.29646795466699     
         106          98  0.960771794859046     
         107          99  0.963651568507058     
         108         102  0.963038277733171     
         109         102  0.956144106730377     
         110         105  0.926856205734861     
         111         105  0.928255627230401     
         112         100   1.29440288332481     
         113         112  0.964390792404435     
         114         113  0.936046986840047     
         115         114   1.62344099558918     
         116         113  0.965178868029642     
         117         116  0.992597742784411     
         118         117   1.01000940859584     
         119         117   1.00666116756909     
         120         112  0.927692047783013     
         121         113  0.953156104895423     
         122         116  0.971471115261309     
         123         116  0.973440874612163     
         124         117  0.963273869252122     
         125         118  0.977808197652654     
         126         118  0.980181955162542     
         127         118  0.979524340656545     
         128         119  0.983080741821550     
         129         119  0.985636971492475     
         130         119  0.982878937510690     
         131         114   1.31699121482834     
         132         131  0.984895232636651     
         133         132  0.923054501644265     
         134         133   1.61922216357824     
         135         132  0.975169967074153     
         136         135  0.998788441737768     
         137         131  0.882459398069795     
         138         132  0.956010717201384     
         139         135  0.965667999800740     
         140         135  0.967843195138561     
         141         136  0.864693269531307     
         142         133   1.33324883738193     
         143         142  0.967583151038913     
         144         143  0.933093050623117     
         145         144   1.60900178430474     
         146         143  0.954653151218279     
         147         146   1.00748714158896     
         148         146   1.00840061150148     
         149         142  0.916316616689944     
         150         143  0.949403607913808     
         151         146  0.964989296205335     
         152         147  0.981819023985499     
         153         147  0.983779815154322     
         154         147  0.985011506252896     
         155         148  0.981185646879374     
         156         148  0.984653200333428     
         157         148  0.982228113609798     
         158         144   1.32519355599500     
         159         158  0.968965062277440     
         160         159  0.929068442185680     
         161         160   1.62089745279204     
         162         159  0.969553996900750     
         163         162   1.00369794002103     
         164         163   1.00176222455863     
         165         164   1.01247674980615     
         166         165  0.958863899227117     
         167         158  0.896154433975501     
         168         159  0.959990669856156     
         169         162  0.976715245225897     
         170         162  0.958081302838989     
         171         163  0.970269462134707     
         172         163  0.976722845397662     
         173         164  0.972842436413904     
         174         164  0.967858590267036     
         175         165  0.956180558660173     
         176         165  0.960364711529115     
         177         166  0.888808418455504     
         178         166  0.898135378834948     
         179         166  0.898392381389775     
         180         160   1.31931174190943     
         181         180  0.971257007281062     
         182         181  0.935621132903014     
         183         182   1.60027354136092     
         184         181  0.962391159082946     
         185         184  0.994943880249365     
         186         184   1.00820529901620     
         187         185   1.01923925199057     
         188         180  0.889501540974600     
         189         181  0.955074141081674     
         190         184  0.960284065131132     
         191         185  0.976119706199774     
         192         185  0.974765343993596     
         193         186  0.981036457820627     
         194         186  0.983753270246567     
         195         186  0.985658303004014     
         196         187  0.985705344215908     
         197         187  0.985617297401673     
         198         187  0.984831209626591     
         199         182   1.32560045993899     
         200         199  0.976751208825477     
         201         200  0.981485916031093     
         202         201   1.90271368810268     
         203         200  0.950314626899419     
         204         203   1.00452522036655     
         205         204   1.00648455513943     
         206         205  0.980905440488815     
         207         206   1.31474714078170     
         208         207   1.28967281391675     
         209         207   1.33976274100053     
         210         199  0.912675142070739     
         211         200  0.933346888899337     
         212         203  0.965319654105133     
         213         203  0.965668059564616     
         214         204  0.971166718765311     
         215         204  0.971879382499973     
         216         205  0.956322033739347     
         217         205  0.954620092149157     
         218         206  0.912743743285153     
         219         208  0.908936690973289     
         220         208  0.917443273461193     
         221         209  0.919225755495550     
         222         209  0.912320185062029     
         224         223   1.01286748722172     
         225         224  0.948164623899087     
         226         225   1.62337633984848     
         227         224  0.969731926281883     
         228         227   1.00887579568012     
         229         228  0.992608991962975     
         230         229  0.986501944928488     
         231         230   1.30630273249494     
         232         231   1.32433890560487     
         233         231   1.31527797020445     
         234         223  0.955069000639441     
         235         224  0.963120211854744     
         236         227  0.968125087096906     
         237         227  0.973413881463265     
         238         228  0.973867498442702     
         239         228  0.973349358904311     
         240         229  0.968749142470176     
         241         229  0.961606611351202     
         242         230  0.916321727487545     
         243         232  0.917754390454474     
         244         232  0.912195682387698     
         245         233  0.916888534622441     
         246         233  0.917743852445196     
         247         225   1.29516472404470     
         248         247  0.984251741188724     
         249         248  0.925735167447552     
         250         249   1.62864251490507     
         251         248  0.970913220670563     
         252         251   1.00282413203248     
         253         251  0.997325359053400     
         254         247  0.925682902227101     
         255         248  0.946292365048436     
         256         251  0.959574802690369     
         257         252  0.868703933999243     
         258         253  0.975511175709110     
         259         253  0.983914247797031     
         260         253  0.982701507817712     
         261         249   1.31115901430876     
         262         261  0.982750661034963     
         263         262  0.937211853478057     
         264         263   1.63606923238688     
         265         262  0.955704336127166     
         266         265   1.00828862558358     
         267         265   1.00707079228369     
         268         261  0.882916062858499     
         269         262  0.951120146862711     
         270         265  0.965570764961759     
         271         266  0.982777883164468     
         272         266  0.984878742096741     
         273         266  0.986165841571128     
         274         267  0.983279980434560     
         275         267  0.986145490866836     
         276         267  0.973933530712049     
         277         263   1.29361250023648     
         278         277  0.985871955109826     
         279         278  0.943750613024449     
         280         279   1.61595143500198     
         281         278  0.952318270553215     
         282         281   1.00996275524746     
         283         282   1.41367539800189     
         284         282   1.39317032106672     
         285         283   1.44831276750334     
         286         284   1.46683577222575     
         287         285   1.36647521915993     
         287         286   1.35239368895207     
         288         287   1.09549862282449     
         289         277  0.892143389749409     
         290         278  0.949355706526229     
         291         281  0.957527112529682     
         292         281  0.970195599448766     
         293         283  0.964806107164682     
         294         284  0.965976923761841     
         295         285  0.958901358114016     
         296         286  0.970113937068574     
         297         288  0.796114830822692     
         298         279   1.30415334478382     
         299         298  0.977281853576539     
         300         299  0.943593721673774     
         301         300   1.63159576631198     
         302         299  0.962677506101567     
         303         302   1.00493557074045     
         304         303  0.906271670618350     
         305         304   1.50426902229482     
         306         304   1.50244464627822     
         307         298  0.924258080662518     
         308         299  0.947403217902393     
         309         302  0.968960850449459     
         310         302  0.977761416577674     
         311         303  0.980194880126132     
         312         303  0.970653876305030     
         313         300   1.30517423887565     
         314         313  0.983913369345569     
         315         314  0.943482309624109     
         316         315   1.63070420087046     
         317         314  0.959182694249192     
         318         317   1.00181203585880     
         319         318   1.00418373290030     
         320         319   1.01161854316450     
         321         320  0.965754132601888     
         322         313  0.905319683838502     
         323         314  0.951392473574959     
         324         317  0.972270629173926     
         325         317  0.971011850292489     
         326         318  0.971527347001443     
         327         318  0.975734843653975     
         328         319  0.971037970622438     
         329         319  0.970158019085248     
         330         320  0.964678551073835     
         331         320  0.967307048296088     
         332         321  0.909117575851054     
         333         321  0.909805768489595     
         334         321  0.731037623983359     
         335         315   1.29461604640458     
         336         335  0.999621085078725     
         337         336  0.928541450839430     
         338         337   1.64652184379270     
         339         336  0.953040196653006     
         340         339  0.990400712511491     
         341         339  0.999072843969097     
         342         335  0.917969554707437     
         343         336  0.951960811499059     
         344         339  0.958601774986369     
         345         340  0.867696079509475     
         346         341  0.982199573128268     
         347         341  0.983518811010261     
         348         341  0.983717147502507     
         349         337   1.29175931588946     
         350         349  0.968953663485333     
         351         350  0.934444591085903     
         352         351   1.64274512720516     
         353         350  0.992359196001128     
         354         353  0.912082291351609     
         355         354   1.46830872451374     
         356         354   1.52910107947601     
         357         349  0.873228558205563     
         358         350  0.951156264615705     
         359         353  0.966487833651279     
         360         353  0.969295542123533     
         361         351   1.28969808720236     
         362         361  0.960187520426039     
         363         362  0.933740519298629     
         364         363   1.58444489579615     
         365         362  0.972934144294206     
         366         365  0.994788795793576     
         367         366   1.00904943875594     
         368         366   1.00511958257326     
         369         361  0.922489134459099     
         370         362  0.951567772779661     
         371         365  0.968149924884713     
         372         365  0.969033837200398     
         373         366  0.959749076512149     
         374         367  0.982691453183040     
         375         367  0.979881155286608     
         376         367  0.982887385177767     
         377         368  0.982261609958630     
         378         368  0.982707819888452     
         379         368  0.986312681531943     
         380         363   1.32394925214066     
         381         380  0.955059873459013     
         382         381  0.976411537036225     
         383         382   1.86196792056782     
         384         381  0.971626194073238     
         385         384   1.00278795899377     
         386         380  0.969706309927108     
         386         385   1.00107734960085     
         387         381  0.958580914685835     
         388         384  0.970256257014249     
         389         384  0.975404037757539     
         390         385  0.972373251563827     
         391         385  0.979497254717276     
         392         386  0.963054143551411     
         393         386  0.963176874895910     
         395         394   1.00438669737474     
         396         395  0.976775604744071     
         397         396   1.90026494132501     
         398         395  0.962643131304080     
         399         398   1.00739829815390     
         400         399  0.993730770518153     
         401         400  0.985560605483803     
         402         401   1.30992709903244     
         403         402   1.30864139143578     
         404         402   1.32197083395092     
         405         394  0.957404985519203     
         406         395  0.963058181038862     
         407         398  0.970814589087296     
         408         398  0.972473001014409     
         409         399  0.967328839984632     
         410         399  0.971458664827774     
         411         400  0.964974812005585     
         412         400  0.960868604092908     
         413         401  0.918594527171074     
         414         403  0.858967235983104     
         415         403  0.922062519784417     
         416         404  0.920220445716376     
         417         404  0.916857150073954     
         419         418   1.00404397589440     
         420         419  0.975932572313264     
         421         420   1.89817237290465     
         422         419  0.949380237428559     
         423         422  0.994600400156368     
         424         422   1.00871409924269     
         425         423   1.01830044212836     
         426         418  0.957280418573250     
         427         419  0.962484665866092     
         428         422  0.964745120411783     
         429         423  0.975520714077736     
         430         423  0.964894501236481     
         431         424  0.981460418500016     
         432         424  0.982398168817967     
         433         424  0.985910008069088     
         434         425  0.982929628972742     
         435         425  0.978471965742383     
         436         425  0.982605202662373     
         438         437   1.01742496071454     
         439         438  0.984956721184406     
         440         439   1.89047467468321     
         441         438  0.932993420105327     
         442         441   1.00834399690326     
         443         441   1.00777515252811     
         444         437  0.958006812494149     
         445         438  0.960146023775740     
         446         441  0.968198279582980     
         447         442  0.979642651271795     
         448         442  0.985410795935537     
         449         442  0.984543570805977     
         450         443  0.981381906150340     
         451         443  0.985362679530267     
         452         443  0.979589759264323     
         454         453  0.993048049296282     
         455         454  0.972775446115201     
         456         455   1.90779852821302     
         457         454  0.976853895536604     
         458         457  0.947421454131069     
         459         458   1.55609764291625     
         460         458   1.39173133507575     
         461         453  0.959243564371976     
         462         454  0.960483157622461     
         463         457  0.967848594648372     
         464         457  0.952614527793930     
         465           1  0.950210544816473     
         466           3  0.956880706040565     
         467          20  0.943899985594332     
         468          76  0.953364664670880     
         469          98  0.948914117734962     
         470         201  0.952331795400063     
         471         223  0.948096704732516     
         472         382  0.957281711666585     
         473         394  0.946238212463995     
         474         396  0.956466843060171     
         475         418  0.943370862745665     
         476         420  0.956540749902223     
         477         437  0.944502006733690     
         478         439  0.955386022102700     
         479         453  0.949771830264398     
         480         455  0.954988779843575     
