           2           1   1.01528418794855     
           3           2  0.985089882393040     
           4           3   1.85327019415605     
           5           2  0.957215143036221     
           6           5  0.990035967182834     
           7           6   1.00502476268691     
           8           6   1.00991093080155     
           9           1  0.952636349835951     
          10           2  0.945167028405948     
          11           5  0.971445071331061     
          12           5  0.969738714981839     
          13           6  0.966651946100676     
          14           7  0.985246320837159     
          15           7  0.985607433986913     
          16           7  0.985735626247646     
          17           8  0.982575777020985     
          18           8  0.981560542590685     
          19           8  0.980989913548184     
          21          20   1.01156796121725     
          22          21  0.935878241274800     
          23          22   1.59776559888963     
          24          21  0.964685234696311     
          25          24  0.994983081006250     
          26          24   1.00937406609490     
          27          25   1.01864445493210     
          28          20  0.952066326993582     
          29          21  0.960621667133518     
          30          24  0.957031833342928     
          31          25  0.970999564259510     
          32          25  0.972786612949282     
          33          26  0.980822588069821     
          34          26  0.981244694673875     
          35          26  0.980579984661759     
          36          27  0.986244569543583     
          37          27  0.984100264133143     
          38          27  0.981092768072823     
          39          22   1.32367047383789     
          40          39  0.984176034555713     
          41          40  0.933459820876146     
          42          41   1.62140331442403     
          43          40  0.978585004983382     
          44          43  0.964364820838428     
          45          44   1.67487206045298     
          46          44   1.27622726716788     
          47          39  0.854093001466424     
          48          40  0.947096823056680     
          49          43  0.963956226615329     
          50          43  0.948242791564084     
          51          46  0.931580459190720     
          52          46  0.915794443459161     
          53          41   1.29962358928111     
          54          53  0.978405141548160     
          55          54  0.936883166045223     
          56          55   1.62250539924130     
          57          54  0.970227944660615     
          58          57  0.958108067191246     
          59          58   1.65649762862101     
          60          58   1.30996063077804     
          61          53  0.913994844497899     
          62          54  0.928321837433626     
          63          57  0.958882179644756     
          64          57  0.968447968518981     
          65          60  0.922910975430429     
          66          60  0.924969675883779     
          67          55   1.29834196741538     
          68          67  0.977663953922845     
          69          68  0.926597832419041     
          70          69   1.59372597327503     
          71          68  0.971746434351661     
          72          71  0.961589843163341     
          73          72   1.65571338699074     
          74          72   1.30354864229704     
          75          67  0.915339435476886     
          76          68  0.951049618452692     
          77          71  0.955216524152471     
          78          71  0.964362393190155     
          79          74  0.921887027773703     
          80          74  0.930282257680771     
          81          69   1.34297564171896     
          82          81  0.978353666094468     
          83          82  0.936595799932348     
          84          83   1.59600114528061     
          85          82  0.977266356274662     
          86          85  0.991073313968096     
          87          86   1.00704021880943     
          88          86   1.01023487809502     
          89          81  0.878634084058609     
          90          82  0.938894271846850     
          91          85  0.965411413392073     
          92          85  0.968500941407706     
          93          86  0.961020895300768     
          94          87  0.982219951473503     
          95          87  0.981909352904376     
          96          87  0.983190874044995     
          97          88  0.981553299380605     
          98          88  0.983356543312856     
          99          88  0.981439995654557     
         100          83   1.32525783257171     
         101         100  0.983732954541435     
         102         101  0.930352684485608     
         103         102   1.61100911259435     
         104         101  0.982187466267310     
         105         104  0.993880357787025     
         106         105  0.969977864745943     
         107         106   1.63321510562675     
         108         106   1.30935732806420     
         109         100  0.877404707225321     
         110         101  0.948244960582720     
         111         104  0.964651468644801     
         112         104  0.973621255132038     
         113         105  0.973759677068942     
         114         105  0.943171310292744     
         115         108  0.927484696762723     
         116         108  0.925780764094371     
         117         102   1.32139969593895     
         118         117  0.976314276013959     
         119         118  0.935206258966380     
         120         119   1.61524338593196     
         121         118  0.981668550836537     
         122         121   1.00555370053036     
         123         122   1.00139341938267     
         124         123  0.988121557441509     
         125         124   1.30847948748846     
         126         125   1.34904754437177     
         127         125   1.28389388035339     
         128         117  0.895514107311537     
         129         118  0.946186586385913     
         130         121  0.967337003385477     
         131         121  0.967681067897222     
         132         122  0.972101444219342     
         133         122  0.974860007992054     
         134         123  0.952947633452293     
         135         123  0.959451705207444     
         136         124  0.912962209921125     
         137         126  0.825016136061193     
         138         126  0.927684630585707     
         139         127  0.917958182811397     
         140         127  0.921122370357026     
         141         119   1.31588215182993     
         142         141  0.976030169896645     
         143         142  0.936733608873358     
         144         143   1.61711362046924     
         145         142  0.966277891844281     
         146         145   1.00749414766154     
         147         145   1.00728921172855     
         148         141  0.887832577962270     
         149         142  0.951182938363113     
         150         145  0.956499636382687     
         151         146  0.982416440685786     
         152         146  0.979762851133678     
         153         146  0.985848067865449     
         154         147  0.982313508018111     
         155         147  0.985592351980461     
         156         147  0.974358235823277     
         157         143   1.30974091499223     
         158         157  0.980647589570692     
         159         158  0.931960789941397     
         160         159   1.62868317011341     
         161         158  0.980494136661786     
         162         161   1.00356671262107     
         163         162  0.992433951725301     
         164         163  0.989112982293904     
         165         164   1.29024851627091     
         166         165   1.34160981197518     
         167         165   1.31519315929203     
         168         157  0.887273102260485     
         169         158  0.951183809584251     
         170         161  0.960673227495352     
         171         161  0.970454637940284     
         172         162  0.970168465978440     
         173         162  0.968774248040992     
         174         163  0.968352958821886     
         175         163  0.960317119578845     
         176         164  0.914713284917131     
         177         166  0.916752282458127     
         178         166  0.881257027268666     
         179         167  0.924051194716314     
         180         167  0.881949261012165     
         181         159   1.29593949482015     
         182         181  0.985437972815899     
         183         182  0.981856901915825     
         184         183   1.87620487335102     
         185         182  0.953667285169410     
         186         185  0.992470029486437     
         187         186  0.918474443135432     
         188         187   1.54053555692092     
         189         187   1.44380196552656     
         190         181  0.908748731943376     
         191         182  0.948272978062264     
         192         185  0.968056586539959     
         193         185  0.974481322042030     
         194         186  0.979519863708636     
         195         186  0.972250794062701     
         197         196   1.01097689079205     
         198         197  0.974703687844470     
         199         198   1.88446160070128     
         200         197  0.950091643681119     
         201         200  0.994111003762481     
         202         200   1.00851383771243     
         203         201   1.01737672264861     
         204         196  0.948928471426855     
         205         197  0.956996628970637     
         206         200  0.964580709283859     
         207         201  0.970856863636807     
         208         201  0.972845824833990     
         209         202  0.979193460737167     
         210         202  0.981491525053599     
         211         202  0.982065596242337     
         212         203  0.983553752859748     
         213         203  0.986724523213988     
         214         203  0.981822151011161     
         216         215   1.00264812654618     
         217         216  0.975398693860712     
         218         217   1.90509490581285     
         219         216  0.953473327242138     
         220         219  0.995472417986367     
         221         219   1.00753756772592     
         222         220   1.01938868309509     
         223         215  0.958320592645784     
         224         216  0.953674511668449     
         225         219  0.965688303881880     
         226         220  0.973928425057232     
         227         220  0.971617482570323     
         228         221  0.984059965079953     
         229         221  0.981712220494167     
         230         221  0.980057241744375     
         231         222  0.982361341427124     
         232         222  0.983687472363927     
         233         222  0.984774501963282     
         235         234   1.02191177426430     
         236         235  0.933047967348455     
         237         236   1.62496693736461     
         238         235  0.960458520451750     
         239         238  0.987412174475970     
         240         238  0.998231722042242     
         241         234  0.950170584379990     
         242         235  0.960545851524620     
         243         238  0.961930179630845     
         244         239  0.876660784676643     
         245         240  0.983462284779673     
         246         240  0.984427784365735     
         247         240  0.982156682042204     
         248         236   1.31166082353447     
         249         248  0.975087355494618     
         250         249  0.976559465330392     
         251         250   1.88000124250023     
         252         249  0.964002597235243     
         253         252  0.989422132689636     
         254         253   1.00507175006164     
         255         253   1.01086745943439     
         256         248  0.912588212707589     
         257         249  0.929650475139887     
         258         252  0.970053304557017     
         259         252  0.967231612505575     
         260         253  0.965081633495621     
         261         254  0.983935519336539     
         262         254  0.985214935403287     
         263         254  0.983105369377987     
         264         255  0.980506695316866     
         265         255  0.981866302155724     
         266         255  0.976839985722825     
         268         267   1.02551942213251     
         269         268  0.994906315561238     
         270         269   1.87358581252677     
         271         268  0.953773119423057     
         272         271  0.993758529014274     
         273         272   1.00609476674128     
         274         272   1.01020202159797     
         275         267  0.958205389404053     
         276         268  0.921534296074242     
         277         271  0.974544920928216     
         278         271  0.971570968840673     
         279         272  0.962724439249803     
         280         273  0.976941105529957     
         281         273  0.982942700176411     
         282         273  0.985003306906925     
         283         274  0.982859126616043     
         284         274  0.985385914085138     
         285         274  0.981051724939941     
         287         286   1.01272751849551     
         288         287  0.939584955888547     
         289         288   1.60629583556929     
         290         287  0.973429537400722     
         291         290   1.00404556184777     
         292         291   1.00350746536683     
         293         292   1.00974866467528     
         294         293  0.956584358764898     
         295         286  0.949178641114414     
         296         287  0.960696594609004     
         297         290  0.971035257500598     
         298         290  0.974562811289850     
         299         291  0.976194723422540     
         300         291  0.971211532303942     
         301         292  0.970071012151587     
         302         292  0.972109088569741     
         303         293  0.964540033148467     
         304         293  0.964810210531046     
         305         294  0.896320331389020     
         306         294  0.894771167809822     
         307         294  0.896247954574708     
         308         288   1.30833899225085     
         309         308  0.979514493927882     
         310         309  0.936446428959748     
         311         310   1.61994356377792     
         312         309  0.965123651908068     
         313         312  0.991943858224517     
         314         312   1.00906340382183     
         315         313   1.01967599655135     
         316         308  0.914438927914401     
         317         309  0.940809405473039     
         318         312  0.962499437705139     
         319         313  0.973067468872754     
         320         313  0.970670943055684     
         321         314  0.979615587844564     
         322         314  0.983972826436071     
         323         314  0.983659604891906     
         324         315  0.984399176874792     
         325         315  0.986615262454409     
         326         315  0.981454021496654     
         327         310   1.29727847406345     
         328         327  0.979026838220652     
         329         328  0.936540252801230     
         330         329   1.60678247268839     
         331         328  0.983353761006561     
         332         331  0.899603344726398     
         333         332   1.54174177710864     
         334         332   1.46477260429925     
         335         327  0.922224791359970     
         336         328  0.946219359327169     
         337         331  0.974097126549874     
         338         331  0.962119961231518     
         339         329   1.30746160482101     
         340         339  0.972440536425040     
         341         340  0.934421392557427     
         342         341   1.58621687706917     
         343         340  0.994997341418069     
         344         339  0.919156495807050     
         345         340  0.953016421007893     
         346         343  0.981198339595563     
         347         343  0.978209638207279     
         348         343  0.974430368846414     
         349         341   1.34442824718426     
         350         349  0.973375731554402     
         351         350  0.937773685906917     
         352         351   1.60613361813596     
         353         350  0.993133144953863     
         354         349  0.878243585479812     
         355         350  0.950818893350868     
         356         353  0.975663825387457     
         357         353  0.976987570174187     
         358         353  0.973630662012518     
         359         351   1.31840846378295     
         360         359  0.981181324199189     
         361         360  0.936679362309053     
         362         361   1.59061165950943     
         363         360  0.979810800625565     
         364         363  0.991556164722153     
         365         364   1.00703409628860     
         366         364   1.01015034048035     
         367         359  0.890079092321243     
         368         360  0.944287002462743     
         369         363  0.966956490116389     
         370         363  0.970192734431622     
         371         364  0.962492398927561     
         372         365  0.983051253777170     
         373         365  0.982217582300940     
         374         365  0.982402756560426     
         375         366  0.980479441705308     
         376         366  0.983793206156506     
         377         366  0.980906119871060     
         378         361   1.32049739099295     
         379         378  0.980439787062649     
         380         379  0.936174748617868     
         381         380   1.59169685275397     
         382         379  0.996065216128184     
         383         378  0.878125626710872     
         384         379  0.955219997334337     
         385         382  0.982985879999110     
         386         382  0.979399556545748     
         387         382  0.973844878354951     
         388         380   1.32425999797435     
         389         388  0.974364301034318     
         390         389  0.931056905711346     
         391         390   1.61629036000368     
         392         389  0.984450957745096     
         393         392   1.00044095336237     
         394         393  0.965720276811233     
         395         394   1.63990618931756     
         396         394   1.31071904774257     
         397         388  0.886814345755878     
         398         389  0.953906577396191     
         399         392  0.957184889328346     
         400         392  0.972146963470613     
         401         393  0.956248905362684     
         402         393  0.960136411387871     
         403         396  0.936859903282422     
         404         396  0.900104606276643     
         405         390   1.31940748816610     
         406         405  0.973073213748705     
         407         406  0.940956361702589     
         408         407   1.57283079802980     
         409         406  0.961255126614311     
         410         409   1.00544133789035     
         411         409   1.00722911371828     
         412         405  0.894363216424747     
         413         406  0.951998470765014     
         414         409  0.959894678347264     
         415         410  0.980689016726392     
         416         410  0.985327009297524     
         417         410  0.979965973911988     
         418         411  0.979796521912729     
         419         411  0.983865712760418     
         420         411  0.978340704661072     
         421         407   1.33009543530388     
         422         421  0.983907300556697     
         423         422  0.938031138283775     
         424         423   1.59637217575315     
         425         422  0.980957384639985     
         426         425  0.890887131372692     
         427         426   1.55608493389934     
         428         426   1.45873073196943     
         429         421  0.879316205941705     
         430         422  0.944900919879338     
         431         425  0.975572231789662     
         432         425  0.964377605396748     
         433         423   1.30653938935070     
         434         433  0.996173498018446     
         435         434  0.932764665241915     
         436         435   1.62089071177425     
         437         434  0.954901731562069     
         438         437  0.998691932338046     
         439         437   1.00000520953543     
         440         433  0.885883990905746     
         441         434  0.935065917293452     
         442         437  0.961237809317033     
         443         438  0.862471462239909     
         444         439  0.984613452577508     
         445         439  0.970577000140263     
         446         439  0.983752623717109     
         447         435   1.30383211857974     
         448         447  0.977871928314438     
         449         448  0.935207590090359     
         450         449   1.60452585499991     
         451         448  0.972183011051634     
         452         451  0.992290265598478     
         453         452   1.00571935303243     
         454         452   1.01006288238390     
         455         447  0.896468891479013     
         456         448  0.953525283313074     
         457         451  0.968357933423956     
         458         451  0.972625391479294     
         459         452  0.965208271570951     
         460         453  0.985296115911044     
         461         453  0.984629111713588     
         462         453  0.984288278186955     
         463         454  0.985223379849656     
         464         454  0.985879654156858     
         465         454  0.984121604277473     
         466         449   1.32194280944979     
         467         466  0.972074393283642     
         468         467  0.932381450463688     
         469         468   1.62988463287720     
         470         467  0.978667793937710     
         471         470   1.00285366856724     
         472         471  0.997113752366205     
         473         472  0.995423127977085     
         474         473   1.30943437902086     
         475         474   1.31579142791136     
         476         474   1.31566781772119     
         477         466  0.885870657376112     
         478         467  0.950655200454439     
         479         470  0.969677269083121     
         480         470  0.968804624174125     
         481         471  0.968510518678104     
         482         471  0.969842170290275     
         483         472  0.959218008615014     
         484         472  0.959510058205513     
         485         473  0.906128205008637     
         486         475  0.925888544819879     
         487         475  0.854909914147843     
         488         476  0.912584499784801     
         489         476  0.906219393492345     
         490         468   1.29701622788253     
         491         490  0.988129237990282     
         492         491  0.941660215706112     
         493         492   1.61699595740552     
         494         491  0.957373787018740     
         495         494   1.01306185044007     
         496         490  0.896126182835647     
         497         491  0.951226306003196     
         498         494  0.971414925974605     
         499         494  0.964316439309315     
         500         495  0.844687092395247     
         501         492   1.30830309137311     
         502         501  0.979609677596258     
         503         502  0.980659115453136     
         504         503   1.87390108212944     
         505         502  0.968486301080032     
         506         505  0.886173071639938     
         507         506   1.48009595782675     
         508         506   1.53210643137756     
         509         501  0.910105292058292     
         510         502  0.949339849885096     
         511         505  0.965181964462578     
         512         505  0.968670806289802     
         513           1  0.956998398851364     
         514           3  0.950228123525340     
         515          20  0.956740042011875     
         516         183  0.955584112699452     
         517         196  0.955981145560362     
         518         198  0.954937749463793     
         519         215  0.946814750501896     
         520         217  0.954240903682464     
         521         234  0.954606754434148     
         522         250  0.951117061526214     
         523         267  0.947046049464482     
         524         269  0.953780872437134     
         525         286  0.956356346134804     
         526         503  0.954117476638327     
