$grad                                                                           
  cycle =      1    SCF energy =  -400.70410431536   |dE/dxyz| =  0.321504
  235.58735346658702    116.24666499369229    267.28109798123228      n 
  235.48539544083962    118.75144698734788    266.16594797610918      c 
  237.97788226803249    120.11489304736942    266.70378319487884      c 
  239.16228307542923    121.16342190686728    265.00208058033337      o 
  233.18992882895236    120.26951462785836    267.09547929421609      c 
  230.75302245338361    119.08138546032761    266.06181346171229      c 
  233.46098416851854    123.02435492503969    266.27118681365863      c 
  228.35722141820685    120.35984769545843    267.03017984748629      c 
  234.11284551645323    115.64118447266611    268.35567779632106      h 
  235.38809087336824    118.56768082456908    264.09744431686278      h 
  233.18274165654816    120.17857815923534    269.15934431271666      h 
  230.78988823423745    119.16250809379073    263.99883463945525      h 
  230.70048065311803    117.09108447422705    266.59582186864947      h 
  231.87328069388320    124.13930814392894    266.93016089504681      h 
  235.18150024719506    123.85073615445985    267.02911537808711      h 
  233.55501485910415    123.15746207877490    264.22116741694458      h 
  226.70979463346555    119.29556954809435    266.42115407604626      h 
  228.36869756799453    120.43197469369717    269.08108417508339      h 
  228.18417947022138    122.26999586244503    266.29953115048824      h 
  238.77819000782461    120.09388072835935    269.09109184661492      n 
  241.23613157678017    121.14989751354774    269.73675743303863      c 
  243.20171290901658    120.08615418546141    267.88775274035777      c 
  244.60723627901172    121.45496756644457    266.62939830880111      o 
  241.99283877920229    120.50429110672670    272.44875924808264      c 
  240.17975137423707    121.57747518648100    274.42744209360018      c 
  241.08726845575339    120.89150335106993    277.08758726196970      c 
  239.04643365022906    121.46232160599645    279.04176836926064      c 
  239.98197632075122    120.87671533807028    281.63121752057151      n 
  237.73516450631308    119.21198828800769    270.44141403203912      h 
  241.18589198485211    123.20787352086900    269.46713987766594      h 
  242.07541520113693    118.45269653556164    272.61885862933718      h 
  243.89625856693087    121.24008542581743    272.74782766799166      h 
  240.06789889988849    123.62381934949359    274.22533953632097      h 
  238.29926260361228    120.79760289359373    274.11031920948381      h 
  241.57077227751623    118.88685316674417    277.12054096088713      h 
  242.80085274828329    121.96070943997104    277.49519643361094      h 
  238.52658034077277    123.45342922709870    278.94001211597794      h 
  237.37513595690035    120.31731799964345    278.66011570111687      h 
  238.60735541886285    121.22082428334127    282.96692780430516      h 
  240.52589472986804    119.00778362036948    281.73870893904251      h 
  241.53533636762850    121.98044317342736    282.03639542258492      h 
  243.20632486418634    117.58303803322917    267.74641645636854      n 
  244.90629278627733    116.17763949475078    266.14978368344856      c 
  244.79095826642288    116.95138136566942    263.38364712251621      c 
  246.68425676228037    116.75468623047030    262.03806525019615      o 
  242.04604204647796    116.56503797820035    268.89381652397537      h 
  246.85642511036852    116.42967708174007    266.79941449468180      h 
  244.41314993146153    114.18150481957596    266.26857123546847      h 
  242.57060779671448    117.79044392383756    262.58043079874597      n 
  242.04805545442372    118.60549618742122    260.04129279893851      c 
  242.71036206072046    121.37931716566960    259.63743896931624      c 
  243.04974343719914    122.17138032310763    257.47540703355241      o 
  239.27666742123427    118.19379425015353    259.31846781227898      c 
  238.43362586763462    115.42220442692494    259.30219161326022      c 
  235.59172336505921    115.31485118351459    258.80358053480984      c 
  239.85091377906147    113.85816331487865    257.33828444687896      c 
  241.06326276113984    117.63881633651454    263.75967832574668      h 
  243.26950752891383    117.56134527776194    258.73703115700778      h 
  238.12342198377914    119.26269010784780    260.65478217166776      h 
  239.01193327298304    119.00927035129968    257.44090417811981      h 
  238.81920472943224    114.62370365801434    261.16717805636620      h 
  234.95310303186500    113.36624898715415    258.70764567094210      h 
  234.54961057245734    116.27564887179771    260.29043504722785      h 
  235.16149121392709    116.23187471188767    257.01568755335410      h 
  239.09139598458938    111.95120225763293    257.26159863880014      h 
  239.69565044215997    114.67361049717066    255.45855304099805      h 
  241.84856857511224    113.70291240783854    257.79077779400427      h 
  242.92951844170327    122.85477248001929    261.66162457113148      n 
  244.03271496190146    125.34435631531106    261.37723048719062      c 
  246.85366940862124    124.97000887868840    260.84902091068693      c 
  247.97991352368393    126.20673444187682    259.24681557234715      o 
  243.60745458790126    127.10954987502676    263.67472934305607      c 
  245.17064649074302    126.51888828046013    265.72282840819730      o 
  240.81344727587125    127.19305939903768    264.40415596637695      c 
  242.35995226060922    122.24334021363656    263.38660858877421      h 
  243.21063679720478    126.23674309077455    259.69791269507687      h 
  244.20546374271638    128.99911764821491    263.07027192967439      h 
  244.78332792682741    124.81286367218426    266.31966098108603      h 
  240.58453900400031    128.44708207964192    266.01353278313582      h 
  239.69625259388511    127.90737067972272    262.83895154602828      h 
  240.12046404847405    125.32395604584372    264.89526178033424      h 
  247.95362611877923    123.17604363365881    262.24061171222667      n 
  250.51674775235051    122.34962589435533    261.73923083807495      c 
  250.66738163011766    121.32890973792034    259.02520984726362      c 
  252.24316472820470    122.11863412365831    257.52408886561000      o 
  251.33538563410681    120.33769867737703    263.64480082326293      c 
  251.41350763674163    121.34828928098689    266.36585636767541      c 
  251.46637250720110    119.11810494785811    268.17606361694379      c 
  249.55502468719084    118.27214933517742    269.15680249393182      o 
  253.75356129380921    118.11855278172762    268.59367201360845      n 
  246.95760777948018    122.25457524686530    263.59624919596888      h 
  251.78485816794168    123.98702827933309    261.81235588373545      h 
  250.01696471613312    118.75649087453230    263.52996135302567      h 
  253.19417837040092    119.64972559308389    263.08050720338969      h 
  253.06979061553028    122.53494776589606    266.64273875751957      h 
  249.71302687005110    122.44173985480784    266.75886005475746      h 
  255.30302261401030    118.74396706918208    267.69103942675088      h 
  253.90300935833866    116.56631053363859    269.68735817710689      h 
  248.91778277755174    119.61511699028790    258.39428527578832      n 
  249.04151365291094    118.46017376937174    255.91302986318803      c 
  248.59411127530311    120.42912259967483    253.84941629370093      c 
  249.60253643646746    120.17461142925909    251.77783012104493      o 
  247.19820611603760    116.26425722110584    255.64370610842201      c 
  247.92562170188495    118.65236041038499    259.74997120454498      h 
  250.97450922626570    117.76579837255291    255.60004381329617      h 
  247.74795631373124    115.12293185500829    254.02701148968495      h 
  247.27721489751849    115.09934530576767    257.33339305831095      h 
  245.28668455405659    116.94910928768935    255.33169790459252      h 
  247.11616825730570    122.37859243894948    254.45590371759363      n 
  246.74838528133276    124.50053582687964    252.77017954701986      c 
  249.29148715215015    125.80047259778321    252.34031469530646      c 
  250.08324839582113    126.20803484620636    250.20223365040289      o 
  244.83782757142666    126.35915689990156    253.89527890427493      c 
  244.60444067211054    128.44014655448348    252.24847841364164      o 
  245.88643653810823    122.25045384811131    255.93525216748733      h 
  246.08627337992570    123.87930639593246    250.90442826624863      h 
  243.03564697092236    125.36446937440208    254.11886887391950      h 
  245.52869539103023    126.97725308396663    255.75099257553134      h 
  243.15482235196575    129.42235092679530    252.76512469186599      h 
  250.56102679053140    126.43765008118451    254.42342908839279      n 
  253.11758394965804    127.40474152744206    254.19929044003140      c 
  254.55429633011821    125.75844677773947    252.29029766830874      c 
  255.59956542501470    126.72867148920949    250.46190790454600      o 
  254.51056682915666    127.47636049478015    256.72364333550536      c 
  253.27362120549171    129.28313360404036    258.61425078129776      c 
  254.74174325858220    129.31481465681273    261.10107823680858      c 
  253.22356482646290    130.49269997391801    263.06746704894317      n 
  253.85346244281172    130.63449406386056    265.49671291317395      c 
  256.06211059579545    129.74095361240580    266.29988435368517      n 
  252.23040362486478    131.62148146539784    267.14474738993891      n 
  249.87760322259504    126.01154298674892    256.16642855836250      h 
  253.05379147320127    129.30716599594624    253.36796242491602      h 
  254.55787946519095    125.56318129467620    257.48497202903241      h 
  256.45625819862329    128.03778695705861    256.32037115710528      h 
  253.20191224222299    131.17599960058755    257.80442773013340      h 
  251.34882647961859    128.63499082216799    258.96452648305410      h 
  255.18238677451865    127.36174222452418    261.62368643127257      h 
  256.51620419554689    130.34358882692729    260.83165029786051      h 
  251.53931696970500    131.19250348720578    262.50810320420800      h 
  257.36698813664066    129.12973967645550    265.05817024639344      h 
  256.58721428713699    129.93541348054146    268.11930340317349      h 
  250.52527010760062    132.25184199071592    266.58469462123145      h 
  252.66858701297937    131.76826716627997    268.99114130792390      h 
  254.46189172716910    123.27730219208588    252.73805924389120      n 
  255.91736950204552    121.49011565576343    251.26082744107333      c 
  255.14859519983909    121.56839367549544    248.47068492096582      c 
  256.72311201184272    121.39501683330082    246.76603334825839      o 
  255.46393007061567    118.78496801393167    252.16565215387376      c 
  256.27664407650474    118.26908612078306    254.87995754352710      c 
  257.25472827082558    119.80611478656510    256.28129203964664      o 
  255.74414318710521    115.89301752554523    255.62946944847934      n 
  253.79782417691192    122.66781527705858    254.43475154601313      h 
  257.93188458967421    121.99620546393095    251.37492355453824      h 
  253.45253650978884    118.36014366830503    251.96154000324958      h 
  256.51445098547890    117.51616035919609    250.92312596860265      h 
  256.36489063116585    115.30584576914738    257.33185717277422      h 
  255.02087305792395    114.62013997540258    254.41571799797296      h 
  252.67679253847757    121.65093915921481    248.04565515286882      n 
  251.62915485219455    121.67405316641913    245.51797673656651      c 
  252.59656669581759    124.00841773057293    244.12625703663079      c 
  253.31108346133394    123.90246132156172    241.92117954274909      o 
  248.75565504099706    121.71165996550948    245.63424315360794      c 
  251.42208649687629    121.57919558278071    249.50590511977026      h 
  252.29273204748068    120.01291884651280    244.46491305087449      h 
  247.99357101531535    121.55549972744484    243.73501684747379      h 
  248.08837937688406    120.13304429483611    246.76490118660809      h 
  248.11530193436505    123.47862808711774    246.46381352346850      h 
  252.57936714495253    126.09046029207680    245.52528420117676      n 
  253.39077272613719    128.53331280826393    244.62824109996714      c 
  256.23509099351702    128.50928801513504    244.12887326715438      c 
  257.11926407514187    129.55741282590262    242.24725857588820      o 
  252.60677294277536    130.53824294358381    246.54279357563479      c 
  249.72293014726296    130.52808042091607    246.82539681296964      c 
  248.33269172394145    129.50754406623597    245.30403556418887      o 
  248.86461529242584    131.79503586794337    248.84073001719690      n 
  251.86392372831742    126.02017539321324    247.30238384960083      h 
  252.47065945086155    128.91877592812662    242.80733353734817      h 
  253.51042807905242    130.11880511021960    248.34697464399741      h 
  253.22345875236590    132.39483920151824    245.89279369015216      h 
  247.00175927476550    131.71238921528865    249.23309823422875      h 
  250.05080828681110    132.57380161554940    250.10128699067684      h 
  257.62037343819350    127.20948927246044    245.76667606370694      n 
  260.27419495274609    126.75884495187871    245.30863366237622      c 
  260.51519415724709    125.44965145554440    242.76219340415349      c 
  262.10240048542528    126.10418958176700    241.20531420926895      o 
  261.43784805019783    125.12754282430807    247.36362129695448      c 
  261.49784163079875    126.53270610721255    249.97954946287757      c 
  262.06027027389649    128.81207380661067    249.94276183863232      o 
  261.02532903076752    125.21072830548312    251.86425969513508      o 
  256.89012996684704    126.64062907294996    247.44992319019909      h 
  261.30643723862966    128.56122103451688    245.22346258775372      h 
  260.40420906295179    123.35913954257974    247.56407011574913      h 
  263.39531418148994    124.70823694200314    246.85765908969711      h 
  258.89102055745934    123.56117240846669    242.38416315224885      n 
  258.76618872171491    122.15655852161902    240.04634634489020      c 
  258.32989546281715    123.89918148750382    237.78014714691255      c 
  259.73005927314415    123.85957013610148    235.93033916801340      o 
  257.80843629599656    122.96650358955335    243.85249011569394      h 
  260.52887149629220    121.12283692764878    239.71517550168352      h 
  257.18359452237235    120.84601213513976    240.18752989725976      h 
  256.95397086866512    107.19625225335648    243.44243556799853      n 
  256.12089358998537    109.21102896881851    245.11111118890483      c 
  253.58011739393342    108.49399263811904    246.29503066307120      c 
  251.59247308510575    108.52890179426835    245.10915633978681      o 
  255.84076276236817    111.73593375422067    243.70222016928693      c 
  258.23474819515110    112.42879448107804    242.22458412555372      c 
  255.06048930711802    113.79472238640791    245.57301610976256      c 
  260.55999632127049    112.95373953521738    243.84037278718290      c 
  256.26013949446735    107.20670731769540    241.65851954163716      h 
  257.54473236529475    109.36028123922030    246.60559982811813      h 
  254.32701356535995    111.47682851829272    242.31784456913363      h 
  258.64584811448628    110.90405539251631    240.89344977522279      h 
  257.81843310141483    114.11148469078208    241.10804709408717      h 
  254.94559954560407    115.60746431356480    244.61425678798065      h 
  253.22484079644695    113.36205407201361    246.38923977251028      h 
  256.42388520096273    113.94849237304717    247.10068150642002      h 
  262.13263386941458    113.46440547483088    242.62067167096333      h 
  260.22060610956714    114.51820654991865    245.12414384132836      h 
  261.10321170792565    111.29334039410537    244.92376382405396      h 
  253.66387957468169    107.87071147671766    248.74210498104171      n 
  251.38470690917447    107.22460756325773    250.13299669604095      c 
  249.64287193576686    109.55849403921854    250.17308242534838      c 
  250.38728431527844    111.57504417763531    251.01809221205011      o 
  252.08270764488256    106.46891934094070    252.82892688094722      c 
  249.78560796641187    105.55364925733959    254.30716066880879      c 
  248.71675043595033    103.08175311728249    253.29646635779474      c 
  249.91838105023638    101.60995397194506    251.97347812999371      o 
  246.35626227060476    102.63729415564833    254.07368810481387      n 
  255.33838124393327    107.69915846383877    249.63695182328888      h 
  250.42249710786896    105.65547710288988    249.18233470878931      h 
  253.46823471212650    104.94280536620187    252.74677854089950      h 
  252.89802085184087    108.10728879260610    253.77672341324723      h 
  250.32843203145200    105.19966284378887    256.26663013259491      h 
  248.28692245524687    106.96845315102921    254.31474255583092      h 
  245.40864924411156    103.96622893357134    255.06748909637577      h 
  245.44821856082783    101.02828966025487    253.58111113844919      h 
  247.31978472771110    109.15863411591043    249.26881295447205      n 
  245.39654390269911    111.09059489253185    249.19608067493303      c 
  243.03380606207455    110.44929829770085    250.73079542306866      c 
  241.69725066644020    112.14342510957482    251.55348499669091      o 
  244.59571263322997    111.81299441041742    246.47848160009752      c 
  246.86795948393552    112.84291216425287    245.03780137132122      c 
  243.38303927477915    109.61719543334119    245.05446216736524      c 
  246.88417926518613    107.44365980767958    248.54302804753931      h 
  246.22855812284905    112.77338389332907    250.07497439912669      h 
  243.18421992358481    113.31210526128807    246.68892218006496      h 
  246.29217850328644    113.43384462760173    243.15999502756412      h 
  247.67847363924901    114.44734144944174    246.03350170508085      h 
  248.31244233548512    111.39121023737869    244.85310706302838      h 
  242.76107990770427    110.25519979751209    243.20437712213865      h 
  244.71782516901806    108.07902829762565    244.77537326150411      h 
  241.75369204886093    108.88583100717518    246.07086809550361      h 
  235.72122656139837    115.08177147748187    266.04916329851363      h 
  256.87666623391948    125.10714684829807    237.78308979905904      h 
  258.64541350605282    107.25954585161125    243.27637022781366      h 
  242.58272809625268    108.64414896720997    251.06099040574799      h 
   0.3731186684715D-02  -0.7331610463845D-01  -0.9933953944780D-01
   0.6141459185352D-02   0.2132744372095D-02  -0.8357973367702D-03
   0.8368512002511D-02  -0.2783156989802D-02   0.9899029501365D-03
  -0.1910732965966D-02   0.3195924451782D-02  -0.2706593461652D-02
  -0.1493046238601D-02  -0.6040187646626D-02   0.3048642498005D-02
  -0.1678525833496D-02  -0.1625879910422D-02  -0.2488546514628D-03
   0.2640388414799D-03  -0.3957391763385D-03  -0.5981777164224D-03
  -0.1985668534388D-02   0.1492400153392D-02   0.3639276244304D-03
   0.1605593498036D-02  -0.1460319832455D-01  -0.1265477667298D-02
   0.1430273196721D-02  -0.4182083891817D-02  -0.1802333313419D-05
   0.2127238117533D-02  -0.3642081856899D-03  -0.8459202044681D-03
   0.4581308629555D-03  -0.6601762976422D-03   0.1909031445378D-03
   0.1243261953661D-02   0.1027500494368D-02  -0.2328453278468D-03
   0.3648926902415D-03  -0.6060778880163D-03   0.1453433427528D-04
   0.1868402372816D-03  -0.4053460445844D-03  -0.4622666205059D-03
   0.8687941932117D-03   0.2177811853239D-03  -0.1539522047958D-04
   0.6004845426123D-03  -0.1258453940352D-03  -0.1417744564806D-03
   0.8754599565607D-03  -0.2632489481594D-03  -0.9246127074010D-03
   0.3662444597563D-03   0.2424545863606D-03  -0.3318223499555D-04
  -0.9861070091644D-04   0.3385289854815D-02  -0.3643181290844D-02
  -0.4701104965073D-03  -0.2489764699738D-02  -0.4030944147943D-03
  -0.4023602239429D-02  -0.1218167726278D-01   0.1620090601819D-02
   0.5437566330874D-02   0.8008429815524D-02  -0.4029760585614D-02
  -0.5442493929334D-03   0.4859861462284D-03   0.1321772992626D-02
  -0.1037948205443D-02   0.4880237511395D-03   0.1236798743618D-02
  -0.4360168018014D-03   0.5365269166073D-03   0.1040307485105D-02
  -0.8916335392041D-03   0.4828274406107D-03   0.7500505283401D-03
  -0.3924537003684D-03  -0.7275848062649D-03   0.7681011538450D-03
  -0.3050784263861D-02  -0.9801599724291D-03   0.5076564729894D-02
   0.3670675754161D-03   0.6090394105141D-03  -0.3988215160332D-03
  -0.5060578738508D-03   0.4916547976536D-03  -0.2220693281248D-02
   0.4705329598040D-03   0.2520359489991D-03  -0.7411396571466D-03
   0.3975438386953D-03   0.1792717002490D-03   0.4755313909827D-04
   0.3171398556914D-03  -0.8024307303176D-03  -0.1674588511746D-02
   0.1001904517111D-02   0.1601546654136D-04  -0.4892528233453D-03
   0.3151793924760D-03  -0.3396789001497D-03  -0.7886508131809D-04
   0.3528881944093D-03  -0.5216723999855D-05  -0.7174993316653D-03
   0.2581279480657D-04  -0.4381473568702D-03  -0.4694970455042D-03
  -0.3349197139565D-03   0.4064354234321D-03   0.4500072564264D-03
   0.7612270073535D-03  -0.2005802376646D-03  -0.3991690441229D-03
  -0.7956583386927D-05  -0.1462815436409D-03  -0.4081692100220D-03
   0.6699447449192D-02   0.8521456430030D-02  -0.2772460612631D-02
  -0.8344417859551D-03   0.2477342414078D-02   0.1044448549923D-02
  -0.1258100734056D-01   0.3826583340249D-02   0.2655626577499D-03
   0.7731143236900D-02  -0.1868566024996D-02  -0.3804354605138D-02
  -0.3055448620213D-02  -0.3798191226273D-02   0.3507072639708D-02
  -0.3936375440993D-03  -0.1626273929575D-03  -0.4098561821732D-03
  -0.1650501352084D-02   0.1312153967756D-02   0.3336004393613D-04
   0.1037828371604D-01   0.5549271746366D-02  -0.3432309526333D-02
   0.4358580744618D-03  -0.8548746919874D-03   0.2549067570065D-02
   0.1887108742713D-02  -0.2327099731647D-02   0.2417643827296D-02
  -0.1413230497011D-02   0.1165094618054D-02  -0.1556431675629D-02
  -0.6290424191204D-03  -0.9126353739385D-03  -0.9562026536296D-04
  -0.6288396220690D-03  -0.1137060239996D-02   0.6516725624636D-03
  -0.1264962379708D-02  -0.9696713750228D-04  -0.2994475738728D-03
  -0.1609952433635D-02   0.7207522337161D-03   0.1840769983160D-04
  -0.2247016628174D-02  -0.4774413042425D-02   0.2677896266625D-02
   0.3746806176807D-03   0.8064052683801D-03  -0.7720734752868D-03
   0.5304153513634D-03  -0.6901377700545D-03   0.4212622952184D-03
   0.6568052585173D-03   0.4775321151281D-03  -0.6125685537339D-03
   0.5337454978816D-03   0.2168470066445D-02  -0.1320700808659D-02
   0.4719162636054D-03  -0.8527742142392D-04   0.1530386244802D-05
   0.7544396526519D-03  -0.2900249676530D-03   0.1944472958868D-03
   0.5070457168671D-03   0.7697692974187D-03   0.3834454809452D-04
   0.6905734969282D-03  -0.3852054074325D-03   0.7634744104745D-04
   0.9332203562838D-03  -0.2527806281113D-03  -0.4151487242737D-03
  -0.2934466976972D-03  -0.3029592183643D-03  -0.4168262396745D-03
   0.1327058376469D-03   0.6901076422748D-04   0.1948502208827D-03
   0.7234870601524D-04   0.3000464665323D-04  -0.1111980708950D-03
   0.2976549420078D-04  -0.9800517307938D-04  -0.1024576331873D-04
   0.2584279810004D-03  -0.7294276317134D-04  -0.1206224243868D-03
   0.5536278444439D-04  -0.6876746738505D-04  -0.8179805355879D-04
  -0.1543532393489D-04  -0.3390358994402D-03  -0.1529064073069D-03
   0.1039616214065D-03  -0.1030354461611D-03   0.2047642439419D-04
   0.2252955443837D-03   0.3656728083965D-03   0.3613528711386D-03
  -0.5898527467599D-04  -0.1213609535476D-03  -0.1313716043568D-03
  -0.9482018163835D-05  -0.2387124982170D-04   0.2047652291871D-04
  -0.6770335439661D-03  -0.1680123786224D-03  -0.2976844500788D-04
   0.2800345457024D-03  -0.9851381368610D-04   0.3831273925458D-04
   0.7990899130089D-04  -0.1044562772241D-03   0.4863641284388D-04
   0.4390872304399D-04  -0.5862514231653D-04   0.1060124999810D-03
  -0.2038027311959D-04  -0.1144391287967D-04  -0.5224987860896D-04
  -0.1098681132311D-04   0.1865814506742D-04   0.5130018568072D-05
  -0.1528375779370D-03  -0.3195966423130D-04   0.3243195188470D-04
  -0.1016034032687D-03   0.3119889884900D-04  -0.1363871360500D-03
  -0.5886354501045D-05   0.8856260405629D-04   0.5972932837354D-04
   0.2593670909205D-04   0.7373248925439D-04   0.8320411621254D-04
  -0.2144424970348D-03  -0.8336485520428D-05   0.8589085988552D-04
  -0.1059462620088D-03   0.1746855598126D-03   0.1444121551018D-04
  -0.1676390874207D-03  -0.1492336781560D-03   0.2514097861725D-04
   0.3812496836150D-04  -0.3907472868962D-04   0.1533866638036D-04
  -0.5816876179947D-04   0.5994700818859D-04   0.9843124110057D-04
  -0.5369446785406D-04   0.1187197989495D-03   0.7071506212017D-04
  -0.3453010767843D-04   0.6262420578892D-04   0.2399563843377D-04
   0.5094804211214D-04   0.4119666839282D-05   0.2108301104827D-03
   0.7347119649717D-04   0.1367535399595D-03   0.1141664800384D-03
  -0.1834370209366D-03  -0.3149519027231D-03  -0.7456266953018D-04
  -0.2825341674333D-03  -0.1428526107485D-03   0.3158746946451D-04
  -0.9060110145957D-04   0.5798604254507D-04  -0.1045745211732D-03
   0.6708387005482D-04   0.8039855128181D-04  -0.1191727391360D-03
   0.1823212121239D-03  -0.6398833816639D-04  -0.2992101985744D-03
  -0.5096098097813D-05  -0.5371306612258D-04  -0.9941559511409D-04
   0.6950579184369D-04   0.9452959974893D-04  -0.1912969056526D-05
   0.6522485792378D-04  -0.3723002884589D-03  -0.2499302036568D-03
   0.6874605444461D-04   0.2943335963720D-04  -0.2161701757150D-04
   0.3234505425711D-04   0.3114010677873D-04   0.3793047699414D-04
   0.2380009230669D-03   0.2782615274868D-03   0.1195214865022D-03
   0.3898933070057D-04   0.4027853733811D-04   0.7283893755997D-04
   0.4120498906142D-04  -0.1502202317410D-04  -0.1012399387367D-03
   0.4008306757110D-04   0.1077444515234D-03   0.6293188188093D-04
   0.1565292838538D-03   0.2961191972475D-05  -0.1024627676468D-03
   0.2199762763019D-03  -0.2980075898272D-03   0.1256457223570D-03
   0.1210025390109D-03   0.2863045462113D-04   0.1160479336919D-04
  -0.2303898385574D-04  -0.4489813762934D-04  -0.4072250939717D-05
   0.6496084379166D-05  -0.1635086662886D-03  -0.2063151239856D-03
  -0.1083305278029D-03   0.3721806305476D-03   0.3290843220210D-04
   0.1444402534686D-03  -0.2721340131507D-03  -0.2121022381159D-04
  -0.1799253798853D-03   0.5691521452117D-05   0.2582216037351D-03
   0.2158266042280D-03  -0.1199805690821D-03  -0.1636622445916D-03
  -0.9776438859646D-05   0.2318916515090D-03   0.6988077496055D-04
   0.4566230081352D-05   0.9676888277798D-04  -0.1449767984842D-04
  -0.1330991800832D-03   0.3497440211098D-04  -0.9654459209076D-04
  -0.1779693127764D-03   0.1144850196003D-03  -0.1585968755635D-03
   0.7210129547865D-05   0.3443103576895D-04  -0.5101807021859D-04
   0.1509359131417D-04   0.7025582366037D-04  -0.3492146378930D-04
   0.5182616936169D-04   0.4528435187295D-04   0.1818424862170D-04
  -0.5627864350133D-04   0.4477585486161D-04  -0.1900884082508D-04
   0.3717054961807D-04   0.1553402001691D-04   0.9820233481948D-04
  -0.6412532974292D-04   0.4134474431691D-04   0.1158119471081D-03
   0.6418776953846D-04   0.5399815637085D-04   0.1968682181263D-03
   0.1615230533612D-03  -0.1896804241338D-03   0.3828739687966D-05
   0.3988129671312D-04   0.1662797709097D-03   0.1094263912489D-03
  -0.1240371710425D-03   0.1259385155429D-04  -0.7726573480784D-04
   0.4838378768244D-04  -0.1244615218620D-03  -0.1478523279407D-03
  -0.5806484119242D-04   0.5197735342027D-04   0.5890176645240D-04
   0.1012344763067D-03  -0.8837840383137D-04   0.8723646078632D-04
  -0.4852834259472D-04  -0.3445704166101D-05  -0.2028678339453D-03
   0.4307333979053D-04  -0.4172120419987D-04  -0.1277302836968D-04
  -0.5523796927898D-05   0.3206229019346D-04   0.2366144384403D-03
  -0.1995243998891D-04   0.2868112220462D-05  -0.1879995343764D-03
   0.6778429217804D-04  -0.1691346779409D-03  -0.7037829707366D-04
  -0.6375116663401D-05  -0.3278467627703D-05   0.1245650720353D-03
  -0.5664812037324D-03   0.1408034991710D-03   0.1105774629197D-03
  -0.7048814288772D-04   0.1750861403481D-04  -0.2004986588705D-03
   0.1938859977177D-04  -0.9168169947865D-05  -0.1575525893069D-03
  -0.1216541435768D-03   0.5782897901267D-04  -0.5190949480463D-04
  -0.8509184257474D-04   0.2087319923489D-03  -0.3151719002069D-03
   0.7200940475899D-04   0.2438905381987D-04   0.6288063634509D-04
  -0.3351772254579D-03  -0.6361707448156D-03  -0.3948672340492D-03
   0.3065084994697D-03   0.3589924202287D-03   0.5644753800516D-03
   0.8897679844050D-04   0.8260239930112D-04   0.3877258155646D-04
   0.1826092151260D-03  -0.1431985861163D-03  -0.1764519226280D-03
  -0.3301900428160D-05   0.6609380692981D-04  -0.1377087995000D-03
   0.5985909381203D-04  -0.2250273562091D-04   0.7993090508589D-04
   0.4439181842558D-04  -0.1254841287967D-03   0.1626626153931D-03
   0.1229521023811D-03   0.2373233427225D-04   0.5543617816729D-04
  -0.1557934833191D-03  -0.1321363610603D-03   0.1993856541290D-03
   0.8548994492180D-03   0.1661563970566D-02   0.3731811453425D-03
   0.7776660765130D-03  -0.2223301078613D-03  -0.2051508334280D-02
  -0.3598467710067D-02  -0.5087401054442D-04   0.7228162175937D-02
   0.9653372209750D-03  -0.9805074772949D-03  -0.5150584828679D-03
   0.5403762723609D-03   0.7568427510747D-03   0.5520922333705D-03
  -0.1622479528743D-02  -0.7074153176482D-03   0.4357851078289D-03
  -0.5963542622312D-03   0.8320953610537D-04  -0.4969566135685D-03
  -0.2699548641407D-04  -0.5156060768049D-03  -0.5714228597301D-04
  -0.2868663527630D-03  -0.2598141410847D-04  -0.6117148313516D-03
  -0.4793137508135D-03  -0.1418881048255D-03  -0.8959451564921D-04
   0.1916307330855D-02  -0.1857182761437D-02  -0.2183912550380D-02
   0.1561093985031D-02   0.5647096861572D-03  -0.8278389983703D-03
  -0.1982430911060D-02  -0.4500088123829D-02   0.9176845851390D-02
   0.1735944846920D-02   0.1135145224775D-02  -0.2386565525697D-02
   0.1220819646034D-02  -0.5615927474339D-04   0.5634047884016D-05
  -0.4034803776475D-02   0.7590315930039D-03  -0.7815884753880D-03
   0.2638705883606D-02  -0.2679840448096D-03   0.3666831374933D-03
   0.1301805245312D-02  -0.2164804778402D-02   0.5030355079460D-03
  -0.9061933108370D-03   0.4193310258176D-03   0.4533003084158D-03
  -0.5580978623163D-03   0.1841868707551D-03   0.8421492457646D-03
   0.4820744048577D-04   0.3067336828293D-03   0.3407525519122D-04
  -0.3900093796210D-03   0.3339711228120D-03   0.2299368108035D-03
  -0.2525958576684D-03   0.6762514792710D-03  -0.6115332389139D-03
  -0.1941647233295D-03   0.8067996041948D-03  -0.4572701195383D-04
  -0.1211136269733D-02   0.2060699248667D-02  -0.4030166313085D-02
   0.1241337911151D-02   0.6839510628415D-03  -0.1869648897687D-02
  -0.6042957789081D-02  -0.6100192675546D-02   0.6527062326509D-02
  -0.6519348503461D-03   0.1701452257848D-02   0.2304388925078D-02
  -0.2015760278391D-03  -0.6176991036211D-03  -0.1388949377739D-02
   0.1185975464517D-02   0.9386204875894D-03   0.2271102068091D-02
  -0.2614226043923D-03  -0.5463524624166D-03  -0.1609124900706D-02
  -0.9231145385414D-03   0.3936976421712D-04  -0.1434407177432D-02
   0.1038182041177D-03  -0.1238514397677D-03   0.6773744361540D-03
   0.3337426448043D-03  -0.9485700259959D-05   0.1111201600659D-02
   0.2216097221845D-03  -0.1960674550432D-03  -0.1458301905208D-03
  -0.5586342658074D-04   0.2694331782458D-04   0.3163984682232D-03
   0.2620243517863D-02   0.4280815236267D-02  -0.6126425201756D-03
   0.2974518736358D-03  -0.5632148385750D-02   0.6532309583534D-02
  -0.8060371845370D-01   0.4950081218778D-01   0.2167614068704D-01
   0.1550316643347D-01   0.3286063362160D-02  -0.2068310591005D-01
   0.7924558517892D-03  -0.1289994837664D-02   0.9054736406120D-03
  -0.5774181820254D-03  -0.1754372159050D-03   0.2781340195608D-03
   0.1269342399987D-02  -0.1390964639312D-02   0.4733378720651D-03
   0.1222946497370D+00   0.1838534831778D-01  -0.1270349139443D-01
   0.1285150147031D-02   0.1859577355235D-02   0.6606732224384D-02
   0.1892996784121D-02  -0.2679757029036D-02   0.6742842450933D-02
  -0.3247689285692D-03   0.5859928204180D-03  -0.9155945047393D-03
   0.2279779396151D-03  -0.4852011654398D-02  -0.5747281597800D-02
   0.1006223581473D-02  -0.1454881626510D-02   0.3635038970349D-03
  -0.4727339528917D-04  -0.1243805852078D-04   0.2562132328383D-02
  -0.4601684761296D-03   0.1625430170930D-02   0.7573677710783D-03
   0.1227212655236D-01  -0.5141279785088D-02  -0.4270312127993D-02
   0.1763542599563D-02  -0.1452278830994D-02   0.2810633203383D-03
   0.2434687244278D-02  -0.5136510893864D-03  -0.2416585044812D-03
  -0.1336773267498D-02  -0.1284252138590D-02   0.4286020795570D-03
   0.1579063028732D-03  -0.8098849240806D-03   0.5353957048052D-03
   0.2211337771939D-03  -0.1531776610544D-02  -0.1061435292065D-02
   0.7968339174655D-04  -0.5796415893982D-03   0.4477216855985D-04
  -0.2207973589079D-03  -0.5660986020891D-03   0.2030061884741D-03
  -0.4251258629322D-03  -0.2094893654601D-03  -0.3599775160651D-03
  -0.4763291231864D-03  -0.2911866882823D-03  -0.1023669634066D-03
  -0.2567902483513D-03  -0.8226245977184D-03  -0.5149943110569D-03
  -0.4081530851749D-05   0.2541598527876D-02  -0.3268684188453D-02
   0.2803844080133D-03  -0.7203974198982D-04  -0.7237761446230D-04
  -0.9077949411202D-02  -0.1342916364876D-02   0.1276334930103D-02
   0.3036365518064D-02   0.7632908647478D-03  -0.3820829138042D-03
   0.3876961592477D-03   0.1098087987053D-03  -0.1602404113342D-02
   0.2230884903585D-02   0.5263286657848D-03  -0.1213633818344D-02
  -0.9460231017792D-02   0.3764188847963D-02   0.4072045750877D-02
   0.4079238099690D-02  -0.3594184576878D-02  -0.3326978314645D-02
   0.1080702672200D-01   0.2586482204705D-03  -0.1935636588608D-02
   0.1051526749249D-02  -0.1143313103960D-02  -0.5590238972436D-04
  -0.1462629934089D-02   0.3620359122648D-03   0.1106797209090D-02
   0.2756183417693D-03  -0.4185935798644D-03   0.1279968709386D-03
  -0.6386603451010D-03   0.1573101782115D-03   0.2653731965390D-03
  -0.1265546022383D-02  -0.2484178190043D-03   0.9053980963132D-04
  -0.1545756703713D-02  -0.2206259746144D-02   0.8793127872637D-03
  -0.1304661526502D-02   0.4874473469398D-02   0.9302026959463D-03
  -0.2687127261289D-02  -0.2710577939424D-02  -0.3221374890001D-03
   0.9375515895080D-02   0.5623138995995D-02  -0.3457190217155D-02
   0.3485625184026D-02   0.1858311443429D-02  -0.5411223632183D-02
  -0.1187232744832D-01  -0.9241385351453D-01   0.6541589171428D-02
  -0.9648772231837D-02   0.1547099847197D-01   0.7432215417389D-02
   0.2621636568504D-02  -0.1616961809792D-02   0.1788910087184D-02
   0.1054694425920D-02   0.1404198265191D-02  -0.1629979566462D-02
  -0.2710489525199D-03   0.3203273200540D-02  -0.2178711513890D-02
  -0.1052304838294D-02  -0.3125810262506D-02   0.1207060141098D-02
  -0.9146889899405D-03  -0.5325011811189D-03   0.1607154979853D-02
  -0.3987339796628D-03  -0.9023164849820D-03   0.6719301822892D-03
  -0.8790124337184D-03  -0.9928188887653D-03   0.2663262996031D-03
  -0.7819806129557D-03  -0.7423498267728D-03   0.1396970114539D-02
  -0.5525619040496D-03  -0.4671306696305D-03   0.7521581594597D-03
  -0.3766444725007D-03  -0.1296701479767D-03  -0.3614921629976D-03
  -0.1242741059437D-02  -0.1180249375195D-02   0.8233313356052D-03
   0.1036622803069D-02  -0.7220964096292D-03   0.5876802719662D-04
  -0.1667974017557D-01   0.9605529285369D-01   0.9966500927652D-01
   0.6005849987961D-01  -0.4564636940643D-01  -0.1091052996233D-01
  -0.1385874520102D+00  -0.2867055296524D-02   0.1003274646140D-01
   0.1384788756982D-01   0.7404408656019D-01  -0.9767959030139D-02
$end                                                                            
