   -0.39037437
    0.03337416
    0.20486675
   -0.37947920
   -0.01884052
   -0.11824949
   -0.11606999
    0.16219581
    0.06429279
    0.04161030
    0.05290585
    0.02728683
    0.05487539
    0.05000463
    0.05128433
    0.04260539
   -0.40036509
    0.04239787
    0.19019677
   -0.35889888
   -0.01078313
   -0.29089664
    0.19588505
    0.05596535
    0.06097994
    0.04994058
    0.19418931
   -0.39407244
    0.02629482
    0.27028099
   -0.50709144
   -0.01898431
   -0.10752532
   -0.11700383
    0.15743922
    0.03310901
    0.03748042
    0.04699007
    0.01851525
    0.04220277
    0.05453617
    0.04484479
    0.04600223
   -0.19396428
    0.02298140
    0.27595954
   -0.48382550
   -0.13088193
    0.23962279
    0.06445029
    0.06296084
    0.06654258
    0.07084597
   -0.17535705
    0.02466362
    0.19549811
   -0.35787204
   -0.07830954
    0.01316142
   -0.04289696
   -0.04249018
   -0.03395275
   -0.03221517
   -0.03542468
    0.21357729
    0.10266805
    0.07477047
    0.08137521
    0.03159909
    0.04332459
    0.03175094
    0.04140023
    0.03890543
   -0.29014167
    0.03161826
    0.20690398
   -0.38425695
   -0.05852665
   -0.05863691
    0.01627177
    0.04773633
    0.04276415
    0.05562716
    0.04108924
    0.04291059
    0.03424852
    0.02166562
   -0.37725767
   -0.00678996
    0.19621467
   -0.36470120
    0.16695421
    0.04827700
    0.08302000
   -0.39275411
    0.02053441
    0.27300707
   -0.50319170
    0.07430659
   -0.48203241
    0.15888539
    0.02908525
    0.04025720
    0.05118565
    0.32750216
   -0.17628395
    0.02081722
    0.19887918
   -0.36763484
   -0.01759837
   -0.12425817
   -0.11993093
    0.22764083
    0.09453668
    0.05990157
    0.05974148
    0.05470670
    0.04480124
    0.05953979
    0.05223868
    0.04230330
   -0.38861461
    0.03847413
    0.19644860
   -0.38571493
   -0.00468597
   -0.06188883
   -0.10997795
   -0.10886601
    0.16555996
    0.06084938
    0.02282589
    0.05294520
    0.02759788
    0.06526830
    0.02763931
    0.03635443
    0.04131620
    0.04005118
    0.04418640
   -0.38543520
    0.05214959
    0.26770217
   -0.52860454
   -0.08665620
    0.37464909
   -0.64292150
   -0.63184721
    0.13822837
    0.00945906
    0.03883982
    0.00557166
   -0.17591762
    0.03580377
    0.20751135
   -0.35327663
   -0.12323417
    0.23403380
    0.08783843
    0.08279809
    0.07542062
    0.06959818
   -0.38607501
   -0.00867288
    0.27602407
   -0.48828652
    0.15363307
    0.06030068
    0.03128081
   -0.17688074
    0.01522581
    0.27507628
   -0.49125668
   -0.01519194
   -0.12992809
   -0.11876081
    0.20340206
    0.06980044
    0.04365530
    0.06655622
    0.05666805
    0.04620644
    0.06073469
    0.04915686
    0.03691148
   -0.17030168
    0.02448934
    0.20969076
   -0.35613765
   -0.01698427
   -0.12643891
   -0.12073370
    0.20735747
    0.07631152
    0.06206774
    0.06286845
    0.05078764
    0.05251706
    0.05725841
    0.04544320
    0.04231075
   -0.38809599
    0.03041135
    0.26267073
   -0.52061509
   -0.07409434
   -0.00053155
   -0.04283149
   -0.04271679
   -0.05975768
   -0.07667248
    0.14441595
   -0.44022707
    0.16618116
    0.06773562
    0.05257417
    0.05540984
    0.04599450
    0.04218847
    0.04804071
    0.03804399
    0.34640623
   -0.15680301
    0.01486143
    0.28783860
   -0.49358061
   -0.08734603
   -0.00519886
   -0.04663529
   -0.04350422
   -0.05847090
   -0.07545692
    0.14366508
   -0.43551329
    0.24168030
    0.08048184
    0.08376191
    0.06550884
    0.04663263
    0.05837569
    0.03563269
    0.04691371
    0.34623559
   -0.17937641
    0.01951742
    0.27734903
   -0.48335672
   -0.08871385
    0.01312298
   -0.03519578
   -0.04539879
   -0.02363470
   -0.03175850
   -0.02617212
    0.21734278
    0.07250763
    0.08353807
    0.08375502
    0.03853803
    0.05699524
    0.02189013
    0.03164331
    0.00560536
   -0.17429014
    0.01356981
    0.27793454
   -0.48531778
   -0.08575668
   -0.01158430
   -0.11696666
   -0.11719039
    0.21921607
    0.08426294
    0.07595870
    0.06140932
    0.03150280
    0.04472849
    0.02961232
    0.05195045
    0.04552899
    0.05014810
    0.04001123
   -0.19069295
    0.00953837
    0.27579427
   -0.48273078
    0.11299360
   -0.45933291
   -0.12765403
    0.23205333
    0.07720006
    0.03100847
    0.31662178
    0.07269451
    0.04458298
    0.07167558
   -0.18910707
    0.01930730
    0.27380810
   -0.50422722
    0.07784826
   -0.46287920
    0.22686890
    0.09001981
    0.05164169
    0.03948537
    0.32894903
   -0.18047525
    0.02706663
    0.27527471
   -0.50254413
   -0.13096221
    0.24058977
    0.06770658
    0.07033334
    0.07794102
    0.07170548
   -0.18415008
    0.02956233
    0.27585079
   -0.50196830
   -0.07658555
    0.01236650
   -0.04176103
   -0.03482342
   -0.03271198
   -0.03115831
   -0.03427886
    0.23810958
    0.06929402
    0.07274148
    0.05779257
    0.02442479
    0.03558251
    0.03788338
    0.05191760
    0.04505533
   -0.19211696
    0.02652524
    0.28427588
   -0.49587136
   -0.07964466
   -0.01013277
   -0.11758126
   -0.12008878
    0.23334148
    0.06387375
    0.06490497
    0.05547313
    0.02730640
    0.04685628
    0.03544184
    0.05017516
    0.04882271
    0.04906023
    0.03884354
   -0.19488918
    0.01433908
    0.27497080
   -0.49692121
    0.10975485
   -0.46030462
   -0.12214414
    0.22372655
    0.07072675
    0.04320553
    0.32751247
    0.07581884
    0.05143757
    0.05502271
   -0.17801780
    0.03196907
    0.28068212
   -0.49776741
   -0.12756631
    0.22684242
    0.07792083
    0.05799496
    0.08680839
    0.06004692
   -0.19214218
    0.03241051
    0.27798060
   -0.50484798
   -0.12832178
    0.22772992
    0.05839418
    0.06336378
    0.07442541
    0.06690521
   -0.18542969
    0.02718612
    0.28684892
   -0.51635716
   -0.02296384
   -0.06644907
   -0.11186615
   -0.11147450
    0.21913708
    0.05950655
    0.05054832
    0.04890522
    0.04684543
    0.05865752
    0.02901985
    0.04871372
    0.04731165
    0.04627475
    0.02968516
   -0.19114873
    0.02856807
    0.28572692
   -0.51412628
   -0.02495990
   -0.06400319
   -0.11307511
   -0.10879791
    0.22096537
    0.05475282
    0.05234362
    0.03485201
    0.04352793
    0.05977040
    0.02962037
    0.05048948
    0.03837885
    0.04809321
    0.04787707
   -0.17792636
    0.03735919
    0.21276770
   -0.36877314
   -0.07252755
   -0.01069827
   -0.11294523
   -0.11877997
    0.22479853
    0.07712358
    0.05867638
    0.05991732
    0.04126791
    0.05139925
    0.02941875
    0.04917091
    0.05274895
    0.04893824
    0.03341293
   -0.38750940
    0.04568065
    0.19205108
   -0.36861949
   -0.07104653
    0.00446014
   -0.04154078
   -0.04295852
   -0.05944086
   -0.07568126
    0.14398526
   -0.44003566
    0.16869896
    0.03367927
    0.06526451
    0.06067093
    0.04686655
    0.05019833
    0.04820797
    0.04472985
    0.34896939
   -0.39227585
    0.02654292
    0.28386183
   -0.50104916
    0.07814873
   -0.49845486
    0.15695501
    0.04866859
    0.03129463
    0.02770084
    0.35319806
   -0.17683757
    0.02875217
    0.20632069
   -0.36906770
   -0.08071620
   -0.00863229
   -0.11399722
   -0.11946984
    0.23001269
    0.08321234
    0.07297694
    0.06698820
    0.02641933
    0.03678117
    0.03495245
    0.04484035
    0.04641397
    0.04666811
    0.04963694
   -0.40236730
    0.04472292
    0.20123501
   -0.38871556
   -0.07298668
   -0.00018492
   -0.04149021
   -0.04304115
   -0.05978358
   -0.07605535
    0.14174237
   -0.42773268
    0.19046079
    0.04234166
    0.07018618
    0.05423447
    0.03886206
    0.04539234
    0.04638841
    0.04067541
    0.33249455
    0.19070689
    0.06902835
    0.18534774
    0.08340507
    0.18325120
    0.07861286
    0.18206405
    0.07350771
    0.17695401
    0.08825263
    0.18815598
    0.07809150
    0.16526141
    0.07492654
    0.18084156
    0.06564722
    0.18961460
    0.07480958
    0.18607598
    0.06356983
    0.17274254
    0.08519837
    0.19172724
    0.07785551
    0.17429041
    0.07506151
