$grad                                                                           
  cycle =      1    SCF energy =  -813.55928402874   |dE/dxyz| =  0.800513
   86.36749174180312     92.06882693674328     83.79763572455855      n 
   83.91041583287233     91.10963900508500     84.54973735662792      c 
   82.37880720346904     90.38786071362931     82.21721727422678      c 
   81.38194551179316     88.29612538622692     82.00592597591968      o 
   82.52339001566320     93.09862359618401     86.15660587663952      c 
   79.85265996275049     92.21120554273251     86.78676185348554      c 
   83.99489238520945     93.62343904743753     88.58367921686582      c 
   86.50434692753048     93.97886645563719     83.72143336053405      h 
   84.19302783777974     89.37123449692453     85.64253804953751      h 
   82.37857490361549     94.83003999718356     85.03548111156555      h 
   78.90147880636444     93.61978141445459     87.93633347793518      h 
   78.73613160229145     91.91976610824132     85.08615634522920      h 
   79.89237818269062     90.43964511986022     87.82595704981730      h 
   83.05326959608961     95.09769800784713     89.65638145958881      h 
   84.06593029640013     91.93129200827715     89.74680693327601      h 
   85.91872597227629     94.21030628961645     88.18374389292541      h 
   79.82938049000822     83.30266916080257     80.97412910222182      n 
   77.19105732888069     82.88350279847627     80.42079923691355      c 
   76.85142115025882     81.54148789802495     77.88197264447834      c 
   75.48708724426292     79.67476378539018     77.70323918189530      o 
   75.74939570079032     85.37292625688414     80.35378848743426      c 
   75.57947047403361     86.86396393091420     83.44269532651498      s 
   80.43879691655685     85.11584900227950     81.13183614088028      h 
   76.37787335230543     81.63235023496664     81.86764735128642      h 
   76.64610082338005     86.67676726849525     79.03486171457935      h 
   73.80217965753103     85.03084592410491     79.77493922244504      h 
   78.00638820269791     87.53612020346453     83.52720998706559      h 
   78.60615263588613     74.69175549531361     78.88982527329311      n 
   76.85694941672287     73.29219422675116     80.47092235879525      c 
   74.44565701670552     72.69590383607942     78.97258816072330      c 
   73.47123122297432     70.60471959717242     78.99795162475425      o 
   76.26418874669710     74.75585345126130     82.90465154530639      c 
   74.10812766652143     73.48662407092097     84.34127158052861      c 
   78.60926696774537     74.92347636064332     84.57734674898919      c 
   79.26436207992008     76.38974083240086     79.49438411317978      h 
   77.69398127481895     71.45151627301597     80.94461680609632      h 
   75.69033827965322     76.66510907044645     82.34863399912537      h 
   73.73860936409096     74.47213726379702     86.10477873331141      h 
   72.38374455829792     73.47110259443122     83.22376023546440      h 
   74.60247361611873     71.54120000583548     84.77133220180323      h 
   78.14935890366870     75.91544233986926     86.31512107493056      h 
   79.27193695114565     73.04028287912449     85.05472956377605      h 
   80.11676513537260     75.93500235289778     83.62189357758874      h 
   73.48235773264332     74.66607143455106     77.71150554182923      n 
   71.10192354939818     74.50765246809738     76.37269677234431      c 
   71.22736224833244     72.71104869925817     74.10982398846845      c 
   69.62648030453917     71.08533042368450     73.75468670535844      o 
   70.32962586903301     77.12485800164580     75.45557427429895      c 
   74.36634746682049     76.36215812485972     77.71715010353998      h 
   69.65942432314647     73.74880087326504     77.65961002027942      h 
   68.53770409219777     77.02429274814266     74.45905003079687      h 
   70.13246259769365     78.39010306640918     77.06192340502312      h 
   71.76212029745950     77.88124280453775     74.19022829703604      h 
   73.13773182581579     73.13174889450087     72.49827637944986      n 
   73.19903399382657     71.95534914973481     70.03794634542687      c 
   74.94190216979467     69.66518990933208     69.84685119878355      c 
   74.69408551040156     68.19661288223158     68.05743293126390      o 
   73.99079175189804     73.85640357713028     68.00466619635168      c 
   72.06321115329106     75.84348902331897     67.32799874960614      c 
   69.61430713122481     75.89672262315278     68.26258137660716      c 
   72.80760854746480     77.71155488106197     65.63118997989444      c 
   67.95014070238015     77.77920249898871     67.51927713692763      c 
   71.16150417026613     79.60197918614266     64.90559886322403      c 
   68.72426370759017     79.64168589122670     65.85700783684469      c 
   74.38457770048548     74.55293566904217     72.81134325802284      h 
   71.29380322200542     71.22783776045101     69.64641224964959      h 
   75.70694558171301     74.80558551930217     68.65629380691831      h 
   74.46084240033292     72.79898160533202     66.29206417127600      h 
   68.96569355814724     74.49219925323322     69.59272846720587      h 
   74.70909153182433     77.67785780590799     64.89227984910009      h 
   66.04643519432412     77.78222041457337     68.26148163131576      h 
   71.78110419181657     81.04379790185996     63.60348598596244      h 
   67.44450865821408     81.13658118982664     65.31994377158232      h 
   75.57328114307104     63.68187372072641     71.31848058285800      n 
   74.79112450958304     61.26468193984753     70.25987292632341      c 
   74.00293307425947     61.49976240343359     67.49146309234830      c 
   74.67130672300621     59.94189522807537     65.91899435871451      o 
   72.61578852462407     60.37608714403185     71.96099435319651      c 
   71.68836700276955     62.79292808273734     73.24162617834334      c 
   74.09774906786433     64.35265933611737     73.53887626142514      c 
   76.38804069320742     59.94841888387268     70.28745897943537      h 
   71.14173521817624     59.44714353145107     70.87326573424565      h 
   73.33872411845513     59.05281334500278     73.36233154519905      h 
   70.33314803247593     63.78146190711219     72.04671150060379      h 
   70.78777839830080     62.41834534178585     75.04807572267940      h 
   73.71429980626908     66.37305670069799     73.62704748650765      h 
   75.12501898059641     63.79691356408625     75.24728840672407      h 
   57.83604060631782     73.42125382617537     66.24584736086355      n 
   59.93986198783372     74.40598262234474     67.68130312099957      c 
   60.66230964592092     77.08153393420571     66.87704140952694      c 
   60.98068560429071     78.78424402193700     68.42130949107677      o 
   58.08468299544845     71.68565989135664     65.46516865520640      h 
   59.48252701523872     74.45273099055694     69.69801683012608      h 
   61.55131856554079     73.15835155652758     67.37890226121961      h 
   55.76278817328621     81.50285592997704     69.14995576926341      n 
   55.85823513051185     81.45822791043591     71.87914967699103      c 
   57.64323703025335     83.47508279475200     72.90918632595815      c 
   57.03130369774393     84.87456063966165     74.64271878047064      o 
   56.72030283614228     78.78860037107415     72.70046001296429      c 
   56.66989465836080     78.37920026930107     75.31590371551492      o 
   55.66015075439939     79.79965909476155     68.27069053760927      h 
   53.98560219745649     81.85154238014687     72.68761455301387      h 
   55.39066829855841     77.44500473848782     71.84900748097149      h 
   58.60398783764821     78.46281400187152     71.91368168163538      h 
   58.29276185242730     78.80654960041178     76.07447844867711      h 
   59.95561213779292     83.48856646674501     71.86513016394545      n 
   61.97037011397655     84.91602184171710     73.01851563576258      c 
   62.69776789312526     87.34066087798256     71.64605457006978      c 
   63.63626690950402     89.10264344106548     72.85577802984203      o 
   64.32741857992916     83.22178634697946     73.38264691286999      c 
   65.85442334540225     82.99521673059043     70.94807274012493      c 
   65.95568130119575     84.17734610742723     75.56101442605453      c 
   60.37195035346002     82.23796191412308     70.47970189308589      h 
   61.26423927135493     85.49182507313334     74.88415021575190      h 
   63.60427565576042     81.35182063719066     73.89688932400459      h 
   67.35754826709675     81.61501643286789     71.18631532692845      h 
   64.65052927312108     82.38661176483660     69.39846073298767      h 
   66.71258064906266     84.79778254039110     70.45827344394958      h 
   67.69034535951148     83.08348693914022     75.66934450471285      h 
   66.43297370676889     86.15845742842389     75.30071125486383      h 
   64.94674402448813     83.98329732781791     77.33952720266174      h 
   62.64199108215647     94.12620532692580     74.94054564835231      n 
   63.96067509514675     94.35473373062176     77.32166633861024      c 
   66.77204253410285     93.82995992514871     77.00772854430669      c 
   68.35921639830102     94.76470396157991     78.42463336878838      o 
   62.77291396497272     92.69544066878460     79.38984932289041      c 
   63.39059244476984     89.90111704157508     78.96201036983337      c 
   59.94065082350667     93.22331125301946     79.55837227510494      c 
   62.02928426856437     88.15978658587862     80.80504523342519      c 
   61.69220129413725     92.51395697634474     74.57134740011315      h 
   63.78707867473368     96.34373724713720     77.90218440055418      h 
   63.64546033705228     93.29708135549892     81.16840449360959      h 
   62.89719356345736     89.36419940550734     77.03514307115162      h 
   65.43029256945017     89.65436702760056     79.16887791361255      h 
   59.19484134579026     92.54670732487635     81.34583853319775      h 
   59.62265328351411     95.25144112447312     79.44597507818081      h 
   58.92954794334889     92.30233952929119     78.02604347303209      h 
   62.74373487779880     86.24370433434724     80.59903039975680      h 
   62.32739197995772     88.79461773773122     82.73818345387707      h 
   60.01741640976788     88.14946531073539     80.40092634403830      h 
   69.34702240474205     99.77441591537777     75.70023194023871      n 
   69.34868430778752    101.30327865883731     77.97636470490059      c 
   71.72899034833810    100.81603276376616     79.53627857686099      c 
   72.84888827743657    102.53997136479373     80.62195524690536      o 
   67.03176529486547    100.74035950505508     79.57693523168399      c 
   64.52308801118930    101.55298689289862     78.21079914582876      c 
   64.56855094774859    103.57048644928545     77.01307973948087      o 
   62.68669376420294    100.10931295895067     78.49959833005674      o 
   67.69012545852783     98.98910905185156     75.15148856283054      h 
   69.31672680152583    103.31826145552816     77.46172455369681      h 
   66.94533100893263     98.73423013320716     80.03306190783785      h 
   67.13456676048401    101.82308945928629     81.33221654006826      h 
   72.42722508843256     98.40008338302368     79.66047320627497      n 
   74.51232784813921     97.43531572634093     81.14237020577944      c 
   77.13230619679312     98.36678874598657     80.30249631323916      c 
   79.02767312695940     97.63941132334372     81.41205606076120      o 
   74.44701847675769     94.55839546468796     81.06521813465682      c 
   71.31430222927570     97.08672621514387     78.82696068270205      h 
   74.30347176653056     98.09491092852328     83.10593738816367      h 
   76.06411234734465     93.79947709506641     82.07335152213457      h 
   72.71993009847023     93.86121167168069     81.93068159429225      h 
   74.51005547422805     93.94517640421661     79.10286457963065      h 
   77.32839098925000    108.22671118917695     90.44983305820814      n 
   75.52931298049353    107.78051328169317     92.45220552088728      c 
   74.45640022003214    105.09522275938313     92.30714051166902      c 
   74.35513864503551    103.93669098479401     90.31447214266163      o 
   76.62079579685644    108.43415473559843     88.69156730978955      h 
   76.52117517124603    108.04133272355656     94.24267522701183      h 
   73.98456456481142    109.14107174730071     92.29052646536627      h 
   73.69811250430527    104.15866040464400     94.53486916236726      n 
   72.56378740103081    101.68769857570979     94.80792273443497      c 
   69.84330875442380    102.06495708470163     95.70009089336152      c 
   69.27851038931644    103.69869224123501     97.23269682431177      o 
   74.07254173544797    100.05852291479798     96.70031735963107      c 
   72.88640545117150     97.44409257249642     96.94434418138074      c 
   76.81796110324167     99.83403236790636     95.84012588258233      c 
   73.67148004262316    105.26138743603609     96.09048531261530      h 
   72.60559921546894    100.81240830492226     92.93532545805162      h 
   74.00338946613088    101.00508557888524     98.53999092307936      h 
   74.01249888874666     96.26427539100982     98.19003380492957      h 
   70.98864444439657     97.54429733677522     97.72036924111214      h 
   72.79736944497577     96.51703384363115     95.11303985832649      h 
   77.89899881223165     98.77915304240398     97.23013363386025      h 
   76.92046785910642     98.84603953635498     94.04067165206608      h 
   77.68899196008537    101.67908885502753     95.60102783101452      h 
   68.11180745578524    100.57716098212535     94.58959503040627      n 
   65.51620588458394    100.62554348858454     95.47964921603020      c 
   65.57784907801972    100.12434497336488     98.33445290884193      c 
   67.04350552780745     98.62183572816414     99.28243544006408      o 
   63.92102533619831     98.65511935452405     94.06719578596406      c 
   61.23014535847592     98.58207265009838     95.10023463423202      c 
   63.87312936387328     99.20902346181694     91.23588673009117      c 
   68.68115534443034     99.04941457461722     93.60282195931852      h 
   64.76923211685249    102.52854562231190     95.14315443448950      h 
   64.78879841699924     96.80953122891184     94.39889958366692      h 
   60.11416579673133     97.19441657678186     94.07596778440556      h 
   61.19327624433446     98.01495589341842     97.07560085405031      h 
   60.31592199672374    100.41251944480760     94.91338745640734      h 
   62.74932912952458     97.77349188474199     90.29048408429342      h 
   63.02329689280299    101.04551821293305     90.89044055388926      h 
   65.75683527519682     99.19198552995266     90.42122473346645      h 
   69.05706460666886     89.13764494679913    101.44493008694290      n 
   69.43271733312956     86.97216123081328     99.84489144450387      c 
   67.73149763049153     86.97240683792799     97.52682081444695      c 
   67.99632828534621     85.28641027016165     95.92950118945021      o 
   69.03036389885689     84.53011046600908    101.36709518451342      c 
   70.99871888467014     84.28972365894937    103.40313052151939      c 
   73.25091818571343     83.03026444428093    102.91796879971751      c 
   70.64627447407699     85.35980547595716    105.77104533630188      c 
   75.09549888065864     82.81222223078898    104.74767293212865      c 
   72.49001188769904     85.17340194285748    107.61571307372505      c 
   74.72710046157312     83.88795624437830    107.11945870916675      c 
   76.58210368412280     83.62903533590995    108.87326718612211      o 
   67.93301049519778     88.88212093656482    102.96964949552066      h 
   71.37951750685585     87.02671697117144     99.12342516834531      h 
   67.13576663252688     84.58135003458010    102.17495980968647      h 
   69.13667727086383     82.92682683946019    100.07627705015140      h 
   73.55607832581470     82.19124407348873    101.08548005124031      h 
   68.90171539514000     86.32637398269911    106.19351796371598      h 
   76.83175369516067     81.81323540414417    104.37874125486799      h 
   72.17968890216486     86.02310690485831    109.44603782974349      h 
   76.07680963766282     84.42404221734698    110.43965068680389      h 
   66.03876364264028     88.80061110127825     97.26378480681502      n 
   64.33333031336230     88.89917308937274     95.12144746129114      c 
   65.49038804766479     87.75835522278490     92.72258727236316      c 
   64.44876406896245     86.02281116803847     91.60312586277800      o 
   63.56187382957462     91.64559689601930     94.58292849469760      c 
   62.05215614896226     91.72722990307633     92.17561361593657      c 
   63.13879301143817     92.42147625145495     89.88899245689431      c 
   59.54762895518225     90.94453429707090     92.19202053051184      c 
   61.78669101332889     92.28165045187316     87.66021456893291      c 
   58.17619402220723     90.80501621479351     89.97613783328484      c 
   59.29662932398116     91.44079491529928     87.68501334618952      c 
   58.03265603382126     91.26774904046330     85.45957156605709      o 
   65.67799028061032     90.07623328825582     98.65911279502072      h 
   62.63187888818202     87.78124697875340     95.53527319220029      h 
   62.44507330284753     92.34750183690811     96.17267513838370      h 
   65.26956915098734     92.79145720377328     94.43073824846518      h 
   65.06232015827740     93.09808417277796     89.82996699423555      h 
   58.65497466349934     90.47643826134934     93.96813363011859      h 
   62.64391452894253     92.81826870602868     85.89115699038163      h 
   56.23217819393827     90.18469299512228     90.03384854368082      h 
   56.29088376511115     90.80308832998607     85.76491043757247      h 
   67.57881412591313     88.87900105798198     91.82725945801224      n 
   68.50448591233871     88.25129914633899     89.32029318096549      c 
   69.14641381490959     85.44144571612922     89.14790606875285      c 
   68.46451945686404     84.13694423944068     87.36801654704513      o 
   70.85693612155595     89.81265719222327     88.65461736262061      c 
   70.19603408884200     92.45185161395635     87.82196731393938      c 
   68.85644051976081     92.81272946913857     85.58912965024236      c 
   70.94204421614792     94.55171960658325     89.20649545938539      c 
   68.27345917131814     95.21969403957381     84.75695029185495      c 
   70.38586127434880     96.96741439607591     88.35973318014459      c 
   69.04899274488855     97.30554605615518     86.13689134638931      c 
   68.32517479492600     90.40153996356533     92.69886581445319      h 
   66.99285982432427     88.59471348749945     87.94099791098355      h 
   72.13468128789208     89.86140670009139     90.27023419543765      h 
   71.83388067733674     88.86535949749617     87.10187018278148      h 
   68.29436444699080     91.19985895066618     84.47078223467123      h 
   72.01888508172101     94.30501509361912     90.92305868661100      h 
   67.26103276244335     95.48195666911312     83.00456345592023      h 
   71.03625906770824     98.60662664982998     89.39042061973714      h 
   68.63396789650410     99.18534178301616     85.45506880303209      h 
   70.61835386501681     84.58426414317199     91.01466140589640      n 
   71.46335707112586     81.97639368687159     91.10157410864556      c 
   69.18321853399370     80.19636255099095     91.11807300109608      c 
   69.01439983777837     78.36109432328971     89.72442448074960      o 
   73.10596304969718     81.59259603521134     93.44926412918802      c 
   74.05076432536048     78.87234878554685     93.77468414704745      c 
   75.85799138175364     78.11845955285381     91.65599831632977      c 
   75.33766792341001     78.61157602161515     96.34630582538638      c 
   70.86648977622357     85.64651941959865     92.58146878061238      h 
   72.53146816815220     81.58441833139240     89.37272850122093      h 
   74.73031192629102     82.85747593632425     93.32125888459379      h 
   71.98822060040902     82.11973736966702     95.10298982972172      h 
   72.42450609631261     77.59763474171207     93.71153228239626      h 
   76.59687587047864     76.23256137196826     91.99662871624530      h 
   74.88402592091731     78.08811359618893     89.84732594216162      h 
   77.43648882965985     79.42891312487616     91.54931947321396      h 
   76.11228741461794     76.72368286668252     96.57033313827583      h 
   76.87883852397587     79.95935021905514     96.52095508242361      h 
   73.99306540175215     78.93472685920027     97.86704643808770      h 
   67.42549507286084     80.82832171643204     92.81755024526187      n 
   65.11256631700311     79.40189618200904     93.12286562238144      c 
   63.86411022707212     79.00072744206734     90.55584689599097      c 
   63.09843792494031     76.92854561078457     89.86376647344976      o 
   63.28871538074029     80.81694435509191     94.92779999616765      c 
   64.47491142911169     81.34643972872153     97.24656889961599      o 
   60.96152621713186     79.21663855491448     95.48590774497755      c 
   67.63230603881202     82.45346388845205     93.80831808022137      h 
   65.54892516828860     77.53561851599595     93.92045858470941      h 
   62.72559974572604     82.58646671155144     93.99142011752357      h 
   65.73669571515602     82.64911092589277     96.99239411818263      h 
   59.63401763938231     80.32066746027598     96.59371751348500      h 
   60.06964875077966     78.61323079925997     93.74058709873512      h 
   61.51879901963287     77.56734228753520     96.57515490650525      h 
   63.62317215577254     81.10785549307241     89.18505176223938      n 
   62.29869525912736     81.12731286412421     86.79850633207482      c 
   63.76164905158623     79.72020132705627     84.73712657494012      c 
   62.67685107179398     78.42973973503699     83.13527267706100      o 
   61.73597752046262     83.85041785109965     85.98123093441318      c 
   59.63817443648278     83.75753565053041     84.36065334591287      o 
   64.22300786375439     82.79387951156481     89.87638463848579      h 
   60.47759265109011     80.15091449583454     86.99417418938221      h 
   61.30844318877195     84.97856246222675     87.67475530184348      h 
   63.40105701839872     84.66577583152383     85.05338416072527      h 
   59.40524331242050     85.37416442006598     83.55258218711062      h 
   66.25674422706675     79.98619398970395     84.81016295938342      n 
   67.88019655776591     78.62489317889434     83.06989817306209      c 
   67.44159417167700     75.77857140686658     83.39963310762826      c 
   67.04603330290497     74.40111890597869     81.57211134544973      o 
   70.62375782681970     79.33937036277787     83.53256645022880      c 
   67.08803359917621     81.23283365728905     86.01383373522135      h 
   67.32444800764870     79.08185227176996     81.12223218794398      h 
   71.82329350055595     78.42879032311404     82.13714244070125      h 
   70.82888209198559     81.37944702366840     83.39634455475280      h 
   71.17787477640290     78.73581162463405     85.41492633205743      h 
   67.49188729708453     74.93779321772067     85.77369912928610      n 
   66.93460864758248     72.30991826991962     86.30568767977672      c 
   64.30656506120464     71.64501520246732     85.29652412274859      c 
   63.94723305702895     69.75358355421396     84.00236236568442      o 
   66.99197423751731     71.72143834657597     89.13708560246901      c 
   69.59748801356280     71.40060365141163     90.23765446402591      c 
   71.34161201579222     69.76436149353810     89.14902578240040      c 
   70.24326710561976     72.63542052430599     92.46006095896865      c 
   73.69680140752837     69.41542267386924     90.23169123423784      c 
   72.58147011211329     72.25772549920229     93.57000058241354      c 
   74.32137002013276     70.66124762636250     92.44656732679708      c 
   67.88145082386950     76.12086412159888     87.23391301357130      h 
   68.27930782966752     71.12070656683170     85.26497158211220      h 
   65.96834829996286     73.20823125959721     90.13563863912066      h 
   65.94675464380310     69.95540557789653     89.40236236077114      h 
   70.85839186381516     68.75848701019390     87.43764245349470      h 
   68.88845139717455     73.89002936917585     93.32965602622455      h 
   75.04112873274261     68.15710140303460     89.35086228932060      h 
   73.03670799024887     73.20325012284164     95.31851626541928      h 
   76.15089732238306     70.37104431282630     93.29895576257378      h 
   62.46420979862211     73.22633482209723     85.96631394534981      n 
   59.87195290818052     72.74082272375045     85.22202986160063      c 
   59.77682552005353     72.14348094322875     82.38805129475898      c 
   58.49720673106778     70.42025486790570     81.53524617837887      o 
   58.24151301871891     75.03949878118345     85.86715546223584      c 
   55.40539411557481     74.45404331244318     85.95799760065276      c 
   54.72167253180910     73.18141637567722     88.45684834076204      c 
   53.89465803292455     76.89328061772723     85.63630083121865      c 
   62.77169597461540     74.65517616214272     87.21364111375459      h 
   59.17452315071135     71.05101521388126     86.20607812531476      h 
   58.83789299903023     75.73415738612805     87.71849323173865      h 
   58.61219120904780     76.51489616919669     84.47615382187814      h 
   54.94563479126069     73.17237384690340     84.40174928283955      h 
   52.70566971755363     72.80904425163696     88.55403930036601      h 
   55.71088109284968     71.39465418468663     88.67694410092378      h 
   55.22359057908120     74.40018874469398     90.03359136539616      h 
   51.88249308653210     76.50978298387199     85.77330828029156      h 
   54.40920644511444     78.24271886966572     87.09895497266834      h 
   54.27366422302425     77.73985047335557     83.80443570232025      h 
   61.12178283889221     73.74434063304233     80.97019312810230      n 
   61.23522136476537     73.60606115973313     78.24186406649447      c 
   62.36135183378818     71.07892737170906     77.39779351932093      c 
   61.25064737286709     69.69953525024866     75.89892113258988      o 
   62.81462952319607     75.81375330961879     77.18105359402634      c 
   61.61305917245953     78.16007718717921     77.61488041587427      o 
   63.18205198122082     75.47955165533757     74.34294456020277      c 
   62.05721356337195     75.17557575471025     81.83573403834474      h 
   59.30681210262135     73.71140672220118     77.47431010357475      h 
   64.66091128348940     75.79486358257346     78.13168172135742      h 
   61.58559677413199     78.48693330794299     79.41721412216391      h 
   63.97151527108327     77.19251288273423     73.53325129314892      h 
   64.44418645597129     73.90253049422418     73.97606112269450      h 
   61.37248583659851     75.10065274951536     73.45173660221153      h 
   64.60910544493163     70.52217657519903     78.37843627143012      n 
   65.86887830043945     68.16493684025652     77.76778244571584      c 
   64.03555248368005     65.95334614510836     78.06051959640141      c 
   63.93273313388411     64.19477791392623     76.55744547224120      o 
   68.08522427078594     67.72055210327821     79.54804924856371      c 
   65.45754416960398     71.69415619427789     79.63369935529732      h 
   66.52778967845293     68.22362656116402     75.80479796221780      h 
   68.82189161832086     65.82448277955103     79.27177013331979      h 
   69.60033359577848     69.05428935532869     79.17165484057271      h 
   67.45007848012970     67.91813190763338     81.49122211770778      h 
   62.69417506508122     66.05803910319200     80.19179583283682      n 
   61.06642293945134     64.01389140644480     80.99067404804961      c 
   58.95587430665483     63.62595790680801     79.05952896067379      c 
   58.29689576683624     61.52282831881325     78.37552674126626      o 
   59.96379661609042     64.54504201503293     83.59253951483102      c 
   62.94794889126566     67.55555110115655     81.36133695937728      h 
   62.15296377966052     62.24371451071046     81.02489709497344      h 
   58.86586686548096     62.91695784773518     84.19397478379929      h 
   61.49084104483251     64.86344986725243     84.92768547669641      h 
   58.76482792212197     66.21042378578399     83.51942412718188      h 
   57.88077809579346     65.76191827668482     78.25042038465524      n 
   55.90927549948008     65.78314848601016     76.35020650509435      c 
   56.86793574689888     64.46786317858783     73.96816115737855      c 
   55.56094368718716     62.98477932763021     72.74683309010672      o 
   55.10296336203109     68.51735592228586     75.74758860216330      c 
   53.58963131125476     69.69663338141176     77.92587187835699      c 
   53.65020185788029     68.66586260225921     73.25764273241825      c 
   50.98698120418100     68.54604753084061     78.38433127870991      c 
   58.44621683365608     67.42534577128276     79.01123074789723      h 
   54.28148351423869     64.68254118856127     77.01864235908400      h 
   56.84726552100897     69.60858006200040     75.53873179527783      h 
   54.70137224093870     69.56047675385749     79.65484972067772      h 
   53.34707754770113     71.70120474129973     77.50024660848051      h 
   53.00255083580123     70.58992355661694     72.93933853884803      h 
   54.85066334653155     68.12728981834934     71.67963169449119      h 
   52.02542531570612     67.41206031226663     73.29911512070645      h 
   50.12308749623897     69.42685415374802     80.02789652034558      h 
   49.74468797619913     68.84943944170996     76.77851244439340      h 
   51.09943666041130     66.52747351086100     78.75031531475862      h 
   59.19620022901211     65.10961152922557     73.26073496317662      n 
   60.29037910170214     64.09776288365076     70.95809298627081      c 
   60.35389689477587     61.21333118660466     71.15940516038047      c 
   59.58629245614220     59.82245956411658     69.45392060592324      o 
   62.94628712050099     65.18548979296655     70.49185313386293      c 
   62.75345472479297     68.03889729842133     70.00636411152664      c 
   64.17900230104371     63.83259345875898     68.25816032778884      c 
   65.30901187874174     69.33611504904803     69.71577775942224      c 
   60.16574620005402     66.46358660517650     74.21149110772447      h 
   59.06812590208431     64.57724007509317     69.35059560250190      h 
   64.06591051059149     64.85600561482933     72.19957382957084      h 
   61.63121652355205     68.35400452978648     68.30415433573242      h 
   61.76102879175119     68.93481871065285     71.57401987171558      h 
   66.16172106129429     64.33218888506282     68.13330970193240      h 
   64.05553841353651     61.79215552421886     68.45099466519027      h 
   63.24556187108268     64.37331775953487     66.50625801456397      h 
   65.02221783982176     71.36370228796302     69.52193700027851      h 
   66.49262462978851     69.01710295638932     71.36355834980513      h 
   66.28834538657236     68.68259855308220     68.03640654116543      h 
   61.33962177853221     60.35132916539158     73.30375671660570      n 
   61.60835239367618     57.66850130067947     73.79102404154708      c 
   59.01017566646760     56.39398562024378     73.79122424459435      c 
   58.59651722449298     54.49871171807345     72.51394204845462      o 
   62.95813098903759     57.25004375641539     76.30400842318886      c 
   65.78220744519521     57.90434778376531     76.22300052349189      c 
   66.81509277515063     57.99862223406955     78.91668202239076      c 
   67.26351887116238     55.97400569329076     74.67303827662587      c 
   62.07362733576269     61.56812979794332     74.59633516527147      h 
   62.67256275581457     56.79483348112880     72.23976773510638      h 
   62.01759268831771     58.41141664250652     77.72576820761346      h 
   62.74596967734404     55.26861750030604     76.82835232337837      h 
   66.01336076572905     59.77338380810242     75.36847630225078      h 
   68.82917849946915     58.39573938456842     78.89557082781675      h 
   65.87840234121171     59.47383009050692     79.99654116902153      h 
   66.52520054244206     56.19407434457785     79.85436738475875      h 
   69.26876806138647     56.41246657518882     74.71427832518729      h 
   66.99780113321575     54.08522099324525     75.43883138950454      h 
   66.66870794447971     55.95715837090203     72.70686910677152      h 
   53.02627871537791     76.92276499466361    106.04710264515145      n 
   54.81585433149565     75.60480916715886    104.43311119359136      c 
   54.81100980227306     72.77535323759000    105.01173966337858      c 
   54.95038427180337     71.18262977418946    103.33069376752887      o 
   57.47041367442736     76.74608177569839    104.77193837410928      c 
   57.32805748852473     79.55016293973026    104.31237305473029      c 
   56.95353986752946     80.49253310563648    101.88892291932575      c 
   57.36009797473157     81.22974615972728    106.32550991023311      c 
   56.56728760718101     83.03759471542675    101.48128940688042      c 
   56.97529381874799     83.78340452460108    105.94041138237876      c 
   56.52871016849818     84.69518322707216    103.52175824259720      c 
   56.05483188865675     87.18896027523935    103.08225230350980      o 
   53.40040805305958     78.77892531096292    106.42461573159815      h 
   54.24158941920521     75.82981592897625    102.44774471223499      h 
   58.14886303806782     76.36578983401517    106.67982188199093      h 
   58.74142247363389     75.83919559638674    103.42820310853872      h 
   56.91194214260076     79.21247204934694    100.30295927512078      h 
   57.65088223859053     80.53789703359513    108.22239079472160      h 
   56.20925257332487     83.75794350441288     99.60777908049185      h 
   56.92787506023974     85.04661365342874    107.54138318642038      h 
   55.81099074079638     88.04297472665398    104.68002358472472      h 
   49.28918364878340     70.06842067438801    101.80180641019986      n 
   49.18771115599337     70.71145083728655     99.14982372296194      c 
   51.24449165143643     69.29212592789797     97.65919187494944      c 
   50.72234228167704     67.71013375234605     96.06978496317096      o 
   49.47725730901589     73.56882296964160     98.79742927880160      c 
   50.02304592774830     74.07564623695282     96.24468946964956      o 
   50.10853486788151     71.31263748842873    103.00060563637976      h 
   47.36954790442054     70.08630016471230     98.37483822528581      h 
   47.72537531091189     74.51293383128369     99.39084046147411      h 
   51.00612119046839     74.25104529340510    100.02251265993554      h 
   50.55424060285584     75.81557593366730     96.09828838828034      h 
   53.62663691179776     69.95127962017870     98.21778192830887      n 
   55.72319797793276     68.98298131518349     96.74235546780677      c 
   56.33531722961792     66.23188250077111     97.35984145426053      c 
   56.61444312289611     64.65566385751346     95.68237715203409      o 
   58.06343587118615     70.64759878514054     97.12652668011471      c 
   60.46006311042164     69.63584905783745     95.83521875751049      c 
   60.14435247784457     69.43488158013443     92.97287927130505      c 
   62.69025658434378     71.36330791992083     96.45269501622198      c 
   54.02005368824805     70.89915287138378     99.83685868833443      h 
   55.12675711084033     69.01210065281339     94.75835791526643      h 
   57.64342335893270     72.52603816838237     96.38811899589186      h 
   58.40662708465591     70.81230085718347     99.15661779457417      h 
   60.85495074901745     67.74543383100023     96.58425021986017      h 
   61.89847486662598     68.80056878899143     92.11027974085660      h 
   58.68336739715535     68.07722587852697     92.48580580295534      h 
   59.65643299354927     71.26238482942371     92.17095593903639      h 
   64.43125420260878     70.56578509514941     95.71126586240686      h 
   62.40010758096447     73.20797501672692     95.59468177355166      h 
   62.89555875586944     71.59660245699145     98.48319382563794      h 
   56.93548511306022     60.23359016787683     92.42101857834935      n 
   59.28399390801487     58.89782398227014     91.95677808358585      c 
   58.84414460062022     56.05287600774834     92.28911063827650      c 
   59.63658778818274     54.49819217836383     90.75837307445903      o 
   61.40673530113521     59.88843413320520     93.67904098467875      c 
   63.76596827384458     60.50699100562259     92.21208349051129      c 
   64.85990116090778     58.71308965581779     90.63051833255270      c 
   64.88394471391307     62.87131484051299     92.38985383820159      c 
   67.00912234153826     59.26420637406075     89.26139913948684      c 
   67.05199939770655     63.44144462991476     91.04264414971271      c 
   68.12601624000246     61.63825349940397     89.46602783422705      c 
   70.24957710692254     62.10346213648712     88.09238216245346      o 
   56.88614839288446     61.59058739636697     93.77882617593961      h 
   59.81613663746625     59.17668927704868     89.96694764661656      h 
   60.72686563761263     61.58411219163121     94.63354988685644      h 
   61.83129874439427     58.48431509301817     95.13147438308292      h 
   64.01930250971103     56.86107507661989     90.46217958704423      h 
   64.06048195986351     64.29038699017414     93.60281406328760      h 
   67.85706005923234     57.88088432503695     88.02749399114391      h 
   67.92046487201661     65.28377238678020     91.21614414043415      h 
   70.87371713440596     63.78300948287159     88.45050395287205      h 
   87.54604357224271     91.54109588647101     84.90446791326598      h 
   82.16305360268126     91.62785142487037     80.80762953910757      h 
   80.22043731206439     82.57425594969823     82.46041666813120      h 
   77.74595366097175     82.18410946116619     76.34642281548531      h 
   80.00771849115361     73.76299706567134     78.63373367914562      h 
   76.26447510650779     69.37179405422674     71.16434270285914      h 
   77.18613565707643     63.57476411401352     71.84743220693194      h 
   72.92134547863981     62.94659811874758     66.93657675312805      h 
   56.47202688301459     73.29223426550868     67.25350925245731      h 
   60.88976819355390     77.48872582638946     65.04577913041842      h 
   54.39057057194786     82.37094828885883     68.64399481867380      h 
   62.41404545709315     87.49391886529668     69.78404551208418      h 
   61.47070310995601     95.35346128988989     74.82017430643184      h 
   67.37255588495998     92.69745382766449     75.61924814550800      h 
   69.84750492887771    100.72193612646923     74.37951824498279      h 
   77.28797222314505     99.56623563831900     78.85054610623291      h 
   78.19170762628765    109.65654550480873     90.77048892785000      h 
   64.39015212804118    101.04395754137281     99.48107963237121      h 
   70.55650728944778     89.66054170619502    102.05387392062161      h 
   57.61025573377813     57.10254465016127     74.84442529219794      h 
   51.48696813540325     76.90111211827205    105.32418075183352      h 
   54.69200513170200     72.17688935442918    106.80024267766154      h 
   47.70937011031049     69.86082947895380    102.39649712914724      h 
   56.51606883504405     65.68514974301806     99.15969597956648      h 
   56.44798269222680     61.03472770674236     91.00218736704598      h 
   57.88655496175328     55.41352746658086     93.78754972275264      h 
   0.7832758603838D-01  -0.3784056566752D-01   0.8961359895871D-01
   0.1659768293901D-02  -0.3232022030851D-02   0.6469715110349D-02
  -0.1502048114868D-02   0.6748706263342D-01  -0.5772378515798D-01
  -0.9734788836607D-02  -0.2505056141401D-01  -0.6916459360932D-02
   0.1138689364549D-01   0.1957710940482D-02  -0.2524465004081D-02
   0.2206720378938D-02   0.3577087999375D-03  -0.2016924157280D-02
   0.1660546795050D-02   0.2277330716431D-02   0.1574976507100D-03
   0.9664281105392D-02  -0.2989725249277D-03   0.4550438785565D-02
   0.1493287281322D-02  -0.8591266129445D-03   0.8901773431278D-04
  -0.5729974358723D-03  -0.8902752272036D-03   0.6952675423969D-03
   0.5825342047495D-03  -0.5368560050503D-03   0.8547890066786D-05
  -0.4545264999802D-03  -0.1178994605292D-02   0.4937389729078D-03
  -0.8719220017179D-03   0.3380006380572D-03  -0.5587286534217D-03
  -0.8767988657760D-03  -0.1250761212500D-02   0.4923178750634D-03
   0.4027270572779D-04   0.9764335966109D-03  -0.3404558926285D-03
  -0.4443614806835D-03  -0.2174355192052D-02  -0.5823079939982D-03
   0.1677790074894D-01  -0.4717533030838D-01   0.1094647882828D+00
  -0.2860948520240D-02  -0.1383063677288D-02   0.1039053648077D-02
   0.4967489963589D-01   0.4368357278111D-01  -0.6218757137047D-01
  -0.1193882922813D-01  -0.2022841802604D-01  -0.2542676623219D-02
   0.1001400593817D-01  -0.1137710864034D-02   0.5824075243376D-02
   0.1927826852741D-04  -0.4959987218676D-03  -0.8970956041050D-03
   0.8419120725936D-02   0.1654274156170D-02   0.1123923155131D-01
   0.2999790331785D-02  -0.1228534648642D-02   0.1724420990271D-02
   0.5136535567358D-03  -0.3232520543573D-03  -0.1130024272575D-02
   0.1684154861514D-02  -0.2602586351228D-02  -0.2996212997403D-03
   0.1258995324042D-02   0.1050089480188D-02  -0.3655500716458D-03
   0.9246307651939D-01  -0.7212878963493D-01  -0.6721864569946D-02
  -0.2943697419048D-02  -0.5041621971303D-02  -0.1649329449025D-02
  -0.1341688171972D-02  -0.8576142326292D-02  -0.3282626803072D-02
   0.1293806281074D-02   0.5368450462291D-02   0.8305584212895D-03
   0.5100196613404D-02   0.3107669349872D-02  -0.2944470724997D-02
  -0.2420838690786D-03  -0.1579140109986D-02  -0.1031551243323D-02
   0.1303171771183D-02  -0.6381842365981D-03  -0.1057485362065D-03
   0.1376081716394D-01  -0.7854843301320D-03  -0.7677446872724D-02
   0.2664676207948D-02   0.1088646467446D-03  -0.2283434649913D-02
   0.2447026618142D-03   0.2807132885991D-03   0.4158463095285D-04
   0.6467570155433D-03   0.3561036604840D-03  -0.6622457985465D-03
   0.1605896422623D-03   0.2135864463993D-03  -0.1160356336018D-03
   0.1027102786595D-03   0.3346734691488D-03  -0.1774003081685D-03
  -0.5579872579271D-03  -0.1507917893807D-03  -0.6534191481791D-04
  -0.3310408159423D-03   0.4840453479858D-03  -0.5121230526146D-03
  -0.1438751471682D-02  -0.1679794435410D-03  -0.2987404189363D-03
   0.1982385893055D-03   0.1837982016815D-02   0.1184566630257D-02
   0.8320326001601D-03  -0.2199341102392D-03  -0.7542175871267D-03
   0.3515372655752D-02   0.2726333030508D-02  -0.3227063573210D-02
  -0.7077763048765D-03  -0.1806137952429D-02   0.1042423918636D-03
  -0.7138260047721D-03  -0.1383875742142D-02   0.6700282225463D-03
  -0.2466090844472D-02   0.1580811594524D-02  -0.1018856250721D-02
   0.8565889189001D-04   0.4971697299072D-03   0.4551779319536D-03
  -0.3254496712499D-03   0.1648004080695D-04  -0.2954446184386D-03
   0.3560225107863D-03   0.2783304887606D-03   0.3079395220059D-03
   0.8658728517045D-03  -0.7533557508638D-03  -0.1538833177863D-03
  -0.3692802267774D-02  -0.2804817132444D-02   0.2299403317060D-02
  -0.2205215718955D-02   0.5310556646581D-02  -0.3642618430232D-03
   0.6155567265150D-01   0.9367697499349D-02   0.7996138023605D-01
  -0.6631820129847D-02  -0.2055335929679D-01  -0.2516963833815D-01
  -0.4842351787955D-03  -0.1037187668701D-02   0.3973458463288D-03
   0.1207243138777D-02  -0.1677559622771D-03  -0.5081296140251D-04
   0.4940352754043D-04   0.1065403539077D-03  -0.7117741324360D-03
  -0.5654812983440D-03  -0.3397767604542D-04  -0.7208788609907D-03
  -0.4282849269455D-03   0.1938420609802D-03  -0.4020054621854D-03
  -0.1992659653652D-04   0.3000555803878D-03  -0.4423134167216D-03
   0.1285820653809D-02  -0.1053960594622D-02   0.1860975605420D-03
   0.2368529494088D-02   0.3269215455363D-02  -0.2149532443030D-02
  -0.7869566093676D-03  -0.5425618984830D-03   0.1926927261109D-03
  -0.1083201683240D-02   0.5456707962802D-03   0.1498333060646D-02
   0.1488577945401D-03  -0.2531121995296D-03  -0.4150303846935D-03
  -0.1753448640724D-03   0.7906564124244D-04   0.5831365458432D-03
  -0.1489483370316D-03  -0.9352270000762D-04   0.4482176749650D-03
  -0.9952361181303D-03  -0.9890641630057D-04   0.5075388903060D-03
   0.2315747577785D-03  -0.1920951465828D-03   0.1436067487191D-03
   0.3817979320741D-03   0.7399705075394D-03   0.4941574153048D-03
   0.1122164319703D+00  -0.1501763928902D-01   0.4044366992051D-01
  -0.1405210668153D-02  -0.4592682352468D-02   0.2419214735203D-02
  -0.4810582048024D-01   0.7042053310579D-01  -0.1333952927755D-01
   0.3547143845096D-02  -0.8792929141366D-02  -0.1210197525629D-01
   0.6246313518691D-02   0.3133774120588D-02   0.1652767940510D-02
   0.2747873287825D-02  -0.1426775536982D-03  -0.2128395157951D-02
   0.9936080167894D-02   0.9104804281029D-02   0.1971958787957D-02
   0.1781014749053D-02   0.4289542271531D-02   0.1224049229336D-02
   0.1767138929833D-02   0.1067467999772D-02  -0.6285225051384D-03
  -0.1138847603949D-03   0.2152320097066D-03  -0.5698119330775D-04
  -0.1280548323418D-02  -0.2014752328939D-03   0.6120291384276D-03
   0.1365162660924D-02   0.5959819011807D-03  -0.7371869783379D-03
   0.4014193770957D-03  -0.1479882548944D-02   0.1173247525975D-02
   0.2534375140574D-02  -0.9745359936318D-03  -0.4564713291768D-02
  -0.9148745780685D-01  -0.5770322988019D-02   0.8507015890864D-01
  -0.5435372001302D-02  -0.2672044838669D-02   0.1219518069526D-02
   0.6872616785477D-02  -0.1270382531769D-03  -0.9027268978067D-01
   0.1610202207973D-03   0.1890461679782D-01   0.1233581821406D-01
  -0.8670855572337D-02  -0.4214547376162D-02  -0.1623180992614D-05
  -0.3993324056245D-02   0.6591922690787D-04  -0.1638732091231D-02
  -0.7408493897431D-02  -0.4287038359387D-02  -0.2210188176578D-02
  -0.1039608631805D+00   0.6089370696233D-01  -0.2302815880810D-01
   0.2492397011834D-02   0.9055032957273D-02  -0.8440716655633D-04
  -0.3337779245086D-02   0.5684984259922D-02   0.8877154661472D-03
   0.1730283564181D-02  -0.2848178658026D-02  -0.1556596943818D-02
  -0.1480147989756D-02  -0.3393248375692D-02  -0.3486680657254D-02
  -0.4191945019185D-03   0.1942143151049D-02  -0.2485469132872D-02
  -0.4734054022048D-02   0.3291082118346D-02  -0.9133642927399D-02
  -0.1051809562561D-03   0.1090993836478D-02  -0.4903955435175D-02
   0.1240498415301D-04   0.7055483324436D-03  -0.1750436824571D-02
   0.3952787399158D-03   0.4032616094033D-03  -0.1121624016296D-03
   0.1310079054771D-02   0.6592952770050D-03   0.1390668671472D-02
   0.8710027548714D-03  -0.2587500409937D-02   0.1183023358570D-02
  -0.1754062200586D-02  -0.3994839868107D-02   0.2264715635572D-02
  -0.2162394488238D-01  -0.1471265486287D-01  -0.9806214375262D-01
   0.1160355441455D-01   0.2578177818673D-01   0.2198792632968D-01
  -0.1980599801387D-02   0.1860925089112D-02  -0.1978049334608D-02
   0.2800588278714D-03  -0.6847889201828D-03   0.6472820719869D-03
  -0.1843190600676D-03  -0.4433966132315D-03   0.5642728672522D-04
   0.1830661447029D-02  -0.1303059726193D-03   0.4978048659626D-03
  -0.6662771433122D-03   0.5433261561885D-03  -0.1501817225067D-03
   0.2994873205497D-03  -0.2290309907459D-03  -0.3248766350162D-03
   0.3768832324254D-03   0.5532325635505D-04   0.1181947343893D-03
  -0.6251705130541D-03   0.7901386165531D-04  -0.2087869033369D-03
   0.3028843238820D-03  -0.2565224322245D-03  -0.1009137161281D-03
   0.3710827279936D-04   0.1414513387864D-04   0.4103150526427D-03
  -0.2811744022040D-03   0.6967812679419D-04   0.7374503558097D-03
   0.1105959616073D-03  -0.7086361546107D-04   0.2117161744997D-03
  -0.8577484707375D-01   0.8387424767641D-01   0.6738655253777D-02
  -0.4729913837008D-02   0.5026728543403D-02   0.7801532944766D-02
   0.1489270529646D-01  -0.5452105130714D-01  -0.7199043622597D-01
   0.1398514886181D-01   0.9432896932602D-02   0.8683980493753D-02
  -0.3658233551042D-02   0.1738633985445D-02  -0.1105704895529D-01
   0.1278273125297D-03   0.2039133412156D-03   0.3078487313134D-04
  -0.1266177442085D-02   0.4167691741981D-03  -0.5529118497586D-03
   0.9370883511740D-04   0.2747959742089D-03  -0.7252792795553D-04
  -0.1005051284215D-01   0.1095019526376D-01  -0.7113999298163D-02
  -0.1009126218261D-02   0.2139919909896D-02  -0.1643754119299D-02
   0.4508582369305D-03   0.7649924153181D-03  -0.2405639395396D-02
  -0.2302108264789D-03  -0.1084306706494D-02  -0.4371517673998D-03
  -0.6208990250449D-03  -0.4284736462859D-03   0.2384950887669D-03
   0.3038923132712D-04  -0.1862011920434D-03   0.3541407795478D-03
   0.7754984304240D-03  -0.7877218588119D-03  -0.2742529146848D-03
   0.6902371653426D-03  -0.3752729613182D-04   0.3164861813631D-03
  -0.3931022963072D-04  -0.4382756963457D-04  -0.7652722729491D-04
   0.5019074170395D-04  -0.2910598670249D-03   0.4963027912499D-06
   0.4264970732720D-03   0.5735334548521D-05  -0.6945125118431D-04
   0.2820438378078D-01   0.8179135902586D-01  -0.8790751448200D-01
   0.7682415197655D-02   0.3316499619439D-03   0.3167691179902D-02
   0.8854637210767D-03  -0.3032881887057D-02  -0.1387942310308D-02
  -0.7560958735267D-03   0.1017572177575D-02   0.1682800826851D-03
   0.1398693903160D-02  -0.1998715438983D-02  -0.4088534425515D-02
  -0.5338183129984D-02   0.1573781805165D-02  -0.4360122574596D-02
   0.1143610106506D-02  -0.2458584327325D-02   0.2370231239270D-02
   0.2430837401892D-02  -0.6728660435864D-04   0.7969067314814D-03
   0.6360604481959D-02  -0.1849011116992D-02  -0.1294833999390D-01
   0.3411459361494D-03  -0.2578787756987D-02  -0.4413299370515D-02
   0.3603946003797D-03  -0.3151111536188D-03   0.1169137518369D-02
   0.1028345045163D-02  -0.6567313011890D-03  -0.1293903470793D-02
  -0.4502569712780D-02   0.2244890653327D-02   0.1535805898888D-02
  -0.4794406114107D-02  -0.5241383599413D-02   0.1323513709911D-02
  -0.6808375313757D-02   0.5880882776005D-01  -0.7319904902571D-01
   0.1702369082653D-01  -0.6928463852559D-02   0.1042706545550D-01
  -0.3218947810185D-04   0.2839617952964D-02   0.9501095174426D-03
   0.2481771429974D-02  -0.1803069202016D-02   0.2496184959299D-02
  -0.7592126915338D-03  -0.1948627112278D-03   0.2416522817662D-03
  -0.3637823124364D-03  -0.2588548212490D-03  -0.2817462037159D-03
  -0.1539684166115D-03  -0.8438009599078D-03   0.5156879963254D-03
  -0.4379807183188D-04   0.8711081023343D-03  -0.1283868062300D-02
   0.4895174107046D-01   0.1063092641214D+00   0.2812084510004D-01
   0.2033155338462D-02   0.2418384732337D-02   0.4933929959220D-02
  -0.3579404726903D-02  -0.7848709877388D-02   0.6292268050296D-02
   0.2977487672396D-02   0.3093813363463D-02  -0.2151595383105D-02
   0.1075578474405D-01   0.9534367351932D-02   0.7423958554838D-03
   0.1662318627728D-02   0.1282871790403D-03  -0.7898618556227D-04
   0.1001603922649D-01  -0.4303419534018D-03  -0.7147777967472D-02
  -0.8360916802393D-03   0.1516037343023D-02  -0.1807057293317D-02
   0.1474136747480D-03   0.4079752228721D-03  -0.2051697254659D-03
   0.1931040645509D-03  -0.3238022996312D-03   0.4310476513414D-02
   0.6203431005267D-03  -0.3785082114345D-03  -0.2234218470855D-02
  -0.5397652057342D-04   0.7353645676591D-03  -0.2946799437701D-03
   0.1810731982881D-02   0.3378780871052D-02   0.2392462498133D-03
  -0.3783070568783D-03   0.6781778088159D-03  -0.3000474625994D-04
   0.6550134058903D-03  -0.2413594114388D-03   0.1602717681195D-03
  -0.3975638159615D-04  -0.4380111086449D-03   0.3272763908509D-03
   0.1087421650663D-03  -0.1999557987165D-03   0.3542506510200D-03
  -0.1088095515845D-02  -0.1023531677116D-02  -0.7246369196648D-03
   0.2292170422953D-03  -0.1280661169421D-02  -0.1114955004010D-02
  -0.9225893612995D-03  -0.9200677895942D-03   0.1418244227796D-02
  -0.1523670588860D-03   0.7078638892684D-04  -0.2373822193895D-03
   0.1982066404503D-03  -0.4356755206543D-03   0.2609241624003D-03
   0.6713046512773D-03   0.8531217988735D-04  -0.1350770713835D-03
  -0.2225745799015D-02   0.2953222422708D-02  -0.2488596040558D-02
  -0.1792634941166D-02  -0.3571336966535D-02  -0.6239078696236D-02
  -0.5578833452981D-01   0.4813489876423D-01   0.3645799034794D-01
   0.6543743914655D-02  -0.7010122912519D-02   0.1003511116932D-01
   0.1941090144580D-02   0.1761633488997D-02  -0.1420760699968D-02
   0.2936346170931D-02   0.2279436385798D-02  -0.3023580919375D-02
  -0.2676963503409D-03   0.1362306985362D-02  -0.2607643066869D-02
  -0.3371272314208D-04  -0.5041923483083D-03   0.1592999659616D-02
   0.1058745204574D-02   0.6470564114734D-03  -0.1644485342674D-02
  -0.7130458859092D-03  -0.6530317605133D-03   0.1151586526029D-02
  -0.8314632956225D-03  -0.8285067821165D-03   0.3117135815006D-02
  -0.1843434877890D-02  -0.2390802019492D-02  -0.1061408625991D-02
  -0.8072949403354D-03   0.4021036408617D-03  -0.7598265547210D-04
  -0.8451575002282D-05  -0.5363306023733D-03   0.1149502230284D-02
  -0.9761780126068D-04  -0.4686368766223D-04   0.1060181405341D-02
   0.2501154919054D-03  -0.6373417437522D-03   0.1022746806043D-02
   0.1112788483868D+00   0.2049498073841D-01   0.4644212702392D-01
   0.3761597733109D-02  -0.2799838113253D-03  -0.5380804875103D-02
  -0.1916839009889D-02   0.1569702699881D-02  -0.4830049228923D-02
   0.1288643251521D-02   0.6013537222082D-03   0.2511611695472D-02
  -0.1408563687592D-02   0.9163995761273D-02   0.3867556435888D-02
   0.1616484846517D-02   0.1222837304273D-02   0.1538305478671D-02
  -0.7154696131904D-03   0.1272328728633D-04  -0.4231279574618D-03
  -0.9156264893021D-03   0.1274441963877D-02   0.3967278163179D-03
   0.4513043873799D-03  -0.2659643954607D-03   0.1050102505975D-02
   0.4409684666818D-03  -0.3381225261937D-04   0.5599482959703D-03
   0.2045921003213D-02  -0.6288191754719D-03   0.1124662117499D-02
  -0.9293061858593D-03  -0.2320866426791D-03  -0.1878218378453D-02
   0.7067276681356D-02   0.7362293031753D-02   0.4852307796916D-02
   0.1931559908569D-02   0.1926192546441D-02   0.1811415704850D-03
   0.5676264389559D-03   0.5016312711885D-03  -0.7852222098075D-03
  -0.2410776913027D-03   0.2173695342966D-02  -0.1415157256885D-02
  -0.4106951815267D-03   0.2224840646855D-03   0.3811009989911D-03
   0.4106518285831D-03  -0.1711257998469D-04  -0.1738754913586D-02
  -0.3865749969293D-03   0.7072563396256D-04  -0.1714024154485D-03
  -0.2393024777710D-03   0.1273586316456D-03  -0.5344762687175D-03
  -0.6322390977770D-03   0.1546769621831D-03  -0.2856880381773D-04
   0.1379899194278D-02  -0.3006227281446D-02  -0.1002649051687D-02
   0.1604897903989D-02   0.1591375181657D-02   0.1218926462549D-03
   0.1531873302875D-02  -0.6467447441138D-04   0.1400994917337D-03
  -0.1640468011819D-03   0.2262056193883D-02   0.3567842955226D-03
  -0.1403276564234D-02  -0.1666721243030D-02  -0.2226451394004D-02
   0.6021206255246D-03  -0.7864341496790D-03  -0.6528152907928D-04
  -0.6080882674283D-03   0.1360706675667D-03  -0.7400991902656D-03
  -0.3911017697666D-03  -0.1101922597490D-02  -0.7231058744342D-03
  -0.1236763450844D-02   0.2635798830585D-03  -0.1103963760015D-02
   0.4480454477369D-03   0.3176461485393D-03  -0.1511962488561D-02
   0.1500550063231D-03  -0.1898598022158D-04  -0.1492998001744D-02
   0.1286485675021D-02   0.6194445274748D-03   0.9113750294072D-03
  -0.7850015314043D-02   0.4493898511141D-02   0.4710378201950D-03
  -0.2806578259969D-03   0.7217072721739D-03   0.9712933486972D-03
   0.1889203028046D-03   0.4850296708993D-03   0.1691527762779D-02
   0.1000197371487D-02  -0.3728167071670D-03   0.1439260336799D-02
  -0.1255430993778D-03  -0.2267086797727D-03   0.8210058582893D-03
   0.2506325408630D-03   0.9741398733462D-03   0.1483234833701D-02
   0.3345100035839D-03  -0.4225079133901D-03   0.6626996588612D-03
   0.3130790923542D-03  -0.1948113030896D-03   0.1060017706070D-02
   0.5279117409477D-05  -0.9716714046934D-04   0.6300098407779D-03
   0.9285446172111D-04   0.4198407929568D-04  -0.2156143060584D-03
   0.7432564914344D-04   0.4147339207162D-04  -0.1360075655878D-03
  -0.6190428827454D-03  -0.3873717469977D-03  -0.1447652238100D-02
   0.3363153321125D-03   0.6529200836172D-03   0.8724959541259D-03
   0.6753484019774D-04   0.1730787217312D-03   0.1207126403793D-03
   0.1186196889953D-03   0.2440673676738D-05  -0.6271426882054D-04
   0.4169937381670D-04  -0.1400312172625D-03  -0.1057222365306D-03
   0.1290907215165D-03   0.9260505296402D-04   0.2068091312251D-03
  -0.2423081316677D-03  -0.9399439244227D-04  -0.2153341164782D-03
  -0.1041263472808D-03   0.8466325775460D-04  -0.1766417634890D-04
  -0.2724292403014D-04  -0.1061539768948D-03  -0.4166628571417D-04
  -0.1726444543197D-03  -0.2686793892311D-03  -0.9758200976408D-04
  -0.3280094795686D-03  -0.1627854812382D-03   0.2067882711786D-03
   0.1491350970646D-03  -0.6535917078060D-04   0.1991576175736D-03
  -0.1260752073942D-03  -0.1113999934061D-03   0.1652522917044D-03
  -0.2080512605714D-04  -0.5693709738901D-04  -0.3403089108181D-04
   0.7827212537855D-04  -0.2146750468339D-04   0.4146983821716D-04
  -0.1987000255434D-03  -0.8982559265404D-04  -0.1799344279044D-03
   0.8200644836932D-04  -0.2382901129275D-04   0.2711443967258D-04
  -0.3813721999541D-04  -0.1704967627327D-03  -0.5173484205716D-04
   0.2789297435849D-03  -0.2171941931490D-03   0.7101762356522D-03
  -0.4108592632124D-04   0.2104958723736D-03  -0.7309336947588D-05
   0.1332780775875D-03  -0.1512076308327D-02  -0.1381806892689D-02
  -0.1810501406282D-04   0.1154622430703D-02   0.1032767820732D-02
   0.5187821818497D-04   0.1143849429711D-03  -0.6922304080343D-04
   0.3288474085332D-04   0.6963737037475D-04   0.1639666889627D-04
  -0.1327948115177D-03   0.4684612922225D-05  -0.1221216762089D-03
  -0.8968324808997D-04   0.1523456920328D-03   0.1216870293261D-03
  -0.1048334931708D-03   0.1309637766823D-03   0.7987296437822D-05
   0.6316595494349D-04  -0.1714940423599D-03   0.5925913728473D-04
   0.1302898358513D-03  -0.4937925127710D-04   0.1006101483282D-03
  -0.7823168010780D-04  -0.2102834395067D-04  -0.1366966520751D-03
   0.9529613853269D-04   0.1114506163533D-03  -0.1843747163583D-04
   0.2203584163590D-03   0.1467261626874D-03  -0.4120315300943D-04
  -0.1983939304723D-03   0.9153474302186D-04  -0.1563529799282D-03
  -0.1098592802509D-04  -0.1953732965686D-03   0.1553775249861D-03
  -0.4951710768397D-04   0.1814075555649D-03   0.3507299809901D-04
   0.1561982778123D-03  -0.8408974853717D-04   0.6982827165383D-04
  -0.2124216866199D-03  -0.2074556098275D-03   0.1703162698078D-03
  -0.3440430924769D-03   0.2844541468082D-03   0.3306472973240D-03
   0.7407866987404D-04  -0.6692820887595D-04  -0.4576171482364D-04
   0.4946212209156D-04  -0.2480944914606D-03  -0.1442273513726D-03
   0.2893779264898D-04   0.2633602608731D-03   0.2023177007834D-03
  -0.9528993668190D-04   0.1710904428058D-03  -0.1853002666909D-03
  -0.1286679146644D-03  -0.6764200095591D-04  -0.1852443114762D-03
   0.2674779443041D-04   0.3744523969198D-04   0.1902119317831D-03
  -0.5133572960891D-04  -0.1729034623287D-03  -0.1409592840178D-03
   0.1571703179823D-03  -0.5064509795868D-04  -0.3506079244273D-04
  -0.1441132206496D-03   0.3456085363604D-03  -0.1192380967426D-04
  -0.1844958763069D-03  -0.6944427558375D-04   0.5337896037906D-04
  -0.1221516802684D-03   0.1158589120286D-03   0.1293159104617D-04
   0.1927026932883D-03  -0.2282454361875D-04   0.2258588995419D-03
  -0.3983609764420D-04  -0.2324435145088D-03  -0.1137495244468D-03
   0.2304302525531D-04   0.5169372336458D-04   0.1019644293800D-03
   0.1531233505168D-04  -0.1309147080048D-03   0.1405043299995D-04
   0.8095034404524D-03   0.4598732585795D-03   0.6957192628101D-03
  -0.5048532036168D-03  -0.5205350285048D-03  -0.8056581194606D-03
   0.1985009547326D-03  -0.2356838458444D-04   0.3331998772094D-04
  -0.9451395136943D-05   0.7169184121105D-04   0.2570621961114D-03
   0.7441491527712D-04   0.1595192149761D-03  -0.7962669412650D-04
  -0.8830351604243D-04  -0.2311775246782D-04   0.1086935135707D-04
  -0.1090423594762D-03   0.3342461549856D-04  -0.9302295674494D-04
   0.1206717017827D-03   0.1571635578089D-03  -0.2742714875369D-04
   0.1737196397565D-03   0.4475564907029D-05  -0.4102124596699D-04
  -0.3804407516795D-03  -0.1942147852364D-04  -0.3651815625950D-03
   0.2283100405438D-03  -0.1020201152801D-03   0.1612291476936D-03
   0.3651328449293D-03   0.5154743256886D-03   0.1242120840944D-02
  -0.2126118914027D-03  -0.5245079142167D-03  -0.6402138261685D-03
   0.2464783291042D-03  -0.5572820945794D-04  -0.3363001336903D-03
   0.5895475345105D-04   0.4716265774320D-04  -0.3029566649539D-04
   0.1005391736121D-03   0.5110235031082D-04   0.3110763921935D-03
   0.2199042341592D-03  -0.4328036544169D-03  -0.2342842421926D-03
  -0.1429018868277D-03   0.7923103708840D-04   0.3093457876750D-03
  -0.4223442279776D-03   0.1280752330911D-03  -0.1508919049007D-03
  -0.1986219880602D-03  -0.1054049755036D-03  -0.1776073919616D-03
   0.1174899702835D-03  -0.1606150189266D-03   0.1344423952802D-03
   0.7300523044566D-04   0.3162710003915D-03   0.4926664689542D-03
  -0.2568387552037D-03  -0.3093767499182D-03  -0.5138138865214D-03
   0.2640563032107D-03   0.1596606847691D-03   0.1564431991293D-03
   0.2845760705870D-03  -0.7657661360969D-04   0.1711921841333D-03
   0.3515736505983D-05  -0.2012306090130D-03  -0.7524358265078D-04
   0.4821548408577D-04   0.3070253955092D-04   0.2187524112514D-03
   0.1933852572787D-03  -0.2007465789389D-03  -0.1259796171989D-03
   0.1833172410954D-03   0.3438256209067D-04   0.1980535456151D-03
  -0.6558166128781D-04   0.1038539278180D-03  -0.1602545528926D-03
   0.7879125054540D-04   0.2199940476286D-03  -0.1418717241313D-03
   0.1139305865411D-03  -0.9346527212414D-04  -0.1407338467110D-03
  -0.3202109699733D-03  -0.1760000118400D-03   0.1483533479457D-03
  -0.3110963492151D-04   0.4157784588168D-03  -0.2892792600468D-03
   0.4949519107906D-04  -0.1558265478543D-03  -0.2019689149809D-03
  -0.7312948420524D-04   0.8552636424361D-04  -0.3411366522273D-04
   0.1837720999216D-03  -0.2544517231084D-03  -0.1899349046098D-03
  -0.1049927503973D-03   0.2902408386286D-03   0.2306135016056D-03
  -0.9567916496430D-04   0.9100700418648D-04  -0.1329342761277D-04
  -0.6944517471833D-03   0.2255658387510D-02   0.2348937308925D-03
  -0.1402740707817D-03   0.4740194648191D-03   0.5020312218175D-03
  -0.2626607177701D-03  -0.5047564544423D-02  -0.1774533924437D-02
  -0.9663007907863D-03   0.3943728151244D-02   0.1525173844132D-02
   0.1742686236831D-03   0.2762276619250D-03   0.2146264974006D-03
   0.2112368855969D-03   0.2358992569663D-03  -0.7388204141961D-03
   0.7886015849941D-04   0.2630100784397D-03  -0.8296674815025D-03
  -0.4401135818702D-03   0.2678709143090D-03  -0.4722700701894D-03
  -0.8451990106171D-03  -0.1122810277366D-03   0.3202285979970D-03
   0.6227429902393D-04  -0.4955471028890D-04  -0.2812063612478D-03
  -0.2629172629836D-03   0.6916985079866D-04   0.3835093246814D-03
  -0.8892472991276D-04  -0.3633564785021D-03   0.4318808621461D-04
   0.2234103417528D-03   0.3873198925823D-04   0.6014017608891D-03
   0.3045391835008D-03   0.5664428953923D-03   0.4110972976809D-03
   0.2391795901382D-03   0.1100134852603D-03   0.3504335612288D-03
  -0.2653968404182D-05  -0.2202243518259D-03   0.3671813465410D-03
   0.4255806225513D-04   0.2258202415897D-04   0.9191360298066D-04
   0.2758530682833D-03   0.1066117652083D-03   0.1964015280804D-03
  -0.1965999391907D-04  -0.3868992704456D-03   0.3463502053205D-03
   0.1903807782430D-04   0.2454726595411D-04  -0.2773533316407D-05
  -0.1265124260607D-04  -0.7950405426738D-04   0.1073613211629D-03
  -0.3213475877857D-03  -0.2043533925416D-03  -0.1534224603109D-03
   0.8286952412931D-04   0.4271088807447D-04   0.1413624851430D-03
   0.8997054867131D-05  -0.8964969384605D-04   0.4472482976925D-04
   0.7448882495182D-04  -0.9724876866608D-04   0.6050718877450D-04
  -0.1413828331120D-03  -0.3710664695632D-04   0.1067430861383D-04
  -0.1118883776936D-05  -0.6641570250240D-05  -0.1430624737859D-04
   0.2623750857907D-04  -0.1815971765866D-04   0.3681216301501D-04
   0.6965191577258D-04   0.8951384397753D-04  -0.1416143705157D-04
  -0.9440463185799D-04  -0.1145700889299D-03   0.3871370452801D-04
   0.1135576022914D-03  -0.1758293027854D-03  -0.3156012616233D-04
  -0.4232802889240D-04   0.8210338417402D-04   0.7392668680874D-04
  -0.8915994133029D-04  -0.1776038097898D-03  -0.9836548155807D-04
   0.1590313427965D-03   0.1919234722787D-03  -0.6098571165581D-04
  -0.1280699010934D-03   0.6801540298824D-04   0.1393936392339D-03
  -0.3849242038983D-04  -0.6541792496140D-03  -0.6024262427552D-03
   0.1427075917066D-03   0.5104863795693D-03   0.5693447933961D-03
   0.8909700689069D-05   0.2450520712314D-04  -0.7967493849993D-04
   0.3816752081508D-04  -0.5282532386663D-04  -0.6878609022767D-06
  -0.1233788962519D-03   0.1472234173115D-03   0.2493284742112D-03
   0.3796506499032D-04   0.5555461126929D-05  -0.4971007767197D-04
   0.5557930802992D-04   0.1425779307275D-04   0.3466762395436D-04
  -0.4718000348499D-04   0.1071464102900D-05  -0.1393421836406D-03
  -0.1967868851567D-02   0.8876796180704D-03  -0.2082079371531D-02
  -0.3990144241047D-03  -0.9168850277128D-03   0.2646733104351D-03
   0.3827938746595D-02  -0.3548000852358D-02   0.9302393381808D-03
   0.6583389452677D-03   0.6154495614826D-02   0.2390875378878D-02
  -0.9923035025260D-03   0.1329271965233D-02   0.3826252958530D-03
   0.1611093728556D-02   0.2182989538285D-02  -0.1755975536968D-02
  -0.8124002462233D-03  -0.2120139867495D-03  -0.1259523875916D-03
   0.8737296862015D-03  -0.1364193979536D-02  -0.3964154614308D-03
   0.1156707318111D-03  -0.4223238280979D-03  -0.3583765646698D-03
  -0.4440812330440D-04  -0.1122813869472D-03  -0.9025885816220D-04
   0.8617193666268D-03  -0.1371711510586D-02  -0.2656251992633D-02
   0.6146077352418D-04  -0.2246494576880D-02  -0.6962688421661D-03
   0.6271221848668D-02   0.6139936819174D-02   0.5203253916232D-02
  -0.8658905699794D-03  -0.2154157972103D-02  -0.4971872566728D-02
  -0.6510568351626D-04   0.5124651724407D-03  -0.4022391966287D-03
   0.1173868984243D-02   0.2437000205045D-03  -0.3820090906924D-03
   0.4496453240762D-03  -0.8530941131953D-03  -0.2239314828041D-03
   0.1318544125017D-02   0.7363810782467D-04  -0.5457771120929D-03
   0.1127300657816D-02  -0.1186400496663D-02   0.1255932507032D-02
  -0.1027847581961D-02   0.4821903001805D-03   0.5866304395599D-03
  -0.9887052179245D-03   0.1776718367645D-03  -0.4076466236618D-03
  -0.4159786724957D-03  -0.6232063888802D-04   0.2984487269495D-03
  -0.4817947372337D-03  -0.4659032043351D-03  -0.3473297182064D-03
   0.5246646109792D-03  -0.4387694188951D-04  -0.1219334398599D-02
   0.5543725690707D-03   0.1536336038916D-02  -0.3650507758469D-03
  -0.7785438303331D-03   0.6911571799433D-03   0.1410155016893D-02
  -0.5502944765366D-03  -0.4712697950278D-03   0.1287486304854D-04
  -0.4701665434865D-03   0.2472723283539D-03   0.3260052842143D-03
  -0.7812941141174D-03   0.9188693384781D-05   0.4624932274179D-03
  -0.5780495914694D-02  -0.6096590503354D-02   0.3168211854187D-02
  -0.2705580560393D-02  -0.1710393940116D-02  -0.2241891868312D-02
   0.7951451798944D-02   0.4714365973890D-02   0.1165679704838D-01
  -0.3583060807567D-02  -0.5992740764690D-02  -0.7479737720121D-02
   0.7326637055762D-03  -0.1284928786417D-03   0.6275605036028D-04
  -0.5685206701781D-03  -0.8401146998018D-03  -0.8615728889502D-03
  -0.6725547572165D-03  -0.1554158452038D-02   0.8553581452029D-03
   0.6086081883440D-03  -0.1435040864649D-02   0.1853216817667D-02
   0.7503195067442D-03   0.2418725923331D-02  -0.7606213441729D-03
   0.1728739793927D-02   0.2125071970732D-02   0.1904563790834D-03
   0.2179578156905D-03  -0.5293122466785D-03   0.1211503019112D-03
   0.2020112995778D-03   0.1412295132839D-02   0.1089228698888D-02
   0.1495334099956D-03   0.9109644944754D-03  -0.1065212566429D-02
  -0.1238323548011D-02  -0.9112624000180D-03   0.2767607392432D-03
   0.1148916682649D-02  -0.2392797403218D-03  -0.4821345457028D-03
  -0.1045626155148D-03   0.1312947799279D-02  -0.4342989143198D-03
  -0.5001009169970D-03  -0.4076362192276D-03  -0.8560949118204D-03
   0.3053922253318D-03   0.4349750284590D-03   0.7994055225642D-03
  -0.9943631161241D-03   0.1270285481814D-02  -0.9813230710204D-04
  -0.5975728439004D-02   0.2592931145807D-02  -0.5472077533130D-02
   0.7650511126883D-02  -0.1683548781620D-03   0.1801897418202D-02
  -0.5402154344939D-01   0.5112821216912D-01   0.6131728918646D-01
  -0.6945155179284D-02  -0.1954084638885D-01  -0.1530744380300D-01
  -0.5017832786255D-04   0.9790591339152D-03  -0.2299643971324D-02
  -0.1089926261373D-02   0.9890480721553D-04   0.1448454178067D-02
  -0.6603896947566D-03   0.5840345794748D-03   0.2972982077081D-03
  -0.8849841786880D-03   0.1204191228035D-02   0.6626558009016D-03
   0.3007193634650D-02   0.3255386772175D-03   0.3729754295580D-03
   0.4828699516043D-03  -0.8690992924757D-04   0.9709988933801D-03
   0.1355793833070D-02   0.3240433109027D-03   0.3583089477451D-03
   0.5051116855111D-03   0.7029595013821D-03  -0.1218261956079D-02
   0.6498819243812D-03  -0.3533603095655D-03  -0.2324466574825D-03
  -0.3014348374966D-03  -0.5789321811800D-03   0.1425729819055D-03
   0.2769735698981D-03   0.2826609598106D-03  -0.2396623027848D-03
   0.7948290116098D-03  -0.2900075687408D-03  -0.5617727711389D-03
   0.2962790581069D-04  -0.5371646266024D-03  -0.4795370428019D-03
   0.3004651144830D-03  -0.1556803751889D-03  -0.3445197362894D-03
   0.7377932307868D-03  -0.5539894652427D-03  -0.3860279285391D-03
  -0.1084424951686D+00  -0.2383020200211D-02  -0.6295238371481D-01
   0.4688504740764D-02  -0.3586146102031D-02  -0.2754349428493D-02
  -0.7891311016122D-02  -0.1303133082608D-01   0.8648261462294D-01
  -0.9979381766119D-03  -0.1748941273566D-01  -0.1188282243263D-01
  -0.6006486473388D-02   0.2402654355577D-02   0.1851352395167D-02
  -0.1095568718727D-02   0.3279061850863D-02   0.9260321734469D-05
   0.5893316246932D-03   0.7681758631373D-03   0.3067208156251D-03
   0.3479640360284D-03   0.5350924671798D-03  -0.7068876572334D-03
   0.8709047921629D-03   0.8376872353762D-04   0.5500277881273D-03
   0.1892720512324D-02   0.6511208827430D-03  -0.1062453764391D-02
  -0.6684707170544D-03  -0.3483074730232D-02   0.8646678273057D-03
   0.7310516263653D-03   0.1937713797691D-02  -0.6181773536176D-03
  -0.1076700171895D-01   0.8424459512371D-02   0.2749985357645D-02
  -0.4671632324104D-02   0.2154249996783D-02   0.4498193598897D-02
   0.1488707015156D-02  -0.2919140506822D-03  -0.3461948948022D-04
  -0.1261901448882D-02  -0.6052528839601D-03   0.5557833440398D-03
  -0.7291212554701D-03   0.5983387986482D-03   0.3307214528012D-03
  -0.2945536354324D-03   0.1743033965641D-03  -0.1797908175193D-04
  -0.8992547040940D-03  -0.6200836942456D-03  -0.3949914385254D-03
  -0.9265397141162D-03  -0.1081007550230D-02  -0.2014685037784D-03
  -0.1286983484386D-02  -0.1752326783084D-02   0.1072047977491D-02
  -0.1105499113254D+00  -0.6285526098955D-02   0.3112303134014D-01
  -0.5141730775556D-02  -0.4627327982939D-02  -0.2440354498293D-02
  -0.9578582438328D-03  -0.2768436201230D-02  -0.4896830117627D-02
   0.2912606917708D-02   0.1972043993070D-02   0.5583835621184D-02
  -0.5390393504454D-03  -0.3151753395814D-02   0.6313231746834D-02
  -0.5318917195884D-03  -0.3235140829373D-02  -0.1676815905100D-03
  -0.9557598096304D-02  -0.4276266153606D-02   0.9473756777560D-02
  -0.3200390291253D-02   0.2053545234609D-03   0.1080977682911D-02
   0.1580903443635D-02  -0.5552237674937D-03   0.8047674637490D-03
  -0.1980078836438D-02   0.1463605399311D-02   0.7660440112185D-04
   0.1368434889942D-02  -0.4308774950202D-03   0.1904764873326D-02
  -0.2569814515491D-02   0.1432180207810D-04   0.1411309000962D-02
  -0.4918950387987D-03   0.5358828310676D-02  -0.2682823813546D-03
   0.7199193552825D-02  -0.7323671755659D-02   0.9167666286036D-01
   0.1023647172243D-02  -0.1859167336695D-01  -0.1719205957511D-01
  -0.1328425400389D-02  -0.9404879417724D-03  -0.1307917906414D-02
   0.4462673491645D-03  -0.5538278121197D-04  -0.5012595859264D-03
   0.1087062120730D-03   0.3014450902353D-03  -0.7035504680033D-03
   0.2888945132569D-03   0.2103268684963D-04  -0.4126298806888D-03
  -0.2397104845448D-03   0.1927711108139D-02  -0.2310809343815D-03
  -0.3831323587415D-04   0.2588509551437D-04   0.1154376622498D-04
   0.2823767108355D-03   0.2003520127082D-03   0.3699124274304D-03
  -0.4750546351470D-04   0.9919866649810D-03   0.2948737582335D-03
  -0.1384155090264D-03  -0.2482564954844D-03  -0.2665130904860D-04
  -0.2355848976531D-03  -0.1446644268827D-03   0.1231666191288D-03
   0.1644935687411D-03  -0.1263355235608D-03   0.2198167700638D-03
   0.1792324447802D-03  -0.7821187288495D-04   0.1977394967554D-03
  -0.1762513296999D-03  -0.2477042417722D-03   0.3669843722179D-03
  -0.2376206994567D-03   0.8631443004408D-04   0.2611238272641D-03
  -0.7637893164637D-04   0.1110138423039D-03   0.1150866780809D-03
  -0.2232998357693D-01   0.5946443933674D-01  -0.1028156649809D+00
   0.4755811149247D-02  -0.9010328636687D-03  -0.1883320852858D-02
  -0.5051040636356D-01  -0.1316984076214D-01   0.7568671227426D-01
   0.5905303571738D-02  -0.1600985121046D-01  -0.1242273035787D-01
  -0.9204367391503D-02   0.3060404339576D-02  -0.1263371329541D-02
   0.5268022829421D-03   0.9355325765139D-03  -0.1780192620595D-02
  -0.9127200114013D-03   0.2622015843562D-03  -0.5192088961354D-04
  -0.3526717011934D-03   0.3087434119751D-04  -0.1057499436923D-03
  -0.1520725974464D-03  -0.5433613675101D-03  -0.3063456328171D-03
  -0.4517681396890D-03   0.3839945856260D-03   0.3207767473035D-03
   0.1141274467667D-02  -0.1504379634465D-03  -0.2239370861867D-03
  -0.1462645086357D-02  -0.4634563516973D-04   0.3524157213979D-03
  -0.8784291599613D-02   0.1008472258797D-01  -0.4715369329978D-02
  -0.2364421876603D-02   0.2120681386036D-02  -0.1398797158789D-02
   0.1323825750117D-03   0.2515793640776D-03   0.1854468973332D-03
  -0.9166591172380D-03   0.5251059697656D-03  -0.4637186173577D-03
   0.2667269430408D-03  -0.1808194891372D-03  -0.9593316402822D-04
   0.2244109367343D-03  -0.4909359921365D-04  -0.5468378521342D-04
   0.1128682526772D-03  -0.2178021528626D-03  -0.2565922319599D-04
   0.1106737885682D-03  -0.2732702740009D-03   0.2195234646994D-03
   0.3222657685965D-03  -0.2282431369899D-04   0.1080056337665D-03
  -0.9703387932300D-01   0.4589655585183D-01  -0.8623966051909D-01
   0.3275118850907D-02  -0.5499405684057D-01   0.5241462359845D-01
  -0.3494830125723D-01   0.6374462617211D-01  -0.1174832589933D+00
  -0.3908936032049D-01  -0.3032840335763D-01   0.5634855093197D-01
  -0.1113807533610D+00   0.7796732945541D-01   0.2729909277170D-01
  -0.5139470113671D-01   0.7854194695219D-02  -0.5321304627014D-01
  -0.1338507641120D+00   0.3974504630218D-02  -0.3187653394739D-01
   0.4307806367353D-01  -0.6164595861736D-01   0.1386645044223D-01
   0.1138547711536D+00   0.5454104966265D-02  -0.7805769895774D-01
  -0.5700453938029D-02  -0.7705531922271D-02   0.7510201502151D-01
   0.1078321664114D+00  -0.7617447239312D-01   0.4297841543840D-01
   0.1273171405461D-01  -0.2312154479631D-02   0.7338552223430D-01
   0.9033384029377D-01  -0.1047371022816D+00   0.1096153896121D-01
  -0.1541375504423D-01   0.4546256516086D-01   0.5973670668622D-01
  -0.4583845182011D-01  -0.7617650507833D-01   0.1069266491330D+00
   0.8447649796239D-03  -0.4780293046507D-01   0.5848392610986D-01
  -0.7389729623181D-01  -0.1151204383227D+00  -0.2890859143225D-01
   0.5201804221553D-01  -0.4144826391463D-01  -0.3847095952104D-01
  -0.1210491385209D+00  -0.4714057202853D-01  -0.4715127153316D-01
   0.5034426073286D-01  -0.3633174112766D-01  -0.4498233492576D-01
   0.1279418908105D+00   0.6501184555116D-02   0.5432969670886D-01
   0.5008795021865D-02   0.1491326617428D-01  -0.7400240320824D-01
   0.1281367228736D+00   0.2361045390096D-01  -0.4791083622234D-01
  -0.5002548473399D-02   0.1498021768272D-01  -0.7508832663753D-01
   0.4433562436714D-01  -0.5958307006614D-01   0.1162229736728D+00
   0.4031268384446D-01   0.1642268249732D-01  -0.6292249147857D-01
$end                                                                            
