           2           1  0.990031682528827     
           3           2  0.992787542206452     
           4           3   1.86653706752266     
           5           2  0.976995241836354     
           6           5  0.993416768297044     
           7           6   1.00583791710733     
           8           6   1.00470591358312     
           9           1  0.955243194124747     
          10           2  0.932612414631194     
          11           5  0.943863640502636     
          12           5  0.973314892413585     
          13           6  0.975407519833843     
          14           7  0.982246403833443     
          15           7  0.980266196737968     
          16           7  0.984866355795611     
          17           8  0.984512086309272     
          18           8  0.986790190280890     
          19           8  0.984922143339268     
          21          20   1.00853715428307     
          22          21  0.987828371764224     
          23          22   1.84862230007878     
          24          21  0.946850182502224     
          25          24  0.999085565274394     
          26          25  0.995916399074791     
          27          26   1.00667140066729     
          28          27  0.931701602961564     
          29          20  0.934730148327035     
          30          21  0.961774861265752     
          31          24  0.971217392153363     
          32          24  0.974893108491606     
          33          25  0.978615768157516     
          34          25  0.971041237665449     
          35          26  0.973642429733911     
          36          26  0.972880164283184     
          37          27  0.967019170353270     
          38          27  0.940608602459694     
          39          28  0.893622804560195     
          40          28  0.898626331256999     
          41          28  0.896502854293197     
          43          42   1.01201106525673     
          44          43  0.939339765236640     
          45          44   1.59411007083262     
          46          43  0.962247984653894     
          47          46  0.992076356146523     
          48          47  0.999417816398538     
          49          47   1.01032617458119     
          50          42  0.948865700153557     
          51          43  0.970423870810156     
          52          46  0.974408768466254     
          53          46  0.971423705783160     
          54          47  0.973196093524414     
          55          48  0.980054562146992     
          56          48  0.980107719445888     
          57          48  0.984443787977573     
          58          49  0.982690147844880     
          59          49  0.983781894661835     
          60          49  0.982333937242541     
          61          44   1.32026779099775     
          62          61  0.966910221010404     
          63          62  0.985690949830778     
          64          63   1.88038819696619     
          65          62  0.936991757932901     
          66          65  0.986529884334923     
          67          65   1.00319990662112     
          68          61  0.902676302610648     
          69          62  0.956506207632023     
          70          65  0.974224743156582     
          71          66  0.863588088220183     
          72          67  0.977684445688088     
          73          67  0.978887031407072     
          74          67  0.982082853060662     
          76          75   1.01656670021135     
          77          76  0.944116972863372     
          78          77   1.61985473037264     
          79          76  0.980775832429910     
          80          75  0.954989047421764     
          81          76  0.963045533507289     
          82          79  0.982562125976307     
          83          79  0.982546663307013     
          84          79  0.984360558756112     
          85          77   1.30064630530909     
          86          85  0.989656838674425     
          87          86  0.950074130485188     
          88          87   1.61065774050593     
          89          85  0.916901688816236     
          90          86  0.952104435308019     
          91          86  0.961315134647958     
          92          87   1.32688018102493     
          93          92  0.962680223281963     
          94          93  0.937727802255578     
          95          94   1.63644020359777     
          96          93  0.965160120263306     
          97          96   1.00130984281691     
          98          96   1.00182913470919     
          99          92  0.908326009455281     
         100          93  0.967832344129838     
         101          96  0.968559630934685     
         102          97  0.978884158578062     
         103          97  0.979516447751987     
         104          97  0.983157592215411     
         105          98  0.979132343561941     
         106          98  0.985924777614293     
         107          98  0.983315438289492     
         108          94   1.28992231616571     
         109         108  0.965732220466165     
         110         109  0.937000833054730     
         111         110   1.63870171943502     
         112         109  0.962970914442324     
         113         112  0.982783402075377     
         114         112  0.988500048009181     
         115         108  0.933415490318543     
         116         109  0.961839387858602     
         117         112  0.974046632624326     
         118         113  0.866642305470572     
         119         114  0.980755389894791     
         120         114  0.981465144853889     
         121         114  0.984412761618179     
         122         110   1.31022875503095     
         123         122  0.975907648123942     
         124         123  0.957738212998371     
         125         124   1.64391472806576     
         126         122  0.931371775564799     
         127         123  0.962394613348627     
         128         123  0.951367623705992     
         129         124   1.29146032577505     
         130         129  0.978706724852163     
         131         130  0.920200029060379     
         132         131   1.66623486958518     
         133         130  0.965505038260588     
         134         133  0.965218759127106     
         135         133   1.00306439285921     
         136         129  0.930401493509693     
         137         130  0.961770526373696     
         138         133  0.974785673457463     
         139         134  0.871232183405951     
         140         135  0.977860451284172     
         141         135  0.975174538587292     
         142         135  0.981157442297182     
         143         131   1.29112053993726     
         144         143  0.977101083561904     
         145         144  0.942655502285807     
         146         145   1.61773531323464     
         147         144  0.977385114941971     
         148         143  0.929794505797027     
         149         144  0.949499793786636     
         150         147  0.974001490837146     
         151         147  0.976295207287932     
         152         147  0.980389585490631     
         153         145   1.32021622397975     
         154         153  0.980734600248804     
         155         154  0.985515677568350     
         156         155   1.89970109597407     
         157         154  0.946399501414194     
         158         157  0.994689243521719     
         159         153  0.916006500114936     
         160         154  0.949246727262626     
         161         157  0.971558283593281     
         162         157  0.970561138175225     
         163         158  0.866653904882372     
         165         164   1.00210247567612     
         166         165  0.933399265653586     
         167         166   1.62667507854100     
         168         165  0.966218654039124     
         169         168   1.00333131867275     
         170         168   1.00684661901588     
         171         164  0.948932669072021     
         172         165  0.974278220522754     
         173         168  0.974607584564246     
         174         169  0.981994153944649     
         175         169  0.982162781441903     
         176         169  0.983899701725242     
         177         170  0.982684715457135     
         178         170  0.985643458674638     
         179         170  0.981853279586727     
         180         166   1.30624225567579     
         181         180  0.970688556815232     
         182         181  0.947597028912614     
         183         182   1.61764942583091     
         184         181  0.966968683157225     
         185         184  0.997120287873914     
         186         185   1.00225362455819     
         187         186   1.00490002769316     
         188         187  0.934610644715715     
         189         180  0.914447965976884     
         190         181  0.965352881843634     
         191         184  0.973033227021709     
         192         184  0.974472911116403     
         193         185  0.977798127277929     
         194         185  0.978597060720129     
         195         186  0.972928020169547     
         196         186  0.971603956481737     
         197         187  0.966209562986052     
         198         187  0.968279765596532     
         199         188  0.897079082492488     
         200         188  0.895463842480332     
         201         188  0.897203925958268     
         202         182   1.30117784131669     
         203         202  0.960446090267278     
         204         203  0.947750433695176     
         205         204   1.62504276737621     
         206         203  0.962060704436378     
         207         206   1.00128090360187     
         208         206   1.00421784135606     
         209         202  0.935610573316102     
         210         203  0.958855967124821     
         211         206  0.973993897602748     
         212         207  0.977592569489324     
         213         207  0.982393429059083     
         214         207  0.983109088215048     
         215         208  0.980159108409630     
         216         208  0.983212491372132     
         217         208  0.982762945655909     
         218         204   1.30300929532722     
         219         218  0.971927404220484     
         220         219  0.975451704915855     
         221         220   1.91953851715904     
         222         218  0.926292187565669     
         223         219  0.964722999493615     
         224         219  0.957380992193334     
         226         225   1.01577679965582     
         227         226  0.988436096014974     
         228         227   1.88620632420007     
         229         226  0.923767764621772     
         230         229   1.00791990037732     
         231         230   1.39486901535564     
         232         230   1.40620422669549     
         233         231   1.47080689733500     
         234         232   1.45278186141025     
         235         233   1.35914319805979     
         235         234   1.38305174874951     
         236         235   1.05221731357006     
         237         225  0.945158378375212     
         238         226  0.970255854050544     
         239         229  0.969702643699639     
         240         229  0.972695827121653     
         241         231  0.958290513609364     
         242         232  0.976608658940360     
         243         233  0.969203384553640     
         244         234  0.973162901961767     
         245         236  0.875422165269536     
         246           1  0.953617652965777     
         247           3  0.956055235976693     
         248          20  0.956498059137773     
         249          22  0.955628811903883     
         250          42  0.957834645617805     
         251          63  0.949816393000885     
         252          75  0.955686337969910     
         253         155  0.950395088503682     
         254         164  0.955075553707361     
         255         220  0.955971938836229     
         256         225  0.950972202671165     
         257         227  0.955828691758688     
