           2           1   1.03233083654925     
           3           2  0.939886183514746     
           4           3   1.62263249069716     
           5           2  0.959161917014330     
           6           5   1.01246942930342     
           7           6  0.986418949793065     
           8           7   1.00959367220761     
           9           1  0.929633392486754     
          10           2  0.952556912161868     
          11           5  0.972656727264169     
          12           5  0.970217505068296     
          13           6  0.972956449073938     
          14           6  0.973664338837135     
          15           8  0.978370214268822     
          16           8  0.983328931634681     
          17           8  0.983604570027083     
          18           3   1.29580942658223     
          19          18  0.995420049024329     
          20          19  0.941527610213060     
          21          20   1.62092734502161     
          22          19  0.933775901103797     
          23          22   1.00567222008238     
          24          22  0.996274557394623     
          25          18  0.918722589285773     
          26          19  0.955252048163445     
          27          22  0.965982410489143     
          28          23  0.829069945790356     
          29          24  0.982847091011462     
          30          24  0.984873833118023     
          31          24  0.984373554883888     
          32          20   1.30294885790792     
          33          32  0.985461422436355     
          34          33  0.942455484355116     
          35          34   1.64001217633829     
          36          33  0.956224590511099     
          37          36   1.00593695293548     
          38          37   1.41300057494379     
          39          37   1.39935857041272     
          40          38   1.44650322679430     
          41          39   1.46264737202125     
          42          40   1.37134117156653     
          42          41   1.35821920112366     
          43          42   1.08083886773509     
          44          32  0.919250618591135     
          45          33  0.948410034417358     
          46          36  0.971685163603460     
          47          36  0.955153561890937     
          48          38  0.952168144566246     
          49          39  0.966818721859646     
          50          40  0.957178455808279     
          51          41  0.961500166298493     
          52          43  0.863068981924704     
          53          34   1.29189823532116     
          54          53  0.990049177830474     
          55          54  0.939665941664042     
          56          55   1.63625962652418     
          57          54  0.950844404696907     
          58          57   1.01337658459554     
          59          53  0.915017806259004     
          60          54  0.947194234296884     
          61          57  0.969200925366046     
          62          57  0.965148288871160     
          63          58  0.869769180517354     
          64          55   1.30696422510903     
          65          64  0.970292644194678     
          66          65  0.971744181454331     
          67          66   1.90495795223562     
          68          65  0.940726511281060     
          69          68  0.993068387135615     
          70          68   1.00783251834380     
          71          69   1.01851153713603     
          72          64  0.926618893092436     
          73          65  0.956897310780947     
          74          68  0.963928156705539     
          75          69  0.975235495330547     
          76          69  0.975299456704926     
          77          70  0.981074776004052     
          78          70  0.981034606720263     
          79          70  0.984315689726697     
          80          71  0.985059689888049     
          81          71  0.980874829630876     
          82          71  0.985547884173182     
          84          83   1.02757813353828     
          85          84  0.949031524345229     
          86          85   1.63836364092058     
          87          84  0.968881732721167     
          88          87  0.998592523845023     
          89          88   1.00971936177989     
          90          88   1.00617720117375     
          91          83  0.942824697543166     
          92          84  0.945004228899349     
          93          87  0.972580346486657     
          94          87  0.973812583197035     
          95          88  0.957513376233673     
          96          89  0.984683892402733     
          97          89  0.983708148584930     
          98          89  0.983844593937478     
          99          90  0.984851828355196     
         100          90  0.987785668860944     
         101          90  0.985512973894246     
         102          85   1.27306057017080     
         103         102  0.982483175812524     
         104         103  0.930339872767534     
         105         104   1.66473682892151     
         106         103  0.992998550412488     
         107         102  0.928350429486454     
         108         103  0.951949687288642     
         109         106  0.980394694155543     
         110         106  0.977583512512034     
         111         106  0.982726399902912     
         112         104   1.26613866010390     
         113         112  0.979743159320532     
         114         113  0.933865748951772     
         115         114   1.61740273156912     
         116         113  0.977610293637535     
         117         116   1.00744547766268     
         118         112  0.916409414592530     
         119         113  0.952613697929830     
         120         116  0.965549838639857     
         121         116  0.964281646405457     
         122         117  0.853444936239712     
         123         114   1.30828318522866     
         124         123  0.981594144082804     
         125         124  0.930418831395121     
         126         125   1.63341898875216     
         127         124  0.980041269978818     
         128         127   1.01018657849667     
         129         123  0.912751805857604     
         130         124  0.948794242543608     
         131         127  0.961736835209059     
         132         127  0.969652152906887     
         133         128  0.855372140053278     
         134         125   1.29515186452260     
         135         134  0.989870337322271     
         136         135  0.936374217738726     
         137         136   1.62121925860880     
         138         135  0.970922654106053     
         139         138  0.906731357969064     
         140         139   1.45816424027202     
         141         139   1.54569921682551     
         142         134  0.849837363911302     
         143         135  0.948717952670854     
         144         138  0.971816609789332     
         145         138  0.979653070787337     
         146         136   1.30691329493241     
         147         146  0.983223470492647     
         148         147  0.932572615305158     
         149         148   1.64397316702984     
         150         147  0.974083166812963     
         151         150   1.00872142578872     
         152         146  0.885920150839688     
         153         147  0.951635245278916     
         154         150  0.961783448909959     
         155         150  0.964222951880435     
         156         151  0.862737205585893     
         157         148   1.29642247778258     
         158         157  0.985137151293783     
         159         158  0.937646882388724     
         160         159   1.65481220309932     
         161         158  0.948632558765049     
         162         161   1.01326479126582     
         163         162   1.41171544729360     
         164         162   1.41215611089343     
         165         163   1.44580776170268     
         166         164   1.44403008872067     
         167         165   1.43715200227037     
         167         166   1.43897717141376     
         168         157  0.913735155066686     
         169         158  0.952767315155903     
         170         161  0.971396083943770     
         171         161  0.966257015765416     
         172         163  0.969065085550682     
         173         164  0.965588623338740     
         174         165  0.969565596464081     
         175         166  0.969168161570567     
         176         167  0.969960807238029     
         177         159   1.28591431990064     
         178         177  0.984250465449458     
         179         178  0.937435073825468     
         180         179   1.60684527607638     
         181         178  0.967422515667607     
         182         181  0.990484015799638     
         183         182   1.00975519778231     
         184         182   1.00792098991145     
         185         177  0.913368157206113     
         186         178  0.949264444699799     
         187         181  0.975742444185546     
         188         181  0.968270843974762     
         189         182  0.966807516822088     
         190         183  0.985352722293913     
         191         183  0.984901634398777     
         192         183  0.984804139808109     
         193         184  0.986405837610618     
         194         184  0.985840388571454     
         195         184  0.986314723247767     
         196         179   1.33442118451219     
         197         196  0.974904825519433     
         198         197  0.925941368270784     
         199         198   1.63625829863059     
         200         197  0.980925091587928     
         201         200   1.00700507697439     
         202         201  0.973545341349692     
         203         202   1.62415200652742     
         204         202   1.30912952419092     
         205         196  0.897802840445702     
         206         197  0.945210589656956     
         207         200  0.968832826220150     
         208         200  0.971658711462303     
         209         201  0.947762383891564     
         210         201  0.961317060070412     
         211         204  0.928656556519782     
         212         204  0.926771767470624     
         213         198   1.31139616951987     
         214         213  0.983115778721733     
         215         214  0.986712614184314     
         216         215   1.88506069299851     
         217         214  0.931087184148950     
         218         217   1.00775226701645     
         219         217   1.00691728707487     
         220         213  0.893881815165810     
         221         214  0.944240031133521     
         222         217  0.964892590731434     
         223         218  0.978467681688128     
         224         218  0.984043195458141     
         225         218  0.984054875525987     
         226         219  0.979213829600301     
         227         219  0.985134346507164     
         228         219  0.986332703877369     
         230         229   1.01399315361505     
         231         230  0.976092657960417     
         232         231   1.88851034453686     
         233         230  0.960263238162412     
         234         233  0.995358971103354     
         235         234   1.00720278448581     
         236         234   1.00930334352784     
         237         229  0.949219391380203     
         238         230  0.958458386317703     
         239         233  0.965065829478862     
         240         233  0.973347402599464     
         241         234  0.968184450562113     
         242         235  0.983786008875716     
         243         235  0.985729404252003     
         244         235  0.979251575420320     
         245         236  0.987393108492904     
         246         236  0.986372687938462     
         247         236  0.982502996266794     
         249         248   1.02165458588173     
         250         249  0.942620785181873     
         251         250   1.64618074990101     
         252         249  0.951645969028930     
         253         252   1.01093891950859     
         254         252   1.00989598198774     
         255         248  0.954569902055670     
         256         249  0.952069894131670     
         257         252  0.964570170288843     
         258         253  0.984572096223754     
         259         253  0.982686841016791     
         260         253  0.983370432674430     
         261         254  0.983599567311319     
         262         254  0.980496716637322     
         263         254  0.978410622575138     
         264         250   1.27416444887187     
         265         264  0.987284790319702     
         266         265  0.982044342201218     
         267         266   1.88172286025927     
         268         265  0.963511829220888     
         269         268  0.914504512798771     
         270         269   1.52573300701744     
         271         269   1.47191751941545     
         272         264  0.914196302041950     
         273         265  0.942326296062076     
         274         268  0.952173116373450     
         275         268  0.964769851160174     
         276           1  0.952615743000189     
         277          66  0.951308996987990     
         278          83  0.942991541721985     
         279         215  0.951318212138009     
         280         229  0.954490869608807     
         281         231  0.952116804616840     
         282         248  0.953904971796544     
         283         266  0.956173860373096     
