$grad                                                                           
  cycle =      1    SCF energy =  -474.73182540937   |dE/dxyz| =  0.449087
   43.25458379352885     37.49642405552348    118.58660909692152      n 
   43.91529701143999     37.60253300075669    121.24529371689178      c 
   41.81339993974798     39.07252164822805    122.59987489881937      c 
   41.28569247760193     41.23567665946190    121.98569708947812      o 
   46.44842413731082     38.95103424682308    121.59646789527579      c 
   42.90951578777214     39.18880621797695    117.73826266192921      h 
   44.04375254824820     35.65305319506738    121.92360918286626      h 
   47.01510688478943     38.89977077529749    123.56824725008026      h 
   47.88585804801968     38.02069931009507    120.46310719266357      h 
   46.29989789810696     40.91166169404181    120.99950520719656      h 
   40.58244102231453     37.83475708801244    124.42931284859067      n 
   38.73920633664417     39.04093064203099    126.05085658140337      c 
   39.40176957433886     38.36995404432156    128.77140963445783      c 
   39.70601678197586     36.16979690302641    129.42117964668398      o 
   36.01857376713429     38.10340407144479    125.54551660288652      c 
   34.25215670454169     39.08758273002888    127.51970991459460      c 
   33.15722194090502     41.42513911614418    127.37062021826110      n 
   33.53296095716585     37.95755522204413    129.73536090836558      c 
   31.82989133112031     41.69519145191538    129.43868657243510      c 
   31.98718653481066     39.63843503951776    130.93785784219074      n 
   41.09923625856485     36.06822400229368    124.93958577963082      h 
   38.85787891849321     41.08068595785844    125.76068604988809      h 
   35.43273597924446     38.72632922057157    123.67105623094992      h 
   36.01544968447813     36.04304683538367    125.60800168794101      h 
   33.98409665279268     36.14648099334428    130.51199854449530      h 
   30.73987480867942     43.33739339007122    129.92947807148781      h 
   31.11105512640509     39.38139636196764    132.61269941115762      h 
   39.61298649983562     40.33039827561752    130.34358675314206      n 
   39.87369619529758     39.92851674181918    133.02157716905674      c 
   38.41708623722796     41.97550373139617    134.43951856831490      c 
   37.66856227419901     43.90453591259761    133.41466866319993      o 
   42.65839102628862     39.91074687959948    133.87284349236776      c 
   43.56886996996054     42.40538054129537    133.97378703064453      o 
   39.41820329335392     42.13892507096772    129.73023396602494      h 
   39.06555045675999     38.06463232943910    133.43358117656078      h 
   42.76799453041501     39.00833799774389    135.73906013591741      h 
   43.72711915682091     38.76754410629815    132.51344446887231      h 
   45.36328576175023     42.36658915766714    134.31191134894951      h 
   38.02238853082991     41.42231841443829    136.87024141759230      n 
   36.70951141230067     43.06052455447538    138.60832373220271      c 
   37.80338894683419     42.60805263684233    141.24281043822631      c 
   39.05907883381082     40.72704302297495    141.72258342469215      o 
   33.83471801773946     42.61959336007749    138.50338322984626      c 
   33.08222570505014     39.91223146266717    139.10177328670551      c 
   29.86620605995050     39.23231612238969    138.05905620642127      s 
   28.06145702103677     41.26017527245975    140.14417170231391      c 
   38.82965997990920     39.89386600777215    137.69831266218810      h 
   37.05934053628835     45.03286519549234    138.10001187654964      h 
   32.91759708268643     43.94241677807546    139.79180243157086      h 
   33.18929760530527     43.09468193663500    136.59966933896595      h 
   34.25280747929342     38.57771855143586    138.06063114938084      h 
   33.22492367831528     39.50179729850826    141.11428185632920      h 
   26.08612119235812     40.78527541262828    139.86867404657562      h 
   28.61980176982662     40.87028005077165    142.08129119569500      h 
   28.35977448690823     43.23508458583424    139.65316888919227      h 
   37.18337512575654     44.40850697571548    142.89324200325618      n 
   38.35003962509651     44.67642848182857    145.35060336133870      c 
   36.46800574121421     46.04292635571680    147.04486952840719      c 
   35.45728729745493     48.01247047350448    146.37787022443104      o 
   40.74172062892499     46.32254710453734    145.14663031117399      c 
   41.96127011995943     46.85286128357065    147.68991710263592      c 
   44.26021909614937     48.72364890830721    147.49211053740291      c 
   45.81968659159693     48.60826871887881    149.25312620122793      o 
   44.32189334930983     50.18135908561150    145.65060301721962      o 
   36.43819483191701     46.04175494256877    142.21794296678587      h 
   38.83330652927150     42.79494328686762    146.05232802274989      h 
   42.09800602335029     45.39082842410878    143.90313657355571      h 
   40.23090292371974     48.11459423558752    144.25966738328856      h 
   40.60490778534210     47.76848462668256    148.95496344079490      h 
   42.61907872345082     45.11989459335422    148.59759906746561      h 
   35.98035985862280     44.92274797257917    149.26451384286619      n 
   34.78351905541066     46.25704254147278    151.33589246408664      c 
   36.59321934430819     46.16891459357117    153.58555049606630      c 
   38.08124550079873     44.42624259288844    153.88754781866479      o 
   32.24623345285094     45.04244402471112    152.09100702891126      c 
   30.05155980153040     46.28705504446658    150.68458509838464      c 
   27.52678992252993     45.02982024076394    151.22601498503545      c 
   26.97364338671696     44.08390515174443    153.25790947914126      o 
   25.90072705278379     45.06477600076769    149.29025024355732      n 
   37.12519820768565     43.50247265160260    149.85674390997076      h 
   34.48951406056262     48.22349633013332    150.76990713565434      h 
   32.32411545688868     43.02792171039247    151.66478178654165      h 
   31.98353234264073     45.25707748893065    154.12133403181386      h 
   29.91967455347571     48.25815801117380    151.29758905154014      h 
   30.44263946905050     46.27716823375971    148.66033610665735      h 
   26.32209458830487     45.91905478081202    147.64816928584574      h 
   24.16249049628474     44.31376297424421    149.49960870691990      h 
   33.90965969456057     55.51615604400688    149.35176290776366      n 
   33.66456131032540     53.75708904271511    147.28108741596341      c 
   35.04464681267672     54.78942218832307    144.97312529963969      c 
   34.90529201576047     57.02430022314262    144.38608266009012      o 
   30.87137130533538     53.22998452956955    146.56420738071776      c 
   29.57188885705331     55.34750247034425    145.64631837789099      o 
   33.85007558185702     57.39742651564431    148.98987711527894      h 
   34.49418942416385     51.97793483586199    147.93433159845154      h 
   30.81888057680332     51.67893940983027    145.18724212884734      h 
   29.86942483469528     52.66141894948397    148.27366853481195      h 
   30.26612695413253     55.83589894376792    144.03179363149505      h 
   36.30899362871338     53.04780611056492    143.66670936483553      n 
   37.39709899004353     53.50168447223148    141.21043956934204      c 
   36.85348496607734     51.24477274495885    139.52442471734332      c 
   36.67433169312680     49.10057443416976    140.38862260596761      o 
   36.25842379224685     51.22134972069662    144.25326341233938      h 
   36.62712722897428     55.23950533891045    140.40007999550096      h 
   39.45814594886409     53.66335075849631    141.38674966872159      h 
   36.75342455021593     51.73588977557350    137.05585465633953      n 
   36.58789574083361     49.71963616010257    135.22174139795806      c 
   37.44983394392269     50.73164710384570    132.67553231576883      c 
   37.24360527963730     52.97730012774926    132.12609772819792      o 
   33.98225708621720     48.44793550255731    135.10011172003121      c 
   31.79347633985633     50.05972982474719    134.18283570329535      c 
   29.26979303116691     48.65670119536127    134.84043291939642      c 
   27.72919525170073     48.36455225230200    133.08484331148321      o 
   29.01687190451079     47.92286552052521    137.06719222345271      o 
   36.64295412599552     53.53520645785120    136.41090884366423      h 
   37.91928525273365     48.24512003973867    135.81712702790745      h 
   34.14444662833774     46.77452415151021    133.90475158437459      h 
   33.51367001805784     47.83088038949369    137.01497906070267      h 
   31.75057729086847     51.87126643367102    135.17466108199736      h 
   31.84526145870289     50.42157973889505    132.14889753709372      h 
   38.54421633612903     48.98247573695816    131.24053568722891      n 
   39.89444189003889     49.50461470604387    128.91774398204490      c 
   39.25969328406138     47.35084833501728    127.09122761170804      c 
   39.74363227153790     45.15376073378512    127.62643201712788      o 
   42.76079102548738     49.62867488485805    129.42969468699391      c 
   43.32304676432997     51.00159478508204    131.91743446780009      c 
   46.09116896066169     51.76804538879846    132.24682770967900      c 
   46.74804812927903     54.08388022342457    130.65398971603580      c 
   49.24514030175825     55.14290580759272    131.41468200126363      n 
   38.56804294935122     47.15743465526089    131.83072914773399      h 
   39.19709412475510     51.30296218851128    128.18559073948114      h 
   43.47414572028284     47.69812282447663    129.52559409525648      h 
   43.62268957154357     50.57814710707713    127.82090178950624      h 
   42.11009478355136     52.66172647705989    132.06209740758703      h 
   42.79460504670968     49.74460275314930    133.46209058151894      h 
   46.35715444386254     52.20549913539369    134.24394418460085      h 
   47.28004149309062     50.16155977186170    131.74887574571895      h 
   46.81884059039121     53.58420875624928    128.65940192309097      h 
   45.29637010762708     55.52674383816115    130.91053757430922      h 
   49.71280823971914     56.64434440191175    130.26495503529387      h 
   49.16406847678981     55.75136065162740    133.26474810822370      h 
   50.62789887154259     53.77526629866900    131.26722482046941      h 
   38.19475993261691     48.08563471775035    124.92629136633724      n 
   37.19644091924887     46.33821801242934    123.06063882261307      c 
   38.22106648479189     47.21012392596008    120.49063192643615      c 
   37.54204586984709     49.23921711394024    119.60232705766684      o 
   34.30022621229038     46.46517588019562    123.07671881441014      c 
   33.08048199595727     44.15983081075706    121.83275458019492      c 
   30.25772802255335     44.62723649330661    121.65605719962343      c 
   29.20476051219586     45.37449549268236    119.73977561998791      o 
   29.02418395302928     44.18598630088527    123.82735171329925      n 
   37.66157442933206     49.91691190868633    124.71037447546406      h 
   37.86592902329175     44.44469148050693    123.54108310927799      h 
   33.66136249751171     46.60080491799667    125.03474021446047      h 
   33.72478943841994     48.18414322206514    122.08327350933411      h 
   33.84712309595466     43.87864648038731    119.94284752938931      h 
   33.42124355608176     42.51367906285316    123.01862826135046      h 
   29.97414782676036     43.58407826046796    125.36633774720404      h 
   27.16947938239069     44.58573618564033    123.96296975024967      h 
   39.88982216450495     45.67561567857243    119.40284196055590      n 
   41.29934315525954     46.25263252279586    117.12394194489764      c 
   40.97032461334412     44.01187164996470    115.33092081110968      c 
   41.68644458682900     41.88484977396799    115.92986579317487      o 
   44.14242392936537     46.54213806201726    117.70789194494111      c 
   44.67184224771866     48.61258071199054    119.66483170403053      c 
   45.55032531405450     47.05486105941137    115.24356094307605      c 
   47.15564990698958     48.13088705266738    121.05351114993114      c 
   40.41892168684648     44.05442765813482    120.28972540467821      h 
   40.54440572106217     47.98299441703145    116.28784834480606      h 
   44.77433981309023     44.72903429297019    118.48539292353568      h 
   44.72412465645255     50.45260384488177    118.71924628790738      h 
   43.13663617234800     48.66596355708860    121.04626618895152      h 
   47.53416011130184     47.42328436486481    115.61178631504310      h 
   45.41403679610118     45.45179826888253    113.96494365479727      h 
   44.75993721668993     48.70825086777161    114.30786137994669      h 
   47.61904970897653     49.74296338414089    122.23789418502223      h 
   46.98956840322277     46.45185530005580    122.23108521065323      h 
   48.69144255423976     47.85590989454082    119.71524655707995      h 
   37.27895713016844     53.89100689058333    113.38071372190106      n 
   37.83518258324253     53.71717251795741    116.03772590511542      c 
   35.98533241186517     55.27991635335955    117.58533800904446      c 
   35.05692069345535     57.25186187705798    116.79194900570747      o 
   40.55684246881660     54.57084021486487    116.64519185215934      c 
   41.08876145112509     57.30665183571947    115.93372179919447      c 
   43.86729939340175     58.00379269887750    116.65379165877235      c 
   44.22707776672036     58.74488185471160    118.86037864004210      o 
   45.50058650120378     57.72286719520034    114.98402292173327      o 
   36.46157167656827     55.49291149869138    112.72361279110899      h 
   37.66944692502471     51.72683101915604    116.57075659619237      h 
   40.88743899407167     54.31386555008052    118.66548961967868      h 
   41.86563602733043     53.35314749163636    115.61081339001605      h 
   40.85948217313798     57.57763746064977    113.89999606067728      h 
   39.81752670607955     58.58200127628312    116.94708045598937      h 
   35.61702570892786     54.34083254182162    119.89890490211164      n 
   34.11673362721596     55.55121439855522    121.82413245232799      c 
   35.45328513795170     55.29550817565366    124.36461726926817      c 
   36.32654323600375     53.25375591479498    125.04715500605602      o 
   31.47473194690944     54.32660971901930    122.06741147191399      c 
   30.44226248686499     54.17422799630506    119.61886608109351      o 
   29.81448091476947     55.88725181180310    123.84003577723654      c 
   36.27466129988277     52.57825854024794    120.28649114230646      h 
   33.87711747968913     57.52944855113389    121.29956784877717      h 
   31.71874470399579     52.40225898274616    122.84357298063036      h 
   28.77494140451160     53.44029700482595    119.74133059402440      h 
   27.94635849715084     55.04510770285179    123.99867610032977      h 
   30.63630036445632     55.97349903149656    125.72106621456106      h 
   29.63817389866677     57.80542235960782    123.11851312790728      h 
   35.60172525043877     57.39902652185017    125.73872307683818      n 
   36.32370564430528     57.36925729763973    128.36912768133686      c 
   34.33654665905334     58.77389033289148    129.92340607625505      c 
   32.91085227037156     60.32739816616458    128.97574778912460      o 
   38.92035739649886     58.60436333980036    128.89941968745975      c 
   38.69870160444914     61.24589471021488    128.55233404644034      o 
   40.97458289987745     57.44987675018387    127.23335869647914      c 
   34.75749288281965     59.00363528168237    125.09390336803212      h 
   36.41844894903458     55.39808764930678    128.98873338604912      h 
   39.31924311883697     58.19112726971677    130.89992408063793      h 
   40.21232150489611     62.02713515354004    129.21463619430659      h 
   42.78128463324369     58.35055360164192    127.59793168606680      h 
   41.09746569533241     55.44011942104240    127.61578565790980      h 
   40.51165503540345     57.70855348300493    125.24761551847484      h 
   34.41227420883505     58.25163946217190    132.40181715952801      n 
   32.71352802839638     59.41973809966815    134.19010008650031      c 
   33.95780024523352     59.40781039703030    136.78648149752317      c 
   35.32833241813906     57.63990158156079    137.41362261560522      o 
   30.16570049381941     57.99570719988989    134.39133165302684      c 
   28.46023809469818     59.26702091374826    135.95979674258868      o 
   35.40118207800540     56.73100419356645    133.02640891125972      h 
   32.30041865347729     61.34535998504546    133.56873245535911      h 
   29.40325155789952     57.72943357581163    132.47961175126838      h 
   30.48434864963775     56.12285198498515    135.22425606686124      h 
   27.66329291889829     60.62062551837546    134.96720140789876      h 
   33.44444732375688     61.40330587089097    138.22173009418432      n 
   34.49120058787107     61.75260202469774    140.72012533550668      c 
   32.49759447165209     63.02854837148520    142.37315578110821      c 
   31.50843474453154     65.02494430769758    141.73531242309997      o 
   36.88763340756555     63.39492588041293    140.57984202457982      c 
   38.32347792231284     63.36833119907685    143.08382238798396      c 
   40.55589106531146     65.20869689468516    143.13738288206110      c 
   42.57119749155510     64.57692062863775    141.16998563997254      c 
   44.78282416821917     66.29569336237162    141.46842412370481      n 
   32.39622958495987     62.82830956889568    137.49656235455018      h 
   34.97213681271943     59.89114453973325    141.47041921113544      h 
   38.04421386134393     62.62032427262654    139.06030597913448      h 
   36.31383631790980     65.31371040301316    140.08139746896910      h 
   37.01089154586877     63.87942273936715    144.59382011521055      h 
   38.95842026337262     61.44561208204600    143.46759141558729      h 
   39.83499343679281     67.11276947047952    142.81279211128611      h 
   41.36834008664696     65.12775262376165    145.03101486843937      h 
   43.19627344927860     62.62928001195669    141.40922707978797      h 
   41.80299631620603     64.80689719773673    139.27255478835204      h 
   46.06540704829229     66.01182371612114    140.03010460313430      h 
   44.18498252400340     68.15078941260627    141.42704926681847      h 
   45.65985871577324     65.97617318382125    143.17997568603005      h 
   30.34923080368193     69.31795201195909    138.20377647198976      n 
   31.73253768009608     69.97665102332630    135.93615745317555      c 
   31.61708153332213     67.68134730883939    134.20141614531966      c 
   32.08427352641722     65.56545855466275    135.00431929047747      o 
   34.48578188450502     70.55291641689215    136.67575186412961      c 
   36.27624770403022     71.12520144346340    134.47228819469683      c 
   35.67174880360506     73.66996153141578    133.24250662358395      c 
   38.99676349206692     71.07202947307297    135.45198436380278      c 
   30.46924912589781     67.49818739282183    138.78469925937483      h 
   30.82179022129560     71.62778958434458    135.09031665381843      h 
   34.44234746311661     72.15022250993930    137.98351272936407      h 
   35.15775899119324     68.89718313028040    137.70983957247142      h 
   36.06099676637655     69.63294998314932    133.05120084449587      h 
   37.19146100835852     74.21528824991461    131.97170177342846      h 
   33.93826202546950     73.56806990307936    132.14083869817082      h 
   35.45350217996896     75.13425581798431    134.67185242634955      h 
   40.31018614367519     71.38894434352679    133.90521993594359      h 
   39.25979006127361     72.53910122536257    136.86708443953165      h 
   39.38286172444372     69.23673384472342    136.29109756983888      h 
   31.17563640905507     68.15778109928610    131.75835098904290      n 
   30.82573375469687     66.17180195195840    129.91904074014820      c 
   32.08294599280400     66.99413705570039    127.46137309263818      c 
   32.14410908756737     69.22099130903698    126.83357091553785      o 
   28.01036573472564     65.66187243287817    129.45599962893343      c 
   26.79793613580448     64.95736223340361    132.05730388452446      c 
   26.62011673479696     62.65648324117329    132.54846743905816      o 
   26.16427111153643     66.76045404766637    133.41993861754378      o 
   30.56487406261562     69.87155467772746    131.19287960673140      h 
   31.70396147067998     64.45487933362821    130.65202739342956      h 
   27.11273618333486     67.36361535112073    128.70834552395544      h 
   27.78868589477938     64.10024609768757    128.13506529437794      h 
   44.52640543680958     36.78013555268796    117.71370448552534      h 
   36.58209793217494     47.56208288731077    154.86227387359767      h 
   32.65165568641404     55.25902566599328    150.46705294025674      h 
   40.16202022532109     44.26431617016197    113.64154816308623      h 
   38.71880205169814     53.73995946859092    112.48819299340263      h 
   31.97754447158217     62.23600293236335    144.00792912567709      h 
   30.91300598744549     70.25627174096634    139.50541989521622      h 
   32.87696705693665     65.70619565511943    126.32920629299150      h 
   0.1027741563020D+00  -0.4731413545178D-01  -0.5709381618993D-01
   0.4109272902524D-02  -0.1084217295715D-01   0.5381863841256D-02
  -0.4849923156994D-02   0.5083546825504D-02   0.4060989960427D-02
   0.1453713041659D-03  -0.3512120966221D-02  -0.1645106824981D-02
  -0.3624053137221D-02  -0.9293811606471D-03  -0.8063116402158D-02
   0.2788288510445D-02   0.1899470575522D-02  -0.1317077580303D-01
   0.1550701405749D-02  -0.7459306219980D-03  -0.1903163811184D-02
  -0.1532584098113D-02  -0.9538522659465D-03  -0.1430343887683D-02
  -0.6697445425819D-03   0.3758912376646D-03   0.2101310016355D-04
   0.1366827237955D-02  -0.4113434149842D-04   0.1135846323864D-03
   0.1166432177960D-03  -0.1399582587034D-03  -0.1650931821161D-04
   0.1158052179830D-03   0.2140890707697D-04   0.1316356138145D-03
   0.6222455772403D-03  -0.8193766971809D-04   0.6744788907094D-04
  -0.2824361086612D-03   0.1119362772502D-03  -0.8839674708607D-03
  -0.3761699988483D-04   0.7360395030892D-05  -0.1713748741904D-03
  -0.5452364463895D-04  -0.3340710690161D-03   0.1764676101978D-03
   0.1161089447444D-03  -0.2214075130733D-03  -0.2882806342035D-03
  -0.4393614867728D-03  -0.1351739167130D-03   0.1663772703963D-03
   0.1202363199260D-04   0.3125201607704D-03  -0.3394270577922D-03
  -0.4261875898018D-03   0.2270177440190D-03  -0.1653445960436D-03
   0.1040850491407D-02  -0.7434664018036D-04   0.3080682616262D-03
   0.3523450794859D-04  -0.5024071275102D-04  -0.4110729099093D-03
   0.3065326672493D-04  -0.1494377408322D-03  -0.4407778616420D-03
  -0.1390277643739D-03  -0.2814543043811D-04  -0.5528162234834D-03
   0.1250690092657D-03  -0.3829380599255D-03  -0.1546027652223D-04
  -0.4690865336891D-03   0.1208296383947D-03   0.6966978488329D-04
  -0.3878682357153D-03   0.5456488313506D-04  -0.1032445040032D-03
  -0.4137175387844D-05   0.3156975965263D-03   0.1461809222948D-03
  -0.5700887827349D-03   0.3980477951292D-03   0.8300255436392D-04
  -0.3262510979693D-03   0.3980146516171D-03   0.2556980156112D-03
  -0.3270334579262D-03   0.6457804819970D-03  -0.6608246289364D-03
  -0.3466151923408D-03   0.1212806957050D-03  -0.2478969225733D-03
   0.3305435186271D-04   0.1104568777783D-03   0.4209597170911D-03
   0.4391295212799D-04   0.1971289744039D-03  -0.1509018831313D-03
  -0.2594356143494D-03   0.4112197679788D-04  -0.4376434336101D-03
  -0.6346894693147D-03  -0.6018006411149D-03  -0.5496195835227D-03
   0.6328538607605D-04  -0.1591551742931D-03   0.7920693259062D-04
   0.2229422164433D-03  -0.2225226092766D-03  -0.2036500725044D-03
   0.5335296830325D-03   0.2333202256757D-03   0.1226220128712D-03
   0.4417437392589D-03   0.2916395052049D-04   0.3224571019780D-03
   0.6742926906420D-03   0.1340742493664D-02  -0.2249717205040D-04
   0.4876589236328D-03  -0.8289564058049D-04  -0.4126425726486D-03
   0.1969770052593D-03  -0.1315262727218D-03   0.1668609966735D-03
  -0.3086559666365D-03  -0.2284318098967D-03  -0.1725731784592D-03
  -0.2545478986041D-03  -0.6379934308967D-03  -0.8924388148485D-03
   0.8049641228137D-04  -0.7994554890008D-04   0.1970233675240D-03
   0.1682397746505D-03  -0.5577190255349D-03  -0.1248353110163D-03
   0.1220840001724D-03   0.6271168167639D-04   0.7557899095213D-03
   0.7357849775114D-04   0.1905346671060D-03  -0.2758534226674D-03
  -0.6354510131258D-03   0.3253762286199D-04   0.4599428476563D-03
   0.9858416706712D-04  -0.1053676095909D-03   0.2533460863738D-03
   0.6048917358663D-03  -0.4075185728434D-04  -0.1458443658733D-03
  -0.2090316852194D-03   0.5194294654552D-03   0.3870431326968D-03
  -0.3272888583111D-03  -0.5140690908641D-03   0.5886861228385D-03
  -0.5438966107465D-03   0.4351196276572D-03   0.5493172830397D-03
  -0.8434400541313D-03  -0.4606444202239D-03   0.6441723994345D-03
  -0.3402699968580D-03  -0.2109546647147D-04   0.3939295890890D-03
  -0.4439497278309D-03  -0.3933342469016D-03   0.2644750765023D-03
   0.7570059806449D-03   0.2024251314694D-03  -0.9855544312790D-04
  -0.2147863847349D-03  -0.1145173608309D-03   0.2588047691715D-03
   0.2006297285565D-03  -0.2176094373946D-03   0.1540325538497D-03
   0.4629794478354D-03   0.5206804034154D-03  -0.5336282705112D-04
   0.2465638353743D-03   0.2634759154199D-03   0.1510277210313D-03
   0.4553216495156D-03   0.6035631617063D-03  -0.2235103815864D-04
  -0.3298492329253D-04  -0.2655798771014D-03   0.9020939954369D-04
   0.5997922532449D-03   0.1202432822077D-03  -0.4404951844268D-03
   0.5859185332627D-05   0.1037583566923D-02  -0.2350387379590D-03
   0.2839259314170D-04  -0.4104502082994D-03  -0.3499697159343D-03
  -0.5390153897370D-03  -0.1201326879863D-03  -0.5636338388403D-03
  -0.2651945351619D-03  -0.7918888588529D-03   0.3389610589780D-04
  -0.2152781302854D-02  -0.1298100830376D-02  -0.1646817244288D-02
  -0.6681957014059D-02  -0.1359789475235D-02  -0.5468972672926D-02
  -0.1691576549596D-01   0.7355836990315D-01   0.4534848911911D-01
   0.1314842792149D-01  -0.1280471008167D-01   0.7179089249158D-02
  -0.8695696929576D-04  -0.9537107968845D-03  -0.1921483953551D-02
  -0.3326762179677D-02  -0.1307560836380D-02   0.3601031523466D-03
   0.7178191730537D-03   0.1743485324744D-02  -0.5286845135993D-02
  -0.3442538666870D-02  -0.4420838527138D-03   0.2618460051413D-03
   0.2162186882505D-02  -0.9569252685649D-03   0.5113343359362D-02
   0.1649144066194D-02   0.1166616117242D-02   0.1047646408080D-02
   0.7203099377026D-05  -0.1746254474700D-03   0.4671629427853D-03
   0.6344350170721D-04  -0.6617330742740D-03  -0.4267370303162D-03
   0.2561411865412D-02   0.7001533707111D-03  -0.8499369280086D-03
   0.1594754126792D-02   0.1033987233581D-02   0.8887183954689D-03
   0.9410449779558D-03   0.1631414311389D-03  -0.2608923264701D-04
   0.1735352193397D-03   0.2023842192226D-04   0.9558685880936D-03
  -0.4109947432039D-03  -0.3018283980808D-03  -0.1023623522352D-02
  -0.9660223558073D-01  -0.2585768972192D-01   0.6765573299899D-01
  -0.1589426448710D-02  -0.1021450887413D-01   0.1214088235195D-03
   0.4147523280081D-02   0.3210585974136D-02  -0.2296914560514D-02
  -0.8826467904651D-03   0.2980279200850D-03   0.1627625252657D-02
  -0.3712545650880D-02   0.3064133048994D-02   0.3302534846136D-02
   0.1443553350165D-02  -0.3324204259405D-02   0.1350357570228D-02
  -0.3071349855346D-02   0.2881084258763D-02   0.1741442912553D-01
  -0.5518376867884D-03   0.1067196195000D-02   0.4872285102113D-02
   0.7427395719021D-04   0.1762700590385D-02  -0.1391484654648D-03
   0.2029079935841D-02   0.9138717941452D-03  -0.4765727477054D-03
   0.4159718371197D-03  -0.6563941595648D-03  -0.1934262578433D-02
   0.1803347790066D-03  -0.1933027095310D-03  -0.5831463880761D-03
   0.2412652794970D-04   0.3800137078395D-03  -0.6759932616468D-03
  -0.3559157794142D-03   0.1385347923864D-03  -0.1866915212170D-03
  -0.2449611742652D-03  -0.2945632951639D-03   0.5118288434017D-03
  -0.6834096433267D-04   0.2809697672941D-03   0.1150338272134D-02
  -0.1945767981722D-03   0.6721248338685D-03  -0.9112460943193D-03
   0.2660444328092D-04  -0.4503101794837D-04   0.6438727119641D-03
  -0.1758177107271D-03  -0.4208140650263D-03   0.1301870151113D-03
   0.1635462933960D-03   0.5840849347735D-04  -0.2369140070542D-03
   0.1245111006680D-02   0.6972782539663D-04   0.2996189204901D-03
  -0.5074940265420D-03   0.1727524063900D-03  -0.2106475419434D-03
   0.5771334074504D-04   0.3317579429092D-04   0.2437811600143D-04
   0.9469216770972D-04  -0.3101312588268D-03  -0.7079719813238D-03
  -0.5263586097493D-04  -0.2349959430255D-03  -0.2483557574095D-03
   0.4138044804639D-03   0.7663955128248D-04   0.7005877499105D-03
  -0.1509572950755D-03  -0.5279228920136D-03   0.7938411397393D-03
   0.4975134827490D-03  -0.4459058157447D-03  -0.3543048300401D-04
  -0.2233638105943D-03  -0.2815701094748D-04  -0.3054580259577D-03
  -0.2805269376032D-03   0.5557693944588D-05   0.2027543632794D-03
   0.7747831803019D-03  -0.2957091506450D-03   0.4299588092971D-03
  -0.6586150079844D-04  -0.5820428899533D-03  -0.4666895913656D-03
  -0.5378937436650D-03   0.5490235068902D-03  -0.1033414911783D-02
  -0.3769525302856D-03   0.9780745785804D-04  -0.5321791639867D-03
   0.2963505016048D-03  -0.6014790171422D-03   0.2605144599252D-04
  -0.2867655314914D-03  -0.3860099266297D-03  -0.2328440988104D-04
   0.4584568626251D-03   0.1836651812329D-05   0.7738939842580D-03
   0.2733698550602D-05   0.2431905035155D-03   0.3186474230871D-03
   0.5117400918297D-03   0.1071428970569D-03   0.2608005671039D-04
   0.4716331455567D-03  -0.1643691859543D-03   0.2427024311642D-03
  -0.1910162366014D-03   0.2560615763355D-03   0.5233154813818D-03
   0.1925821766128D-03  -0.8144082237163D-04  -0.2241616575833D-04
   0.8272449910248D-03   0.4062911791415D-03  -0.2295210531551D-03
   0.7800164857300D-03  -0.7845462594596D-03   0.5901204841557D-03
  -0.4378321412860D-03   0.4446873268708D-03  -0.1266654799931D-03
  -0.4311734169533D-03  -0.1614429390138D-03   0.1212800179094D-03
  -0.3855816298756D-03  -0.8592482151705D-03   0.7160736539302D-03
  -0.4704476320492D-03   0.2717965504401D-03  -0.5206399931199D-03
  -0.4435489428729D-03   0.3147955734455D-03   0.2847609389765D-03
  -0.5858983957500D-04  -0.6999382843865D-03  -0.2441672436538D-03
   0.3519884858082D-03  -0.5737350043410D-05   0.7025476221291D-03
  -0.5870258690916D-03   0.5418911565894D-03  -0.2167608016890D-03
  -0.4057893464820D-03   0.9095860480677D-04  -0.8946399414172D-04
  -0.5503050926604D-03   0.3426271352523D-03  -0.2351030332528D-03
   0.4605075755719D-03  -0.1811031138088D-03   0.1688832082262D-03
  -0.1648011380266D-03   0.5932980607539D-04  -0.2801590888535D-04
   0.3145014281435D-04  -0.3115008367075D-03  -0.1031626227810D-03
  -0.1259724580372D-03   0.4155816328444D-03  -0.2684288398928D-03
  -0.5575076643366D-03  -0.3598729417145D-04  -0.1896144284172D-03
  -0.7570207878816D-04  -0.5566614397967D-04   0.1303710121405D-03
  -0.2791001741206D-03   0.3007759150870D-04   0.4822001097690D-04
  -0.1354173454604D-03  -0.1322158848887D-03   0.3093566374193D-03
   0.1207549599782D-03   0.4067981233784D-03  -0.1062538545966D-02
  -0.2243309787405D-03   0.4056528288663D-03   0.6623217152451D-03
   0.8137417227891D-04   0.4307325341744D-03   0.4080442953071D-03
   0.1537888998459D-04  -0.5096097723373D-03   0.5143934597970D-03
  -0.4890482545828D-04   0.2884382602825D-03   0.2253890735162D-03
  -0.1821565032980D-03  -0.2728855619182D-03  -0.1859513208803D-03
   0.3107664704565D-03  -0.4269166357171D-03   0.2098140164321D-03
  -0.6303821570306D-03   0.2953334494818D-03   0.4125085696285D-03
  -0.2249750967331D-03   0.6075673291293D-04   0.8309792362416D-03
   0.1027393905827D-03   0.3361100866632D-03  -0.2780656770293D-03
  -0.7239517424397D-03  -0.1193098596460D-03  -0.1437848674382D-02
   0.3149037579683D-02   0.2251489999920D-02   0.3480891219176D-02
  -0.4217131361813D-01   0.3826400153623D-01  -0.7641028342232D-01
   0.1018967983167D-01  -0.3160376200072D-01   0.1034716249225D-01
  -0.2823062943268D-02   0.4955476884711D-03  -0.2119959930278D-03
   0.4713258955257D-03   0.2257101124277D-03   0.2696243982166D-03
  -0.3439653673368D-03  -0.6375593791441D-03   0.1030023291314D-02
   0.1097714162185D-03  -0.3569473572172D-03   0.4888972976503D-03
  -0.2191346708637D-03   0.2140652039989D-02  -0.1033837652611D-02
   0.1030112848256D-02  -0.3812313268242D-03  -0.8139001328078D-03
   0.9499528641434D-03  -0.1642394171942D-03  -0.1670340129128D-03
   0.2716816594686D-03   0.1324201323984D-02  -0.9497588154274D-03
  -0.2699630088913D-03  -0.6186640735318D-03   0.7073233631536D-03
  -0.3912239425886D-03   0.6641884304714D-04  -0.2053337896301D-03
   0.3942681353409D-03   0.1405633093032D-03   0.7024379396081D-04
  -0.3973863158271D-03  -0.4781292786665D-04  -0.4548571888811D-04
   0.5339105617128D-03   0.6647593791210D-03   0.1325323130283D-03
  -0.1928083475024D-03  -0.1026373541162D-02   0.5141135560002D-03
   0.5298347797280D-03  -0.2384440638109D-03  -0.7277547931162D-03
   0.1125998441274D+00  -0.5711152082919D-02  -0.4734643622484D-01
   0.2464547859760D-02  -0.6165255695105D-02   0.8657731946776D-03
  -0.9249803139723D-03  -0.3327658110518D-02   0.6825063040665D-02
  -0.1810572376606D-02   0.2027500310507D-02  -0.4411045600803D-02
   0.4487312472250D-03  -0.1272798372471D-02  -0.4357299306314D-02
  -0.2126001827656D-02  -0.2076918797007D-02  -0.4119329244302D-03
   0.4263304035038D-02   0.1376418795655D-02  -0.1830533306827D-02
  -0.6285784082010D-03  -0.2749057217847D-03  -0.4057775920971D-03
  -0.2180195126407D-02   0.9569286561175D-04   0.2211175261483D-02
   0.5696329875843D-02  -0.5270297448582D-02  -0.1550743041390D-01
   0.1670920647468D-02  -0.8234499006251D-03  -0.5770853155681D-03
  -0.1245903133678D-02  -0.3824093361034D-04  -0.7231087762487D-03
  -0.9256766791416D-03   0.3465281297054D-03  -0.9160039006562D-04
   0.2071240048428D-03  -0.8124071140979D-03  -0.1116140023766D-03
   0.3161900156515D-03   0.7186325893918D-03   0.7731259534700D-03
   0.1923813085419D-03   0.2675059861316D-03  -0.6572458730200D-02
  -0.6242523476613D-03   0.1509399141665D-02   0.3689958054982D-03
  -0.1794477324688D-02   0.6991488384329D-02   0.2021511543792D-02
   0.1523434128074D-02  -0.5271492319881D-02  -0.2363977600432D-03
   0.1183058573155D-02   0.1616050672378D-02   0.5958892186186D-03
   0.4730655683955D-03  -0.3074366919285D-03  -0.1846211813365D-02
  -0.1497789931557D-03  -0.3944234956769D-03  -0.8771498659377D-03
   0.4974660230808D-03  -0.5250146989314D-03   0.3465278479300D-03
  -0.2126569464302D-03  -0.1617639428353D-02   0.3074081925252D-02
  -0.5072332937740D-03  -0.9796824492984D-03   0.5969846237148D-04
  -0.2620363697240D-03  -0.2000477521974D-03   0.1095908736355D-02
  -0.1107714817638D-03  -0.5684478885174D-03   0.3051618124703D-03
   0.2258679100573D-03   0.4081190982632D-03  -0.3268851158394D-03
   0.1370024426886D-02   0.9861589051887D-03   0.1884746301243D-03
   0.1834549979612D-02  -0.4538746993312D-02   0.4541417461704D-03
  -0.1080712586889D-02   0.1697122185057D-03  -0.1474097356194D-02
   0.2984974271111D-02  -0.2876325955417D-02   0.1079956804878D-02
  -0.9081692451755D-03   0.1741461318201D-02   0.8132301167443D-03
  -0.5212456885724D-03  -0.7768243234857D-03   0.1050138675118D-02
   0.6651458358941D-03   0.2246985956662D-02  -0.1876420120764D-02
  -0.2551955457918D-03   0.5521798922510D-03  -0.3651026321683D-03
  -0.2930156108925D-02   0.3520134185714D-02  -0.5342751676137D-02
   0.7994309904158D-04   0.9486207108258D-05   0.1058692254748D-02
   0.2346755964815D-03  -0.2186011967544D-03   0.4061149335102D-03
  -0.3397851814172D-03  -0.1116599414967D-02   0.1991264567506D-02
   0.1912948057028D-03  -0.4243826661498D-03   0.2617119970158D-03
  -0.3865785427785D-04   0.4920509270080D-03   0.1699717017207D-03
  -0.4957138072962D-03  -0.4597934647942D-03  -0.7781209645554D-04
   0.4023782197234D-03   0.6387075557580D-04   0.6349020114837D-03
   0.2171215350298D-03  -0.1343405154378D-03   0.5549613552105D-03
   0.5455394665378D-04   0.2173990873031D-03   0.4779306430325D-03
   0.3055988459744D-03  -0.2367332031076D-03  -0.4881274422973D-03
   0.6350590086164D-04   0.1202866528999D-03  -0.2487902139569D-03
   0.3195666120114D-03   0.2032647263727D-03   0.1300750633783D-03
   0.3968117935299D-03  -0.1211892132231D-03   0.1569802363365D-03
  -0.2591554518282D-03  -0.6589034933594D-03  -0.1134106710789D-03
   0.2299802348790D-03  -0.6538012832250D-03  -0.4641204812259D-03
  -0.2893075042186D-04   0.2952632560538D-03  -0.2285578179548D-03
  -0.7256804869374D-04  -0.1309268911805D-04   0.2927905510762D-03
  -0.1151314987052D-02   0.2668968939702D-02   0.4093397727097D-02
   0.1607721571411D-02   0.5965179029400D-03  -0.7420158046924D-02
  -0.9573955109222D-02  -0.5452034571929D-01   0.7547173566949D-01
  -0.1140381856566D-01   0.2078915489627D-01  -0.5678024897279D-02
  -0.8910469454162D-03  -0.1509668548866D-02   0.5048095402716D-04
  -0.2861935125884D-04  -0.2204987256699D-03  -0.1889942337733D-02
   0.2713791192488D-03  -0.6308294981975D-03   0.3069891650579D-04
   0.7352375623694D-04   0.9709842512362D-04  -0.4673555874466D-03
  -0.3191315749788D-03  -0.4393673588082D-03   0.4586285485295D-04
   0.2616504510641D-03  -0.1208476964776D-02   0.1558194077087D-02
   0.9347611393033D-03   0.7105737467900D-03  -0.2233091629201D-02
   0.7789634576626D-03  -0.1202706151271D-03  -0.8929744507535D-04
   0.1377229550493D-03   0.2141183398416D-04   0.3332922583271D-03
  -0.8026601062943D-03   0.2535527818869D-04   0.7967557886923D-03
  -0.2760237734279D-04   0.8299700177972D-04   0.2056854708603D-03
   0.4957920371704D-03   0.8517000800166D-04  -0.1695433381637D-04
  -0.1262185956131D-03   0.1424654782997D-03   0.6635102344595D-03
   0.5393747438849D-03   0.5817701110831D-03   0.2617199870454D-05
  -0.5497476243074D-04  -0.6193479800457D-04  -0.5327540133848D-03
  -0.2474243870518D-03  -0.4575717525614D-04  -0.4531372756265D-03
  -0.1982934972176D-03  -0.4724764429796D-04   0.2495701329418D-03
   0.3100159200270D-03   0.2009886868429D-03   0.1580296922681D-03
   0.5444302888715D-01   0.6587185731388D-01   0.8814626784488D-01
  -0.2697697956656D-02   0.1126235445408D-01  -0.4348237483055D-02
   0.4228269817278D-03  -0.7373935725616D-02  -0.7978659203266D-03
  -0.2044718007396D-02   0.5002431456722D-02  -0.4156191618524D-04
  -0.2480782878075D-02  -0.6774558022056D-03   0.5264393846934D-02
  -0.1112854907822D-02   0.2146860487811D-03  -0.1561290135245D-02
  -0.5526504806128D-03   0.5208458954194D-03  -0.6892065783253D-03
  -0.2989977992746D-03  -0.7021403235872D-03   0.1264224908060D-04
  -0.1119704890505D-02   0.3116069403537D-02   0.1172151195662D-01
   0.3871910172007D-03   0.1322853270312D-02   0.2438024972609D-02
  -0.1030831288568D-02  -0.7012019257412D-03   0.6521826811052D-03
  -0.6823414480684D-03   0.9589955121933D-03   0.1198143750731D-02
   0.6245719349549D-03   0.7421723486063D-04   0.3119133763429D-03
   0.4055399441362D-03   0.3224500357527D-04   0.4786255404997D-03
  -0.2294546785533D-03   0.2495048866558D-03  -0.9691408319193D-03
  -0.4280812259855D-03   0.7838288253403D-03   0.5450678695267D-03
  -0.1021624038889D-04  -0.9830005142185D-04  -0.2975070539535D-03
   0.8905974240332D-04   0.1745217002127D-03   0.4489950264518D-03
   0.4655828748937D-04  -0.6865019840648D-03   0.7337501072435D-03
  -0.4065789945912D-03  -0.2332962389221D-03   0.2532472490389D-02
  -0.8579781314750D-02  -0.2038328868687D-02   0.4438019313684D-02
   0.3340348778271D-01  -0.7243037380668D-01  -0.4132072220247D-01
   0.1503793687400D-02   0.1484406318019D-01  -0.6187585108204D-02
  -0.1079371613395D-02   0.1609851535980D-03   0.5552543346743D-02
   0.4636884640972D-03  -0.3414027813386D-02  -0.4788655840908D-02
  -0.6723238683140D-03   0.8059458138214D-04   0.1033903621159D-02
   0.1115239376182D-02   0.4193344889148D-02   0.2914408638774D-02
   0.1641959249677D-03  -0.1026106534783D-02  -0.1283285914734D-02
  -0.8759042953714D-03   0.2018953664951D-02   0.1794539159821D-02
   0.6569228035748D-03   0.2708581377269D-03  -0.8515881336213D-03
   0.1082559143946D-03   0.1244944612296D-02  -0.2394722707925D-03
  -0.1025785338550D+00   0.6276015530667D-01   0.7081833859226D-01
   0.9052489616665D-02  -0.5866877116847D-01  -0.4776744893293D-01
   0.1011415564356D+00   0.2593715188062D-01  -0.9497641013187D-01
   0.3297779795391D-01  -0.1618294564826D-01   0.6614781659964D-01
  -0.1192123489698D+00   0.1814278891815D-01   0.7319897395135D-01
   0.1526351919866D-01   0.3691986840841D-01  -0.6436227774674D-01
  -0.4194807927561D-01  -0.8060074817965D-01  -0.1065134338250D+00
  -0.2685538060596D-01   0.5854573634096D-01   0.4057665420255D-01
$end                                                                            
