$grad                                                                           
  cycle =      1    SCF energy =  -251.63549056338   |dE/dxyz| =  0.386418
   83.36445708891574     79.25709265398140     92.98790782487517      n 
   82.44667051282589     76.95824081480750     94.13085102579805      c 
   81.25852874403562     75.35872872126063     92.05955564417111      c 
   80.23293568793943     76.31442326697864     90.21628972265363      o 
   80.51458976562976     77.41192315387853     96.25991555211576      c 
   78.28905127253579     79.05523043922938     95.45425822473929      c 
   75.95014181731847     78.59058257095174     97.12989045750001      c 
   74.73860879566141     80.40912300426515     97.96684887083018      o 
   75.38823018037472     76.29203191327611     97.46612017417378      o 
   82.11752530239112     80.21346666332563     91.89200564778616      h 
   84.09306971826416     75.99880534549047     94.94565603858337      h 
   79.79092946454276     75.58293330990830     96.89174506723892      h 
   81.47838721773495     78.31242916919749     97.84598939361076      h 
   78.80160133373835     81.05103209688187     95.44270191296580      h 
   77.69787142119448     78.56262476225831     93.53756807142469      h 
   81.39710026315190     72.86847176974310     92.40145263384900      n 
   80.11875102834163     71.06834079982953     90.80126664002910      c 
   78.44033652712136     69.49567507454874     92.55321836864267      c 
   79.20032722664614     68.70780675401660     94.58389295696493      o 
   81.90217441240767     69.27550075054245     89.37197869443598      c 
   83.38022469049407     70.62938646343193     87.29125859641060      c 
   84.75462555892898     68.77988999376126     85.54948171695814      c 
   86.18346958616476     70.16672785259141     83.66623753976125      n 
   87.88614938914797     69.19162276190779     82.11915651080699      c 
   88.95563137217954     70.71119762912716     80.40490893013808      n 
   88.78040539856154     66.85132619190780     82.44927322217134      n 
   82.53541341591284     72.10638292299258     93.74296912059299      h 
   78.98559624330797     72.16018696400522     89.45707242408716      h 
   83.21141539490945     68.41219141143746     90.71316488542989      h 
   80.75820332944768     67.77521554781096     88.53372964458073      h 
   82.09534413496907     71.77774243209167     86.15607286923101      h 
   84.77023440803183     71.88613921883190     88.15158345069477      h 
   86.02860009611904     67.62083780546428     86.69466247510334      h 
   83.39401868704640     67.54136633100977     84.58379786595518      h 
   85.52971995773213     71.91321698309561     83.09218143179471      h 
   88.04604026125385     72.38674766787976     80.12815800323696      h 
   89.75931378268220     69.91258698266816     78.87751653916497      h 
   87.82445701975176     65.64086707089417     83.55731072230883      h 
   90.06655860514491     66.14373619569368     81.23897302597621      h 
   76.09624762900810     69.09508706609957     91.69683897811483      n 
   74.34570480863067     67.51652738838401     93.07672014345439      c 
   73.73482087382214     65.14293957453879     91.52780934690959      c 
   73.48298469552527     65.20321472600693     89.22968602127764      o 
   71.84264593059044     68.85962168952612     93.67515979636011      c 
   72.12852121876892     71.22192236548487     95.32849953284087      c 
   69.55339872200858     71.91435877271068     96.47277925737021      c 
   69.20212888267346     74.69798767637900     97.12347254547561      c 
   70.90237597473482     75.51213054997866     99.18736448709078      n 
   75.55330611598843     69.68883392060347     89.95986716095851      h 
   75.32473506306754     67.00877049100713     94.82505010154821      h 
   70.93914146027363     69.37808132741759     91.89448896632483      h 
   70.62887545432319     67.49555091898695     94.63686590614269      h 
   73.51632737393138     70.87312604022327     96.81140289021491      h 
   72.85141323854317     72.77428102730643     94.18183977047693      h 
   68.09114285919996     71.42900969629723     95.10559175634268      h 
   69.23857403679818     70.77435957886777     98.16043114210918      h 
   69.58387222005723     75.87635169394846     95.47553673905036      h 
   67.24654310655752     75.01390438640541     97.70509610446979      h 
   70.37471856953944     77.24858337431205     99.84830430657584      h 
   70.88814348258276     74.23475312582404    100.63826652263931      h 
   72.89056123443400     75.76697964553503     98.47680918337269      h 
   81.47748661818916     58.48385340443390     74.87908957066674      n 
   79.50004640392144     59.83239787571371     76.16965703514924      c 
   76.88339417816255     59.44473534047930     74.95305109520390      c 
   75.01005404975264     60.59089409189654     75.69002927147702      o 
   80.17596960005426     62.63768604644878     76.27228573673027      c 
   82.75577722670849     63.11561878206936     77.46049410645500      c 
   83.75009269030193     65.80910614469715     76.76941172868993      c 
   83.87243095612234     66.34979786810945     74.47520981079195      o 
   84.38239803577349     67.18759857424713     78.56478243112716      o 
   82.53789810847125     59.49426236626268     73.65460132810696      h 
   79.35878822495133     59.04608834381886     78.08708148683486      h 
   80.20413997664978     63.36529052514464     74.33402292135531      h 
   78.70892836948437     63.66348248354437     77.29926157749108      h 
   82.69993379401829     62.95282540088741     79.51475386073847      h 
   84.14114862286411     61.78459966609299     76.70437682923111      h 
   72.21455973712854     67.71119054832403     83.32672285804573      n 
   72.24765606764736     70.40999339748650     82.84819691288322      c 
   74.38235677889863     71.68276319469963     84.32860882060578      c 
   74.84268141340767     71.12587538587732     86.52333400305221      o 
   69.64866682460998     71.52930249931752     83.60676361924547      c 
   69.72243587602387     74.40051981201914     83.83388285127747      c 
   67.65598445934732     70.73225961769408     81.68040119127568      c 
   72.12059242398286     67.17477934860618     85.16054980820606      h 
   72.54521298647641     70.65772753519303     80.81755675517879      h 
   69.18157253941713     70.75774495393094     85.46765038580834      h 
   67.84204079555498     75.12297801364329     84.23130732375007      h 
   70.97696822270859     74.97072458820321     85.35642372425453      h 
   70.38536111283392     75.27726322442503     82.09786582439314      h 
   65.80068218369777     71.36542426634131     82.28977461257500      h 
   68.06498829314775     71.60437392774588     79.86413431786544      h 
   67.64300088726414     68.69892878390127     81.37564720638223      h 
   75.70950018676162     73.43464278585969     83.03823086634524      n 
   77.41422438239316     75.15870018205243     84.30464152031023      c 
   76.00470577099252     77.57604231519699     85.02879705261711      c 
   74.16963638063361     78.33236371022444     83.82584680471720      o 
   79.66380211065758     76.07906396469114     82.69319738625958      c 
   80.90408976587544     74.11315053220541     80.97952515098628      c 
   83.42265215289108     75.23869531222866     79.97654428669139      c 
   83.32249827855416     76.84220956584568     78.26958776025259      o 
   85.42264074820601     74.54145509653986     81.03312664153408      o 
   75.08651311585082     73.97644252683874     81.31944250533365      h 
   78.07958974106333     74.19941189479685     86.00883300767687      h 
   79.03393531668387     77.64737169998575     81.50129688169142      h 
   81.07642764260127     76.80116100302573     84.01945019784108      h 
   81.30099934377377     72.36051121168738     81.98506573487305      h 
   79.71049513881228     73.68649269055892     79.35329278283803      h 
   77.02543610623027     78.88773780377487     86.92839115989226      n 
   76.05198257347642     81.35084378663588     87.65677390653559      c 
   78.30007878645428     82.90225689781153     88.62073682436771      c 
   79.24839182148530     82.61624030140676     90.70072086298644      o 
   73.89296062835353     81.13575698812153     89.58839453985608      c 
   71.67322312451599     80.22553528018192     88.40029211421519      o 
   73.35639962514641     83.68014930460164     90.83844402421978      c 
   78.33225335892173     78.07770707267355     88.08067047306606      h 
   75.26273430910467     82.22639295233510     85.94789178185776      h 
   74.44465687282180     79.76976212299826     91.05812624506957      h 
   72.07623183127710     79.66964569093540     86.70093731862174      h 
   71.55973295602310     83.56677072102457     91.81914507683116      h 
   74.82981735949879     84.11061434499284     92.20022194339946      h 
   73.25388852083327     85.16584571434532     89.42512575918323      h 
   79.22278097985541     84.48931756591355     86.88619111316311      n 
   81.30205067353046     86.22446650976651     87.32413263733216      c 
   80.18177351895281     88.82724449100478     87.92662394752186      c 
   78.58583328202728     89.76983636333883     86.54343889663740      o 
   82.92527498082590     86.37024718503589     84.93560231783202      c 
   83.72642161777701     83.73492136453484     84.07532511620020      c 
   85.56112480759283     83.83685653612554     81.85189718885502      c 
   86.15954551788565     81.15724023912139     80.99848001764097      c 
   87.88610012115790     81.13136821072018     78.78395972627396      n 
   78.23170102925437     84.82595139632417     85.29074861625763      h 
   82.37626219388187     85.52111414916054     88.93906688507363      h 
   81.82638258851108     87.31094769302824     83.46485360671016      h 
   84.57464691944625     87.52989040742227     85.35514197246496      h 
   84.60809957801287     82.76844850305928     85.66245033204942      h 
   82.05766517631541     82.64519069867062     83.54374798928434      h 
   84.67743268654439     84.89304105074358     80.32031868130539      h 
   87.27408618182120     84.81349985239352     82.44431042728480      h 
   87.02808445094561     80.08438065857176     82.52931800262922      h 
   84.42768898837414     80.18578961820846     80.44192273662705      h 
   88.10473691669972     79.28442591353982     78.21093475483055      h 
   87.08182389677894     82.12245917029769     77.31467697686027      h 
   89.60907671486112     81.92116384233897     79.22990953900779      h 
   81.06131728222789     89.91676919129141     90.02653002757526      n 
   80.22340217888426     92.40168403910630     90.78441659473425      c 
   82.51253063274109     93.79037305250041     91.87830299586192      c 
   84.27933528455097     92.67812815407072     92.85654343329114      o 
   78.06779953998779     92.32897761782129     92.78231655797153      c 
   76.63199091434882     94.83370553696885     92.83401867854262      c 
   76.18682279884817     90.20398315830880     92.23381466826447      c 
   82.52634113056936     89.17740152080610     91.02680230665997      h 
   79.50706742179361     93.33614389401389     89.08173432906018      h 
   78.94875527247713     91.99597094138173     94.62609611758450      h 
   75.02350308325796     94.67429270430102     94.10563809884802      h 
   77.81382779826933     96.39495120954366     93.44707575435120      h 
   75.88418104700872     95.24335447313061     90.96406907545499      h 
   74.71012623860670     90.17323374761040     93.67060459079441      h 
   75.27929255236705     90.52348199202665     90.41805143233101      h 
   77.09457329383353     88.35903833207044     92.17494227246274      h 
   83.84734361733534     80.34265769942571     94.20484295281321      h 
   73.52936760963614     63.47620623909652     92.39432715268227      h 
   82.56625432147256     57.84489887055994     76.01877547667110      h 
   76.67826302683528     58.23002662132534     73.52005838705163      h 
   70.86019928955375     67.01662726588063     82.56787399500122      h 
   82.59653700501038     95.67684086897461     91.80587185530233      h 
   0.2329402912009D-01   0.7321511647475D-01   0.9571982975554D-01
   0.3171314845093D-02  -0.3943820055023D-02   0.7201530852697D-02
  -0.3434907383275D-02  -0.3659554077264D-02  -0.3111050733064D-02
   0.4104573785356D-02   0.1611543065650D-02   0.1839514030495D-02
   0.3010819455246D-02   0.4872692693686D-02  -0.1898247167757D-02
   0.7031239645351D-03   0.7748534868530D-03  -0.1670961601166D-02
  -0.2642910893190D-02  -0.4804752521496D-02   0.2296033057016D-02
  -0.2254573919478D-03   0.3332974657632D-02   0.6710147446815D-03
   0.1120566530293D-02   0.1832445455185D-02   0.2848091935910D-03
   0.8520224422144D-02   0.9248873933561D-02   0.1005963128922D-02
   0.7934382903947D-03   0.2183252589308D-02   0.1110020173691D-02
   0.4779829609895D-03   0.2856899731463D-03  -0.8089509361437D-03
  -0.3112679508474D-03   0.2496497152907D-03  -0.1035385061303D-02
   0.2846562640010D-02  -0.3133110285869D-03  -0.1428750463892D-02
  -0.7631509144473D-03   0.9585043591138D-03   0.4059492207951D-03
  -0.1067829292168D-01   0.5689122821261D-02   0.2311451500599D-02
   0.1247817630225D-02   0.2272645060447D-02   0.2879820778131D-03
   0.6817002227488D-02   0.3058461765553D-03   0.4045238318171D-02
  -0.3914948612640D-02   0.3130806717466D-03  -0.2307354132753D-02
  -0.1429528668394D-02  -0.8059813684339D-03   0.1052089918567D-02
  -0.1488808017620D-02  -0.1936787748486D-02   0.5791638375089D-03
  -0.7067723910626D-04   0.5616820469128D-03   0.7614120908352D-03
  -0.2287958960230D-02  -0.1554055073096D-02  -0.1997321462548D-02
   0.2869401903461D-02   0.4657653887755D-02   0.2412305174223D-02
  -0.2409319192992D-02  -0.1441471321813D-02  -0.1436727617406D-02
  -0.2329685827845D-02  -0.2153846667188D-02  -0.2642151938394D-02
   0.5976060856550D-02  -0.2709932898600D-02  -0.8570794234561D-03
   0.1231789035046D-02   0.2684591553774D-02  -0.1515957944220D-02
   0.1208318713650D-02   0.1580851664683D-03  -0.2600369440938D-03
   0.7676965976546D-03  -0.9260381346430D-03  -0.2698298759881D-03
   0.2500949192104D-04   0.5521342188355D-03  -0.1380924413665D-02
   0.7605292374390D-03  -0.8630157051378D-03   0.8637802204889D-03
  -0.5247483724103D-03  -0.5766950059022D-03   0.1128757197986D-02
   0.4166505044361D-03  -0.4235504708721D-03  -0.1978210551271D-02
   0.1891371139570D-03   0.8273008631864D-03  -0.6227081835130D-03
   0.8669061458392D-03   0.2036761810903D-02  -0.5023561763489D-03
  -0.2736139431043D-03  -0.2431569604079D-03  -0.1635685505153D-03
  -0.3101726311787D-03   0.6548028563247D-03   0.1461401982368D-02
   0.2543546398539D-02  -0.4303869979396D-03   0.4173398527018D-03
   0.2383099217971D-02  -0.6801708075192D-03   0.5206130078189D-03
  -0.9126169713315D-03   0.7094589155538D-02   0.1977117839939D-02
  -0.7365819533596D-02  -0.6910627697065D-01   0.5872608450222D-01
  -0.2550981977470D-02  -0.3374590609849D-02  -0.1899348019256D-01
   0.2194945397479D-02   0.6708504223199D-03  -0.4151412876261D-04
  -0.5283096213679D-03   0.1160344679196D-04   0.4668705025260D-04
   0.3993790020934D-04   0.3411138068432D-03   0.3131735354196D-03
  -0.5203458589215D-03  -0.2054538801188D-03  -0.9013278855707D-04
   0.1194844727210D-02   0.1533015858155D-05  -0.1745290632339D-03
  -0.2759973173081D-03  -0.4718738290871D-03   0.9722834435714D-03
   0.1286447135665D-02   0.2254387618615D-02  -0.1166396244430D-02
  -0.2114640800153D-03   0.2034818286370D-03   0.3371792657247D-03
  -0.3078551437298D-03  -0.7529501042068D-04  -0.3243788784127D-03
   0.2845399620873D-03  -0.1909982444307D-03   0.4055354094762D-03
   0.2124131847548D-03  -0.8116816458364D-04  -0.2535011680046D-03
   0.5589381962378D-03  -0.3839489774075D-03   0.1350924528799D-03
   0.6650907853476D-03   0.4171833714724D-03   0.3399581027410D-03
  -0.6614628005988D-03   0.3528327900120D-03   0.1727336925865D-03
   0.1542582053280D-03   0.9882377736760D-03   0.1207350943431D-03
  -0.8159984795597D-03  -0.5389622820184D-03  -0.3061483950556D-03
  -0.2606255070360D-03  -0.8903312156439D-04   0.4965301168879D-03
  -0.1374997359181D-02  -0.4570674861008D-03  -0.2993156358072D-03
   0.7754080899013D-01  -0.2532620220320D-01   0.9155196250932D-01
   0.6532535508679D-02   0.5853687855431D-03   0.8144453671908D-02
   0.2155436039699D-02  -0.6356225764453D-01  -0.6830707637969D-01
  -0.1602247226237D-01   0.7664014676689D-02   0.3425290692800D-02
   0.5860686892455D-02  -0.1009736162024D-01  -0.4318805315020D-02
   0.1077236950027D-02  -0.2276046263317D-02   0.1125995245567D-04
   0.2160261154110D-02  -0.3423237362090D-03   0.2971855947519D-02
   0.1569944014830D-03   0.1004128998749D-02  -0.9891052206795D-03
  -0.1929028419956D-02  -0.1300575817938D-02  -0.3245945486182D-02
   0.9322098956636D-02  -0.8421206678430D-02   0.5402797270735D-02
   0.2596987629707D-02  -0.3219458068196D-02   0.3002434801994D-03
  -0.9380231448282D-03  -0.5198930627102D-03  -0.3506266830348D-03
  -0.3734139522498D-03  -0.1872797417480D-02  -0.4452537002223D-03
   0.1100758659167D-02   0.8220233100481D-03   0.6112117082111D-04
  -0.1047007600558D-02  -0.9038776301002D-03  -0.8802308240112D-03
  -0.1105147281287D+00  -0.4172219581687D-01  -0.5344289230474D-01
   0.2011242000717D-02   0.2373174983657D-02  -0.9835626335940D-02
   0.4463978334844D-02   0.3306613996004D-02   0.3758316994453D-02
  -0.1655677626682D-02  -0.1868186556698D-02  -0.2361901029432D-02
  -0.8457438674231D-03  -0.8064155737286D-02   0.1689463974605D-02
   0.1694942043978D-02  -0.3375890784323D-03   0.5442878673254D-03
  -0.8181082752045D-03  -0.2111340277245D-02   0.2289855363467D-02
  -0.7307821397568D-02  -0.9693266153031D-02  -0.5757164827924D-02
  -0.1402611067873D-02  -0.1078872296044D-02   0.2636890301227D-03
   0.5654867497487D-03   0.1178382742191D-02  -0.4803811624127D-03
   0.1706349507882D-03  -0.5719931940415D-03  -0.8984576300974D-03
   0.6481419580741D-03  -0.9556468322464D-03  -0.3723122978891D-03
  -0.1868511208875D-03   0.3667448141699D-03   0.1947291743606D-03
   0.4430176633133D-03   0.2300503505063D-02  -0.1595215124142D-03
   0.7838952328117D-05  -0.1483041608616D-02   0.5099426875175D-03
   0.2772115122474D-02  -0.4560749891883D-03  -0.2511807637519D-02
  -0.1784731116514D-03  -0.9385115571176D-03  -0.2679541963668D-03
  -0.4242121283980D-03  -0.6130649648496D-03   0.8417671623227D-05
   0.1820418442458D-02  -0.4375407042686D-03   0.2139393405786D-03
  -0.4781182862571D-03   0.1872530674863D-03   0.1777227344225D-03
  -0.4214435975659D-03   0.7143227333313D-03   0.7380503007565D-03
  -0.1667379246340D-03   0.6330443217198D-03   0.5522211024637D-03
   0.7478834282933D-03  -0.1600252526831D-03   0.5278183845931D-03
   0.1504587128601D-02   0.2504213018997D-03   0.3931680300144D-03
   0.1102170717838D-02  -0.3806227375928D-03  -0.9304475125469D-03
  -0.3446104500436D-03  -0.1379658201951D-03  -0.6447621721301D-03
  -0.2570944148052D-03  -0.1089325760521D-03   0.4704446947153D-03
  -0.3705850114915D-03   0.5975939458851D-03  -0.3466738754668D-04
   0.7641116884187D-03  -0.2809677798676D-03   0.5739138028965D-03
   0.9392146564001D-03   0.9186935490105D-04  -0.1377997323336D-03
   0.7432549656874D-03   0.5657731798258D-03  -0.5270336201891D-03
  -0.4216871498947D-03  -0.4451489180410D-03  -0.4936902655927D-04
  -0.3446631703668D-03   0.8578555877018D-05  -0.2190321831581D-03
  -0.2590222096286D-03   0.4105682418120D-03   0.1278524290098D-03
   0.2930050100489D-03   0.2648660190730D-03  -0.2934781793381D-04
  -0.5038365876583D-03   0.2464333733860D-03  -0.2577175747656D-03
   0.2122806259368D-03   0.4202108530916D-04  -0.5679687285877D-04
   0.4954404807295D-03  -0.8762703579306D-04   0.3056772132486D-03
   0.1299343478224D-04  -0.4819849600228D-03  -0.3114740467153D-03
  -0.2648343224428D-03   0.1171935775243D-03  -0.2989115924532D-03
  -0.4142427173804D-03   0.3739175807553D-03  -0.5428825481188D-03
   0.5341058139370D-03  -0.2281622782825D-03  -0.5819819631562D-04
   0.2738945711550D-03  -0.9117959358950D-05  -0.3604087869009D-03
   0.5585569139299D-03   0.4648993280768D-04   0.3328359697391D-03
   0.4510786531848D-03  -0.5305616933444D-03   0.7210881292087D-04
   0.1084091310412D-02  -0.3062070916595D-02   0.1496046105149D-02
   0.5475800067718D-03   0.1376484500121D-02  -0.5499058888103D-03
   0.1911492524134D-02   0.1616140569406D-02   0.4575683165320D-02
  -0.2076816703018D-02   0.5047324383684D-03  -0.3092006706762D-02
  -0.4030049442591D-04  -0.7511545088304D-03  -0.6369718083424D-03
  -0.5224454337103D-03  -0.9979118962596D-03  -0.6931878888730D-03
   0.5468037833226D-03   0.5403687510371D-04  -0.2840219119002D-03
  -0.1735028902947D-03  -0.1046830479820D-02  -0.5800168578283D-04
   0.5088987034802D-04  -0.1781855115109D-03   0.3203701679681D-03
   0.5896485521757D-04  -0.5036052060309D-03   0.2469520834622D-03
   0.2242246603757D-04   0.2157454571962D-02   0.2363753696541D-03
  -0.2269263284547D-03   0.1403197286450D-04   0.2511069246226D-03
  -0.7165670537098D-03   0.2512944018869D-03   0.7752972985251D-03
  -0.9577094215400D-03   0.1414351834191D-02  -0.9492241869266D-03
  -0.8277691313666D-03  -0.2403294574346D-04   0.2832008193021D-03
  -0.3777492490721D-03  -0.1902952884747D-03   0.4830426673605D-03
  -0.3513955935984D-03  -0.1903915590794D-03   0.3169981826134D-03
   0.2907142540367D-03  -0.1828050282693D-03   0.2857346729980D-03
  -0.3894425519200D-03   0.4790919893263D-03  -0.4361024024544D-03
   0.9990439770686D-04  -0.1344280495048D-03   0.1741409427323D-03
  -0.9410259127983D-05   0.2675111599535D-03   0.1546360591591D-04
  -0.8685474662642D-04   0.1099162645054D-02   0.1286869113994D-03
  -0.1905636445875D-02   0.1494627827703D-03  -0.1422042772582D-02
  -0.8394629395157D-02  -0.5550856538757D-02  -0.7959805198705D-03
  -0.8094942304721D-02   0.8112664714694D-01  -0.9124235292612D-02
   0.1286820221959D-01  -0.5302547717317D-03   0.7809580920138D-02
   0.1372227529172D-02  -0.5168634921837D-03  -0.4446454578228D-02
   0.2349677147521D-03   0.4724613510518D-03   0.1247760137783D-02
   0.1600715832157D-03  -0.2710471257113D-03   0.1554323883416D-02
   0.4894474612712D-02  -0.8242206623858D-03   0.1039923640736D-02
  -0.7343738206572D-03  -0.1804311201479D-02  -0.6146318499444D-03
   0.1644417650921D-02   0.1150804757234D-02  -0.7538670095274D-03
  -0.2227263080859D-02  -0.7394327726545D-03  -0.1151207229498D-02
  -0.3202399921867D-03   0.3070645914307D-03   0.7584454899167D-04
  -0.9361814423608D-03  -0.8757109845817D-03   0.4546954862104D-03
  -0.3523832117261D-02   0.5651471011956D-03   0.4397948946638D-03
  -0.7730375657710D-03   0.1533486934833D-03   0.1104739447297D-02
   0.6029210688763D-03  -0.8036225318735D-03  -0.1972711770445D-02
  -0.4327861756231D-01  -0.8801827841153D-01  -0.1002938709837D+00
   0.8835607537178D-02   0.6308058722729D-01  -0.4327767324283D-01
  -0.8658990646479D-01   0.5683205872250D-01  -0.9156429820443D-01
  -0.1571042080923D-02   0.5066575786002D-01   0.5759417147914D-01
   0.1065336773662D+00   0.5742899261682D-01   0.6646658047438D-01
   0.6781711677432D-02  -0.7641803208622D-01   0.5149477282333D-02
$end                                                                            
