   -0.40169433
    0.02946599
    0.26862250
   -0.49957221
   -0.07556168
   -0.07036709
   -0.09349703
   -0.05089169
   -0.13848668
    0.17451545
    0.03139705
    0.05668630
    0.04814796
    0.05406669
    0.05382137
    0.07809180
    0.07679696
    0.11819751
    0.11739937
    0.30365888
    0.29049897
    0.29050863
   -0.17409495
    0.02697977
    0.20100922
   -0.36946535
   -0.07300424
    0.00043309
   -0.04164104
   -0.04429026
   -0.05836188
   -0.07401818
    0.14573059
   -0.42346455
    0.21906007
    0.09869931
    0.06659327
    0.07336090
    0.04341478
    0.05119254
    0.04511980
    0.04233145
    0.31665351
   -0.38275036
    0.04690489
    0.20281524
   -0.38208993
   -0.07498171
    0.01672255
   -0.04044582
   -0.03997641
   -0.02837581
   -0.03303629
   -0.03303297
    0.16074989
    0.04364376
    0.05790789
    0.05762546
    0.03251310
    0.02768027
    0.03776998
    0.03575706
    0.04344028
   -0.38966283
    0.01201660
    0.25997936
   -0.48498539
    0.11782367
   -0.47952622
   -0.12402432
    0.16345194
    0.05368567
    0.01786597
    0.33202960
    0.06014132
    0.04745398
    0.06039470
   -0.17117902
    0.00816080
    0.27286679
   -0.47104632
   -0.02801597
   -0.06523110
   -0.11884086
   -0.11411278
    0.22017090
    0.08320083
    0.05833392
    0.04710448
    0.03832340
    0.06245397
    0.04368536
    0.05260160
    0.04223053
    0.04386612
    0.04543497
   -0.17601173
    0.01445538
    0.27165786
   -0.47388319
   -0.08623862
    0.01106190
   -0.04110559
   -0.04343351
   -0.02973704
   -0.03149009
   -0.03336413
    0.22144266
    0.09142284
    0.08358529
    0.07122321
    0.04407757
    0.04138796
    0.02821364
    0.04095099
    0.03796454
   -0.16932208
    0.01496420
    0.28938051
   -0.47992564
   -0.02728648
   -0.06777970
   -0.11399573
   -0.11003257
    0.20651625
    0.07959493
    0.05398065
    0.04899225
    0.04441084
    0.05837248
    0.03351101
    0.04849615
    0.04661680
    0.03615406
    0.04204196
   -0.20497464
    0.03277612
    0.27104418
   -0.51344227
   -0.08067149
    0.00913214
   -0.04116166
   -0.04339168
   -0.03223085
   -0.03792576
   -0.03545540
    0.23835228
    0.05585205
    0.07138320
    0.06885519
    0.03910466
    0.03320195
    0.03993415
    0.04920660
    0.04315053
   -0.17775993
    0.01520653
    0.28572338
   -0.49670685
   -0.01972667
   -0.12143617
   -0.12506653
    0.24390916
    0.07100680
    0.05602821
    0.05166308
    0.05285098
    0.03860744
    0.05816973
    0.04831159
    0.05191448
   -0.18861098
    0.02205814
    0.27641028
   -0.50167100
   -0.07137008
   -0.01335174
   -0.22590688
   -0.06352475
    0.22804437
    0.07528380
    0.07382280
    0.07373491
    0.03912903
    0.06102327
    0.06917443
    0.04924587
    0.06217270
   -0.19206936
   -0.02714596
    0.26772245
   -0.50629543
    0.24843557
    0.07445481
    0.09046072
   -0.19860799
    0.02440411
    0.28858061
   -0.45906413
   -0.11221988
    0.29352565
   -0.46919853
   -0.27903194
    0.25089741
    0.07590168
    0.09495036
    0.09110429
    0.23118306
    0.21180711
   -0.19423356
    0.02936290
    0.26972123
   -0.46577761
   -0.07045761
    0.00647773
   -0.03513402
   -0.04447221
   -0.03011972
   -0.04054095
   -0.04051950
    0.19307408
    0.08397738
    0.07594004
    0.03818922
    0.02288460
    0.04931085
    0.03550745
    0.06889475
    0.06029906
   -0.20581854
    0.03485633
    0.27123097
   -0.49611579
   -0.10471643
    0.29165076
   -0.49048851
   -0.29117368
    0.22055181
    0.07081914
    0.08356326
    0.08013499
    0.23473154
    0.22492592
   -0.20088390
    0.02949229
    0.25638690
   -0.52332387
   -0.08096323
    0.02486157
   -0.11026010
    0.00123148
    0.09056550
   -0.29252423
    0.24037378
    0.06483866
    0.08312194
    0.07309747
    0.18599730
    0.04128170
    0.03334799
   -0.08012840
    0.01803160
    0.26038116
   -0.49861962
   -0.07694580
   -0.07121014
   -0.00611529
    0.07791775
    0.06870185
    0.08596268
    0.06055709
    0.09848441
    0.05327183
    0.07556153
   -0.09406560
    0.02332260
    0.28460005
   -0.51033850
   -0.06844406
   -0.06395455
    0.00116410
    0.07161602
    0.04249276
    0.07530527
    0.05207419
    0.08766729
    0.04181991
    0.08384650
   -0.18665324
    0.03612226
    0.28255573
   -0.54498170
   -0.12154621
    0.21231383
    0.04825540
    0.05870049
    0.07499762
    0.06062859
   -0.18341353
    0.02067786
    0.37695984
   -0.64255821
   -0.06342013
   -0.06989916
   -0.08715727
   -0.03753819
   -0.15049385
   -0.62235506
    0.21383796
    0.01266848
    0.05084979
    0.03631643
    0.04544273
    0.06289207
    0.06417646
    0.08811930
    0.11529737
    0.09089831
    0.30572355
    0.29583062
    0.31132199
    0.17197347
    0.07248217
    0.17964565
    0.06955889
    0.18833758
