           2           1   1.01096590708467     
           3           2  0.936553839380206     
           4           3   1.64515161991147     
           5           2  0.978359642207463     
           6           5   1.00788904471526     
           7           6   1.00575722488946     
           8           7   1.01035675481679     
           9           8  0.946502273680040     
          10           1  0.949691020229735     
          11           2  0.959761657041452     
          12           5  0.975056378124992     
          13           5  0.968502729130010     
          14           6  0.972285395220880     
          15           6  0.964238856400238     
          16           7  0.962809971738664     
          17           7  0.968093200169759     
          18           8  0.966564420142789     
          19           8  0.963391745408059     
          20           9  0.896897710128912     
          21           9  0.900766549759255     
          22           9  0.899916467693285     
          23           3   1.28106717908615     
          24          23  0.989860760216484     
          25          24  0.973833560295622     
          26          25   1.89160101244774     
          27          24  0.965793095707512     
          28          27   1.00164257394482     
          29          28   1.39063076695706     
          30          28   1.42008033331103     
          31          29   1.47121538150911     
          32          30   1.43211862992131     
          33          31   1.35392167775567     
          33          32   1.37591068442324     
          34          33   1.07109241586273     
          35          23  0.915439132265015     
          36          24  0.935023963205695     
          37          27  0.962195615826804     
          38          27  0.958311344611157     
          39          29  0.969337727893706     
          40          30  0.954744251245859     
          41          31  0.969393510224616     
          42          32  0.953866306345625     
          43          34  0.858832973476294     
          45          44   1.01122457540476     
          46          45  0.978410788315211     
          47          46   1.88747223279591     
          48          45  0.962018737996876     
          49          48   1.00344948942112     
          50          49   1.40566290498141     
          51          49   1.41631407812484     
          52          50   1.44769727582752     
          53          51   1.43733849889902     
          54          52   1.43148505540194     
          54          53   1.44334722657581     
          55          44  0.952404237470703     
          56          45  0.956757463545185     
          57          48  0.965248661458244     
          58          48  0.959169251472199     
          59          50  0.969914131612308     
          60          51  0.963962968377653     
          61          52  0.965128212505691     
          62          53  0.970564124942404     
          63          54  0.969837364686163     
          65          64   1.02045770196638     
          66          65  0.943764172427336     
          67          66   1.59098456993974     
          68          65  0.951472457341961     
          69          68  0.987915543483509     
          70          68   1.00338242425437     
          71          64  0.949731038406580     
          72          65  0.953641005737920     
          73          68  0.955964745458489     
          74          69  0.869419446393216     
          75          70  0.982510437234591     
          76          70  0.977754068835053     
          77          70  0.982892217049849     
          78          66   1.31157857664549     
          79          78  0.981491777962242     
          80          79  0.941759037974818     
          81          80   1.60870642404391     
          82          79  0.955475298479139     
          83          82   1.00819358264317     
          84          82   1.00760789214339     
          85          78  0.909819540084767     
          86          79  0.939339886992640     
          87          82  0.963562982744223     
          88          83  0.982592620487816     
          89          83  0.983735180241405     
          90          83  0.984381504080250     
          91          84  0.981029461408605     
          92          84  0.984551117551624     
          93          84  0.979928738237118     
          94          80   1.29350495238229     
          95          94  0.982474788328274     
          96          95  0.934065365447915     
          97          96   1.61306880730264     
          98          95  0.961462715935320     
          99          98   1.02025478918330     
         100          94  0.913280210031032     
         101          95  0.945458089839569     
         102          98  0.963192341055811     
         103          98  0.967723005163060     
         104          99  0.863212503124158     
         105          96   1.31190052444300     
         106         105  0.977701747183879     
         107         106  0.934976960791311     
         108         107   1.58467120603130     
         109         106  0.964215300069859     
         110         109   1.00754122950493     
         111         109   1.00839794376733     
         112         105  0.916405295191105     
         113         106  0.947582501458654     
         114         109  0.960660707259514     
         115         110  0.982052239078025     
         116         110  0.982148699246104     
         117         110  0.985162706214543     
         118         111  0.981779948648999     
         119         111  0.985244301356026     
         120         111  0.984356466376431     
         121         107   1.32830456430551     
         122         121  0.970625033169102     
         123         122  0.940218726598896     
         124         123   1.55141672371234     
         125         122  0.983101475859325     
         126         125   1.00650868269949     
         127         126   1.39520220831315     
         128         126   1.42912430274560     
         129         127   1.46170294950557     
         130         128   1.42711431277268     
         131         129   1.42445397257250     
         131         130   1.45265422155505     
         132         121  0.839527873815826     
         133         122  0.940788399162175     
         134         125  0.955241875732817     
         135         125  0.947461360264462     
         136         127  0.968411061179957     
         137         128  0.963161573871755     
         138         129  0.970224629914340     
         139         130  0.956917093561326     
         140         131  0.970624521276704     
         141         123   1.35855164002192     
         142         141  0.973036150119970     
         143         142  0.934869869409626     
         144         143   1.60336703255878     
         145         142  0.998363497334396     
         146         141  0.840330115140036     
         147         142  0.951507362620487     
         148         145  0.978515149381352     
         149         145  0.975257338576344     
         150         145  0.976427051709909     
         151         143   1.29626124326418     
         152         151   1.00286169833135     
         153         152  0.943873247478438     
         154         153   1.56435980633170     
         155         151  0.881188961202047     
         156         152  0.961774419664175     
         157         152  0.959976445345086     
         158         153   1.35241862910791     
         159         158  0.983742483218034     
         160         159  0.940111907994092     
         161         160   1.55917721357850     
         162         159  0.967572335677301     
         163         162   1.00693166572803     
         164         163   1.00116373393565     
         165         164  0.980143315773763     
         166         165   1.32891975000018     
         167         166   1.30632175927953     
         168         166   1.30560375693380     
         169         158  0.826210830599537     
         170         159  0.940862885579625     
         171         162  0.949066721027649     
         172         162  0.967046767957250     
         173         163  0.959844369972473     
         174         163  0.966870631588344     
         175         164  0.961378243650010     
         176         164  0.955381402990510     
         177         165  0.903538542365070     
         178         167  0.922199334595091     
         179         167  0.922486657091735     
         180         168  0.909694309692319     
         181         168  0.926439063693926     
         182         160   1.34649222133669     
         183         182  0.973604810507494     
         184         183  0.933746423803904     
         185         184   1.59209831565747     
         186         183  0.973369631484737     
         187         186  0.990977126160085     
         188         187   1.01047505377671     
         189         187   1.00609740721408     
         190         182  0.854762147917658     
         191         183  0.949235392694078     
         192         186  0.963588178412565     
         193         186  0.963497437912513     
         194         187  0.962228793234639     
         195         188  0.985459004901097     
         196         188  0.974022757797237     
         197         188  0.983448870219102     
         198         189  0.985433975038504     
         199         189  0.980776523125505     
         200         189  0.984278599913956     
         201         184   1.31579638138910     
         202         201  0.983951368931917     
         203         202  0.933967806063521     
         204         203   1.57697967054951     
         205         202  0.961478500338895     
         206         205  0.987813867602089     
         207         205   1.00938929308497     
         208         206   1.01747597597994     
         209         201  0.876117758454584     
         210         202  0.947223298367971     
         211         205  0.956403571897205     
         212         206  0.974801015680406     
         213         206  0.973321845242210     
         214         207  0.977535211686879     
         215         207  0.985836210301266     
         216         207  0.983459073024734     
         217         208  0.982192905888977     
         218         208  0.982197065688703     
         219         208  0.976202759819233     
         220         203   1.31558160357553     
         221         220  0.981850842559475     
         222         221  0.939442575751001     
         223         222   1.57298774368695     
         224         221  0.979915596108819     
         225         224   1.00108701123561     
         226         225  0.910187343840491     
         227         226   1.51148862723925     
         228         226   1.49641203166056     
         229         220  0.825122638680203     
         230         221  0.949116256061662     
         231         224  0.954798209413117     
         232         224  0.973844945528576     
         233         225  0.979063468886357     
         234         225  0.976856637590506     
         235         222   1.33640450768392     
         236         235  0.968111314147796     
         237         236  0.940718864860569     
         238         237   1.61068574967936     
         239         236  0.971952535045399     
         240         239  0.989066992646150     
         241         240   1.00781365476496     
         242         240   1.01001837358939     
         243         235  0.843046334329089     
         244         236  0.952146041248988     
         245         239  0.974119627398241     
         246         239  0.954821718830965     
         247         240  0.969002377202832     
         248         241  0.984429478530879     
         249         241  0.987062440979192     
         250         241  0.984390971269099     
         251         242  0.985239386733290     
         252         242  0.970421574730425     
         253         242  0.976806453399170     
         254         237   1.29388948572892     
         255         254  0.984140669887140     
         256         255  0.924232072559973     
         257         256   1.62474888159544     
         258         255  0.976249692255682     
         259         258   1.01141664695900     
         260         254  0.876356488460789     
         261         255  0.953392518399123     
         262         258  0.961073352683012     
         263         258  0.961754721401915     
         264         259  0.842594378206168     
         265         256   1.31213758750908     
         266         265  0.988663243008409     
         267         266  0.933850433083298     
         268         267   1.61089633547560     
         269         266  0.973273826761726     
         270         269   1.00687367382276     
         271         270  0.968347826173407     
         272         271   1.64301945667089     
         273         271   1.30073236319255     
         274         265  0.858639208122887     
         275         266  0.952106063353573     
         276         269  0.963359279735975     
         277         269  0.965691230129860     
         278         270  0.945924168117107     
         279         270  0.967014831686534     
         280         273  0.921279929965644     
         281         273  0.922764448951482     
         282         267   1.31574499946334     
         283         282  0.985409275722068     
         284         283  0.931908919250351     
         285         284   1.60037043691047     
         286         283  0.973382897209231     
         287         286   1.00911471114243     
         288         287  0.909000247863779     
         289         288   1.51593262353113     
         290         288   1.48620549502260     
         291         282  0.871623296884255     
         292         283  0.956870311093589     
         293         286  0.967165886701122     
         294         286  0.976447306155264     
         295         287  0.970761015888901     
         296         287  0.968830344910967     
         297         284   1.31794269291527     
         298         297  0.994342934998937     
         299         298  0.873091367946147     
         300         299   1.49317668919287     
         301         299   1.53506605093370     
         302         297  0.920368292982535     
         303         298  0.965218205945245     
         304         298  0.968781272559661     
         305           1  0.961749524399140     
         306          25  0.953496617859578     
         307          44  0.951906542032380     
         308          46  0.954373018687411     
         309          64  0.953320061288976     
