$grad                                                                           
  cycle =      1    SCF energy =  -467.43594859860   |dE/dxyz| =  0.505775
   54.34360118006582     26.50459415999849     42.44662447022006      n 
   52.67224608706731     26.62055872922431     44.61360947634069      c 
   51.64644651831789     23.95593168289204     45.04745362489688      c 
   50.57467623117441     22.81562749521777     43.33471091955086      o 
   50.42625771901083     28.40303245419125     44.08114093262436      c 
   51.33064925201057     31.13761237623854     43.76448526586346      c 
   48.51881029335992     28.18468196139041     46.23349654008187      c 
   49.62095561853886     32.66995687928843     42.02557088469751      c 
   53.66673925519778     25.51009788553650     40.96121881730141      h 
   53.73935525196227     27.27686336389436     46.25719263276733      h 
   49.55163986695120     27.75719171549435     42.31593725040263      h 
   51.40852877086972     31.99672172950138     45.63770287332453      h 
   53.24298842811197     31.14164656092743     42.99270980861876      h 
   47.02678099508660     29.58088141580385     46.03275867353030      h 
   47.66957873926783     26.31094339862601     46.25982635553917      h 
   49.46188959140081     28.47835425354446     48.03959625532662      h 
   50.21576288463341     34.63664783025635     41.97850412997717      h 
   49.71079658638393     31.91596710599394     40.11639516293652      h 
   47.67460562647761     32.58294852711548     42.66844582493965      h 
   47.70121489725391     20.57170529096432     25.96936386533314      n 
   46.78134922350971     22.93395318971190     26.97031908646263      c 
   48.11221387498775     23.76634277274122     29.39961493507866      c 
   47.89359126920912     25.93246589583234     30.18748877172084      o 
   43.93967539440376     22.63711456138535     27.44303764262282      c 
   42.60732866657952     21.75772046950771     24.95415027849080      c 
   43.13446986289622     19.56304831711778     24.23110346994125      o 
   41.16907263947812     23.26326875364977     23.88891609476946      o 
   46.23982962778862     19.43348194761808     25.37986239998295      h 
   47.10268063427367     24.47591754358455     25.60268288418138      h 
   43.66451461066185     21.18797973650644     28.88874695843884      h 
   43.13063133268425     24.42555401983827     28.06032917514256      h 
   49.41334226115461     21.97368668203921     30.60912880591279      n 
   50.88071938578767     22.49617860317732     32.84656636738321      c 
   52.87977366506642     24.56004797352782     32.46478893820947      c 
   53.38512272749589     26.03633209446680     34.16554296399660      o 
   52.20179746026880     20.05667327673907     33.68244263179412      c 
   53.31399089050048     20.41659008967997     36.06767681041321      o 
   49.64048394558753     20.25649078987257     29.79110025362768      h 
   49.64054784723743     23.16607027652700     34.37136373244761      h 
   50.77123289972815     18.55712819122273     33.75374049822172      h 
   53.62384862172649     19.54924706250605     32.25654874852332      h 
   54.03972523044547     18.82777245908110     36.60111514617994      h 
   56.33070091012604     30.22748973283546     27.72957529297461      n 
   56.34574270632869     32.07719225935747     25.71519409904349      c 
   58.59415390393004     33.84796921394544     26.21518243187548      c 
   59.82423846368606     33.69716840326812     28.17980789121589      o 
   53.90764894111285     33.65954648334662     25.53992018515686      c 
   51.47022259176443     32.07335274233061     25.50601793017334      c 
   50.41916786125692     31.78700995806207     28.17820947578133      c 
   49.49474093293428     33.28574556983042     23.78159474180731      c 
   57.25066519354971     30.80264671520466     29.30798365598703      h 
   56.60878571841882     31.05956313258812     23.92857691315005      h 
   53.84329388606004     34.97754568100678     27.12469868281944      h 
   54.03010093045193     34.75108436462293     23.79694293345107      h 
   51.90477526150689     30.19287715575684     24.76924396751289      h 
   48.86695421360321     30.43792860864808     28.21888919187495      h 
   51.86595739525920     31.09921579585638     29.46674779562523      h 
   49.73627058426510     33.60075729085563     28.86225270980087      h 
   47.75610384542979     32.19027404371080     23.83847493427817      h 
   49.08450175844669     35.20068158030827     24.40291872405855      h 
   50.15997920658949     33.34124556410455     21.83715177991586      h 
   53.21785320234660     51.76945247382702     39.57000186893897      n 
   50.81085781142599     51.82736321001398     40.87359227170873      c 
   48.68459138115648     50.88484844624654     39.16811245630623      c 
   47.15982589973726     49.30251803223744     39.87882015470581      o 
   50.25599225730146     54.50147694970869     41.83338691046551      c 
   47.90436729650855     54.56038370998785     43.51530334542342      c 
   48.43195070891746     53.51627122053582     46.17476858378231      c 
   46.65167061676082     51.54239950371262     46.84550622129908      n 
   45.82001381597539     50.96110052423644     49.14092653376677      c 
   46.50714105666597     52.29354862792101     51.18432100067944      n 
   44.31733057595861     48.97111140149900     49.40075774741341      n 
   53.66972777968578     53.32786080830458     38.56068699210545      h 
   50.95588968959097     50.47471875851203     42.43393400918249      h 
   51.88336483771052     55.19730341662829     42.89166849667728      h 
   49.99811586234828     55.74594730601236     40.21091781740584      h 
   47.26582419376827     56.50903873987329     43.64237199157046      h 
   46.41806924356500     53.46210933440337     42.60387762429550      h 
   50.35326815933096     52.75650904916058     46.22704025282568      h 
   48.32422591174836     55.07497246896060     47.51615131005440      h 
   46.10871556196501     50.35930592784732     45.42687084380762      h 
   47.28185223510928     54.01740827808814     50.93433832795461      h 
   45.57736196147204     51.97402279304292     52.81999207732397      h 
   43.81056864386047     47.97841044945885     47.84746126902732      h 
   43.65280123299327     48.41455016850119     51.09365714694543      h 
   48.59605497106962     52.02039653480197     36.90778676921983      n 
   46.77310071241535     51.24253493753681     35.02904809042627      c 
   46.65378861310103     48.36060811551124     34.85186403474707      c 
   44.71669577487135     47.21330977563171     35.37726730812280      o 
   50.01378703914828     53.18745286579397     36.37826438082393      h 
   44.87785583057746     51.90590943836098     35.53054762368285      h 
   47.28689550265255     51.99794155005829     33.18665929257807      h 
   48.82938440778805     47.26079761174923     34.22211116687063      n 
   48.99984335702559     44.60749578147028     33.55949441629446      c 
   48.15966513527056     42.94159099448076     35.75717267197007      c 
   46.77607540032994     41.10299885448593     35.42880462569386      o 
   51.69993790530606     43.96711323441979     32.80143252111778      c 
   50.38256690092844     48.32210542380449     33.86349730712163      h 
   47.70438671892288     44.24060219575573     31.97678199758622      h 
   51.84812264230705     41.96312861837639     32.38081844635577      h 
   52.21702717270958     45.03350121450797     31.12340262580445      h 
   52.99147717912142     44.45834854524929     34.31987674678236      h 
   49.08443334772171     43.54861623796911     38.01912889189532      n 
   48.27941167747836     42.16408505063124     40.24838129004259      c 
   45.39121102690618     42.19840466840922     40.35625271199296      c 
   44.14097321887944     40.25506677289950     40.53091434975872      o 
   49.47661637557896     43.26244577894371     42.65212794518041      c 
   48.02160189064058     42.39471560682710     44.99027498668405      c 
   52.24765033535266     42.47391915877111     42.82267939140091      c 
   50.25641992930687     45.04720951595690     38.23866548139276      h 
   48.81462052262034     40.17501439385359     40.00789629452331      h 
   49.36816964205907     45.31959961015710     42.50293999783740      h 
   49.04139281703073     42.94136462345340     46.68272812724417      h 
   46.14770054820572     43.23020204741980     45.02966547447636      h 
   47.81694855274016     40.35080446502936     44.97011482050458      h 
   53.07419365185874     43.21466300479352     44.54956357081558      h 
   52.40421265834439     40.42471345764177     42.83856648469740      h 
   53.29940098937736     43.21079166780523     41.22129169344881      h 
   44.37512363513127     44.50359944813200     40.35067094700933      n 
   41.66885575808757     44.82694572136376     40.45226832744098      c 
   40.34059857126136     43.30275821375998     38.39044997681874      c 
   38.35643099554203     42.18553503829700     38.84177381526183      o 
   40.97835617615164     47.61082093833738     40.18268102223441      c 
   41.99738899683634     49.15354663180349     42.37571918793336      c 
   43.26208146699274     48.24457266228711     44.08035043739408      o 
   41.39431240223739     51.60616199513184     42.31309877431242      n 
   45.44204969143988     46.07950540070448     40.12717636392766      h 
   40.97784168068749     44.10329038194121     42.26949810409465      h 
   41.76064762930289     48.30387380345860     38.40305647204115      h 
   38.92658873361263     47.79981670999997     40.09201884090787      h 
   41.88255567935781     52.74369919769418     43.76503002925712      h 
   40.31249438571869     52.32025802960619     40.92327340388739      h 
   41.46957563047967     43.33126079435085     36.15193965231990      n 
   40.31924279777253     42.24311853177516     33.93460349014241      c 
   40.02790633444831     39.40217516432963     34.27187843615956      c 
   38.10486616034861     38.27958724454638     33.60327632105734      o 
   41.95212182001169     42.74217022307421     31.61795763483865      c 
   42.27865978972717     45.62701889344225     30.98531044871430      c 
   40.56206967831535     47.08121874416902     31.65237224479374      o 
   44.23353026980033     46.18137303235593     29.78992339485639      o 
   42.93467545374116     44.52719337259504     35.83358187462553      h 
   38.43550216386850     43.07142375241143     33.62894999380737      h 
   43.82397344417257     41.91723767835375     31.86561583050640      h 
   41.07946787962884     41.88524988998961     29.95500299219207      h 
   42.03635698177960     38.24168633814688     35.25228466506668      n 
   42.04318694325603     35.52963323801934     35.61976207103079      c 
   40.22918595387111     34.87387419841132     37.77233588174216      c 
   38.70474425620633     33.13901941950415     37.55569264049631      o 
   44.70647456808707     34.47383127366433     36.06825061020196      c 
   45.30273432025405     32.22925139829327     34.32483677114168      c 
   48.08426557974165     31.48875711514890     34.51318105581483      c 
   43.66134984390675     29.93566346539532     34.93814478970619      c 
   43.60778369954900     39.25239059894599     35.67161028064584      h 
   41.23271576163345     34.67246618458246     33.90976049670011      h 
   46.05820725346361     35.99135836127955     35.71276863144119      h 
   44.90918965546631     33.88383326184501     38.03368752523493      h 
   44.91812967170964     32.81247139795841     32.37427832273065      h 
   48.48735122234844     29.95276889808153     33.20790373305157      h 
   49.30136242645801     33.08055846995391     34.06075690478461      h 
   48.52202487348001     30.83736526206739     36.41144389046499      h 
   43.97761773682414     28.46677753291969     33.53433879887432      h 
   44.16158873965975     29.17929495024030     36.78312582290479      h 
   41.66212666564697     30.40872799201538     34.95990856107461      h 
   40.39326939369995     36.28172578749888     39.84636388816104      n 
   38.66369871902659     35.91125023853066     41.95157669643628      c 
   35.93224560821076     35.97311611311491     40.99703915754052      c 
   34.37215557902091     34.36986199671544     41.61862002554683      o 
   39.22499444174907     37.90617723048039     43.96887597910008      c 
   37.58363559065256     37.72874637980476     46.36066185440395      c 
   39.04609018441194     38.77029898450285     48.62670720487876      c 
   35.09790711622794     39.16978691034456     46.05543723647536      c 
   41.70347319950975     37.67525345949296     39.99061119822118      h 
   38.95742064861215     34.01402785448491     42.74109676349283      h 
   41.20522099853649     37.63767709576183     44.48071064278159      h 
   39.02559989709308     39.77131457708520     43.11034964711069      h 
   37.15269811367178     35.73416848581135     46.71339664727846      h 
   37.88612964359051     38.68534857488019     50.31951098956898      h 
   40.74751451564642     37.66813317809613     48.95763714317580      h 
   39.57576342055968     40.72507056331181     48.28552723864212      h 
   34.03037626975884     39.14109654881996     47.81171130463921      h 
   35.45946026100970     41.12607664169091     45.53660726766680      h 
   33.93337245614070     38.32370123916512     44.59221678932311      h 
   35.38398735595706     37.90896088032959     39.48292073075854      n 
   32.87511183454860     38.29662147160292     38.46549298150114      c 
   32.08846615971367     36.04199796264866     36.83886201478121      c 
   30.04482753246048     34.99795189952040     37.17957428556171      o 
   32.77826405409031     40.74592761015468     36.96022622589641      c 
   36.68851161272501     39.25582579776766     39.08278358503161      h 
   31.50759955784948     38.37608815144475     40.02864874371208      h 
   30.89143722370081     41.04551199063241     36.21089959213290      h 
   33.28495950373982     42.32384114956111     38.17131717772605      h 
   34.11889384778174     40.67705650220118     35.40543129215341      h 
   33.71717782903219     35.34324767526859     35.05263856065924      n 
   33.21121640620007     33.17500011357253     33.44419353639648      c 
   32.59394922109843     30.88487576790432     35.10758986582303      c 
   30.70375459312065     29.59128736011824     34.74278404083351      o 
   35.50894884353119     32.62996337200885     31.76348717554492      c 
   35.50904243088601     29.97760072929060     30.61093927505502      c 
   33.30140091620717     29.46315522458392     28.81505363590265      c 
   33.23364968441766     26.65546830205818     28.15469230688409      c 
   31.15566916764337     26.03907844377138     26.36250302403395      n 
   35.31278624784444     36.35671038982288     34.70611053770526      h 
   31.52291949903517     33.55529322027179     32.29993444956422      h 
   35.59569061565495     34.05949215807195     30.28321574192361      h 
   37.19198144890051     32.83489521979838     32.93634016945475      h 
   37.28700482405461     29.71712508980450     29.60269204632868      h 
   35.44593735206990     28.59325428364023     32.13588300506338      h 
   31.53739366691607     29.97499695451766     29.75171442665545      h 
   33.52042051958166     30.60805928622103     27.11758178308720      h 
   35.03297803820973     26.07442862378478     27.34072451998410      h 
   32.92261967076968     25.57663284113909     29.88342344434831      h 
   30.11901781985114     24.38753920945129     27.08641467530181      h 
   29.91380166978453     27.51795028097013     26.22619347361979      h 
   31.82237814867555     25.63636317460051     24.59369659762024      h 
   34.32610993771728     30.38291315711488     36.85780335534449      n 
   34.11631851017182     28.25929348683653     38.56403276021347      c 
   31.43315373925932     28.08233449052592     39.58575052601467      c 
   30.13992783098805     26.19436290856489     39.25713535970915      o 
   35.96469401500737     28.48282258217219     40.78903508873378      c 
   35.05562919956160     26.93530645175494     42.97014901509563      c 
   33.96699129456168     27.80087295795742     45.14517836348448      c 
   35.01224484343867     24.24262771457716     43.10514369192659      c 
   33.26782515994735     25.81348280177421     46.63709380444655      n 
   33.88529513210753     23.60954032945407     45.45008361942840      c 
   35.84255227558342     22.32319980680954     41.50267904936051      c 
   33.63026796484036     21.11501086233373     46.23398821993977      c 
   35.54093748264996     19.85943371621827     42.26670834287173      c 
   34.47151140527089     19.26512099121569     44.60591911980496      c 
   35.85158312736265     31.52396385097878     37.07735210371663      h 
   34.45668348692838     26.50016424231835     37.51661596758712      h 
   37.83853337518699     27.87906235332184     40.18007264144345      h 
   36.05636328193695     30.45721577605206     41.35329406161558      h 
   33.65563350019991     29.71639779173429     45.74230862603582      h 
   32.43545991753312     25.95379086867792     48.33750264589979      h 
   36.70592585308749     22.75967730434978     39.70572967836902      h 
   32.83248810181299     20.66451193632168     48.05667847083981      h 
   36.14560708069731     18.33522257305615     41.06416887188237      h 
   34.29391959303013     17.29321308572481     45.10055393933594      h 
   30.62226139441442     30.07502934763297     40.90444014185341      n 
   28.18888198200354     29.94470168483808     42.14222382326104      c 
   26.05643849057309     29.75469359038595     40.18737461753364      c 
   24.32356684280046     28.23649442646119     40.41703339878966      o 
   27.80783403107685     32.24550543366131     43.85669621612237      c 
   25.12453904878679     32.54745559644797     44.65376103349566      c 
   23.65678717467943     30.60336969884156     45.53321405042991      n 
   23.60022296215072     34.63628941481726     44.74125291646131      c 
   21.35431826303345     31.58396441411712     46.05841900141363      c 
   21.26793729685210     34.00961924913403     45.62924430464000      n 
   31.75196295774312     31.59503006705164     41.18592845410629      h 
   28.09381653304603     28.17208337164753     43.22486372997207      h 
   29.01950430976569     32.05573625688299     45.52100565073412      h 
   28.39608985994599     33.94317348878521     42.84370205401495      h 
   24.14389364406929     28.76209734749373     45.58646531220937      h 
   24.02995801217914     36.54862055996133     44.23233176497418      h 
   19.82099883770516     30.46592890272723     46.76316807755496      h 
   26.19422568309152     31.39918223092202     38.28600627396575      n 
   24.26730926079477     31.45808027635201     36.34346840338529      c 
   23.67040111738740     28.79291217275663     35.36148878921970      c 
   21.49848154132700     28.07585564107573     35.03496393911561      o 
   25.17134591913493     33.12375020801159     34.16057898387395      c 
   23.19893414089638     33.42594940115152     32.07943048686560      c 
   20.72431562346425     34.69011607188109     32.81140308731332      c 
   18.78923359820866     34.29522428609272     31.61470038262793      o 
   20.80161455199341     36.33670208013096     34.73992473240441      n 
   27.69265490357617     32.58208712256457     38.09299501097232      h 
   22.49411916623175     32.17201431879367     37.14807510058161      h 
   25.76109918101923     34.95141635904763     34.90938197854534      h 
   26.85691981114230     32.23366310109395     33.37716252244097      h 
   23.99002014636834     34.54047410824116     30.53224334998825      h 
   22.68867535502187     31.57969382546786     31.31498499689877      h 
   22.37673493339453     36.63488221867281     35.75696029549720      h 
   19.18199336097700     37.17007661893862     35.29139957450175      h 
   46.32481889716879     29.83896178664216     59.48245786941034      n 
   47.01844989767702     30.22530026743780     56.84574763454499      c 
   49.85876188217159     30.76098325918237     56.73003613174913      c 
   50.69150925967605     32.64061974715240     57.78816631028325      o 
   45.52222484333511     32.55141012049535     55.92763478819933      c 
   45.53751778128184     33.04853633960008     53.12874150468976      c 
   47.32688420379213     34.61031551828210     52.01547004325167      c 
   43.61210513373156     32.08423197739071     51.62478817759479      c 
   47.16687801645143     35.23146489231227     49.48260307500743      c 
   43.43550931572532     32.67610159627797     49.09433841885043      c 
   45.20460135456312     34.29216407031549     48.01291020555192      c 
   44.91279126846834     34.91899568927055     45.53616903039258      o 
   45.97368071182802     31.43367177588092     60.47535865297764      h 
   46.50951554002907     28.52982624139971     55.78367424972117      h 
   43.56534118019357     32.29139969638907     56.52613255546922      h 
   46.30701719514554     34.19704059977936     56.89540889058612      h 
   48.83503644865617     35.40711747534276     53.13411560579909      h 
   42.19199156876091     30.88277081237391     52.45316387952876      h 
   48.53888583836729     36.49507667260684     48.65590962563282      h 
   41.90532176250355     31.95905925284847     47.95336117731136      h 
   46.24336283044363     36.05476218668202     45.01095876379873      h 
   54.65016106474417     28.07904004567392     41.88120147585330      h 
   51.84614953314509     23.12977097617536     46.73524548277075      h 
   48.71755253031849     20.87573644566662     24.64000881689436      h 
   53.78313355226187     24.70619869398772     30.81141510124604      h 
   54.72518364016625     29.88634395400891     28.17510399653228      h 
   59.07630479680854     35.14842434914910     24.93166728914240      h 
   54.47131760291438     51.56473749873530     40.70114321635817      h 
   25.07693418269712     27.59274351471566     34.97120159698472      h 
   44.91086799591502     28.89746421246446     59.56544665827099      h 
   51.00542475030012     29.58228232785362     55.79896548729248      h 
   0.8831143823878D-02   0.1207608831070D+00  -0.4215436526019D-01
   0.5118657524552D-02   0.1303043531743D-01   0.5692225312585D-02
   0.2020462578733D-01  -0.2652224945892D-01   0.8937406093969D-01
  -0.1097173964295D-01  -0.9316730869306D-02  -0.1734447008542D-01
   0.6341363839477D-02  -0.1688463247748D-02  -0.4147085592190D-02
  -0.2791467597461D-04   0.5751124657889D-03  -0.2788121255900D-02
   0.1057729972305D-02  -0.5693006451474D-03  -0.1552914320740D-02
  -0.8944072434510D-03   0.8123978122459D-03  -0.1977245015011D-02
   0.6767700251519D-02   0.6645526221909D-02  -0.3617392846711D-02
  -0.8561768148737D-03   0.7394689072267D-03   0.5695300706088D-03
  -0.3235403424880D-04   0.7751457098933D-04  -0.7869960623709D-03
  -0.1968400496143D-03  -0.1446555582485D-02   0.1027606171678D-03
   0.9076734199708D-04  -0.2862107595359D-02   0.5376180388852D-04
   0.5625619352066D-03   0.5804465582427D-03  -0.2451590403806D-03
   0.9870697076946D-03  -0.8405755620284D-03   0.5302775170935D-03
   0.9701126862887D-03  -0.1322926686792D-02   0.4331916279298D-03
  -0.4307994695647D-03   0.4785357705428D-03   0.8356474557222D-03
   0.5312260060187D-03  -0.9333882663762D-03   0.1542031322842D-03
   0.9420200746874D-03   0.3454004429575D-03   0.7696952913235D-03
   0.5909662781969D-01   0.3512016868555D-01  -0.1081394482930D+00
   0.7385365609949D-02   0.2237086115011D-02   0.5706509986211D-02
   0.7412847492953D-02  -0.1213747774438D-02   0.3039901363265D-02
  -0.2690718126457D-02  -0.5915832662927D-03  -0.1220991414018D-02
   0.2869061226936D-02  -0.5791696525024D-02  -0.2731035331540D-02
  -0.4707866604758D-02   0.5541599995464D-02  -0.3065997268516D-02
   0.8054360488851D-02  -0.1432269793715D-02   0.1879790848679D-02
   0.3245292476118D-02  -0.3982759159827D-02   0.7501318825802D-03
  -0.2213123379269D-02  -0.6711552671768D-02  -0.3081910821696D-02
   0.4016044627554D-02  -0.3503667370791D-02  -0.9233401278381D-03
   0.4590983501940D-03  -0.7052655814470D-03   0.8505538033043D-03
   0.1576201933961D-02  -0.5937661388125D-03  -0.1008280725316D-02
  -0.7856533697612D-02   0.2613818756992D-02   0.3847920838765D-03
  -0.3270486914981D-02  -0.5364241248099D-02  -0.1477555033545D-02
   0.3748546916696D-01  -0.1085632253230D-01  -0.8737431061313D-01
   0.4648156246473D-02   0.1291845283138D-01   0.1554675372849D-01
  -0.1110214143261D-02   0.2049557965456D-02  -0.1074303430889D-02
  -0.2706039498591D-03   0.1131372591110D-02   0.2522460463032D-02
   0.4481392910521D-02  -0.3210020674763D-02   0.4905890967747D-02
  -0.8648149433118D-03   0.9270808986403D-03  -0.1598897240520D-03
   0.1012523050675D-02   0.2527945509628D-03  -0.5702484401687D-03
  -0.1231176939709D-02  -0.1808768367058D-03  -0.1092038492486D-03
  -0.2622578181788D-03  -0.1227377181432D-02  -0.1478177128863D-02
  -0.1170372571288D+00  -0.1654515021055D-01   0.3330086543248D-01
  -0.1499655378871D-01  -0.6941433912365D-02  -0.1347103530131D-01
   0.9380526145708D-02   0.5915739877435D-01  -0.6764313357210D-01
   0.1383296610400D-01  -0.3531730506744D-02   0.2037199517274D-01
  -0.1574989763288D-02  -0.5700208280032D-02   0.4426379749914D-02
  -0.1518643021278D-02  -0.2964754560659D-03  -0.3282347323784D-03
   0.1231169056956D-02   0.2944882527018D-03   0.8641096069391D-03
  -0.1098244139969D-02   0.1088721719074D-02  -0.4225537193404D-03
  -0.6155229355522D-02  -0.5913093312345D-02   0.3226200394015D-02
  -0.2642000457807D-02  -0.2543775137814D-02   0.1038565581059D-02
   0.8808951190026D-03  -0.5009488759251D-03  -0.2908884119814D-03
   0.5601959463368D-03  -0.1884338170379D-02   0.9418682873418D-04
  -0.3838393719502D-03   0.1341866095365D-02   0.1257776448326D-02
  -0.2208366584496D-04  -0.3894727068857D-03  -0.3451779055783D-03
   0.4340262322414D-02  -0.1490851557200D-02  -0.2469253607602D-02
   0.5527604527656D-03   0.2531232310439D-03  -0.7038535241280D-03
   0.1231937346492D-03  -0.4540184392633D-03  -0.2900693119400D-04
   0.4891944591594D-03  -0.1482857052097D-03   0.1576314782989D-03
   0.2087476331200D-03  -0.3449466028977D-03  -0.4731994141071D-03
   0.8443044183349D-01  -0.7277443254656D-02   0.9167205780808D-01
  -0.4495715672215D-02  -0.3292442770831D-02   0.9687224322818D-03
  -0.4623029181229D-02  -0.7041458197257D-02  -0.2843154160592D-02
   0.8258592013698D-03   0.3061525868620D-02   0.8471745490230D-03
   0.7865522906808D-02  -0.9567335926935D-03  -0.5111911018518D-02
   0.2049590456851D-03  -0.2834602545943D-02   0.5937292166067D-03
   0.9822292566655D-04  -0.2826815410029D-03   0.1475195978499D-02
  -0.5693998428040D-03  -0.1283011563370D-02   0.4975072234679D-03
  -0.2319811409216D-02  -0.2883400143881D-02  -0.3729712802854D-02
   0.4742924513887D-02   0.2245788473035D-03   0.4225501384789D-02
   0.1215126698090D-02   0.2295223985415D-02   0.4413833682186D-03
   0.8538834487336D-02  -0.4095107359059D-02   0.2885142785173D-02
   0.2224433278301D-02  -0.1687733110032D-02  -0.3548434570594D-03
  -0.6273875392370D-03   0.5772657997813D-03  -0.2172975412871D-03
   0.1428970001791D-02  -0.4888772996555D-04   0.2167431139039D-03
   0.2048560697559D-02  -0.9213107276119D-03  -0.5189741956433D-03
  -0.1692411979476D-03  -0.2432177795573D-03  -0.2416614752571D-03
  -0.2879592723455D-03   0.9461786602983D-03  -0.1990360067043D-02
   0.3756249462710D-03   0.1082696395089D-02  -0.1338065784863D-02
   0.2226315397395D-03  -0.9518853843396D-05  -0.5056203324983D-03
  -0.1213516756759D-02   0.1891589365047D-02  -0.2865103727741D-02
  -0.2547818932079D-02  -0.6368632932270D-03   0.6073387422795D-03
   0.2638936304900D-03  -0.1670212934546D-03   0.4210676461247D-03
  -0.4312217026874D-03  -0.8196911675012D-03  -0.1895905777379D-03
  -0.1919044006369D-02   0.2087853013348D-02   0.1735267294548D-02
   0.6204572172643D-03  -0.9326087103772D-03   0.1495972310661D-02
   0.9194327035784D-02  -0.4095073945724D-02  -0.2316887838470D-02
  -0.5133656204298D-02  -0.3718223938004D-03   0.1146917195458D-02
   0.2235278766783D-02   0.1579034326978D-02  -0.1320744261967D-02
  -0.2762165764083D-03   0.2379437557783D-03   0.6190153450989D-03
   0.6200226876629D-03  -0.6154710483115D-03   0.7038351436140D-03
  -0.8764604561094D-02   0.6180410286219D-03  -0.1387109571583D-02
  -0.2211543969991D-03   0.1691197134259D-02   0.2174051314337D-02
   0.4341155766301D-02   0.4417162282738D-02   0.5310975138255D-02
  -0.2528742856646D-02  -0.3590168107780D-02  -0.9438107516111D-03
  -0.1307294817320D-02  -0.2287125461430D-02   0.1818947803488D-03
   0.3181536342563D-02  -0.1234078719685D-03   0.2154847637414D-02
   0.5109545607272D-03   0.1230111123771D-03  -0.5967798957772D-03
  -0.5307706834181D-03  -0.5625918780352D-03  -0.4383262020530D-03
   0.3054652442232D-03   0.1097274424836D-02   0.9658225604400D-03
  -0.1256986419433D-02   0.2021084347378D-02  -0.8042272030411D-03
  -0.2645049435934D-02  -0.2203469406178D-02  -0.3221394418267D-02
  -0.3893008242468D-03   0.1174354000318D-02   0.1211255921605D-03
   0.1103597580617D-02   0.1171847119879D-02  -0.1094501823537D-02
  -0.4896933111520D-03  -0.1247621091115D-02   0.1575362273070D-03
   0.3098184182707D-03   0.3332685521328D-03   0.5848700291866D-03
  -0.4829294004312D-03  -0.5857599031662D-03   0.6500140076008D-03
   0.9387468068319D-03  -0.1679925212503D-02   0.2177510754906D-03
   0.3447548820758D-02   0.1712949379958D-02   0.7220585358166D-03
  -0.4369037489010D-03   0.7111858090207D-03  -0.3717505247497D-03
   0.1324140544390D-02  -0.1160914143925D-02  -0.1316053940502D-02
   0.2125598641936D-03  -0.3876273882509D-04  -0.7550815342101D-03
   0.7012884462315D-04   0.3033974463650D-03  -0.3068995209564D-03
  -0.8962192258615D-04  -0.1044481775738D-03  -0.2693629270263D-03
  -0.7308689081787D-03   0.4626529737741D-03   0.4016442337326D-03
  -0.9587134187166D-03  -0.7488662777818D-03  -0.8749834128138D-04
  -0.1459691625395D-02   0.1629196725710D-02   0.3517649086081D-04
   0.1047480032286D-03  -0.1501920429430D-03   0.5230611848842D-03
   0.2454923006541D-03   0.4498654601841D-04  -0.7819357731465D-03
   0.4484199233100D-03  -0.4698959742284D-03   0.2780770115551D-04
  -0.5832980847056D-03  -0.6883330800728D-04   0.1044085350026D-03
  -0.1126826081210D-03  -0.1534840180627D-03   0.1224941916847D-03
   0.1750991286540D-03  -0.1979464905754D-03   0.5431870236300D-03
  -0.1238615589775D-03  -0.2107502917662D-03  -0.1982405374845D-03
   0.5680631573783D-03   0.1335502284117D-03  -0.1805850472443D-03
  -0.1053131412483D-03   0.1881265500289D-03   0.4924903229598D-03
   0.4924101697287D-03   0.6898227102705D-03  -0.1208005542200D-02
  -0.3572389073495D-03  -0.7119040262488D-03   0.1317400367188D-03
   0.4523321998340D-04   0.1561608742916D-03  -0.8716186100864D-04
   0.2157182302652D-04  -0.4806637436000D-04   0.3797788074206D-03
   0.6601734396086D-04   0.9519868030302D-04  -0.1060010053320D-05
   0.4990469824122D-03  -0.2377239485625D-03   0.1329403580227D-03
   0.1227956656793D-03   0.5455036887859D-03   0.1140964559320D-02
   0.1119814497567D-02  -0.3049886533763D-03   0.2313875187625D-02
   0.4835917290841D-04  -0.7296886998123D-04  -0.1774971642917D-02
  -0.6342129527055D-03   0.2106954535803D-03   0.2252039454926D-03
   0.1562417353559D-02  -0.1388214108159D-02   0.8555636560093D-03
  -0.5528992789653D-03   0.6490867415044D-03   0.7963686541881D-03
   0.7699106216702D-03   0.8119727644569D-03  -0.1706829206782D-02
   0.2315255856003D-03  -0.5047053121421D-03  -0.4410964962558D-04
  -0.3503166553905D-03   0.2269388950115D-03  -0.1838851459327D-03
  -0.1778330331480D-03   0.5153530670991D-03  -0.3526579544487D-03
   0.1184238547852D-03   0.5201032978351D-03   0.3246869361008D-04
  -0.1145398262700D-03   0.3190605142593D-04  -0.2744104853345D-03
   0.1345150809385D-04  -0.1164429428444D-04  -0.4285307639013D-03
  -0.4717040591982D-04   0.3715593228090D-03  -0.4742353859320D-03
  -0.5981267950784D-04   0.2758701413273D-03   0.4404954116468D-03
   0.1220489027622D-03   0.1044744589468D-03   0.6109171581865D-04
   0.1943069438811D-03  -0.1681559707568D-04  -0.1114950250976D-03
   0.4562641549032D-03  -0.2633641473691D-03  -0.2874916066905D-04
  -0.2390080715789D-03  -0.6779215387105D-04  -0.1153153514977D-03
  -0.1404060779018D-03   0.4172620459726D-04  -0.1319574633052D-03
  -0.2200798233510D-03  -0.6872003062858D-03  -0.5748608398599D-04
  -0.9856403537749D-04   0.4047865334630D-03   0.3512159864529D-04
  -0.1234750530294D-03  -0.2485361736873D-03   0.1166316410457D-03
  -0.2057239807292D-03   0.6745965943296D-04  -0.1343875215762D-03
   0.3957309719520D-04  -0.3976421254877D-03  -0.3405381070951D-03
  -0.9842295112459D-05   0.3356559367121D-03   0.5235893056431D-04
   0.4489902664869D-05  -0.7364230438969D-04   0.3814172486204D-03
  -0.6796711109822D-04  -0.5475117059462D-04  -0.2925053784209D-03
   0.1507676058699D-03  -0.2557603016146D-03  -0.6001605261432D-04
  -0.4589282504301D-03  -0.7169959042424D-04   0.1646248696935D-03
   0.3638501745547D-03  -0.2217319947526D-03  -0.1447559765762D-03
   0.1750388617463D-03   0.2231597515095D-03  -0.2620986524869D-03
   0.2203518899845D-03  -0.2692239576673D-03   0.9656821788661D-04
  -0.1592103833984D-03   0.3043769161057D-04  -0.9604701113642D-04
   0.1648056392153D-03   0.1833795134799D-04  -0.4732567715621D-05
  -0.1349544602991D-03  -0.2719296621009D-03   0.1398423354264D-03
  -0.8945819459149D-04   0.1167718457554D-03   0.1652861174890D-03
  -0.2030445379630D-03   0.3482319852262D-03   0.2139339050898D-03
   0.2014147754764D-03  -0.3092771180058D-03   0.1265705222363D-03
  -0.4087781600466D-03   0.5130632498453D-03  -0.8544511942940D-04
   0.2737518591717D-03  -0.3761724214890D-03  -0.1336217432746D-03
   0.2178196610893D-03   0.1483007864805D-03   0.7830003195672D-04
  -0.1235160073445D-03  -0.6130975627208D-03   0.3067392811363D-03
  -0.5422574585669D-04  -0.1438140274454D-03   0.2997627341493D-03
  -0.1185732435902D-03   0.6558805525856D-04   0.3025276314220D-03
   0.2947132263299D-03   0.2895658327307D-03   0.1109018030679D-03
  -0.3660867561532D-03   0.2085830599589D-03   0.3389412584738D-03
  -0.1091569384577D-03   0.3314260117764D-03  -0.3232586581973D-03
  -0.3616210452683D-04   0.2426700884748D-03   0.4484939171038D-04
   0.2206101991933D-03  -0.3049872639360D-03   0.1237596098334D-03
   0.3289776484268D-03  -0.3096579401383D-03   0.1945669005417D-03
   0.4140330689387D-03  -0.1091455078229D-03   0.1765373310916D-03
  -0.2597919812319D-03   0.3554761101451D-03  -0.3233917955506D-03
  -0.1955745104901D-03  -0.1688316454029D-03   0.3862689512313D-03
  -0.3369908307953D-03  -0.4822527795556D-04  -0.3279389592951D-03
  -0.2650220163494D-03   0.3073504381316D-03  -0.5370690677111D-03
  -0.1956147158509D-06   0.3185816443040D-03  -0.8190751745527D-06
  -0.7238680526973D-04   0.2286201188642D-03  -0.2375846305588D-03
  -0.2503342345365D-03   0.5588784491360D-03   0.5270252840931D-03
   0.9816488511592D-04  -0.9438883280736D-03   0.2001298906150D-02
  -0.1013131416858D-02  -0.7883986416135D-03  -0.7874253298709D-03
   0.5310218842607D-02   0.5640578975848D-02   0.9231109100943D-03
  -0.2486219977734D-02  -0.3201075159752D-02   0.1254019036027D-02
   0.1385948160011D-02  -0.9485013400181D-04  -0.1406904746662D-03
   0.1119909949325D-02  -0.8398859433748D-04   0.2611676594028D-03
   0.1704530548096D-02  -0.3549248921012D-03   0.9639782997151D-03
  -0.2124020995094D-02   0.9830194759062D-03  -0.3117295475056D-02
   0.2117426239117D-01   0.3172336699037D-01  -0.1488960862681D-01
   0.6756328661338D-03   0.1178071745706D-02  -0.1223225995272D-02
  -0.1984931686078D-03  -0.8385933531992D-03  -0.3596566199709D-03
  -0.4646001473717D-03  -0.4614177290432D-03   0.3253763327414D-03
  -0.1603503748043D-03   0.4097885003481D-03   0.2229571299489D-03
  -0.4368932597015D-03   0.4338253129865D-03   0.1756576714270D-03
  -0.9226768491411D-03   0.3513968905491D-04  -0.8279331613631D-03
  -0.7819781040741D-03   0.3142652058371D-03  -0.9691189701963D-03
  -0.7971297059359D-03  -0.2656689890986D-03   0.2655856878540D-03
  -0.1152616278852D-02  -0.1341815652976D-05  -0.3736853825326D-03
  -0.2532471504241D-02  -0.1886626163388D-02  -0.1331691600192D-02
  -0.1774238774580D-01  -0.3040174432510D-01   0.1702907230214D-01
   0.3608048210327D-02  -0.2781474187627D-02  -0.1010986487130D-02
  -0.1699273824592D-02   0.1475420709231D-02   0.3332735512519D-02
  -0.2501452958322D-02  -0.1597169724921D-02  -0.2318756777369D-02
  -0.9245836628758D-03  -0.6198230244020D-03   0.2982362677511D-03
   0.4085044321279D-02   0.7974314319778D-02   0.4580342736903D-02
   0.9734617859031D-03   0.1381121444768D-02  -0.2559290634562D-02
   0.6740640328228D-03  -0.5066405931594D-03  -0.2631148259410D-03
  -0.2304647890030D-03  -0.8497395478008D-03   0.1015534880755D-02
  -0.9781584610206D-03  -0.2532186773274D-04   0.1332013716721D-02
  -0.5834853723689D-03  -0.1122168583226D-03  -0.6871559898450D-03
  -0.1862206549601D-03   0.1120732697763D-02  -0.1464535196165D-02
  -0.1502186008566D-02  -0.1211323813091D-03  -0.1722791175701D-03
  -0.4523584746896D-04  -0.5722876389453D-03   0.3259288391276D-03
  -0.5879153163869D-03  -0.8440704360720D-03   0.7333587952231D-03
   0.5680075964332D-03  -0.1023677683406D-02  -0.1674367407168D-02
   0.1741205705909D-02   0.1533438948325D-02  -0.3856744631729D-03
   0.8169983400472D-03   0.3960524708812D-03   0.1861166974035D-03
   0.5722323341324D-03   0.7999047225188D-03  -0.3563954051992D-04
  -0.5156459618728D-03  -0.1304542100503D-03   0.5492257476026D-04
  -0.2759254512935D-03  -0.1469340164459D-02  -0.2123302447136D-03
  -0.4247611012006D-03   0.1046730898946D-02   0.9028524480050D-03
   0.2752791920376D-03   0.9485495255044D-04  -0.1069856282822D-02
  -0.3742682295904D-04  -0.5109442866032D-03   0.6453576618007D-04
   0.7068112416493D-03   0.8109896186377D-03   0.7572872577755D-03
  -0.1332597702081D-02   0.1536203909379D-02   0.2223476492170D-02
   0.3155235585496D-03  -0.3272981496930D-03  -0.1966578919842D-02
   0.7447004324398D-04  -0.2807993165206D-02  -0.3214172614031D-02
   0.5226854846323D-04  -0.1667468430308D-02   0.1872533481070D-03
  -0.4105257891472D-04   0.6509479680242D-03   0.2141281258630D-02
   0.1303180016514D-02   0.8752449560284D-03  -0.2935804457144D-03
  -0.4673632519806D-03  -0.8252458466550D-03  -0.7942089835755D-03
   0.1234554572147D-02  -0.5182297831482D-03   0.5824315300518D-03
  -0.1051551228637D-03  -0.3474563675303D-04  -0.7409407033626D-03
   0.1795954151535D-03   0.7681818481059D-03  -0.3673008775130D-03
  -0.1982322171742D-02   0.9883832335694D-03  -0.5572613670485D-04
   0.7923798489141D-03  -0.3270420930046D-03   0.5396739079381D-03
   0.4045213000421D-03  -0.1762770757234D-03   0.1047006046163D-02
  -0.1149335752251D-02  -0.5190332790625D-03   0.2396811688982D-03
  -0.4635976923876D-03   0.4617390423011D-03   0.5077817494496D-03
   0.6862908298531D-03   0.2509273694363D-03   0.4717160669907D-03
   0.3077337704674D-03  -0.1374816633514D-02   0.9092311172990D-03
  -0.3100331246992D-03   0.5437092562175D-03  -0.1011471696973D-03
   0.3698825280103D-03  -0.7895779532533D-03   0.2303184832877D-04
   0.1012502090916D-02   0.4304662971616D-04   0.3774286623276D-03
   0.1332422527981D-02   0.7811629128109D-02   0.2964182989830D-02
   0.7724868739844D-01  -0.4143653370549D-01  -0.2013044405202D-01
  -0.1469585432112D-01  -0.8901465767597D-02  -0.1772331316961D-02
  -0.1364949780778D-02  -0.5625475546273D-04   0.2549525029580D-02
   0.4943720178929D-03   0.6476362464370D-03   0.1296711710170D-03
  -0.1215169292341D-02  -0.1058528809476D-02  -0.1104822374037D-02
   0.1306384346524D-02   0.5143614847810D-04   0.1013358419867D-03
   0.3658280303411D-03   0.3391360492289D-03   0.6048660312688D-03
  -0.3887022340761D-03   0.1665697048771D-02   0.1026812569015D-02
   0.8198684319336D-03  -0.6207553158601D-03  -0.4992973652384D-03
  -0.2247216141957D-03   0.5335923620573D-03  -0.5934203761526D-03
  -0.8918855836594D-03   0.9079541255425D-03   0.1301123539123D-03
  -0.2781631508738D-03  -0.2809920865965D-03  -0.3243360594593D-03
  -0.3467495566105D-04  -0.2513865639208D-03   0.6730009146576D-03
   0.3594711354893D-03  -0.1989508117859D-04   0.7878010714832D-04
   0.7694074710060D-04  -0.1231892656230D-03   0.1994685696231D-03
  -0.1079713283412D+00  -0.5777855780913D-01  -0.2630666685666D-02
  -0.1237593999758D-03  -0.7960762015117D-02  -0.2546685688049D-02
   0.4747018578891D-01  -0.7008687607085D-01  -0.5007842943597D-01
   0.1868406803502D-02   0.1679608206289D-01   0.1028974493237D-01
  -0.4753373620806D-03  -0.5700519797261D-02   0.1158549534006D-01
   0.1304564278125D-02  -0.4436372680338D-03  -0.1699697260970D-02
   0.4035952781804D-03  -0.4940302634663D-03   0.6123540163967D-03
   0.7416934671501D-05   0.5661113584568D-03   0.3633446333704D-04
   0.6114603323407D-03   0.6554653925156D-04   0.5691426669888D-03
   0.3620228551099D-03  -0.8935103240905D-03   0.1489581739051D-03
  -0.1147082591966D-03   0.7498922477892D-03  -0.1151132936567D-02
   0.4612165427205D-03  -0.9104275747066D-03   0.2378771352821D-02
  -0.8827150315160D-02  -0.6529605537073D-02   0.4542656144045D-02
  -0.3018790554864D-02  -0.6665330966254D-03   0.8136933301780D-03
   0.3308858000467D-03  -0.1314637552598D-03  -0.8591737006466D-04
  -0.2229161549231D-03   0.4482705289167D-03  -0.1344205708225D-02
  -0.1624307850450D-03   0.8999962214482D-03  -0.1213875450155D-02
   0.8024722236906D-03   0.1257141965438D-02  -0.6866712288657D-03
  -0.7186384135126D-03   0.1109319359092D-03   0.7047738355238D-03
  -0.7292126150872D-03   0.3117967459788D-04   0.7220895985661D-03
  -0.5760474141151D-04   0.3301144948428D-04  -0.4669240533724D-03
  -0.2958200338713D-01  -0.1274132581608D+00   0.4556571451839D-01
  -0.9873078457278D-02   0.2899605199214D-01  -0.6949284888740D-01
  -0.8376172679015D-01  -0.2066133692817D-01   0.1072023390290D+00
  -0.3310059126233D-01   0.1315079664763D-02   0.6924447128587D-01
   0.1269962828476D+00   0.3523232894552D-01  -0.3354021988005D-01
  -0.1327264435025D-01  -0.5006635742540D-01   0.5512729057623D-01
  -0.1028397765155D+00   0.2116916491640D-01  -0.9057287621995D-01
  -0.6471403023933D-01   0.4047632718349D-01   0.1319172446473D-01
   0.1126540318941D+00   0.8044428301087D-01  -0.7457533788723D-02
  -0.4262548674650D-01   0.4936881865579D-01   0.3739175581744D-01
$end                                                                            
