           2           1   1.00816650417180     
           3           2  0.976866911070122     
           4           3   1.89750341295874     
           5           2  0.956433463738105     
           6           5  0.993220357795193     
           7           6   1.00641616588724     
           8           6   1.00896326223828     
           9           1  0.937673373215282     
          10           2  0.958560791783628     
          11           5  0.971918037990410     
          12           5  0.975808228467410     
          13           6  0.962675582443715     
          14           7  0.984849676093179     
          15           7  0.983877054389010     
          16           7  0.985291149817594     
          17           8  0.985398726140754     
          18           8  0.985714403331595     
          19           8  0.982223070412331     
          21          20   1.00946105307118     
          22          21  0.975616635758905     
          23          22   1.90410158692418     
          24          21  0.959898377303447     
          25          24   1.01488501041286     
          26          25   1.27057001947125     
          27          25   1.55373330643374     
          28          26   1.54257403042655     
          29          27   1.20305043488560     
          29          28   1.27397008669248     
          30          20  0.934791154714783     
          31          21  0.962169973728558     
          32          24  0.954919356372156     
          33          24  0.953233368852384     
          34          27  0.968275429708499     
          35          28  0.965131687317189     
          36          29  0.932905290693137     
          38          37   1.02369559122868     
          39          38  0.948610453931905     
          40          39   1.61118916368105     
          41          38  0.974595684105554     
          42          37  0.942753631668440     
          43          38  0.949747540055328     
          44          41  0.983154635863435     
          45          41  0.982647780450279     
          46          41  0.986706149402074     
          47          39   1.31130092519074     
          48          47  0.983943147644518     
          49          48  0.936342043428702     
          50          49   1.61423157437782     
          51          48  0.966636652488641     
          52          51   1.00748125936396     
          53          52  0.980971441937948     
          54          53   1.56792156993446     
          55          53   1.35035769184899     
          56          47  0.880196653089193     
          57          48  0.951385143327311     
          58          51  0.964751670888531     
          59          51  0.967029486095395     
          60          52  0.957391205984084     
          61          52  0.943657161998016     
          62          55  0.943244829022073     
          63          55  0.912795460012533     
          64          49   1.31509682073028     
          65          64  0.982813448000088     
          66          65  0.923895004519359     
          67          66   1.61832475846773     
          68          65  0.971027081467884     
          69          68   1.00576938909299     
          70          69   1.42086526215191     
          71          69   1.39105646032941     
          72          70   1.43324881631192     
          73          71   1.46965647305631     
          74          72   1.38427698964755     
          74          73   1.35597791364423     
          75          74   1.06202438481848     
          76          64  0.925026469937999     
          77          65  0.945046069072077     
          78          68  0.963624253013264     
          79          68  0.954247113564747     
          80          70  0.962545807416490     
          81          71  0.967091544307989     
          82          72  0.963629027121256     
          83          73  0.966742834884647     
          84          75  0.877040785353107     
          85          66   1.32375582552697     
          86          85  0.981786957865561     
          87          86  0.931987101293745     
          88          87   1.60726275029000     
          89          86  0.951536587976519     
          90          89   1.00823675432945     
          91          90   1.41266578119812     
          92          90   1.39595181589673     
          93          91   1.44190115642960     
          94          92   1.46706180678103     
          95          93   1.36794625822139     
          95          94   1.35327127933941     
          96          95   1.08965278799251     
          97          85  0.882331491544123     
          98          86  0.956266615240494     
          99          89  0.955360617988977     
         100          89  0.967993052518694     
         101          91  0.963363040228038     
         102          92  0.966725271439475     
         103          93  0.957926408023948     
         104          94  0.965467326030393     
         105          96  0.826836929707345     
         106          87   1.31764472056431     
         107         106  0.971796697970597     
         108         107  0.934294139181490     
         109         108   1.63452393697912     
         110         107  0.960770138252127     
         111         110  0.991010630150678     
         112         110   1.00958785349206     
         113         111   1.02072844184445     
         114         106  0.918805562634477     
         115         107  0.955706423004974     
         116         110  0.962100415724577     
         117         111  0.976336558212632     
         118         111  0.974445314753495     
         119         112  0.983902915015958     
         120         112  0.984041253753968     
         121         112  0.985118864444102     
         122         113  0.983773326489802     
         123         113  0.987507249408775     
         124         113  0.985193814031944     
         125         108   1.29934560876611     
         126         125  0.983571572294968     
         127         126  0.979767373410276     
         128         127   1.89321368900830     
         129         126  0.932949723231997     
         130         129  0.997098216569176     
         131         129  0.997403296289202     
         132         125  0.909355201281742     
         133         126  0.952136727173331     
         134         129  0.958531268318955     
         135         130  0.866663962623119     
         136         131  0.980062215999608     
         137         131  0.979961425066986     
         138         131  0.983326947007784     
         140         139   1.02264305768247     
         141         140  0.941954727103901     
         142         141   1.62428152025419     
         143         140  0.957876901765072     
         144         143   1.01542082062890     
         145         144   1.56994468432538     
         146         144   1.20845412780330     
         147         145   1.21017337419688     
         148         146   1.24061163918283     
         148         147   1.18370156556882     
         149         146   1.33071865563057     
         150         148   1.33869621404274     
         151         149   1.49857928201562     
         152         150   1.49258550881677     
         152         151   1.37129147447265     
         153         139  0.934285775401896     
         154         140  0.961616719055227     
         155         143  0.955685241242756     
         156         143  0.973790980950186     
         157         145  0.968945994511502     
         158         147  0.935393242576518     
         159         149  0.965040175470678     
         160         150  0.967783386811836     
         161         151  0.970143689857875     
         162         152  0.967536558058579     
         163         141   1.29206297254630     
         164         163  0.984401742948394     
         165         164  0.940588995319244     
         166         165   1.62529570702332     
         167         164  0.971652371134412     
         168         167  0.914786568964959     
         169         168   1.47765692891288     
         170         168   1.51151235372402     
         171         163  0.870644292544558     
         172         164  0.952056062581426     
         173         167  0.977654475935519     
         174         167  0.966638560007198     
         175         165   1.29207900061791     
         176         175  0.969868338861436     
         177         176  0.921922063867720     
         178         177   1.65143610899741     
         179         176  0.987980994677038     
         180         179   1.00866847135865     
         181         180  0.994253570521743     
         182         181  0.991584299735977     
         183         182   1.32167979682942     
         184         183   1.30650187139188     
         185         183   1.31754835432138     
         186         175  0.929712575991967     
         187         176  0.942218306858497     
         188         179  0.967097432454977     
         189         179  0.964982987209454     
         190         180  0.969235644827904     
         191         180  0.969677636450589     
         192         181  0.961349582737671     
         193         181  0.967888695631406     
         194         182  0.874611049715436     
         195         184  0.918112164238367     
         196         184  0.916677965651494     
         197         185  0.903611684394052     
         198         185  0.916117207413955     
         199         177   1.29273120754782     
         200         199  0.974878798319938     
         201         200  0.918838712087782     
         202         201   1.65554269585425     
         203         200  0.985981326590803     
         204         203  0.969881407098862     
         205         204   1.63163518602094     
         206         204   1.31585508024110     
         207         199  0.924094411165982     
         208         200  0.945877436198048     
         209         203  0.940288997279229     
         210         203  0.968063027376275     
         211         206  0.923090996295379     
         212         206  0.926992226735670     
         213         201   1.30052467009786     
         214         213  0.994181413530073     
         215         214  0.940024505271987     
         216         215   1.66858949806454     
         217         213  0.910724258028011     
         218         214  0.952332987685690     
         219         214  0.953850456700609     
         220         215   1.27626318965200     
         221         220  0.984200331491013     
         222         221  0.939557204182183     
         223         222   1.61913730503563     
         224         221  0.970693944197425     
         225         224  0.993125185565690     
         226         225  0.971149165747962     
         227         226   1.63804259405317     
         228         226   1.30488879112086     
         229         220  0.920591105484806     
         230         221  0.944129999644476     
         231         224  0.970890074508390     
         232         224  0.971249242854236     
         233         225  0.969940178202550     
         234         225  0.953923464565827     
         235         228  0.923681674944145     
         236         228  0.925562005185666     
         237         222   1.30511287956903     
         238         237  0.986050913480180     
         239         238  0.930492147841383     
         240         239   1.62274781966146     
         241         238  0.977100220542886     
         242         241  0.907472266198080     
         243         242   1.50214427958252     
         244         242   1.50417292995821     
         245         237  0.897619102614650     
         246         238  0.942739757628197     
         247         241  0.979815510304855     
         248         241  0.968451470086642     
         249         239   1.30773775958909     
         250         249  0.983625114525469     
         251         250  0.983577079428933     
         252         251   1.88512080832910     
         253         250  0.940730595927501     
         254         253  0.987432044508540     
         255         254   1.00440620741606     
         256         254   1.00975922003022     
         257         249  0.899054214656528     
         258         250  0.948550341930287     
         259         253  0.974160592156778     
         260         253  0.970276240975801     
         261         254  0.967781392687841     
         262         255  0.983606514452107     
         263         255  0.985712897071471     
         264         255  0.983079258335728     
         265         256  0.983988479313435     
         266         256  0.984741534787796     
         267         256  0.979296712703674     
         269         268   1.02220703722864     
         270         269  0.987594252165266     
         271         270   1.88021002364915     
         272         269  0.928543736701134     
         273         272   1.01135729777748     
         274         273   1.41531967494978     
         275         273   1.40627893553108     
         276         274   1.44056363066430     
         277         275   1.44867710299860     
         278         276   1.44089953071548     
         278         277   1.43163560333000     
         279         268  0.947757534542768     
         280         269  0.952862355553212     
         281         272  0.967005858063761     
         282         272  0.968686433366595     
         283         274  0.968717027682546     
         284         275  0.968612595028447     
         285         276  0.968626512902677     
         286         277  0.967779191335332     
         287         278  0.968556014239737     
         289         288   1.03071557326220     
         290         289   1.00517118496592     
         291         290   1.85099346864373     
         292         289  0.913868630962918     
         293         292   1.00317901001512     
         294         292   1.00787868734481     
         295         288  0.936541222240381     
         296         289  0.929075054062387     
         297         292  0.953204070558533     
         298         293  0.867572680232538     
         299         294  0.979628379346864     
         300         294  0.978346606669140     
         301         294  0.981860283855367     
         303         302   1.02292864029722     
         304         303  0.934357083429634     
         305         304   1.62795544850318     
         306         303  0.968111732025206     
         307         306  0.999268893905992     
         308         302  0.926176625664477     
         309         303  0.963066599763938     
         310         306  0.968024143628170     
         311         306  0.970021868956220     
         312         307  0.867583052179878     
         313         304   1.31152449899690     
         314         313  0.972806779061677     
         315         314  0.933540442487322     
         316         315   1.61656631767086     
         317         314  0.957075103725651     
         318         317   1.00792346331845     
         319         317   1.00858694132417     
         320         313  0.926051250498823     
         321         314  0.949129742995406     
         322         317  0.965860387840244     
         323         318  0.982967073828450     
         324         318  0.983992056866622     
         325         318  0.985100045874995     
         326         319  0.983355398312511     
         327         319  0.985158579625248     
         328         319  0.984732531703688     
         329         315   1.31861753658831     
         330         329  0.971334745357667     
         331         330  0.930689834308293     
         332         331   1.60790875562979     
         333         330  0.969081253508054     
         334         333   1.00446627094501     
         335         334   1.00196688454703     
         336         335   1.01188786843770     
         337         336  0.960997792333734     
         338         329  0.897122155424822     
         339         330  0.959342081811468     
         340         333  0.975565127877094     
         341         333  0.957648788523502     
         342         334  0.971126779941179     
         343         334  0.976689124460222     
         344         335  0.971548061588705     
         345         335  0.967421411975183     
         346         336  0.958375323213742     
         347         336  0.961186772518327     
         348         337  0.890324403243741     
         349         337  0.894813427890666     
         350         337  0.897057160007896     
         351         331   1.32529895438275     
         352         351  0.973292412402753     
         353         352  0.935605388114422     
         354         353   1.59519585921418     
         355         352  0.962753549611510     
         356         355  0.994757958033303     
         357         355   1.00837556552636     
         358         356   1.01926533140078     
         359         351  0.888657818846251     
         360         352  0.950231566648066     
         361         355  0.960312793497986     
         362         356  0.970259656605659     
         363         356  0.974452346252903     
         364         357  0.981426482514663     
         365         357  0.984384581618307     
         366         357  0.983220404222845     
         367         358  0.985363753875494     
         368         358  0.985553714321943     
         369         358  0.985103622900107     
         370         353   1.32864845269546     
         371         370  0.986205681916064     
         372         371  0.939197700188797     
         373         372   1.62647724604697     
         374         371  0.963115471802529     
         375         374   1.00486596904958     
         376         375   1.00659813290993     
         377         376  0.985692011870223     
         378         377   1.31035033554660     
         379         378   1.27878369092496     
         380         378   1.35581950651982     
         381         370  0.885600975434841     
         382         371  0.946386274413629     
         383         374  0.969463337532757     
         384         374  0.966099664779704     
         385         375  0.969664460902984     
         386         375  0.966155813351227     
         387         376  0.948233598466808     
         388         376  0.954280170350029     
         389         377  0.901992376524732     
         390         379  0.914410739160079     
         391         379  0.914953682212718     
         392         380  0.892067072034910     
         393         380  0.910999156307044     
         394         372   1.29289629559879     
         395         394  0.987065026893404     
         396         395  0.973939790451863     
         397         396   1.89931567170470     
         398         395  0.950689825273970     
         399         398   1.00199815432121     
         400         399  0.904796295451847     
         401         400   1.51395781101480     
         402         400   1.49441607774551     
         403         394  0.923464955520969     
         404         395  0.948544813611349     
         405         398  0.968617313896008     
         406         398  0.975052400049366     
         407         399  0.979096599618919     
         408         399  0.978165714886181     
         410         409   1.03071973002471     
         411         410  0.985165827922368     
         412         411   1.88324247884757     
         413         410  0.924497456218226     
         414         413   1.01884167291629     
         415         414   1.56632024635772     
         416         414   1.20521662748176     
         417         415   1.20884323794196     
         418         416   1.24370793471206     
         418         417   1.19248822769341     
         419         416   1.32780579033424     
         420         418   1.33496195716470     
         421         419   1.50251619336892     
         422         420   1.49594916077651     
         422         421   1.36683100751962     
         423         409  0.954466064117933     
         424         410  0.936831715390351     
         425         413  0.972051678908085     
         426         413  0.955927472184500     
         427         415  0.966129847417449     
         428         417  0.929443716818273     
         429         419  0.964109025844370     
         430         420  0.967417167787743     
         431         421  0.969381865162048     
         432         422  0.969103759735407     
         434         433   1.01648648337195     
         435         434  0.931816847648517     
         436         435   1.64045791440606     
         437         434  0.962720770291288     
         438         437  0.999597970755465     
         439         437  0.996979275955908     
         440         433  0.956634866061942     
         441         434  0.958205712136916     
         442         437  0.960621376571004     
         443         438  0.868687307181579     
         444         439  0.975866978033414     
         445         439  0.984499715574624     
         446         439  0.983588328134552     
         447         435   1.29271149273351     
         448         447  0.984030118287930     
         449         448  0.937749759936680     
         450         449   1.63820178471981     
         451         448  0.958573153880519     
         452         451   1.00852983483990     
         453         451   1.00829345389709     
         454         447  0.885658005945569     
         455         448  0.951070193233890     
         456         451  0.965732438697341     
         457         452  0.984078408466869     
         458         452  0.985189203386140     
         459         452  0.986087158538518     
         460         453  0.982497960924853     
         461         453  0.985702993566674     
         462         453  0.983780870505647     
         463         449   1.29540673729834     
         464         463  0.983878683789425     
         465         464  0.943060708721232     
         466         465   1.61988407454057     
         467         464  0.952475597394879     
         468         467   1.01034525975917     
         469         468   1.41597912021228     
         470         468   1.39510810877889     
         471         469   1.44553254304982     
         472         470   1.46851921692966     
         473         471   1.37296552843155     
         473         472   1.35565832552611     
         474         473   1.08160091079550     
         475         463  0.893066791000276     
         476         464  0.948827969183756     
         477         467  0.957220917852908     
         478         467  0.970016212660902     
         479         469  0.965015649062214     
         480         470  0.965681625740566     
         481         471  0.962682169676316     
         482         472  0.969006369838770     
         483         474  0.851386527889451     
         484         465   1.30369932106787     
         485         484  0.972538808876382     
         486         485  0.979903673016963     
         487         486   1.90055730423966     
         488         485  0.947978014641384     
         489         488   1.00417950306987     
         490         489  0.905577424781445     
         491         490   1.50525304241791     
         492         490   1.50322808383533     
         493         484  0.924214847744904     
         494         485  0.946351418458328     
         495         488  0.967054460409145     
         496         488  0.976921958366971     
         497         489  0.978009150633570     
         498         489  0.970083866477669     
         500         499   1.00474449182715     
         501         500  0.977097601683026     
         502         501   1.89558393721196     
         503         500  0.949521240180807     
         504         503  0.995149445527459     
         505         503   1.00874064393745     
         506         504   1.01853113916887     
         507         499  0.957353096856945     
         508         500  0.963512888000627     
         509         503  0.961446101502684     
         510         504  0.976044201662361     
         511         504  0.967316540912898     
         512         505  0.982003512400940     
         513         505  0.982183253493017     
         514         505  0.985969193525375     
         515         506  0.986023512535166     
         516         506  0.986800285168615     
         517         506  0.983151164273954     
         519         518   1.01272831196922     
         520         519  0.988194999915409     
         521         520   1.88614614166414     
         522         519  0.934568765619914     
         523         522  0.999053048644001     
         524         522   1.00612512490224     
         525         523   1.01572522946491     
         526         518  0.954681673333992     
         527         519  0.960968017981888     
         528         522  0.968365429565759     
         529         523  0.971693632271277     
         530         523  0.967297508367843     
         531         524  0.980394120118719     
         532         524  0.984352889246179     
         533         524  0.980917849148010     
         534         525  0.982772934474736     
         535         525  0.987704542530484     
         536         525  0.985483825061740     
         537           1  0.945057106349725     
         538           3  0.956739127561332     
         539          20  0.954581290132991     
         540          22  0.956642139558643     
         541          37  0.955949339395909     
         542         127  0.950752237872741     
         543         139  0.957645386941028     
         544         251  0.952610879071813     
         545         268  0.951398721560817     
         546         270  0.955446976449846     
         547         288  0.952571389193347     
         548         290  0.955018609200177     
         549         302  0.950413996430516     
         550         396  0.953522244449510     
         551         409  0.950901565784277     
         552         411  0.955406892762205     
         553         433  0.950937137119552     
         554         486  0.952652478666972     
         555         499  0.940856648720734     
         556         501  0.956511827735759     
         557         518  0.944715327167774     
         558         520  0.956796437777858     
