$grad                                                                           
  cycle =      1    SCF energy =  -462.38622942698   |dE/dxyz| =  0.336312
  183.81941260741252    104.85730728829883    385.44185774725088      n 
  182.03379746117588    104.01673692403186    383.43605353393303      c 
  183.42324300726756    104.52158009038409    380.91819639528728      c 
  185.36482891101556    105.78519088424171    380.95536452624594      o 
  179.58962855263283    105.53970064208731    383.55613781722218      c 
  182.97994935685634    106.05698852611316    386.72510594313900      h 
  184.64217130494234    103.37882124356592    386.39586892717199      h 
  185.23831400540533    105.83457448662855    384.42805002202857      h 
  181.61687567035665    102.00321541235540    383.60684299094788      h 
  178.30978767606152    104.93465856412652    382.07005210692540      h 
  178.64261159975018    105.22634298174491    385.35130261530895      h 
  179.96696926489247    107.54819045512274    383.33277212913498      h 
  182.29984057799462    103.60182187760677    378.87336400849875      n 
  183.50769917588676    103.59452246285112    376.41945215862074      c 
  182.11985742527941    105.23859156646301    374.49235854673725      c 
  182.26971637613454    104.83918266896050    372.21739955322346      o 
  183.89233294132859    100.88551509696391    375.43783788309429      c 
  181.53114779195161     99.53239388215587    374.43271139334297      c 
  179.61894254601947     98.62817957521455    376.37026849075113      c 
  179.25543215538025     99.64253117263580    378.42836746839805      o 
  178.26776146522246     96.62791625550955    375.65013687833078      n 
  180.87159004073607    102.26955124980238    379.03285043125248      h 
  185.38490320899280    104.45964354193906    376.65194614541832      h 
  185.23978889965909    101.00203731694745    373.88239611486711      h 
  184.74778100914617     99.76817012242741    376.94326296088389      h 
  180.53260330990037    100.78554487054112    373.12986491993257      h 
  182.16313424257876     97.89883426339976    373.34862985042105      h 
  178.52393156123148     95.77800595191864    373.97058779245356      h 
  176.91200552930036     95.95706389480910    376.81025063321886      h 
  180.84792446088861    107.21200476963051    375.43139279586580      n 
  179.48713539485806    108.96069755964193    373.80326449742000      c 
  181.19089584990860    109.69453958055567    371.58606553501562      c 
  180.42934611211373    109.74171703523315    369.39537031390961      o 
  178.62463527967927    111.31324055950553    375.28959168918186      c 
  177.44507693036547    113.23784468950915    373.48837204739300      c 
  176.71524858777946    110.59163957347677    377.33224038727593      c 
  180.69267630604537    107.43837799530540    377.32026838020215      h 
  177.82430124057109    108.01952620696514    372.99396268067153      h 
  180.28323678685663    112.17449385485688    376.17715997301173      h 
  176.84595452533242    114.90285709083570    374.53049360265408      h 
  178.77969127584961    113.82968034926520    372.04189912544621      h 
  175.79908640650962    112.43926047237933    372.55235873854446      h 
  176.08550331017625    112.28709878576416    378.30434778338736      h 
  175.07180822112426    109.69254223282385    376.48941286970648      h 
  177.51356575620804    109.31926493118772    378.73075988998471      h 
  183.55669134195222    110.27540721402126    372.23855450194520      n 
  185.51817509807583    110.94100911819227    370.44870750625228      c 
  185.08954025972318    109.55914359396320    367.94992522259935      c 
  185.19941438318799    110.66828188554437    365.91218886087438      o 
  188.20789558927760    110.21899938425170    371.36978450245579      c 
  188.66234455577325    110.86435852043228    374.16006115833477      c 
  190.11194162387099    111.57659651285847    369.66985166067036      c 
  191.33493134361066    110.17868417210521    375.00410744067125      c 
  184.02655560199244    110.37581220931528    374.08585886683795      h 
  185.45263902515390    112.98126908571241    370.07065846631428      h 
  188.45135275937594    108.17749511005066    371.13558884748750      h 
  188.33362903254763    112.87572627100417    374.47767947303709      h 
  187.36873355612445    109.78041209045907    375.34821974606399      h 
  191.98668475814702    110.78017339426113    369.90182262782798      h 
  189.58774517899730    111.38560756786868    367.69260894430727      h 
  190.18446623594522    113.58010023068641    370.12541716078277      h 
  191.49114077880066    110.35082780862504    377.04463815508632      h 
  191.77083732944232    108.24061393662305    374.47680795108244      h 
  192.73293976653494    111.41635297763929    374.15459332398376      h 
  184.79361405987100    107.07016059212371    368.16978597984354      n 
  184.87481391679606    105.32447640078109    366.07978631470297      c 
  182.63673759375072    105.59887191429958    364.26666876464043      c 
  182.90570615751707    105.19836675937285    362.00171844175617      o 
  184.93515131961644    102.60916558375922    367.08219348994703      c 
  187.28383865077649    102.09937859536898    368.68412606354252      c 
  188.37466268618573    103.74194174727010    369.87641510162405      o 
  187.97727447604231     99.66690483241854    368.76828181694731      n 
  184.54529614859112    106.28043256091541    369.89948943686659      h 
  186.58447683863059    105.69585064879773    364.96378664041612      h 
  183.28420076686592    102.32070553466338    368.28837544530921      h 
  184.84914415577873    101.30441614403462    365.49231990448726      h 
  189.53546744128801     99.18814851076557    369.75642999757775      h 
  187.13465522781536     98.33934924452348    367.70162880373965      h 
  180.40522240316980    106.15077834580421    365.31914560860008      n 
  178.22033969335720    106.53681440657522    363.71407635675803      c 
  178.47172427080483    109.02645982935850    362.26511766510907      c 
  178.00328123094332    109.20618134346893    360.00969424479808      o 
  175.71710101016058    106.27011879138571    365.18540050625006      c 
  173.87316986013346    105.68248249027179    363.34988665631630      o 
  175.00676418937579    108.59944200172170    366.72978569695158      c 
  180.34231932906567    106.80056205457507    367.12420149516629      h 
  178.21349017189439    105.04693167181824    362.27074648200113      h 
  175.95635822049496    104.63936540073547    366.46328369741360      h 
  172.22939624446451    105.71466120993182    364.14205763698163      h 
  173.33916971451117    108.19471970450886    367.86197973699780      h 
  176.54336856916339    109.13281845671148    367.98047079422878      h 
  174.57958845680560    110.17270503460411    365.47892191002313      h 
  179.35446059208971    110.98527297355901    363.61332928572938      n 
  179.91765915961696    113.31201177484461    362.28867625906679      c 
  181.87534280819247    112.78686711405551    360.22055766115125      c 
  181.69173130360895    113.69174551604883    358.09808537861210      o 
  180.89449347880145    115.37558959449619    364.05342001619647      c 
  180.94706925293806    117.82971354267944    362.53375572827906      c 
  179.01273064001279    118.83071921684618    361.78461489898490      o 
  183.24791752332669    118.78543772837104    362.08451714894176      n 
  179.79577772994253    110.82646077365457    365.46745425852203      h 
  178.20091764298414    113.98522650141845    361.33451168328736      h 
  179.56273740863318    115.60339438716622    365.61038429599188      h 
  182.75183329174047    114.87805059801701    364.78796518977407      h 
  183.38867713854523    120.33906504183496    360.98990566147910      h 
  184.84594466814391    117.89543257036405    362.59915882118599      h 
  183.78228804144004    111.30523441275615    360.94555102707932      n 
  185.77640060591418    110.63388943791728    359.20608627078951      c 
  184.65791645166311    109.43626272999713    356.82648369470752      c 
  185.29692014581278    110.16970235512389    354.73056533079296      o 
  187.70023785375813    108.86114369918315    360.44139245571512      c 
  189.81033776904928    108.72283185959276    358.83898373543110      o 
  184.03313420289450    110.84105772156575    362.80070997419654      h 
  186.79243777141900    112.33156395325832    358.57155227985419      h 
  188.21813874636260    109.65469193744268    362.28929409135992      h 
  186.83547570128016    106.99352998142815    360.70555140351274      h 
  191.10569759838131    107.69429034686789    359.62110610081771      h 
  182.96394888434926    107.60912014473185    357.18343056578055      n 
  181.74977308321979    106.37390956935678    355.04616100302576      c 
  180.87463448750614    108.38936316896913    353.17378620672406      c 
  181.46614757935745    108.34204098433860    350.93505728364067      o 
  179.60929309641915    104.70625298505836    356.05044354645929      c 
  178.07869098626801    103.24004705436512    354.06510204274463      c 
  176.16332945712747    104.90977174642767    352.69534579830588      c 
  179.77026327491851    101.88414901313031    352.15963793814569      c 
  182.62104103018336    106.89421686922073    358.93079315369675      h 
  183.15421217022819    105.22324135054482    354.04245875021161      h 
  180.48964809844628    103.35076125965807    357.33524302404834      h 
  178.32604145423787    105.88797191379690    357.15176251923606      h 
  177.01015681191592    101.80918034062915    355.11310682926927      h 
  174.91450274601746    103.74872669415160    351.54863533062633      h 
  175.02188879507031    105.96301311586973    354.04062024112676      h 
  177.10529246872778    106.23926373442427    351.44616816074074      h 
  178.64292254224983    100.63444860404621    350.98210373363361      h 
  180.69856809474391    103.24178505894227    350.92693928061078      h 
  181.19932466466906    100.75924213410079    353.11503924186013      h 
  179.41504518296952    110.21460640825724    354.14526872923449      n 
  178.56599727414593    112.27079936276931    352.55308571989661      c 
  180.81713504412491    113.53140621764436    351.23563814250070      c 
  180.87592126615570    113.88456991972785    348.93975346805342      o 
  177.10069787560411    114.21502598826716    354.11349839239125      c 
  176.41831226440081    116.22369840476517    352.50618581115901      o 
  178.97298107386550    110.22484936011801    356.00448224097914      h 
  177.34227045716213    111.54250628003176    351.04181558066199      h 
  175.42042245655077    113.29153557297606    354.90461683122970      h 
  178.30180737679470    114.88346506178290    355.66478545166513      h 
  175.37707305431078    117.39574793614526    353.43482394500472      h 
  182.69907873176564    114.22452730602976    352.74623324139060      n 
  184.89317266108526    115.47784357835030    351.71194346314127      c 
  186.26711187079357    113.88125880333558    349.74014725387104      c 
  187.60292196871802    114.92777047052249    348.14187637182295      o 
  186.76256881352009    116.25961369579639    353.76706589508404      c 
  185.75960072150494    118.29733250555779    355.57277710572828      c 
  187.89972822225960    119.07850367757678    357.34863750702368      c 
  184.77867911236399    120.59594812879904    354.12572237986944      c 
  182.60017312856567    113.95790838121049    354.64225638985317      h 
  184.24910167133791    117.16480486557568    350.69100240418493      h 
  187.29704845442529    114.56763349335911    354.81689775010364      h 
  188.44275448211815    116.98587203010199    352.81405433351387      h 
  184.20561196167046    117.50883996356912    356.68769779411912      h 
  187.26824948600401    120.55134756659801    358.63106260046021      h 
  188.56972437326579    117.47497025684740    358.44356048651827      h 
  189.47407816749345    119.81901821990614    356.25777048885283      h 
  184.55907305861933    122.21569442345275    355.36878084292590      h 
  186.10442733555860    121.12886550019176    352.64740579215368      h 
  182.94735630457743    120.21045465389047    353.27675605297173      h 
  185.98344359940941    111.39374662452428    349.80825379174456      n 
  187.17089247334627    109.82599872432161    347.91974447031231      c 
  185.92840548930619    110.22170108745792    345.34713403671202      c 
  187.17938871617423    110.10456114119492    343.39504680624412      o 
  187.11658022946793    107.03948329431239    348.66791968933063      c 
  188.71586495024371    106.44596080092332    351.01527105321952      c 
  188.46105256053519    103.63893366600826    351.63789734445504      c 
  191.49572268392637    107.12631901076023    350.63591609227501      c 
  185.01124850319533    110.55133304292026    351.22441363655730      h 
  189.13200855059418    110.45673216815855    347.68166956323864      h 
  185.15078225243468    106.52587779489996    349.02182322554830      h 
  187.80463024941776    105.93454529659874    347.06739852483463      h 
  187.98736431814928    107.55313608808513    352.60012750132159      h 
  189.43347070752816    103.20671109053326    353.39340942768405      h 
  186.48380870107687    103.11603358296236    351.83623499713502      h 
  189.27893527794450    102.49987085877424    350.13598532144033      h 
  192.61142052967281    106.39823153398542    352.19750978377266      h 
  192.20632126633714    106.31292766661970    348.88656390620417      h 
  191.74619224227436    109.16430935165280    350.58475683592303      h 
  183.44576896728330    110.68985110565787    345.34203764519282      n 
  182.24413310485036    111.41088681191630    342.99368952607676      c 
  183.23603973912259    114.00453705588181    342.16681018832895      c 
  183.87197538911633    114.39448149604917    339.96954471909851      o 
  179.33822689300746    111.18378583539285    343.06063162181238      c 
  178.64616475469865    110.26013690913325    340.65096288604690      o 
  177.97247023823360    113.63759605014019    343.70120106786146      c 
  182.48986597950184    110.93076237648611    346.98468220667689      h 
  182.86388268743826    110.07988674173188    341.52533807442899      h 
  178.87839058390378    109.74987801044210    344.50194739868454      h 
  176.83917019676923    110.41470495689858    340.46185626854037      h 
  175.93999474164858    113.32631879854399    343.69909105466854      h 
  178.52047448543047    114.27637314025930    345.56974843798088      h 
  178.41834844603869    115.09127238555187    342.31887717095026      h 
  183.51704434767285    115.73292446617982    343.98203668785771      n 
  184.75347161837607    118.11505194592074    343.40016089788139      c 
  187.30392899347189    117.60692817582525    342.13919968140738      c 
  188.05139779551376    118.92549402028349    340.38579731714100      o 
  185.18278997570684    119.72792666714363    345.75664185815543      c 
  182.75662778687808    121.04940581365875    346.64632424454521      c 
  182.31839813090230    123.37036833612238    345.00252377776019      c 
  181.71192766144185    123.22393314784539    342.78254547143621      o 
  182.75433827182974    125.57894844895640    346.17338722604978      n 
  182.86150616695059    115.40160015813984    345.75160978553765      h 
  183.61161455993027    119.19151778555263    342.04000594262124      h 
  185.96350439850724    118.52342663571750    347.23299141860332      h 
  186.60044180715551    121.15519864912565    345.29400027506853      h 
  181.15016898005030    119.77139219474397    346.46326693800108      h 
  182.94451547048715    121.61224549860665    348.61625823452812      h 
  183.22686689824880    125.64294338743883    348.01179132678527      h 
  182.65580447580081    127.24124736558029    345.23715716468996      h 
  188.64403391540296    115.68088137158426    343.07103313377451      n 
  191.14311427592338    115.16799072904229    342.08579026506163      c 
  191.09796590106691    113.98276558539195    339.44552163862829      c 
  192.95159473349253    114.14657358802606    338.07322139825135      o 
  192.70700361973226    113.56632898643453    343.90034790100395      c 
  193.88210726723216    115.20224402915575    345.96553124561700      c 
  194.16773511318306    117.48264288529708    345.73351561743226      o 
  194.66559644210713    113.93425700567708    348.00388603641056      n 
  188.17891604620351    114.96334597408817    344.79594485768348      h 
  192.11159652041738    116.99229861048829    341.85349433722831      h 
  191.53563127013433    112.06582658446058    344.68402178959843      h 
  194.25380734425360    112.70510380642585    342.83711060089774      h 
  195.51407388820903    114.88525480630064    349.41796664410714      h 
  194.47903084006293    112.04736122693556    348.14205119887424      h 
  188.99262146544243    112.76359551901380    338.77686535320890      n 
  188.60341484307170    111.98104505813421    336.17919951000920      c 
  188.43245957696672    114.35419799180336    334.51676635103331      c 
  189.67944784815583    114.56999968498269    332.57311003367761      o 
  186.24872052022795    110.32762200212458    335.89759741376645      c 
  186.81938766189614    107.56169334184919    336.48515345859727      c 
  186.76736653347501    105.94066359011724    334.84146462661681      o 
  187.43150608436954    107.04316618178190    338.88332090120429      n 
  187.49217850990047    112.71244663612342    339.95962292861941      h 
  190.28124529859807    110.94301056455072    335.54008093809625      h 
  184.74571803406670    111.04181523408622    337.11439877745312      h 
  185.60091142805342    110.39992225950905    333.94249498948619      h 
  187.83111200299879    105.23433125187580    339.31996140367033      h 
  187.42172008449495    108.34241571019133    340.28738782029302      h 
  186.96368794947841    116.20080253883170    335.39259186704282      n 
  186.92788465891374    118.62546844057509    334.11095372522243      c 
  189.60884772883099    119.70537235027825    334.01501871490092      c 
  190.42599395144077    120.73117066443862    332.10018704696421      o 
  185.12255560773718    120.49029345214116    335.37739416240225      c 
  182.34910426668750    120.24411949693379    334.55629521911055      c 
  181.97091120204220    121.15132672594434    331.84066326829691      c 
  181.32565046408081    117.56394958430376    334.86546786496461      c 
  185.87222040361297    115.95868243865959    336.94556607364427      h 
  186.37611769636510    118.33471712030861    332.13282117111385      h 
  185.27910152771872    120.25803125308144    337.41818890932694      h 
  185.75625278966069    122.40036920029407    334.93022199914640      h 
  181.27258352220201    121.49698098005950    335.80354594696684      h 
  179.97019101349898    121.18834543041400    331.37710846834199      h 
  182.72492288859880    123.04707461503543    331.58916874375893      h 
  182.90519961250794    119.90117289752777    330.50351909169342      h 
  179.30705936721469    117.54356110842708    334.48442278831106      h 
  182.22982753888559    116.27206973330638    333.54851757462137      h 
  181.62559733783723    116.87257957947777    336.77560635145210      h 
  175.40239257843396    129.47046139907829    358.96687178148966      n 
  175.30536019083664    127.28548327605763    360.64302541760770      c 
  177.31658775605740    127.42809548543337    362.69516880619551      c 
  176.82615810872144    126.80238383675068    364.87554051472284      o 
  175.64022478271269    124.97089481566158    358.92425488294793      c 
  176.74843138157527    126.07495158408736    356.49964838549568      c 
  175.50023898853854    128.66797172822581    356.35030075460912      c 
  173.48232551942993    127.24597621371713    361.62526724542170      h 
  176.84116831607619    123.54430696851941    359.79256897471373      h 
  173.79898461377573    124.12972774774940    358.55020788950759      h 
  178.78782937819363    126.30880474361275    356.65540438529052      h 
  176.32836910811324    124.92894291187041    354.84836149648612      h 
  176.57419063226567    129.98116965721468    355.20268341784003      h 
  173.57184089297414    128.50699517681468    355.61641937864078      h 
  174.52845671372955    126.33824024751178    369.99697512398780      n 
  175.20320774535929    124.33815192871289    371.73426533332139      c 
  175.14218189024223    125.21970191122725    374.48613772783813      c 
  174.39672394255945    123.83382525375336    376.18018398674201      o 
  177.87310067972311    123.36526124025058    371.19866146175673      c 
  178.19519779213493    122.08052724695692    368.62144431168497      c 
  181.00058945352262    121.53601992855853    368.21807113234610      c 
  176.64909317909846    119.65860506364163    368.38270745950047      c 
  175.51750690666489    126.48800090616140    368.36524654536368      h 
  173.82390592124085    122.79319695162259    371.59339705300266      h 
  179.16323369054069    124.97497120227730    371.30007060677553      h 
  178.37707643295181    122.03730327111940    372.69616713065108      h 
  177.58407564829977    123.38652747379963    367.14432739362235      h 
  181.29724462158484    120.72631601403280    366.35648596218971      h 
  182.07911379166219    123.27818791608695    368.37397779961293      h 
  181.68674545217610    120.21406320577722    369.63396947593702      h 
  176.84560891977861    118.90595225652743    366.48093489448132      h 
  177.28620247986470    118.25307656322950    369.74152976641517      h 
  174.65302970955329    120.01234992826413    368.70762247228845      h 
  190.73155900954626    119.58298612944934    335.53014417399567      h 
  173.91760543697589    130.29778523854182    359.02606959679258      h 
  179.05557202306844    128.03553840559968    362.27325533017046      h 
  172.90913706684978    126.14770761275720    369.51317437072032      h 
  175.71951985975363    126.96271610820919    374.93295597055703      h 
  -0.3221065370209D-03  -0.1993399306261D-03  -0.2393823959946D-03
   0.1883657166138D-03   0.2761734333057D-03   0.3862953252228D-03
  -0.1866604072957D-04   0.6783483612348D-04  -0.4528855348228D-04
   0.7632487947615D-04  -0.4863637073637D-04  -0.5022301580377D-04
   0.1500120072489D-03  -0.5528831627791D-04  -0.7401837132777D-04
  -0.2215169349976D-03   0.5590376422186D-03   0.6892466088896D-03
   0.2126041689911D-03  -0.3397175594769D-03  -0.7681386546853D-04
  -0.2464560949333D-03  -0.4339147913264D-03  -0.2153775709707D-03
  -0.8239130833593D-04  -0.1652441583567D-03  -0.1625876724857D-03
   0.5104687849296D-05   0.1341966559445D-03   0.1539154630554D-04
   0.1323593980311D-03   0.9857790763867D-05  -0.1952230035977D-03
   0.8140453249844D-04  -0.6377218347970D-04  -0.9593958864018D-04
   0.8707704106021D-04   0.1669449941664D-04  -0.1023288073959D-03
   0.6255809895590D-04   0.1405480599303D-04  -0.1543656801135D-03
   0.5253140915299D-04   0.6849055794391D-04  -0.4959895027431D-04
   0.7461234852625D-04   0.2386026289053D-04  -0.2452407557949D-04
   0.1185890134852D-03  -0.3292361426766D-05   0.1092856955775D-04
   0.5922239730409D-04  -0.5243116645655D-04  -0.1801802074382D-03
  -0.4596434123727D-03  -0.3417769163058D-03   0.3487185420314D-03
   0.2137661650318D-03  -0.1351221643781D-03  -0.5783305046020D-03
   0.4871559038523D-03   0.4365954436665D-03  -0.1823477696239D-03
  -0.1242959413587D-03   0.2750443160340D-04  -0.5879727435377D-04
  -0.5270761369451D-04   0.1022136609135D-04   0.5547778287748D-04
   0.4020507972888D-04   0.6522372460358D-05   0.5208004020192D-05
   0.7143336815270D-05   0.7516137970689D-04  -0.2803027053345D-04
   0.9457999979546D-04   0.2380091200251D-04  -0.2469778021817D-05
   0.2775102780780D-04  -0.5798361393474D-06  -0.4620763116028D-04
   0.8543332813476D-04   0.2472867133834D-03   0.2754000792631D-03
  -0.7301841465878D-04  -0.4706176938829D-04  -0.2444594039700D-04
   0.5248969145333D-04  -0.6837721864710D-05  -0.3133234670066D-04
   0.1476702981526D-04  -0.2935272476358D-04  -0.4073905316757D-04
   0.5609352397058D-04   0.3482678384493D-04   0.1191636516828D-04
   0.7671163701594D-04   0.2691032051068D-05   0.1032739075048D-04
   0.1094665572558D-03   0.6852915682884D-04   0.3388065195419D-04
  -0.3987769538461D-04  -0.3780530221272D-05  -0.4894928778650D-04
   0.4870717776580D-04   0.7752120688258D-05   0.1642332393790D-04
   0.2354763070748D-04   0.2294750545666D-04   0.4138485025179D-04
   0.1220221554157D-04  -0.5711287611878D-04  -0.3463343321598D-04
   0.5037316684550D-04   0.8829726335291D-05  -0.5366909634761D-04
  -0.2765691805662D-04  -0.1479938595182D-04  -0.5463647990489D-04
  -0.4693342804081D-04  -0.3314364977032D-04  -0.6735079753003D-04
  -0.4657710551618D-04  -0.3436773109651D-04  -0.3301459902096D-04
  -0.2300454959503D-04   0.4044026134624D-04  -0.4504205552095D-04
   0.1656383663146D-04  -0.5631611187347D-04   0.2674992240394D-04
   0.7544335062052D-04   0.3055292942099D-04   0.1874391746945D-05
  -0.5307369451928D-04   0.5924020350492D-04  -0.2378543391284D-03
  -0.3397097204282D-05   0.1549490029748D-04   0.5292307266120D-05
   0.7774775632084D-05   0.3549472850255D-04   0.1995051620546D-04
   0.1490264653154D-04   0.3735461459714D-04  -0.2911360486721D-04
   0.1575357897097D-04  -0.3917557013917D-04  -0.5698826082856D-04
  -0.5439107914766D-05  -0.4042295705645D-04  -0.3262968681971D-04
  -0.4233002774118D-06  -0.9209815620421D-05  -0.2876618298877D-04
   0.3951712050462D-04  -0.1112987636538D-03   0.6816894318357D-05
   0.2209415012096D-04  -0.1490117069489D-04  -0.9950768974496D-05
  -0.7785430701335D-05   0.3760521915080D-04   0.1273597785586D-04
   0.5707506907065D-04   0.8677116569652D-05  -0.7768905536764D-04
  -0.5441658473957D-05  -0.6919281157430D-04   0.1212995271097D-04
  -0.7076550824215D-05  -0.6887904611117D-04  -0.1195557168838D-04
   0.2567140239740D-04   0.1808797217448D-04  -0.2574434411824D-04
   0.1727047038539D-04   0.6708312662996D-04  -0.3539188649628D-04
   0.1794270734970D-04   0.5253464872867D-04   0.3744983199918D-04
   0.2213612160518D-04  -0.1134847459399D-03  -0.4103367778292D-04
  -0.3008849826753D-05  -0.1039830664395D-03  -0.1056709595225D-03
   0.3515040331512D-04  -0.5009941640962D-04  -0.2227026796761D-04
   0.3634597490867D-04   0.3151500708883D-04  -0.3319698387796D-04
   0.1756572325271D-04   0.1768548917971D-04  -0.5577351460908D-04
  -0.6066173495971D-04  -0.5079544021261D-04   0.8202315009716D-04
   0.4485555384724D-06   0.4274802432171D-04  -0.9982597907369D-04
   0.8685040899872D-04   0.2426185597797D-05  -0.1539611545434D-05
   0.1566481556271D-03  -0.9422169294812D-04  -0.3890461266955D-04
   0.4341197630320D-04  -0.1186176408770D-03  -0.4004790023226D-03
  -0.1053809847716D-03   0.3372764653114D-03   0.1912263041765D-04
  -0.1765564236357D-04   0.1628610756789D-04  -0.3400557681640D-04
   0.4518446320782D-05   0.6882246097033D-04  -0.2661799412665D-04
   0.1368519388329D-03  -0.8004658381736D-05  -0.7274925864496D-04
   0.5556420857755D-04  -0.8119527659452D-04  -0.7072990448655D-04
   0.1133856144028D-03   0.9689635406620D-05   0.1190264762831D-03
  -0.1562965476510D-03   0.2092860470278D-03   0.1861952688749D-03
   0.2220742310748D-05   0.3253166282568D-04  -0.2375021752669D-04
  -0.1730981581002D-03  -0.1174929299799D-04   0.1697877203305D-04
  -0.1659773425761D-03  -0.6328361679952D-05  -0.1314263016501D-03
   0.2677868004759D-04  -0.5333034315962D-04   0.9936053947891D-04
  -0.4623890239480D-03  -0.2361538514250D-03  -0.3085006123952D-03
   0.6102001297533D-03  -0.2343206410104D-03  -0.7517305945543D-03
  -0.6428200637934D-04   0.1465070469249D-04   0.5556342367459D-04
   0.2497695306699D-04   0.7003140102916D-05  -0.3657148291197D-04
  -0.9829495483438D-04  -0.2631296585819D-05   0.3842291867536D-05
  -0.1362923602515D-03  -0.1037947530767D-04   0.4280888692255D-04
   0.4788531052198D-03   0.2474443764161D-03   0.8489227692348D-03
  -0.1679636533474D-03  -0.4129451970895D-04   0.4137026737434D-04
   0.1525871738554D-03   0.4529472977195D-04   0.6555980758604D-04
  -0.5073669222760D-04  -0.5442383863957D-06   0.1395173762927D-04
   0.3193600195768D-04  -0.3740408604722D-04  -0.1872011384548D-04
  -0.1857362243165D-04  -0.1902307613221D-04   0.5577081406889D-05
  -0.3861719981064D-03   0.2063852293042D-03   0.3812641192987D-04
   0.1032378369258D-03  -0.4196804516385D-04  -0.1185747864609D-03
   0.3684029264223D-04  -0.5613865296756D-04  -0.2087668296482D-04
  -0.9020925532232D-04   0.9409576897523D-04  -0.5892784868560D-04
  -0.3089062039814D-04  -0.2941262049970D-04  -0.7082069655715D-05
  -0.4225031668017D-03  -0.1167484393750D-04   0.6091390809202D-04
  -0.6614177731961D-05   0.6757711178857D-06  -0.7675176456993D-05
   0.1146988551473D-03  -0.9353921718264D-04  -0.8697378468930D-04
  -0.6630497728726D-04  -0.3474163372351D-04  -0.1104578653574D-03
  -0.5473669335342D-04   0.9455391503990D-04  -0.1988244227683D-04
  -0.1709011300917D-03   0.1750051599593D-03  -0.2774365705730D-03
   0.5578714748918D-04  -0.1305253130667D-03  -0.5090239624592D-04
  -0.4498602051950D-03   0.2548898017765D-03   0.1482632953511D-03
  -0.4168230586928D-03   0.1848519616835D-03  -0.5539070628050D-04
  -0.1962123843544D-03   0.9651183212995D-04  -0.1005783145895D-03
   0.7776343210182D-04   0.1212025813733D-04  -0.2172705897701D-04
   0.5206295631061D-03   0.1976010028537D-03  -0.6407128111236D-03
  -0.2058182675723D-02   0.1384620523748D-02  -0.5490399469931D-03
   0.9226814875700D-04  -0.7102829888653D-04   0.2804229644181D-04
   0.8111725905431D-04  -0.1125882439129D-03   0.9609120896480D-05
   0.2168418581969D-03  -0.6616112831942D-04  -0.3747910299698D-04
   0.6278178353013D-04  -0.8536975254353D-04   0.2631306523725D-05
   0.1599762329527D-02  -0.1302155734103D-02   0.1048560020039D-02
   0.4824808344114D-04  -0.5087533574527D-04  -0.3205064096523D-04
   0.5737944873192D-05   0.1847028802119D-04   0.6104126863970D-04
   0.4172233722089D-04  -0.1232836311020D-04  -0.3073765021122D-04
  -0.4184032924067D-04   0.9558666066322D-04  -0.8787385671542D-04
  -0.4472043551727D-04   0.6627752635222D-04  -0.3382511086208D-04
   0.1883759435952D-04   0.5003101128842D-04  -0.3889176414566D-04
   0.2177110604284D-04   0.2717900344942D-04   0.1033656006718D-04
  -0.2791762811239D-04   0.1695034268654D-04  -0.2198692877532D-04
  -0.2920422762648D-04   0.1282593999378D-04  -0.8523818502354D-05
  -0.6840114720349D-04   0.1345113437422D-03  -0.2532705840648D-04
   0.1944913503491D-04   0.1732852461553D-04  -0.2611874546264D-04
  -0.4654360949238D-04   0.8205072296030D-05  -0.6802678103488D-07
   0.1420825576859D-04   0.2918833217372D-04  -0.5521710628876D-04
  -0.1274279432523D-04   0.8226989912367D-05  -0.5036648064523D-04
  -0.1665387170071D-04   0.2849161120562D-04  -0.1586400296977D-04
  -0.2536198576337D-04   0.3140252467033D-04  -0.4254285317244D-04
  -0.2222187603195D-05   0.3693007421391D-04  -0.4479404716266D-04
  -0.2780682425975D-05   0.2845412402383D-04  -0.1735808966463D-04
  -0.1852383461905D-04   0.5763040388783D-04  -0.6442540945094D-04
   0.6291324556241D-04  -0.9542260610470D-04   0.1487196663110D-04
   0.1006925376102D-03  -0.2685758340470D-03  -0.6257602073920D-04
  -0.5581315580734D-04   0.3204315304696D-04   0.4774305795516D-04
  -0.2075687531831D-04   0.3403534535348D-04   0.1394165081998D-04
   0.1837910436330D-03  -0.5110274242639D-03   0.1981963343138D-03
  -0.6000582838535D-03   0.9098193138168D-03   0.3298005150973D-03
  -0.4736551414281D-04   0.9012814847082D-04  -0.1408896677966D-04
  -0.1925684244944D-04   0.1805849198440D-03   0.2951445184584D-04
   0.1613487574600D-03   0.2817708859547D-03  -0.1435762299502D-03
  -0.3573656568045D-03   0.7627799232266D-04  -0.3238835497942D-03
   0.5434696746213D-03  -0.6093740962385D-03  -0.4011227911571D-03
   0.1988498226043D-03  -0.1773780409450D-02  -0.5255608555117D-03
   0.1883942782522D-03   0.5254190622260D-03  -0.6971251426208D-03
  -0.2970529408604D-03   0.6512169842115D-04   0.4366171554812D-03
  -0.1875582330323D-03  -0.4820885177672D-03  -0.5237229468600D-03
   0.5446575774529D-03  -0.5581346767345D-03  -0.1527787757385D-03
   0.9025906934714D-04  -0.3021217239698D-03  -0.2528300252515D-03
   0.3605443485784D-03  -0.3604278431373D-03  -0.1596002979414D-03
   0.2053797016607D-03  -0.1874646458306D-02   0.1001860528425D-02
  -0.3394519470805D-05   0.1127371381048D-02   0.4697500149758D-03
  -0.1020425235423D-03   0.2319176916073D-03   0.5389895287217D-03
   0.1412757133056D-04   0.1542306895453D-03   0.1656310885647D-04
  -0.2848632133947D-03   0.2667328300593D-03   0.2669838203917D-03
  -0.1315865861465D-04   0.6684377257452D-03   0.1005503057173D-03
  -0.4783975970867D-03   0.1482749028170D-03  -0.5365602414623D-03
   0.6015816763537D-04   0.2536197569638D-04   0.2714119104212D-03
  -0.5485652069147D-03   0.2637179249560D-04   0.1680969664060D-03
   0.1056374659035D-03   0.8937154583551D-03  -0.1624555336480D-02
  -0.5815156712669D-03   0.5337222835446D-03   0.3203532079966D-03
  -0.2192077102701D-03   0.3682009495514D-03   0.4050689097821D-04
  -0.2506359792269D-04   0.7435958061630D-04   0.5172182327666D-04
  -0.8131971619263D-04  -0.1526932245752D-05   0.6898673027514D-04
   0.2211968271462D-03  -0.1366542995465D-04  -0.8910829127647D-05
  -0.1768802546620D-03   0.8700656776226D-04  -0.1273866923694D-03
   0.2145672339633D-04  -0.2665031923860D-04  -0.3074247619761D-04
  -0.2640594552701D-04   0.6610018295694D-04   0.1034791435589D-04
   0.6746840764265D-04   0.1000884360162D-03   0.7287667356409D-04
   0.5033154276425D-04   0.2672978720987D-04   0.1134723903748D-03
  -0.3613444753663D-04   0.2764105997936D-05  -0.1325081278561D-04
  -0.2254386057869D-03   0.4634680335589D-05  -0.5848209859735D-04
   0.1771868778713D-04   0.6212345372122D-04   0.5338973921802D-04
   0.6261404130778D-04   0.4379063732647D-04  -0.1194985224276D-04
   0.5796039946228D-04   0.4096750384255D-04   0.3481482158514D-04
   0.1915534477700D-05   0.7590359537293D-04  -0.3083951950454D-04
   0.7165222595554D-04   0.4878413167218D-04   0.5388378020992D-04
   0.2827347169021D-04   0.6617570495144D-04   0.6647291894736D-04
   0.3175643502117D-04   0.9413637271392D-04  -0.9855939710656D-04
   0.4351372016298D-04   0.4557211673058D-04   0.3532177499569D-05
  -0.3818016622810D-04   0.6670652721263D-04   0.8377695399366D-05
   0.2994228029616D-03  -0.7193250473694D-04   0.2233551470512D-03
   0.5487959545986D-03  -0.1498929176670D-04   0.1429549593228D-03
   0.1546573133734D-03   0.9783993856144D-04   0.1955119734968D-04
  -0.7640127627426D-04  -0.6652228336656D-04  -0.7718923159419D-04
   0.3079118486903D-03  -0.2332319329387D-03  -0.2159246668182D-03
  -0.4572044031160D-03  -0.4605730484762D-03  -0.8211144514453D-03
   0.3531750766366D-03  -0.4658616809798D-03  -0.2230114414387D-03
  -0.6686563416641D-04   0.1662172516724D-04  -0.3696538860456D-04
  -0.4184397070786D-03   0.1781566105924D-03   0.1037842352937D-03
  -0.2982138297778D-03   0.2370014543134D-03  -0.1690217450748D-03
   0.8513883420446D-03   0.3388025374957D-03   0.9232344201452D-03
  -0.3011092930409D-03   0.2275536883898D-03   0.1879333850982D-03
  -0.2730136064855D-03   0.1313480215479D-04  -0.4217797226720D-03
  -0.4778529393104D-04  -0.6914521497207D-05   0.2911972010504D-03
   0.1465156012657D-02  -0.6157626538357D-03  -0.8120571378264D-04
   0.4691796129314D-03   0.3176316221763D-03  -0.1675467380001D-02
  -0.2542923402617D-02  -0.5757628703920D-02   0.6728617115514D-02
   0.9338672260661D-03   0.1515952482864D-02  -0.1359998015111D-02
   0.1002824767337D-02  -0.1352312566321D-03  -0.2587685032323D-03
   0.8931996388128D-03  -0.4151659710752D-03  -0.4822074950854D-03
  -0.1715530842977D-02  -0.3068389393630D-03  -0.4443215197293D-03
   0.1499385164987D-02  -0.4120135664766D-03   0.1122385362837D-02
   0.5466545192761D-03  -0.3119291939854D-02  -0.8676149896542D-03
  -0.3914650441084D-03   0.3527160831532D-03  -0.3068861634397D-04
  -0.1446312949730D-03   0.1658528199733D-03   0.1785428835524D-03
  -0.2510907181589D-03  -0.1327571584789D-04   0.3728885333599D-03
  -0.4878677603278D-03   0.6473500985394D-03   0.1398834037972D-03
  -0.2067902850123D-03   0.1978779549612D-03   0.1099467445643D-03
  -0.2447079176383D-03   0.3047420783918D-03  -0.5254242539400D-05
  -0.7770321697202D-03   0.3435565776722D-03  -0.2949895520231D-03
   0.1145861000407D-02   0.4193590883060D-02   0.1394746247862D-02
  -0.1340197305679D-03   0.4108407523207D-02  -0.1854688547791D-02
   0.1829253614898D-03  -0.1324511490374D-02  -0.8623971482835D-03
  -0.1677431363263D-02  -0.2287679442826D-02  -0.7250917428941D-03
  -0.1671690238065D-02  -0.6560543003189D-04   0.5214293791856D-03
   0.8499630261861D-03   0.5959269749871D-03  -0.5672631435136D-04
  -0.3873555324592D-04  -0.5688429541248D-02   0.4441263104888D-02
   0.1214344708085D-02   0.3548534778469D-02  -0.2235939713728D-02
  -0.1564003753662D-03   0.3031814425740D-02  -0.3485485841823D-02
  -0.7131435511359D-03  -0.4522410920706D-03   0.7716841773216D-03
  -0.1811786954220D-02  -0.6291381744770D-03   0.1496304027583D-02
   0.2276514044378D-03   0.4726172509298D-05  -0.1152724301504D-03
  -0.2885686941227D-05  -0.4416937202076D-03   0.2305234679853D-03
  -0.1711280342528D-03  -0.2083756745023D-03   0.5333455204269D-03
  -0.3077752274563D-03  -0.2266905934582D-03   0.2718489412257D-03
   0.1450158320248D-02   0.3845205135388D-02   0.7609894204566D-03
   0.2655229596100D-02   0.6257715309915D-03  -0.1505773360477D-02
  -0.8955052979953D-02  -0.1504170022723D-02   0.2762111479360D-02
   0.2192009449111D-02   0.2031120038331D-02  -0.8126149667144D-03
   0.1209214415240D-02   0.1483401903576D-02  -0.4061678364659D-03
  -0.1445930507311D-02  -0.2881979386718D-02  -0.1349699592453D-02
   0.2660960630042D-03   0.1485685036430D-02   0.3986222170252D-03
   0.2181919930203D-02   0.9083770157200D-04   0.6382326699961D-03
  -0.5087766629462D-03  -0.2066081897084D-02  -0.2450561373809D-04
  -0.3981712010667D-03  -0.1255189134234D-02   0.3170811090326D-03
  -0.3969161086682D-03  -0.4680070839092D-03  -0.4990911854837D-03
  -0.4496436334305D-03  -0.5395663516952D-03   0.2703100901775D-03
  -0.6211254965522D-03   0.3689006697824D-03  -0.6652078898806D-04
  -0.4599021957100D-03  -0.1036268817534D-03   0.8870863785797D-03
   0.4284289688012D-02  -0.2489126577945D-02  -0.1755159196720D-03
  -0.6318023472996D-02   0.1573973967681D-02   0.7874128845508D-03
   0.3829998403871D-01  -0.1483914699015D-01   0.8693422612788D-01
   0.1071738812962D-01   0.8748187919915D-02  -0.1984466473844D-01
   0.9029697660902D-03  -0.1864208276326D-02  -0.1543168852625D-02
   0.6306165214990D-04   0.6556145543061D-03   0.1699729416494D-02
   0.7129001884619D-03  -0.4733508928753D-03   0.6543895510486D-03
   0.8073855752278D-03  -0.4089104991450D-03   0.1595166349142D-03
  -0.2170864337751D-02  -0.6534987098934D-03  -0.8357513025852D-03
  -0.2338342551246D-03   0.1675421496090D-03   0.2670660086419D-03
  -0.1143312396190D-02   0.7832454721160D-03  -0.6507292947281D-04
  -0.5990043676083D-03  -0.6047736979709D-03   0.1565417103404D-03
  -0.2497762400012D-03  -0.8707666277664D-04  -0.3952963761705D-03
   0.2400721935662D-03   0.3323295567675D-03  -0.2967855406686D-03
  -0.2169895648564D-03   0.5209591719879D-03  -0.4268455335634D-03
  -0.3923361346718D-03  -0.1472419316462D-03  -0.3899883861361D-03
   0.2917070959301D-03  -0.1614866095641D-03  -0.4122108863076D-04
  -0.5282340263216D-03  -0.1294370154782D-03  -0.5243068140525D-03
  -0.6026409179331D-03   0.1438801768562D-03   0.5138090151828D-04
  -0.1076433762854D+00   0.5072959267520D-01   0.2802131579540D-02
  -0.4872715116696D-03  -0.4799014756672D-02  -0.3480924661585D-02
   0.7843122361723D-01   0.3167316395037D-01  -0.3443846402581D-01
  -0.5757434539882D-02  -0.5297380806444D-02   0.2207156996247D-01
  -0.3782875847918D-02   0.6231968611666D-02  -0.3026257247912D-03
  -0.1446665518634D-02   0.1942133840183D-02   0.4174422965408D-02
  -0.6247095534947D-02   0.1652097827313D-01   0.2908599390927D-02
   0.1138611955716D-03   0.4279608280085D-02  -0.2665119271548D-02
  -0.2262203530841D-03   0.1571163680520D-02   0.9045100981838D-03
   0.9227735166422D-06   0.3721573310451D-03  -0.3446480363924D-04
   0.3454267681496D-03   0.7358831856515D-03  -0.1007371916278D-02
  -0.7162197546949D-03   0.1231394121814D-02  -0.4798604738922D-04
  -0.1100848226271D-02  -0.4002528334392D-02   0.1221157981504D-02
   0.1486765288761D-03   0.1486563451922D-02   0.6937162407974D-02
  -0.1135848672723D+00  -0.2603824968062D-01  -0.3676614135398D-01
  -0.2155856343808D-02  -0.1810400052839D-02   0.2522009953127D-02
   0.3130988272707D-01   0.8028644231594D-01   0.9606220323829D-02
  -0.5093758551681D-02  -0.5502025328077D-02   0.1088365120187D-01
  -0.4418519842646D-02   0.4028763787457D-02  -0.5031781588925D-02
   0.3124051705532D-03  -0.1176684287727D-03  -0.8361778948932D-03
   0.3157913035450D-03   0.4483370516648D-04  -0.8032089761996D-03
  -0.3054225669246D-03   0.5333613737612D-03  -0.4137401489621D-03
  -0.1012417384172D-01   0.4400363875111D-02  -0.7368510541712D-02
  -0.2241779332066D-02   0.4265154367713D-02  -0.2820693896542D-02
   0.1349411362836D-02   0.2518223403534D-03  -0.1224843660399D-03
  -0.1499290000485D-02   0.1090809550110D-02   0.1174237895882D-03
   0.1093472830079D-03   0.5582572878014D-04   0.2559637204411D-03
  -0.2666345111641D-03  -0.7295975353102D-03  -0.9880431675158D-04
  -0.5958920625266D-03   0.9155200498063D-03   0.1151013245132D-02
  -0.1987804320936D-04   0.3868504941674D-04  -0.1270331630689D-03
   0.1030191813431D-03  -0.1583061348207D-03   0.2045626175058D-03
  -0.1493723883419D-03  -0.1285772873393D-03  -0.5238188523063D-04
  -0.8174405432454D-04  -0.5948471043090D-04   0.2098451172274D-03
  -0.3798808489821D-01   0.9421877382008D-02  -0.6593675917385D-01
   0.1143135826006D+00  -0.7782639221776D-01  -0.1941523577816D-01
  -0.6714998829036D-01  -0.2486986899989D-01   0.2333284253622D-01
   0.1339466948108D+00   0.1006348964167D-01   0.3460096558741D-01
  -0.2522280955052D-01  -0.7196217145801D-01  -0.9254660140249D-02
$end                                                                            
