$grad                                                                           
  cycle =      1    SCF energy =  -470.80856610876   |dE/dxyz| =  0.550010
  343.42054147621542    127.22297233426092    172.27645289746579      n 
  346.01287725251086    127.38828387844936    171.43151586275647      c 
  347.57338996558548    128.55212454348475    173.56059765512225      c 
  346.56004448906219    129.49102376356836    175.42148322832315      o 
  346.15467767360224    129.07340301641079    169.05354106561572      c 
  345.51105884217327    131.59261107875273    169.58207893891736      o 
  342.95773830190666    128.43231737603389    173.68725597090096      h 
  346.72475925533917    125.49552458319921    170.98657698046210      h 
  348.07429024727935    129.09257351043391    168.29616716088671      h 
  344.86696659924502    128.26902093468641    167.63876639937249      h 
  344.02982940971430    131.60269693769533    170.67543112094424      h 
  350.06351658969623    128.61022599383804    173.16583100963183      n 
  351.79849371664233    129.37265221884252    175.12584566634629      c 
  354.37924656834275    129.90359882452245    173.94569904572242      c 
  355.05466049901696    128.93304851062572    171.96322798545805      o 
  352.05281901890498    127.28415003736177    177.12590370474348      c 
  353.03039183448664    124.83825133736852    175.91841867827051      c 
  355.28495128343201    124.23408751029854    176.38318796314113      o 
  351.57831004416175    123.55089517130800    174.59783527772908      o 
  350.84468686579618    127.60570660387033    171.74093841296207      h 
  351.06246817673156    131.09029745136820    176.01680574255971      h 
  353.34458496572586    127.88170010139892    178.60372389225495      h 
  350.19201308196801    126.92364716049970    177.94084548266491      h 
  355.76423132222277    131.51414085064806    175.31604306825278      n 
  358.21664632282199    132.46808673656915    174.57497722256625      c 
  360.06477804091583    132.10600725000921    176.76148925560406      c 
  359.50445464795678    132.72224674469194    178.91928706743749      o 
  358.00698430578819    135.33170585315781    173.91636844126677      c 
  356.96668288694042    136.74094977909672    175.90347624763771      o 
  356.49910077541881    135.65708415399408    171.47137562165844      c 
  355.01149216786075    132.25941919443025    176.91681870192230      h 
  358.81476337872118    131.41569215804930    172.90327949069467      h 
  359.92604781732308    136.07235187657156    173.66670857852057      h 
  355.39141516020550    135.96736746945626    176.47147888422114      h 
  356.38206248960893    137.65063636521344    171.00059500383674      h 
  357.42498243877679    134.66613730416157    169.93092806765733      h 
  354.60537869182065    134.88919212420430    171.69538407621675      h 
  362.28180621329045    131.04757012045454    176.18566162310151      n 
  364.22537763338511    130.70024331109769    178.10268531606971      c 
  364.73015170682129    133.26022987155571    179.38542651851671      c 
  365.16177131458750    135.15587442003840    178.13913333010569      o 
  366.64061042532325    129.71588758311344    176.89022861243132      c 
  362.76277430685519    130.70569341244936    174.37342829867634      h 
  363.52941928268046    129.36586041773603    179.52544019125088      h 
  368.03285593923670    129.32067864102854    178.34627347346711      h 
  366.26163609449128    127.98358914818073    175.85389435385036      h 
  367.40780048541774    131.13063697994127    175.61154021263121      h 
  364.70465084213936    133.19267787810838    181.91104767616054      n 
  365.03743782622109    135.44082304387001    183.44672472963032      c 
  367.28274240960394    134.98052073137083    185.21642061036411      c 
  367.06617292511783    133.85073234628413    187.22767820918835      o 
  362.64643048437119    136.00286829350907    184.95453299788431      c 
  364.25688921326667    131.56965136540450    182.84635764261677      h 
  365.46363327630519    136.98696314898339    182.14011398600158      h 
  362.85206491752876    137.77815479580511    185.96252790246507      h 
  361.04361954914691    136.10660104650000    183.67757721089529      h 
  362.33499851694307    134.50063530318744    186.32111923781457      h 
  369.48760951160301    135.85530237183661    184.35659271394240      n 
  371.90068139435925    135.50300790816297    185.59781062549817      c 
  372.26045843145266    137.40123823669219    187.78600024233847      c 
  373.94186802528139    138.98009154342725    187.82851352342692      o 
  374.00921725075642    135.75929601226630    183.60967115234695      c 
  373.34743067871057    137.80655410211696    182.02146926060277      o 
  374.31503124510681    133.31907986030996    182.09573962872102      c 
  369.60318715811786    136.87686224895606    182.74286745825020      h 
  371.94727665281761    133.61166668537496    186.44606839039153      h 
  375.76566724239063    136.19173806315865    184.63139096944568      h 
  374.71788867779395    138.14515949570472    180.87882739764746      h 
  375.78549831657546    133.54618562558792    180.67942629413062      h 
  374.84031997255511    131.77540573946811    183.34049169270804      h 
  372.55006643558346    132.85792846087151    181.15052387171738      h 
  370.53910155020645    137.13058826072762    189.61218519688470      n 
  370.71562936547957    138.53711786405941    191.95960827133803      c 
  373.42180842767129    138.22392413706515    192.95926300725773      c 
  374.47352229818040    136.16514668789813    192.96967989327433      o 
  368.80700341979929    137.52813569747877    193.90351388701021      c 
  368.99314635043089    139.02246214151378    196.36751653576346      c 
  366.11100314987084    137.67442475627166    192.87996186514138      c 
  369.29409422884123    135.67526474777091    189.49559990805352      h 
  370.35388520077373    140.54209267911477    191.57434230034752      h 
  369.30622273640410    135.55256687220461    194.27582009400783      h 
  367.82065689765284    138.14611149919784    197.80820339936753      h 
  370.91813623340505    139.07853670904151    197.08328893422217      h 
  368.33775835794609    140.95162761056665    196.09630480890280      h 
  364.80304198048879    137.05120026605076    194.33475443578206      h 
  365.65028949524407    139.61597316861273    192.39313566705420      h 
  365.85097139472703    136.49099220060970    191.22107428066732      h 
  372.97023022644623    122.88616650798639    201.48640375552040      n 
  370.35837390102517    122.23554634887373    202.01801924387303      c 
  370.03635302979575    120.56979752984850    204.34461974027380      c 
  368.04434645150855    119.44589228475162    204.71776812971896      o 
  369.00821801923240    120.95541879936415    199.78210032872542      c 
  369.19859113220400    122.39837225582976    197.28508664865910      c 
  367.52539170012710    121.11231203094404    195.31213018941898      c 
  368.38400028432818    125.14419907990757    197.59221696468970      c 
  373.33794467944449    124.76231435209442    201.36653651746110      h 
  369.39756210253631    124.01467801602057    202.46310952269567      h 
  369.80114104563000    119.07248088324884    199.55188294617952      h 
  367.02551300957265    120.77309040339338    200.31308101353412      h 
  371.15555190051060    122.36947982401966    196.62097993968979      h 
  367.63675651387592    122.13092777097035    193.53447655177021      h 
  368.10956006235040    119.17862328702485    194.95420123589591      h 
  365.56460152142591    121.10723057789748    195.92757884947667      h 
  368.46300065123739    126.08753499196092    195.77614323090907      h 
  366.45945524397627    125.23784810386599    198.30437871404379      h 
  369.61357644884441    126.17981310780436    198.86994952466401      h 
  363.82537649841572    118.07353770076969    188.93346415811595      n 
  364.85265843849760    120.44670395643986    188.04552449683877      c 
  363.08100815273127    122.61043091477515    188.83784721682864      c 
  361.08603311771185    122.16432106322935    189.91682375315978      o 
  365.16591343172990    120.45466520613529    185.15374398816761      c 
  362.76699112921068    120.79184674980176    184.03994412855155      o 
  361.98410709466242    117.70306618296486    188.53528619294792      h 
  366.71003670735968    120.66132396014146    188.93585090636736      h 
  366.44233203463807    121.99147760808921    184.59548518638161      h 
  366.00292163952776    118.64547158394524    184.58185085787701      h 
  362.95502325232195    120.79365743078228    182.22859903654970      h 
  363.88296369518980    124.95657113875227    188.33256681192233      n 
  362.34425392561275    127.16927288277657    188.81843645076512      c 
  361.62687692475674    128.40337777382953    186.31658013082424      c 
  363.20152911918404    128.72545261695487    184.63741922961694      o 
  363.73458274359712    129.17476493283178    190.41575607991922      c 
  361.85022915232605    131.16301443489843    191.31623881513730      c 
  365.03902875229375    127.93891627750595    192.66252043502399      c 
  365.46627533976044    125.25022954255444    187.31208763657003      h 
  360.65430378187455    126.51876316907496    189.81333183704834      h 
  365.15978290280276    130.09171108769868    189.22661902270707      h 
  362.82496710138304    132.58693092008528    192.42645949468806      h 
  360.93586596653836    132.08903559310164    189.72769942419674      h 
  360.39731220385397    130.29358789718214    192.48101161168566      h 
  365.90767276337618    129.38064488296419    193.83751451621336      h 
  363.68087073677356    126.88395994623806    193.78805406264055      h 
  366.49583280317074    126.63946296747523    192.02710379788428      h 
  359.23876533318912    129.18366441539834    186.18381353367300      n 
  358.19425955567328    130.33319637185468    183.94970026697672      c 
  356.35671559242741    132.44703504549688    184.63751794379829      c 
  355.20430443704254    132.50686443045569    186.64120764448572      o 
  356.79804854010547    128.37212052347073    182.28975709443750      c 
  358.61040056898895    126.33632795256547    181.35253587030556      c 
  354.57587266353812    127.18508066994413    183.69146651445303      c 
  358.00523709956855    128.74328096411401    187.58392639169719      h 
  359.75641692199702    131.11409375433104    182.84598398105771      h 
  356.10451254783703    129.42257992624249    180.64735234125519      h 
  357.70315044017576    125.24715200347045    179.86772968570116      h 
  360.30202517375750    127.19459723741718    180.57003839280623      h 
  359.16250531797232    125.07761507854667    182.88041447642706      h 
  353.65945559357561    125.77795924942052    182.50877886627254      h 
  355.21893362122177    126.27148595047338    185.41670369074438      h 
  353.17024922877454    128.60188251456609    184.18176702245293      h 
  356.11041570210335    134.18817558354644    182.82380147457584      n 
  354.21685687344166    136.17143212673199    182.76230237160985      c 
  352.22540094674514    135.24551930198209    180.88046513922387      c 
  352.79493419256147    134.59710077205511    178.71429881000557      o 
  355.52802284682457    138.65430732038638    182.04069233133717      c 
  353.86438253336888    141.00180523308958    182.28468119661832      c 
  351.90901428757542    141.33783451900410    180.18972125540694      c 
  353.08531110558306    141.86727674163475    177.61707428112084      c 
  351.08334645521239    142.05346671831666    175.66881824570467      n 
  357.11668910224904    133.96421076427208    181.20999902622421      h 
  353.36831680635714    136.30824870006700    184.64202065674553      h 
  357.11914260110120    138.85646952724309    183.33795584734690      h 
  356.29254837821264    138.47698378233412    180.13651074840217      h 
  352.85978643035423    140.93563543886978    184.08396910158234      h 
  355.09040724444588    142.65739723906503    182.30989700899090      h 
  350.72348838326877    139.66150450644835    180.06385889919005      h 
  350.68951526016065    142.91159748984680    180.72160511848148      h 
  354.11688232578251    143.64980764139415    177.65894517670696      h 
  354.38258661662826    140.35168795310670    177.09540535509782      h 
  351.86713933323591    142.06199352481624    173.90287871383589      h 
  349.82469951070840    140.57388926444045    175.79901976437915      h 
  350.01776705843332    143.78971981449089    175.82005722335839      h 
  349.89723913249793    135.00717958288686    181.80232228686472      n 
  347.84948631220470    133.88453801888616    180.37198366498214      c 
  346.77496746213171    135.77718399294031    178.45214390259326      c 
  347.03528787291424    138.05931345405887    178.73921407752860      o 
  345.71799886714712    133.08780779997991    182.15749071662682      c 
  346.54592197291322    131.13611225905663    184.10928900459555      c 
  347.85763670740499    128.24519990617134    182.73541617472378      s 
  345.08079029491932    127.07416796727057    181.10364915208186      c 
  349.52085802061868    135.64907369224446    183.56744018724464      h 
  348.57964129977927    132.22530207685040    179.36879830040317      h 
  345.05303645776462    134.76767503407083    183.15711324802581      h 
  344.16813607145554    132.33529713994136    181.02473843585042      h 
  348.03923724519080    131.87537834996917    185.31792153275822      h 
  344.94660720832940    130.56533497924684    185.27337839422654      h 
  345.39035830016581    125.07203971425380    180.78051402586726      h 
  343.43012092753196    127.35029705036834    182.28825248783369      h 
  344.88575604193579    128.03786347262920    179.30173084572834      h 
  345.45170059442842    134.75744504969848    176.56500554918028      n 
  343.98494657102236    136.25802288480801    174.80937211984508      c 
  341.69245918636040    134.70730841929981    173.95902643567865      c 
  341.88819923006520    132.44156636700529    173.49816432096875      o 
  345.48736771417583    136.98875070217491    172.42839295588780      c 
  347.38938365038592    138.74846404095294    173.05466302255695      o 
  345.51070293062105    132.86541456089782    176.22386471784523      h 
  343.38464049834647    137.98472454485290    175.77845232899841      h 
  346.31641134314810    135.28081421884986    171.59752452193430      h 
  344.15388056376423    137.82116378810383    171.07519874606857      h 
  348.14169907546670    139.31943767935155    171.49400860554744      h 
  351.00911577889804    137.09480387082394    191.58914216457450      n 
  352.73099039648832    134.98542811363438    191.45558658095024      c 
  351.36993341229362    132.50714094025886    192.03000440816373      c 
  349.56806462583069    132.35032543991025    193.48295376656964      o 
  354.87349541323829    135.27787903886875    193.37973367941021      c 
  356.40825248046372    137.71781944314841    193.07477679142903      c 
  358.36139014136779    137.86256031409968    195.19583340448153      c 
  357.71615059687184    137.85019993451721    190.50815599956056      c 
  350.63995142383857    137.76113660628579    193.33694696329167      h 
  353.47166237472112    134.88541939991904    189.53171015833144      h 
  354.04790535557032    135.22569936376328    195.27474993237618      h 
  356.14144061254638    133.66065312443698    193.18940804655892      h 
  355.12918012614529    139.33251255033144    193.25452207885880      h 
  359.38726006574814    139.64189553156535    195.13330203172376      h 
  357.45749881655917    137.69236105591537    197.03543565231809      h 
  359.71871897821160    136.32955066304248    195.01278230663200      h 
  358.89734485642867    139.52687665660463    190.41465201036797      h 
  358.90926726235364    136.20032314710576    190.23555397580765      h 
  356.34416679866405    137.92728226454781    188.98460649839717      h 
  352.37854323936750    130.52580937208074    190.84336569772481      n 
  351.69030915765353    127.95622242648899    191.38838697981845      c 
  354.09582533251717    126.37940083649855    191.41633134896992      c 
  355.91697504669798    126.89961343369140    190.08046421061255      o 
  349.87568950128360    126.85123861614916    189.42017816052791      c 
  353.77893380471414    130.77526347938687    189.56000271081189      h 
  350.77542915090498    127.90903225112130    193.23975398262579      h 
  349.44963603046739    124.90279859417997    189.91012958512241      h 
  348.13066630319679    127.93332211403037    189.41765750308321      h 
  350.70342166838390    126.91675187951199    187.54165623783609      h 
  354.02698668381936    124.44013480605726    193.02291161415366      n 
  355.82223912191540    122.38471815134311    192.82917589126941      c 
  354.70133184993631    120.52947311549254    190.91174969328804      c 
  352.52044078689249    119.74361626782679    191.10892747073072      o 
  356.36567682311215    121.16917108305071    195.39782360054551      c 
  358.03616325406733    118.85327436122256    195.00545631987285      c 
  357.69962996784858    123.07972101030948    197.09556756407108      c 
  352.37330035648171    124.10415898426928    193.94200942667115      h 
  357.57391114160879    123.15871244599589    192.05855667418516      h 
  354.56912626460934    120.59981952871520    196.25358705398642      h 
  358.61836385807658    118.08405157035659    196.81845344318086      h 
  357.04914216173989    117.38660980878129    193.95635939306990      h 
  359.70391130053474    119.39813500753982    193.93365485357404      h 
  357.91447690212539    122.32299168467671    198.98980725135468      h 
  359.56086692028299    123.49223392838158    196.33206874630253      h 
  356.63096958739305    124.82766099794235    197.19451913920111      h 
  356.20910882319475    120.03724836910038    188.96326885626192      n 
  355.53085904522811    118.39879115950676    186.88032318697898      c 
  356.73099541749019    115.81102699122030    187.33933670373517      c 
  358.97564109822105    115.61962575281485    187.86566456634966      o 
  356.51232510841453    119.49595131922337    184.39630318298259      c 
  355.53418369829421    118.01669399928487    182.12143715831630      c 
  356.54246684523065    119.16107462100696    179.67523995910182      c 
  355.20548261559844    118.10777886052777    177.35481749461420      c 
  356.00638436560939    119.55055384938500    175.08937457837854      n 
  358.03612996238729    120.63562200102854    189.03484592195062      h 
  353.47503040021036    118.21623172960985    186.82806686912434      h 
  355.87436385664040    121.45104499520633    184.25337794466074      h 
  358.57570990011931    119.48539177722793    184.43023812757943      h 
  356.08697231604401    116.03413641829583    182.24217740289899      h 
  353.46991285679962    118.05017861557393    182.11723895429674      h 
  356.24807635649353    121.19980068021064    179.72939665944830      h 
  358.56600683370260    118.80011927288788    179.54529281076819      h 
  355.59159075391864    116.09531275701454    177.13473859628814      h 
  353.16602484940495    118.30950291023466    177.57621804043507      h 
  354.89244944123266    119.11960369744536    173.57463280621695      h 
  355.77563864460092    121.62289026062835    175.51840763357822      h 
  357.85850882197775    119.19503792642186    174.68076753222542      h 
  346.39021137586303    116.33624913984400    187.35863455961808      n 
  347.04784659605372    118.78367375158940    188.38150212539367      c 
  345.85283254140586    119.09312028374009    190.99794558386733      c 
  343.68725382889659    118.37495666915092    191.40498070778779      o 
  345.97210292086248    120.92432751910013    186.70750591361391      c 
  346.69819786927354    120.63697310765018    183.97896495136621      c 
  345.14863278478754    119.30125606020940    182.32879512698636      c 
  348.90514656242033    121.69804809394115    183.04217397266845      c 
  345.74501568056797    119.07506533462909    179.80266143938235      c 
  349.51375374520063    121.49828761935083    180.50840127049301      c 
  347.93023752400097    120.20046121388512    178.85512738491448      c 
  348.41709088708762    119.96634129951087    176.34604305445779      o 
  344.54111151242597    115.86796918711134    187.44758458158239      h 
  349.10645904682303    118.88800291002680    188.47483198011949      h 
  343.91489046203537    120.86644805768866    186.87177214644487      h 
  346.66126825895736    122.72356440203043    187.43743919494955      h 
  343.42834502525676    118.43567402820749    183.00974564213132      h 
  350.14903203833819    122.71889050239990    184.29621049759396      h 
  344.56111405713091    118.00778425399460    178.53284965703176      h 
  351.21886365222878    122.36205966031119    179.79396807130377      h 
  349.66607201639772    121.22294554588383    175.76757109139572      h 
  364.95710596861250    132.28104299814396    206.55305194161218      n 
  362.63288206866639    131.67149303656777    205.24394292509851      c 
  361.40451493758445    129.35260815515770    206.42159504189581      c 
  362.43226732418549    127.29138011372598    206.63332165955129      o 
  363.08500510736235    131.37721475578903    202.37418989980787      c 
  360.57429227476632    130.77457788114327    201.06461674997146      c 
  365.11398886565911    129.41158028445895    201.82459400050561      c 
  360.72616277010849    131.03591770307742    198.20082668518296      c 
  365.92727060834022    130.87313988775708    207.44528613228772      h 
  361.36010960693966    133.28366536101720    205.52423465286472      h 
  363.76954307635975    133.22069178331662    201.71638467590239      h 
  360.00613061868916    128.85606471430765    201.57421805710246      h 
  359.13664621265099    132.06413527746827    201.79820505684620      h 
  365.42842607125641    129.25537586195597    199.80523660332648      h 
  366.89123641575225    129.95647118113126    202.70463796460191      h 
  364.56213290023084    127.58408066986856    202.58247332510095      h 
  358.86128213597090    130.81909695363706    197.37341469888560      h 
  361.45474334800406    132.89162840935381    197.70912545240515      h 
  361.96854425698490    129.61285978728566    197.40480041130263      h 
  342.37715235533744    127.56350732644862    170.97724658822264      h 
  374.36395520623847    139.72240962130536    193.62105214668520      h 
  373.96957005314249    122.27666615681862    202.72025593673470      h 
  371.45490277265509    120.38733974094050    205.57972700111870      h 
  364.70145099167718    116.78509224829503    188.25158163825861      h 
  340.00587130614798    135.53892274811659    173.77220273958864      h 
  351.64555556582309    138.40377041919754    190.70930527872648      h 
  355.67985901416097    114.24586403315971    187.21111291592538      h 
  346.81663348251209    116.27535942719838    185.71333258065550      h 
  346.83980970421896    119.88867973616252    192.39938248971620      h 
  366.07513762552833    132.93443875498355    205.45049075445911      h 
  359.63870505301009    129.45392649638802    207.08696276612494      h 
  -0.6917458873916D-01   0.3280333406163D-01  -0.9722931026331D-01
   0.2270384610712D-02  -0.8497936172325D-02  -0.6937344627133D-02
   0.1131261418300D-02   0.6206214808904D-03   0.2038683150746D-02
  -0.3401758428356D-02  -0.1809721937511D-02   0.1742528743042D-03
  -0.5409057023432D-02   0.1652656093219D-02  -0.1178136137663D-02
  -0.2790111457509D-03  -0.1408700493268D-02  -0.3010721231671D-03
  -0.9565564002673D-02  -0.5089986248098D-04  -0.4260542461511D-02
  -0.8932685376040D-03   0.4521784040589D-04  -0.3869963400266D-03
   0.2419894304706D-03  -0.1049227390360D-02   0.1514013908587D-02
  -0.5047126020522D-03  -0.2887765661356D-03   0.2027707308952D-02
  -0.7709586615239D-03   0.1928407508119D-02   0.7593878496028D-03
   0.3330432962724D-04   0.1131933205845D-05   0.2095563401742D-04
  -0.1551204185585D-04  -0.2537722807519D-04   0.1866917642416D-04
   0.8298996807274D-04  -0.1059341612633D-03  -0.1674826825485D-03
  -0.4482176080017D-04  -0.8317133678734D-05   0.9940676388972D-04
  -0.1212316159894D-04   0.9552393105196D-05   0.4734099746524D-04
  -0.1365853672235D-03  -0.3592353675670D-03  -0.1111707862541D-03
  -0.9168308025315D-04   0.1777953458818D-04  -0.7158148968862D-04
   0.1809878927599D-03   0.5678641342941D-04   0.9955353510146D-04
   0.3143183614886D-04  -0.7617008600810D-04  -0.5730162798613D-04
   0.5590295599500D-05  -0.1305921333088D-04  -0.3559893657985D-04
  -0.8017111021737D-05  -0.1679436060314D-04  -0.2510192991674D-04
   0.2720930801543D-04  -0.1492393901195D-04  -0.3268768495152D-04
   0.7170005108277D-05  -0.2018311326019D-04   0.2222039045230D-04
   0.7083891967975D-04  -0.7630714525139D-04  -0.3815069099460D-04
  -0.3311257421949D-05  -0.2606789574239D-04   0.4132206022386D-04
   0.4502998448899D-04  -0.6434880972972D-04  -0.9314037731241D-04
   0.8800615747243D-04  -0.5717012284629D-04  -0.3550276882250D-04
   0.7590167163583D-04   0.2537908015333D-06  -0.7181473282004D-04
  -0.6562304566882D-04  -0.1787882423349D-03  -0.2285139771781D-04
  -0.1509091188306D-04  -0.3329722595194D-04   0.2151408390734D-04
   0.2940448821926D-04  -0.1836280461358D-04  -0.4795616495114D-05
   0.1106635435306D-03  -0.4165500441166D-04   0.2302483356434D-04
  -0.9790428884452D-04  -0.8189259198597D-04   0.1123711856742D-04
  -0.1167177811487D-03   0.2007959646471D-03   0.1134770886897D-04
   0.1793600187429D-03  -0.1764944062564D-03  -0.8092070325563D-04
  -0.1076056843745D-03   0.7558529004199D-04  -0.3811175402498D-04
  -0.1284436118870D-05  -0.3263423629154D-04   0.2882807801489D-03
  -0.5154129694199D-04  -0.5866696895487D-04  -0.1146241241280D-03
   0.8024738701662D-04   0.1212302379501D-04  -0.1210836209073D-03
  -0.2666264401603D-04  -0.1015871754089D-03   0.6014558743029D-04
   0.4096409442289D-04  -0.3707429669000D-04  -0.6404152258474D-04
   0.6954373363205D-04  -0.6621402798621D-04  -0.1125997075537D-03
  -0.1535788711555D-04  -0.2884131150882D-04  -0.2656628517665D-04
   0.5014639236316D-04  -0.3337543984173D-04   0.7404281154824D-04
  -0.3495821904068D-04  -0.6011618694836D-04  -0.4392821784780D-04
  -0.1086189487658D-04  -0.7204849646491D-04  -0.1521407593111D-04
  -0.2875279125513D-03   0.5162422042368D-03   0.4606612816613D-03
  -0.1427035018181D-03  -0.1794005588294D-03   0.7355845086422D-04
   0.3747954206650D-03   0.7450483357292D-03  -0.1159170068102D-02
  -0.4745328535193D-03  -0.9175424736500D-03   0.1149478263828D-02
  -0.2107046405093D-03   0.3725022566702D-03  -0.3627850924893D-03
   0.2298809217332D-03   0.2535041296716D-04  -0.4214543013793D-03
   0.1974832515390D-03   0.4832577823095D-04  -0.1565487967912D-03
   0.1798954376489D-03  -0.2073257813545D-04   0.2436671698132D-03
   0.1131841663540D-03  -0.2422508991176D-03  -0.2083183513099D-03
   0.1253777763604D-03  -0.8142320205619D-05   0.5322453702793D-04
  -0.2620240230205D-04  -0.2291483064012D-05   0.5305965793092D-03
   0.4931985108241D-03  -0.3179916925787D-03   0.2994202843683D-03
   0.9791527354107D-03  -0.2245253984168D-03   0.1643772391642D-02
  -0.1999900304722D-02  -0.2873538710076D-03  -0.2600463365259D-02
  -0.2566928469535D-03  -0.2188964942305D-03  -0.1608914495632D-04
   0.2304041310860D-02   0.8950544172940D-03  -0.2026280270763D-02
   0.8626986588052D-04   0.3004126425573D-03  -0.1093895668912D-03
   0.1757346694717D-03  -0.2167959635443D-03  -0.2163809625437D-03
  -0.7017490029749D-04  -0.6592552172334D-04   0.3016259850115D-03
  -0.2483625333027D-03   0.6834627853396D-05   0.1056378521811D-03
  -0.1795035761797D-02  -0.6425401893502D-03   0.1174570701611D-02
   0.5892281331332D-04   0.6007108034123D-04  -0.8399888568281D-04
  -0.1103620973363D-03   0.2203678219136D-05  -0.9024240233435D-04
   0.1003420254519D-03  -0.1707358153885D-03   0.1089616195889D-03
   0.8093390569760D-04   0.1991533352985D-02  -0.9338786336979D-03
  -0.7399731679666D-02  -0.2841782625319D-02   0.5519664602695D-03
   0.2906141748388D-01   0.7865756358435D-01   0.2746404232878D-01
   0.1029398642481D-01  -0.1442517883836D-01   0.1603778700065D-02
   0.1015176731119D-02   0.1936972533771D-02  -0.1500522619062D-02
  -0.3636685806002D-04  -0.6153577428602D-03  -0.1441168073235D-02
  -0.4321776063281D-03  -0.8259058428136D-04  -0.9948858081082D-04
   0.9337453782017D-03   0.8666628496034D-03   0.2703055093595D-03
  -0.1378556711193D-02  -0.1316958783043D-04  -0.7825535499871D-03
   0.3608720604184D-03  -0.4626390669112D-03   0.2451948259452D-03
   0.8564121458491D-03   0.2880090239912D-04   0.6276536468185D-03
  -0.6026022598291D-03   0.4692467029792D-03   0.9282487773791D-03
  -0.9040553976831D-03   0.1737836549899D-03   0.5245370478831D-03
   0.1391290886806D-03   0.2823334721759D-03   0.1115504555885D-03
   0.6379728652336D-04   0.2032147906183D-03   0.4899269657567D-03
   0.2525790826484D-03  -0.3127734699122D-03  -0.4161858286468D-03
   0.6675048825102D-01  -0.4208260215681D-01   0.9136151391262D-01
  -0.2984271325496D-02  -0.5798494870417D-02  -0.6623355289237D-02
   0.8025893885802D-01  -0.3562003207297D-02   0.5635019578454D-01
  -0.1553524710780D-01  -0.5984212149958D-02  -0.1118245706926D-02
  -0.5209513344396D-03  -0.3133238700563D-02   0.8303702621309D-03
  -0.1882537190496D-04  -0.1031893188535D-02  -0.6383332025051D-03
  -0.1118990034118D-02  -0.1735072263767D-02   0.8325045254915D-03
   0.3569822315658D-04  -0.1492822434936D-02   0.5210618142216D-03
   0.7951313245820D-02  -0.1908965945859D-03   0.3645961379484D-02
   0.1000327783027D-01   0.1454176832985D-02  -0.1830771178997D-02
  -0.1094273032446D-05   0.1657302214549D-02   0.7971679456016D-03
   0.1548735580357D-03   0.1696705550660D-02   0.6337451472105D-04
  -0.3741559145565D-03   0.9483200048880D-03  -0.1886450567501D-02
   0.7209425736650D-03  -0.6961466096892D-03   0.1062046878274D-02
  -0.7446709767346D-04   0.8893678430210D-03  -0.2157254752262D-02
  -0.3535821939011D-03   0.7520837662594D-03   0.3663832334762D-03
   0.2334611948146D-03  -0.3428288670004D-03   0.4698874689147D-03
  -0.6819377128920D-04   0.6505930812921D-03   0.2278738317897D-03
  -0.1885048342434D-03   0.1673667668543D-02  -0.1004449599231D-03
   0.6461048464786D-01  -0.9215017974739D-01  -0.5700794076782D-01
   0.1211887373324D-01   0.1722106103684D-02   0.1059371076891D-02
  -0.2825799156124D-02   0.5634594477491D-02  -0.1877806302628D-02
   0.7610086199003D-03  -0.3063894757884D-02   0.1836482207224D-02
  -0.1370327765771D-02  -0.6472684675079D-02   0.2163266988529D-02
   0.5703709201334D-03   0.5244852162499D-03  -0.6097011567086D-04
   0.3828756190518D-03  -0.1266694334395D-01  -0.6502453081335D-03
   0.3524642351927D-03  -0.2631489491655D-02   0.1931071100494D-03
  -0.9004784318236D-03  -0.2493475446522D-03   0.1663857352881D-02
  -0.5488576162706D-03  -0.4227521159985D-04   0.1032342611001D-02
  -0.6387396819917D-03  -0.4070223033461D-04   0.1384767508863D-02
   0.2991547007767D-04  -0.7089615757153D-04  -0.2716176601931D-04
   0.2590347382391D-04   0.2627902449897D-04  -0.4483064117084D-04
  -0.2874453963485D-04  -0.2786370250394D-04   0.2995874792770D-04
   0.1839860085807D-03  -0.5891104069595D-04  -0.7659453893017D-04
   0.4495590014580D-04  -0.1872783430160D-05  -0.3120846044032D-04
   0.6377898198325D-04  -0.1226332091510D-05  -0.4106852495529D-04
   0.3394580244820D-04   0.7006157484736D-05  -0.3032641594153D-04
   0.9196836990965D-04   0.9174266620074D-06  -0.6343161390207D-04
  -0.3086466073232D-04  -0.2417889762847D-04   0.1852299875155D-04
   0.4533483016109D-04  -0.4114149110787D-04  -0.2312372025665D-04
   0.5850472301156D-04  -0.6192582829081D-05  -0.4322965910652D-04
   0.5680051215220D-04  -0.1543938836294D-04  -0.2870620826498D-04
   0.5429412464840D-04   0.1782685593168D-04  -0.3423822772095D-04
   0.3720361581059D-04  -0.1732311687102D-04  -0.3577537952290D-04
   0.5273882084245D-04  -0.4386101483598D-05  -0.3142011315576D-04
   0.4346878236041D-04  -0.2463130340132D-04  -0.3256968155931D-04
   0.2149593382085D-04  -0.2787469689322D-04  -0.2359707109899D-04
   0.5858840112533D-07  -0.4047088621849D-04  -0.1162332876615D-04
   0.1504726506934D-04  -0.1671605121228D-04  -0.2048704345281D-04
   0.1079199310407D-04  -0.2755519525070D-04  -0.1479573748153D-04
   0.2089611605046D-04  -0.5151821298704D-04  -0.2396736098326D-04
   0.7016858126844D-04  -0.6466963124682D-04  -0.3571829639000D-04
  -0.5430632781275D-05  -0.2508474983063D-04  -0.1117809845471D-04
   0.2118650583866D-04  -0.1877077487842D-04  -0.3138972878728D-04
   0.1028731892858D-04  -0.4577848563994D-04   0.4008329666462D-07
   0.6489890854354D-05  -0.2996524993556D-04  -0.2485435398508D-04
  -0.2683281646076D-04  -0.4321998798812D-04  -0.2563531517231D-05
   0.2396493082566D-04  -0.2872087704876D-04  -0.8285879740074D-05
   0.4299434090815D-05  -0.4478396653276D-04   0.1369096279489D-04
   0.1578591528747D-04  -0.3516434943094D-04  -0.8403785335126D-05
   0.2454878387240D-04  -0.4331858371440D-04   0.1177054944749D-05
   0.1723205242254D-05  -0.1929629998127D-04  -0.9368825525545D-05
   0.2344851953598D-03   0.2769317783195D-02  -0.1374868696062D-02
  -0.4009982287274D-03  -0.1280136252390D-03  -0.5002808466667D-04
  -0.2106375699226D-02   0.1973195758611D-02   0.4426610712173D-02
   0.1254123017138D-02  -0.1226020768418D-02  -0.3548152136647D-02
  -0.8595328800484D-04  -0.8734516449678D-03  -0.1930248864253D-04
   0.1094887720835D-02  -0.6720074222906D-03   0.5896607602642D-03
   0.2171465332121D-02  -0.3152151752020D-03  -0.3935687581982D-03
  -0.9274244848834D-03  -0.1615909023596D-02  -0.1811503347132D-02
   0.1551289587652D-01  -0.2813874157202D-01   0.1524992816570D-02
  -0.2682746094305D-02   0.3276075961220D-03   0.2491705300478D-02
  -0.1276882594176D-02   0.1238813397410D-03  -0.8787441687082D-03
  -0.1867021444746D-03   0.1584195075397D-04   0.3871326068519D-03
  -0.5223449705394D-03   0.3785983701599D-03  -0.5123085949855D-03
  -0.1473427137742D-02  -0.1310251591602D-03  -0.6017655239510D-03
  -0.5045439169306D-03   0.3707123249927D-03  -0.4586889258474D-03
   0.4069585165232D-03   0.1712451191057D-03   0.2306186371876D-03
   0.4379654175647D-04  -0.2091639365885D-03   0.2387062217760D-03
  -0.1856524780520D-02   0.4658915962414D-03  -0.7176682207093D-03
   0.3296674733465D-03  -0.3982984904061D-03   0.3717578188008D-03
  -0.1803024392592D-02   0.1056344474964D-02   0.2914880344576D-02
   0.3835873332093D-02   0.2854296230317D-02  -0.9532199069649D-03
  -0.1426887150814D-01   0.2617776356155D-01  -0.2111544822658D-02
   0.5063371584162D-03  -0.4941337471289D-03  -0.1010925128314D-02
   0.8783750507101D-05   0.2183403881963D-02   0.8480397876741D-03
  -0.1765967300522D-02  -0.1242590482086D-01  -0.4644382446759D-02
  -0.8313808373804D-04   0.7635324472403D-02   0.1478726134643D-02
  -0.5685491147004D-03  -0.9861380798623D-03   0.3320348095823D-03
  -0.6728843714910D-03   0.4383996557632D-03   0.1294974677261D-02
   0.8977630633208D-03  -0.1320961828372D-02   0.5822947075013D-03
  -0.1465115366588D-02   0.2444377515110D-03   0.6857437282632D-03
   0.1319544840165D-02   0.1137852474324D-02   0.3747645896755D-02
  -0.2279849902721D-03   0.7761273119352D-04  -0.4712359502924D-03
   0.1871156066687D-02   0.6017641482661D-03  -0.4846180367536D-03
  -0.1177097818743D-03  -0.1066756501521D-03  -0.8695217038229D-03
   0.3595876858968D-03   0.1367749716397D-02  -0.7276600398381D-03
  -0.2133286147738D-03  -0.1106641391394D-02  -0.7400252178153D-03
   0.6404120925599D-03   0.5095437346026D-04  -0.7240591582906D-04
  -0.1622268824797D-03   0.3819403651871D-03  -0.8421261684105D-04
   0.5082105549075D-03   0.3982915101917D-03   0.1459316323533D-03
   0.4638251935418D-03   0.3785536454556D-02   0.3059296798732D-02
   0.7758782767827D-02   0.3609927298611D-02  -0.1575378393988D-02
  -0.7294408214740D-01   0.5696671894619D-01  -0.5071355493383D-02
   0.1832714157813D-02  -0.2612397120459D-01  -0.4331021872861D-02
  -0.1763722280806D-02  -0.1925754710201D-02   0.3108998035660D-02
   0.1501255480703D-02   0.1152342070714D-02  -0.1310101362593D-02
  -0.7065454543404D-03  -0.5287462049487D-05  -0.4877631832939D-03
  -0.8853592315250D-03  -0.3373928552290D-03  -0.2245132218523D-03
   0.3780925659808D-03  -0.9707440782696D-05  -0.2503528465274D-03
  -0.3500868150112D-03   0.3896202208545D-03   0.5690476631798D-03
   0.4548323446119D-03   0.1333762620028D-03   0.1630476259115D-02
   0.5918433083435D-01   0.8802611562472D-01  -0.5555220431936D-01
   0.2787235710917D-02  -0.1466124097430D-02  -0.6499422505825D-02
   0.5146040422120D-02  -0.7408227390624D-02  -0.3855826125634D-02
  -0.3732614396618D-02   0.1339515807529D-02  -0.2780640449445D-03
  -0.8692411823933D-02   0.5717541989862D-02  -0.5874232354749D-04
  -0.1321141754666D-02   0.1206397223878D-02  -0.1083503742298D-02
  -0.1123367456999D-02   0.2120181272767D-03  -0.6122082645473D-03
  -0.7625497553726D-03   0.1338130147035D-04  -0.6135041538337D-03
   0.1226390333062D-02   0.1079231684011D-01  -0.7647845299107D-02
  -0.1378485787020D-03   0.8374098377375D-03  -0.2040289853757D-02
   0.3623745004569D-03   0.3753867322653D-03   0.3686523368906D-03
  -0.1273082196310D-02   0.4720197312200D-03  -0.1227194981592D-02
   0.1367339635128D-04  -0.1170636225444D-02  -0.8221289003955D-03
   0.7583574687090D-03  -0.2203063903642D-03   0.3101330448672D-03
   0.1045372146747D-03  -0.8078859275127D-03   0.3579752325750D-03
   0.6108285032814D-03   0.2257422584127D-03   0.7677619945984D-03
   0.1682771339456D-03  -0.4215121236828D-03   0.3779562846657D-03
   0.5473911683021D-03   0.1045710892859D-04   0.2280259199638D-03
  -0.6812907148276D-03   0.1132434002432D-03   0.5638615824146D-03
  -0.4716939775983D-03   0.1746246750897D-02   0.1341966546335D-02
   0.1003399657789D-03   0.1953752587166D-04   0.1307931701791D-02
  -0.2425845205717D-02  -0.4032990373638D-02   0.3170105253278D-02
   0.2569434783002D-02   0.1749552985999D-02  -0.2087207525787D-02
   0.8103176540432D-03   0.5979296929589D-03  -0.5237458315967D-04
  -0.7257320383264D-03  -0.5831008531305D-03   0.1311979850895D-02
   0.6060085981685D-03  -0.1989186216820D-02  -0.1610758680004D-02
  -0.1683879080013D-03   0.1052100977480D-02   0.5942701009291D-03
  -0.1566299408277D-03  -0.2304076219074D-03  -0.1878050020500D-03
  -0.1454544130327D-03  -0.2845994514635D-03  -0.4687905817427D-03
   0.3640112774765D-02   0.1020368195438D-02  -0.3073291753802D-02
  -0.8099282513793D-03   0.7845375737796D-03  -0.4419443901432D-03
   0.8553689659910D-02   0.3288068616651D-02  -0.3199663909432D-02
  -0.5462886907059D-02  -0.2421504322192D-02   0.6958866295882D-03
   0.1902150432377D-03   0.5342923490685D-03   0.7105231437824D-03
  -0.6964817956210D-03  -0.2924083894452D-03   0.4095815493234D-03
   0.6893827445753D-03   0.1371345652272D-03   0.6130374355607D-03
  -0.5699871740877D-02   0.2591679222355D-02   0.2036155204383D-02
   0.7269936648564D-04  -0.6360899426346D-03  -0.4656347507304D-03
   0.1234745865148D-04   0.2640707542289D-03   0.4526204007568D-04
  -0.1899306175335D-03   0.2798521233051D-03   0.6951778613781D-03
   0.5035025496056D-03   0.5964765913806D-04  -0.5478260835095D-03
  -0.7667944465876D-03   0.1417313231482D-02  -0.4489039214915D-03
  -0.3596419057582D-03   0.9413756253745D-05  -0.5942324018224D-03
  -0.3467402625443D-03  -0.2237895023252D-04  -0.1653896415665D-03
   0.5689699809168D-03  -0.1049510713718D-02  -0.9624396182126D-03
  -0.3076041953718D-02  -0.8125171852793D-03   0.3695350617233D-02
   0.5098560717715D-03   0.7247952701303D-02  -0.3595528999333D-02
  -0.6735352146472D-01  -0.6141152229587D-01  -0.9470474926871D-02
   0.2272547508531D-01  -0.6047948558861D-03   0.4889162994270D-02
  -0.4735754916501D-03   0.3830266182692D-03   0.2713716641509D-02
   0.1710005147144D-02   0.2479117916807D-02   0.8827668722653D-03
   0.3125599596084D-04   0.1001381794398D-03   0.2685737553839D-04
   0.1518877198786D-02   0.1201700561513D-03   0.1314322926700D-03
   0.1674490724072D-02   0.9857430020252D-03  -0.3415770298235D-02
  -0.8428276539616D-03   0.1860673645038D-03  -0.4251541880186D-03
   0.1167994294435D-02   0.9183467448622D-04  -0.1632936469663D-02
  -0.3722348333851D-03   0.7557171098022D-04  -0.6291491423638D-03
   0.2766745230816D-03  -0.6539235590046D-03  -0.4662238457818D-03
  -0.2027743883838D-02  -0.2218336981170D-03  -0.1213825975867D-02
   0.3767838489994D-04  -0.2166456480606D-02   0.1291799782701D-03
  -0.5149976368961D-03   0.2400163341233D-03  -0.1541776634551D-03
   0.3428454906274D-03  -0.5933330301794D-03  -0.3317207619713D-03
  -0.2216536609327D-02  -0.1084763314807D-03   0.1745576520310D-02
   0.3864379144293D-03  -0.1594798045870D-02   0.4945112920074D-03
   0.3006779999561D-04  -0.4247595256067D-03   0.8926124649006D-03
  -0.3735151384421D-04   0.2231598266247D-02   0.3395929136627D-03
  -0.9435620897288D-03  -0.5379316249955D-03   0.8655371650694D-03
   0.2760855698337D-01   0.7164698404100D-02  -0.1236682567126D+00
   0.1075200945886D-01   0.4588110549820D-02  -0.8899197802862D-02
   0.5738596559928D-01   0.4270423656771D-01   0.5953572454651D-01
  -0.1757420745963D-01  -0.6240690844325D-02   0.3621130442096D-02
   0.2805184540260D-03  -0.9053526598364D-02   0.3584891764494D-03
   0.3774928294787D-03  -0.1211431857700D-02  -0.2244514299504D-02
   0.8033548510659D-03   0.1057208935778D-02   0.2692831117699D-03
  -0.1280410784373D-02  -0.3026116730272D-04   0.3115938590755D-03
  -0.2243056556489D-02   0.1809363264626D-02   0.6962782315346D-03
  -0.4219894990126D-03   0.7945704455997D-03   0.6042527136367D-03
   0.9044060486283D-03  -0.1763092871383D-02   0.1722056387917D-02
  -0.1675666853452D-02   0.4286772745234D-03  -0.1222209650784D-02
   0.4791748089815D-02  -0.6289599069809D-02  -0.1025781617768D-01
   0.4532707181643D-03  -0.1542827466021D-02  -0.3376761522131D-02
   0.3623284338851D-03  -0.7568437780441D-03  -0.6795718319028D-03
   0.1285282152965D-02  -0.1404798441859D-02   0.1067363460624D-02
   0.1292042774313D-03  -0.8880956420676D-03  -0.5550781968263D-03
   0.3525268382905D-03  -0.4341133869212D-04  -0.1170548232592D-03
   0.6974264425710D-03  -0.1197647449691D-02   0.4350762550068D-03
   0.2637339607677D-03  -0.6563314913564D-03  -0.2442748983578D-03
   0.2014335414424D-02   0.8600390555170D-03  -0.1262999155422D-03
   0.6869426508092D-01   0.4677211123210D-01  -0.9452410088721D-01
   0.3310561321354D-02   0.8518895172435D-02  -0.1039951302689D-01
  -0.7515491782715D-01   0.2432014888737D-01   0.2785374512807D-01
  -0.3455524250586D-02  -0.1395412703611D-01   0.2694849673529D-02
   0.3150382089806D-02   0.2107911393637D-02   0.3321658663223D-02
  -0.7530128804506D-03  -0.1679461461456D-03  -0.3056088025904D-03
  -0.3592680348357D-03  -0.3480742664985D-03  -0.9888646487222D-03
  -0.4499453080313D-03  -0.3387046375658D-03  -0.1619974218248D-02
   0.1531413907472D-01   0.5311729413109D-02   0.1560621520100D-02
   0.2057414113306D-02  -0.2716798992012D-04  -0.5810905822542D-03
   0.1496712787333D-02   0.1148061614518D-03   0.5189643725893D-03
   0.4737057521089D-03   0.3292633933154D-03   0.7239545335761D-03
   0.1774795344705D-03   0.1171866087643D-03   0.1212073982355D-02
   0.3857831938612D-03   0.2348505743134D-03  -0.3608126977760D-03
  -0.7637899704398D-03   0.9359248937472D-03   0.9764869547733D-03
   0.2943151177368D-03   0.1350663638113D-02   0.8977790052422D-03
   0.4874820614781D-03   0.1921324242282D-03   0.5543565092905D-03
   0.5129226970211D-03  -0.3218519022355D-03   0.4333126811153D-03
   0.4700778813763D-03   0.3954541896256D-03   0.5507597980679D-03
   0.8822862436992D-01  -0.2098081433153D-01   0.1057163587062D+00
  -0.3148120935681D-01  -0.6476498570136D-01  -0.2573120384098D-01
  -0.8565554742880D-01   0.5419553443076D-01  -0.9618654687031D-01
  -0.6112485046328D-01   0.4324788920923D-02  -0.4740319021429D-01
  -0.7539859076221D-01   0.1057291536352D+00   0.5034789843853D-01
   0.6368413965113D-01  -0.3872988304361D-01   0.7076798773213D-02
  -0.5041219858582D-01  -0.1060606951227D+00   0.7452928938556D-01
   0.4715561108778D-01   0.5946017151568D-01   0.6811828244644D-02
  -0.3994494024425D-01   0.6675542141637D-02   0.1344129777674D+00
  -0.4443908505559D-01  -0.3423329734507D-01  -0.5085088797943D-01
  -0.8916562285251D-01  -0.6083279522708D-01   0.8977147078592D-01
   0.7392644831904D-01  -0.1575677582852D-01  -0.2352648977303D-01
$end                                                                            
