   -0.39920260
    0.02038647
    0.28055906
   -0.47522967
    0.07180261
   -0.47215007
    0.18100366
    0.04313822
    0.04426787
    0.03101007
    0.32245665
   -0.16705410
    0.03050487
    0.27518971
   -0.48786604
   -0.10038906
    0.36801849
   -0.55500464
   -0.59186909
    0.19666528
    0.07733528
    0.05757885
    0.05616297
   -0.17615918
    0.00213830
    0.27122209
   -0.47009927
    0.11021950
   -0.45916774
   -0.13941317
    0.22580201
    0.07014192
    0.05027146
    0.33196616
    0.08059983
    0.04681596
    0.05269148
   -0.17017436
    0.02220520
    0.28047470
   -0.48809812
   -0.13245772
    0.21560165
    0.06733415
    0.06574808
    0.07616542
    0.06879916
   -0.18480544
    0.02014140
    0.26402725
   -0.46763673
   -0.12472563
    0.22469697
    0.07484781
    0.07107293
    0.06671864
    0.06049019
   -0.16885869
    0.01135673
    0.27452364
   -0.48766204
    0.11660451
   -0.48093932
   -0.13908569
    0.22761894
    0.07344459
    0.03343731
    0.34453092
    0.06268196
    0.05439013
    0.06102695
   -0.17604996
    0.02566881
    0.21280791
   -0.37771388
   -0.01461634
   -0.12351250
   -0.12662602
    0.23194765
    0.07470355
    0.05463933
    0.06272168
    0.03372712
    0.05871699
    0.06380439
    0.05671658
    0.05806140
   -0.38146067
    0.03743294
    0.19281597
   -0.39710586
   -0.06680813
   -0.01221833
   -0.11364567
   -0.12049688
    0.16612275
    0.07289704
    0.04311983
    0.05499945
    0.04470281
    0.03999977
    0.03782418
    0.04014609
    0.05101763
    0.04093235
    0.03556087
   -0.38486244
    0.01460198
    0.27406279
   -0.47571182
    0.06910903
   -0.46756886
    0.17098431
    0.04815210
    0.04610506
    0.03031858
    0.32497830
   -0.16359458
    0.01036009
    0.27165038
   -0.49447676
   -0.01994667
   -0.11659249
   -0.11304145
    0.20062437
    0.08187812
    0.05822880
    0.06154081
    0.03414004
    0.04619429
    0.05546438
    0.04417564
    0.03846669
   -0.16227865
    0.00706693
    0.26755275
   -0.47754743
   -0.00986385
   -0.11722523
   -0.11556537
    0.22766939
    0.08790265
    0.03033205
    0.06197353
    0.03973881
    0.04331662
    0.04543989
    0.05165524
    0.04109003
   -0.18330302
    0.01446962
    0.26901373
   -0.49301934
   -0.08883220
   -0.07906324
   -0.09828839
   -0.05171779
   -0.14035072
    0.23015487
    0.06832639
    0.06677086
    0.08508990
    0.05589286
    0.07284536
    0.07373781
    0.08086937
    0.11804252
    0.11633155
    0.29077456
    0.28713458
    0.30119739
   -0.14698536
    0.01727390
    0.26785531
   -0.45357300
   -0.07303311
   -0.01854064
   -0.21333617
   -0.05661293
    0.21280873
    0.08125184
    0.07109315
    0.06167406
    0.06441242
    0.05567959
    0.04449755
    0.04969316
    0.06159412
   -0.16868143
    0.01917462
    0.19132819
   -0.35719502
    0.06646252
   -0.46232645
    0.21725774
    0.11224823
    0.06156398
    0.04902102
    0.35804180
   -0.38798887
    0.02259959
    0.27072093
   -0.51191714
   -0.06658043
   -0.00911742
   -0.11514700
   -0.11856010
    0.15107706
    0.06556478
    0.02439576
    0.03100397
    0.02998612
    0.04473857
    0.03079162
    0.04190796
    0.04904621
    0.04238931
    0.03978776
   -0.18611641
    0.02454007
    0.26581482
   -0.47053510
   -0.11952455
    0.22896774
    0.05917847
    0.04702288
    0.06371377
    0.06875073
   -0.16493249
    0.00835449
    0.26866909
   -0.50204952
   -0.01366432
   -0.11796572
   -0.11844126
    0.19641773
    0.09885876
    0.03988371
    0.05420710
    0.02681776
    0.06070131
    0.05011325
    0.05220047
    0.04414268
   -0.17377552
    0.02774991
    0.19959468
   -0.35701766
   -0.08151160
   -0.07019846
   -0.08745403
   -0.02605435
   -0.19671519
    0.23491631
    0.07703349
    0.06819775
    0.08579480
    0.04700004
    0.05055581
    0.06994262
    0.07575165
    0.09291246
    0.08498380
    0.26233064
    0.30533951
    0.26811300
   -0.38420963
    0.04006814
    0.20548402
   -0.37879731
   -0.06827709
    0.00144493
   -0.04239849
   -0.04086959
   -0.06384389
   -0.07224213
    0.14624818
   -0.44325408
    0.15839898
    0.06761988
    0.04605195
    0.04692074
    0.03552739
    0.04699330
    0.04202208
    0.03587810
    0.33960538
   -0.38630319
    0.03411050
    0.20660838
   -0.38285665
   -0.02147045
   -0.06143769
   -0.10966041
   -0.10864136
    0.15793992
    0.05048535
    0.04838342
    0.02557912
    0.03216053
    0.05820173
    0.03714121
    0.03883113
    0.03555677
    0.04918017
    0.04894159
    0.18162065
    0.06945981
    0.17381407
    0.05735902
    0.17925738
    0.09696063
    0.18463123
    0.07941686
    0.18473520
    0.06314694
    0.18909140
    0.05817711
