   -0.38786439
    0.03892589
    0.18484951
   -0.37048302
   -0.07480460
   -0.01517327
   -0.12109111
   -0.11329670
    0.17392637
    0.04999327
    0.05812137
    0.04376669
    0.04791205
    0.04122260
    0.05873617
    0.02409222
    0.04636287
    0.03005732
    0.04112740
   -0.39556198
    0.03061388
    0.26743538
   -0.52697404
   -0.06821011
   -0.00199087
   -0.05074810
   -0.02620695
   -0.06677689
   -0.05719404
    0.14083393
   -0.42515279
    0.16043008
    0.04137246
    0.05959849
    0.04448971
    0.05236544
    0.01664486
    0.06444869
    0.01380403
    0.33371664
   -0.20139260
    0.03422402
    0.20046203
   -0.38000249
   -0.08230261
   -0.00908018
   -0.11600675
   -0.12364477
    0.26909774
    0.06571416
    0.09248072
    0.07224023
    0.02860636
    0.04392754
    0.01454923
    0.05147351
    0.04989771
    0.05583485
    0.05179154
   -0.40169138
    0.04811601
    0.27085684
   -0.52231876
   -0.10051045
    0.37006767
   -0.60628404
   -0.65319451
    0.15788107
    0.02885752
    0.04481649
    0.00217153
   -0.18040435
    0.03402948
    0.19866127
   -0.33553585
   -0.10836005
    0.22599023
    0.07475628
    0.06002885
    0.02900435
    0.07214665
   -0.39542014
    0.03108630
    0.26114852
   -0.45975108
   -0.13550314
    0.16894690
    0.04927756
    0.05598137
    0.06225824
    0.05283850
   -0.16067213
    0.00983634
    0.19542120
   -0.36745306
    0.06833631
   -0.46740507
    0.21718626
    0.09361469
    0.05876386
    0.07169068
    0.34702731
   -0.38780617
    0.02810644
    0.26071522
   -0.50216903
   -0.11312445
    0.16630654
    0.03926790
    0.04027562
    0.05666698
    0.05483159
   -0.20150483
    0.01906718
    0.26799683
   -0.48515357
   -0.07344796
    0.02433670
   -0.04447205
   -0.03154086
   -0.03684561
   -0.04006586
   -0.04397596
    0.25417374
    0.06855262
    0.06988406
    0.05495231
    0.03949826
    0.03438483
    0.04364405
    0.04456497
    0.04480902
   -0.20396667
    0.01586590
    0.26827514
   -0.49772442
   -0.08760008
   -0.00399084
   -0.04033145
   -0.05132957
   -0.05990740
   -0.08010069
    0.14303895
   -0.44246775
    0.23397746
    0.07599100
    0.06621595
    0.08235489
    0.03747593
    0.05714849
    0.04053790
    0.06138258
    0.35845249
   -0.16831278
    0.01250385
    0.25888660
   -0.51449582
   -0.07832805
   -0.03270359
   -0.13826052
   -0.12732077
    0.21634405
    0.10430643
    0.05898938
    0.04977520
    0.06354158
    0.07376902
    0.05134423
    0.04973629
    0.06998862
    0.04555036
    0.03504431
   -0.09190287
    0.02869382
    0.28013764
   -0.49875577
   -0.06802109
   -0.06898768
    0.00019266
    0.05641790
    0.04536106
    0.06652301
    0.06267167
    0.08067172
    0.05188377
    0.07262636
   -0.18086804
    0.03134048
    0.20150261
   -0.36519414
   -0.14186986
    0.21662762
    0.08063820
    0.07019531
    0.08446221
    0.08278338
   -0.40875240
    0.01689282
    0.27040403
   -0.47393562
    0.05130645
   -0.44598343
    0.17261873
    0.04800256
    0.04626821
    0.05719224
    0.31404965
   -0.17370319
   -0.01946387
    0.28564052
   -0.49363133
    0.21462400
    0.08583375
    0.08461576
   -0.18810224
    0.02577377
    0.27290440
   -0.50068098
   -0.04927448
   -0.08937475
    0.36977311
   -0.63805875
   -0.65596271
    0.20546753
    0.05728857
    0.04332653
    0.05086037
    0.03511761
    0.00882689
   -0.17572917
    0.01214647
    0.26842693
   -0.43728433
   -0.07582601
   -0.08921368
   -0.09283891
   -0.05439806
   -0.14190031
    0.21473951
    0.08112758
    0.07400638
    0.05419767
    0.05557467
    0.07925279
    0.08416411
    0.07368530
    0.11773151
    0.12718247
    0.28792174
    0.30643450
    0.27683448
   -0.18563682
    0.01577330
    0.26833139
   -0.45983095
   -0.07238212
   -0.00816942
   -0.25106011
   -0.05334416
    0.18756648
    0.09778433
    0.05982670
    0.08284701
    0.06462548
    0.04418118
    0.03223629
    0.06515041
    0.07509125
   -0.16067797
    0.02078889
    0.20456834
   -0.33277799
    0.06870714
   -0.48229379
    0.21821320
    0.10032744
    0.06425348
    0.06080626
    0.35458467
   -0.40083679
    0.03440204
    0.26918410
   -0.52187963
   -0.11494657
    0.15767423
    0.04678424
    0.04293129
    0.06088662
    0.03726982
   -0.17660406
    0.02772758
    0.22126358
   -0.37969535
   -0.02308289
   -0.06632832
   -0.12506939
   -0.11453220
    0.22909518
    0.07508071
    0.06141906
    0.03492964
    0.04753292
    0.05588526
    0.06169517
    0.04131010
    0.04453578
    0.04872986
    0.03895746
   -0.38378677
    0.03724962
    0.26018784
   -0.48505346
   -0.11039571
    0.29274372
   -0.49373133
   -0.29117865
    0.16917018
    0.05380109
    0.08083840
    0.08128624
    0.23009987
    0.22991435
   -0.16007518
    0.00933688
    0.26914734
   -0.47557231
   -0.02646292
   -0.28089204
    0.23058828
    0.09845568
    0.08490249
    0.07705693
    0.19801528
   -0.16575299
   -0.04397889
    0.26764535
   -0.47414629
    0.23074895
    0.10140044
    0.11793620
   -0.16413975
    0.01241834
    0.27043753
   -0.50342642
   -0.02651860
   -0.06685193
   -0.11614804
   -0.11939539
    0.21016063
    0.08307193
    0.05774058
    0.04119257
    0.05288077
    0.05628228
    0.03733385
    0.04952614
    0.05066990
    0.04561670
    0.04079501
   -0.19393164
    0.02157599
    0.27536134
   -0.49317442
   -0.01418267
   -0.11404093
   -0.13976910
    0.25566275
    0.06438796
    0.04315820
    0.05879672
    0.03617821
    0.03784370
    0.07178874
    0.04287701
    0.07005383
   -0.19605789
    0.02826588
    0.28498930
   -0.50955699
   -0.08265621
   -0.02156903
   -0.12222280
   -0.11970831
    0.23832007
    0.05829746
    0.06255636
    0.07333076
    0.04684368
    0.02598460
    0.02823762
    0.05836777
    0.05076028
    0.04941860
    0.04916805
   -0.19263299
    0.02842341
    0.29337138
   -0.50866001
   -0.11838810
    0.28782346
   -0.47609668
   -0.27561404
    0.24495080
    0.06194720
    0.08287848
    0.10358389
    0.22185708
    0.22237618
   -0.20562737
    0.03683177
    0.27821469
   -0.53357014
   -0.07809036
    0.00624657
   -0.04120293
   -0.04249795
   -0.03393810
   -0.03307053
   -0.03373738
    0.24878500
    0.06040636
    0.07852504
    0.05589210
    0.04094238
    0.02916561
    0.05733505
    0.03613899
    0.04749288
   -0.20267568
    0.04569703
    0.29444485
   -0.51516002
   -0.07330516
    0.07060745
   -0.31012527
   -0.02842926
    0.08796988
   -0.08346027
    0.26382995
    0.05378106
    0.06302842
    0.05338408
    0.04018091
    0.06255858
    0.19754951
   -0.21083590
    0.04708881
    0.30482473
   -0.54023399
   -0.07522999
    0.01545790
   -0.03192170
   -0.03225299
   -0.02227248
   -0.02832629
   -0.02511745
    0.23997792
    0.03569138
    0.05426443
    0.07971811
   -0.00143889
    0.04250996
    0.01949927
    0.05249619
    0.04485018
   -0.20623433
    0.04552726
    0.28048755
   -0.53613259
   -0.07488123
   -0.08250649
   -0.03014647
   -0.13417243
    0.23606686
   -0.23718728
   -0.24453402
    0.22987398
    0.03481561
    0.06359707
    0.07007495
    0.04272259
    0.07493535
    0.11008532
    0.08252075
    0.24647493
    0.22125144
    0.23393126
    0.26224649
    0.23882622
   -0.18193900
    0.01133539
    0.37375451
   -0.62938788
    0.13118827
   -0.46339446
   -0.11394948
   -0.64946995
    0.20720942
    0.04071492
   -0.01197944
    0.31487379
    0.06383632
    0.01713490
    0.07785901
   -0.13672751
   -0.09768596
    0.27866388
   -0.41452733
    0.31382764
    0.29609036
    0.29564128
    0.14139116
    0.15439784
   -0.17681312
    0.00284190
    0.27950371
   -0.44488002
   -0.06345798
   -0.10696583
    0.29077611
   -0.50888764
   -0.29421903
    0.19799440
    0.08099770
    0.07733737
    0.06546479
    0.07014408
    0.09440642
    0.23119061
    0.22908865
   -0.22165782
    0.01157291
    0.27207136
   -0.47629459
    0.10345435
   -0.47200939
   -0.13710264
    0.24179214
    0.06867897
    0.05879153
    0.35125357
    0.07532970
    0.05511893
    0.05592920
   -0.18731017
    0.01199586
    0.29742558
   -0.48803873
   -0.03963644
   -0.07113818
   -0.13073411
   -0.11839481
    0.21491936
    0.08224992
    0.07254089
    0.06171318
    0.03376918
    0.07420031
    0.04787321
    0.04423253
    0.04361675
    0.04700726
    0.04061699
   -0.18179430
    0.05042008
    0.21728855
   -0.37760253
   -0.10184616
    0.37232722
   -0.64037646
   -0.61775679
    0.21775005
    0.07747577
    0.04070037
    0.05538993
   -0.41324361
    0.04096464
    0.26691326
   -0.48576008
   -0.07270570
   -0.00969054
   -0.12520333
   -0.11929915
    0.17962588
    0.03427388
    0.03955488
    0.04200657
    0.02690118
    0.05247638
    0.02728027
    0.04955561
    0.04842326
    0.04198616
    0.03898483
   -0.19623564
    0.03422778
    0.20931814
   -0.35370813
    0.07710370
   -0.47686502
    0.23658437
    0.08921879
    0.05322949
    0.03623580
    0.35726031
   -0.39054209
    0.03500394
    0.21147298
   -0.38409074
   -0.02381253
   -0.05744713
   -0.11686615
   -0.10295082
    0.15624004
    0.05671043
    0.05575765
    0.04094675
    0.03168031
    0.05552351
    0.03046357
    0.04798655
    0.03798863
    0.02275632
    0.04154427
    0.17815705
    0.09231474
    0.19251486
    0.08016143
    0.17988413
    0.08248265
    0.18126569
    0.09172918
    0.18132959
    0.08411203
    0.19480588
    0.08780052
    0.18702684
    0.06899108
    0.18050903
    0.05752295
    0.16423173
    0.06356790
    0.18174300
    0.05994221
