           2           1   1.01821936899674     
           3           2  0.986836929949978     
           4           3   1.88521381400495     
           5           2  0.955606847323635     
           6           5   1.00630301391767     
           7           6  0.962180430790293     
           8           7   1.57022733099956     
           9           7   1.38649773138636     
          10           1  0.952055509066849     
          11           2  0.948165801987745     
          12           5  0.951215742876512     
          13           5  0.967448398961531     
          14           6  0.968196898070228     
          15           6  0.921163278811393     
          16           9  0.924247553011943     
          17           9  0.914535441707630     
          19          18   1.02184833097386     
          20          19  0.951242357411127     
          21          20   1.63275162119512     
          22          19  0.949397123611746     
          23          22   1.01358810389336     
          24          23   1.40690465448752     
          25          23   1.40913754515126     
          26          24   1.45661022564283     
          27          25   1.45258723518928     
          28          26   1.43520292907433     
          28          27   1.43701920255556     
          29          18  0.956370093417391     
          30          19  0.956031186667476     
          31          22  0.969310910603236     
          32          22  0.963372590037548     
          33          24  0.967391179152434     
          34          25  0.971449417685988     
          35          26  0.970758956322314     
          36          27  0.970909028803031     
          37          28  0.972462563620617     
          38          20   1.28597135380363     
          39          38  0.988900480299179     
          40          39  0.974438882272604     
          41          40   1.91649099529015     
          42          39  0.974676943641067     
          43          42  0.998736012231143     
          44          38  0.920144357140549     
          45          39  0.928472400567440     
          46          42  0.967755312196509     
          47          42  0.965657069488343     
          48          43  0.869466759611481     
          50          49   1.01979309254019     
          51          50  0.944016464782921     
          52          51   1.62752827240819     
          53          50  0.968908442405817     
          54          53  0.996880308425185     
          55          54   1.00984746831285     
          56          54   1.01079789517945     
          57          49  0.952137666457201     
          58          50  0.955375391228094     
          59          53  0.968178750507043     
          60          53  0.973730282213583     
          61          54  0.968411733554354     
          62          55  0.983873048461770     
          63          55  0.983871441119295     
          64          55  0.983185266061322     
          65          56  0.984407502386946     
          66          56  0.981714144085787     
          67          56  0.972406863465688     
          68          51   1.29029513769468     
          69          68  0.978859299867709     
          70          69  0.945687639698868     
          71          70   1.64710811937668     
          72          69  0.944688325611719     
          73          72   1.01041765781454     
          74          72   1.00752703833291     
          75          68  0.925181522585823     
          76          69  0.947517842118362     
          77          72  0.967049857535764     
          78          73  0.978990903948180     
          79          73  0.961493008221823     
          80          73  0.983647775612340     
          81          74  0.979054326478182     
          82          74  0.972588794350243     
          83          74  0.981994049314961     
          84          70   1.25396386543591     
          85          84  0.994657326283824     
          86          85  0.938419631343765     
          87          86   1.62458154779267     
          88          85  0.940781741643380     
          89          88  0.988539508428288     
          90          88   1.00945086170739     
          91          84  0.916759562214347     
          92          85  0.949399918283873     
          93          88  0.962086048029266     
          94          89  0.872576645459419     
          95          90  0.976575626791080     
          96          90  0.971288864531955     
          97          90  0.981735840129991     
          98          86   1.29498777485815     
          99          98  0.965692833034130     
         100          99  0.929265503418330     
         101         100   1.67685196949453     
         102          99   1.00207264093322     
         103          98  0.921885709203818     
         104          99  0.958465263717389     
         105         102  0.976526157826940     
         106         102  0.976188862879671     
         107         102  0.979722280535747     
         108         100   1.26817846411945     
         109         108  0.966948586926126     
         110         109  0.930712071069351     
         111         110   1.64509754582549     
         112         109  0.992806287133475     
         113         112  0.985837362817103     
         114         113   1.01294158969829     
         115         113   1.01045395631866     
         116         108  0.925173277376986     
         117         109  0.953009783652564     
         118         112  0.970230545956413     
         119         112  0.970103046543368     
         120         113  0.966651351154883     
         121         114  0.973191483530577     
         122         114  0.979828679597183     
         123         114  0.982387791918817     
         124         115  0.978133190267551     
         125         115  0.982885613407180     
         126         115  0.982681610276528     
         127         110   1.29335160917493     
         128         127  0.967335650446229     
         129         128  0.941658045220813     
         130         129   1.58137393530313     
         131         128  0.983519201226400     
         132         131  0.989026875577364     
         133         132   1.00849188739019     
         134         132   1.01015457290603     
         135         127  0.911757485466792     
         136         128  0.949698243967693     
         137         131  0.969536133354213     
         138         131  0.969353970864198     
         139         132  0.961568871852640     
         140         133  0.981685776194127     
         141         133  0.983848184968619     
         142         133  0.984852468540292     
         143         134  0.980998687934687     
         144         134  0.983185052028618     
         145         134  0.979289906666487     
         146         129   1.31419946835623     
         147         146   1.00003591659985     
         148         147  0.950151107096222     
         149         148   1.60351038043826     
         150         146  0.926548873153655     
         151         147  0.936474541894290     
         152         147  0.963272218870695     
         153         148   1.32930535323785     
         154         153  0.977766578654402     
         155         154  0.945888737941810     
         156         155   1.63197135713386     
         157         154  0.983670504187871     
         158         153  0.883378044104470     
         159         154  0.948369065791444     
         160         157  0.978280964339194     
         161         157  0.978443209698948     
         162         157  0.981945074178349     
         163         155   1.29070747602529     
         164         163  0.980044482561901     
         165         164  0.934309662130142     
         166         165   1.62005341830646     
         167         164  0.969861059459831     
         168         167   1.00860065371338     
         169         168   1.41450831182138     
         170         168   1.38530273290688     
         171         169   1.44952240855447     
         172         170   1.46591491703474     
         173         171   1.44264045781081     
         173         172   1.42374958743913     
         174         163  0.906073617308359     
         175         164  0.941770043379896     
         176         167  0.942972958526681     
         177         167  0.951786730192200     
         178         169  0.970414533512330     
         179         170  0.966245901411128     
         180         171  0.965136251043596     
         181         172  0.963549093494067     
         182         173  0.969491285172831     
         183         165   1.30174242868375     
         184         183  0.970537019925673     
         185         184  0.921357597593068     
         186         185   1.66971948230676     
         187         184  0.990559322762202     
         188         187  0.933503070866291     
         189         188   1.49478971060323     
         190         188   1.48890276011926     
         191         183  0.932959394061469     
         192         184  0.951012979638435     
         193         187  0.975903555822002     
         194         187  0.958967019976377     
         195         185   1.28215887036449     
         196         195  0.973342074968616     
         197         196  0.975622896448304     
         198         197   1.92350503271649     
         199         196  0.939957006698231     
         200         199  0.982978059129736     
         201         199   1.00187377619831     
         202         195  0.931133350016916     
         203         196  0.958231543238100     
         204         199  0.965264112565969     
         205         200  0.874642853502324     
         206         201  0.978704707142613     
         207         201  0.977936196387505     
         208         201  0.981517097276426     
         210         209   1.01929838923814     
         211         210  0.953925862543969     
         212         211   1.89528654245926     
         213         210  0.981571968909298     
         214         209  0.954226960024776     
         215         210  0.958243372863036     
         216         213  0.981467566398950     
         217         213  0.978479635319718     
         218         213  0.981687173139169     
         220         219   1.01006584157036     
         221         220  0.941583112682521     
         222         221   1.67782347908427     
         223         220  0.993302466913151     
         224         219  0.940735448926990     
         225         220  0.963982997828153     
         226         223  0.982320150303153     
         227         223  0.977869134385065     
         228         223  0.976814198440695     
         229         221   1.24972730095240     
         230         229  0.897510843603234     
         231         230   1.09354095448994     
         232         231   1.67123333641017     
         233         230  0.883850059756867     
         234         233   1.03208958636348     
         235         233   1.00103675419700     
         236         234  0.985219859189994     
         237         229  0.919254081590961     
         238         230  0.966612714427273     
         239         233  0.965202619404621     
         240         234  0.970816398637200     
         241         234  0.960452778071892     
         242         235  0.966798915486349     
         243         235  0.976259944295346     
         244         235  0.983245838467106     
         245         236  0.984545113479177     
         246         236  0.984416116984823     
         247         236  0.979923047861138     
         249         248  0.965461204783358     
         250         249   1.09444189882834     
         251         250   1.43708414919419     
         252         249  0.907859227507345     
         253         248  0.897527372718254     
         254         249  0.960150922008752     
         255         252  0.985104585557317     
         256         252  0.983706752225226     
         257         252  0.986935924141330     
         258         250   1.33419971887711     
         259         258  0.938587917781396     
         260         259   1.13703288975077     
         261         260   1.70083985414802     
         262         259  0.830727522238444     
         263         262   1.01157346920356     
         264         262  0.987129982428860     
         265         263  0.994801199038389     
         266         258  0.922462234538185     
         267         259  0.955391717413866     
         268         262  0.976330890629339     
         269         263  0.969928173519218     
         270         263  0.963973382188962     
         271         264  0.977540378582639     
         272         264  0.982814640617941     
         273         264  0.985331451546958     
         274         265  0.976731160313918     
         275         265  0.981588242729122     
         276         265  0.981351964794071     
         278         277   1.02583164558741     
         279         278  0.991824940860950     
         280         279   1.86280891437089     
         281         278  0.944466321173015     
         282         281  0.995526551870246     
         283         282   1.00633598083940     
         284         282   1.01301974290377     
         285         277  0.949133843835153     
         286         278  0.944701854740748     
         287         281  0.977810856617474     
         288         281  0.969163081436040     
         289         282  0.963189079213283     
         290         283  0.982423466030246     
         291         283  0.974116515849113     
         292         283  0.985224276528409     
         293         284  0.983236342835374     
         294         284  0.983142159253564     
         295         284  0.976246773291314     
         296           1  0.951379662456515     
         297           3  0.953012682811147     
         298          18  0.949989479536988     
         299          40  0.950018363343363     
         300          49  0.951383243162685     
         301         197  0.947950093360644     
         302         209  0.954332043417577     
         303         211  0.953176656351966     
         304         219  0.954755462099316     
         305         231  0.950657643590705     
         306         248  0.951493890077926     
         307         260  0.961804406022910     
         308         277  0.955135206201500     
         309         279  0.954695724408710     
