           2           1  0.990952997074334     
           3           2  0.983757792395623     
           4           3   1.85165959447776     
           5           2  0.962885197495117     
           6           5   1.00617000985636     
           7           1   1.00818046811573     
           7           6  0.997346963129139     
           8           2  0.964160254762087     
           9           5  0.976746717894046     
          10           5  0.975543715897328     
          11           6  0.982311999257938     
          12           6  0.978565200717601     
          13           7  0.974307392225323     
          14           7  0.976007244404876     
          16          15   1.03117124493796     
          17          16  0.973478743539123     
          18          17   1.89409593440748     
          19          16  0.952309577563394     
          20          19   1.00395033633759     
          21          15  0.917568628332881     
          22          16  0.947295246560766     
          23          19  0.959728572608848     
          24          19  0.969610673244704     
          25          20  0.870855806620264     
          27          26   1.01611188369068     
          28          27  0.970950564046611     
          29          28   1.89467383560774     
          30          27  0.957558493692451     
          31          30   1.01520007591349     
          32          31  0.985086785738620     
          33          32   1.01207153355837     
          34          26  0.947805239528699     
          35          27  0.959950743718817     
          36          30  0.977901948513002     
          37          30  0.966097280258468     
          38          31  0.974476408788936     
          39          31  0.976687954015045     
          40          33  0.979577329037024     
          41          33  0.982696875825703     
          42          33  0.984440882873331     
          44          43  0.956344984686641     
          45          44  0.928354102193856     
          46          45   1.64195951287695     
          47          44  0.983659542332845     
          48          47  0.999642676701399     
          49          43  0.940142581787494     
          49          48   1.00353621029918     
          50          43  0.907055819840098     
          51          43  0.837371724963513     
          52          44  0.945173052722127     
          53          47  0.966069060287757     
          54          47  0.973209784503820     
          55          48  0.976689485362937     
          56          48  0.974403816992558     
          57          49  0.971418031116144     
          58          49  0.971447041202142     
          59          45   1.31466255598822     
          60          59  0.977398685019832     
          61          60  0.916922085417425     
          62          61   1.68768834629005     
          63          60  0.984768749583607     
          64          63  0.991715063256926     
          65          64   1.00675257555454     
          66          64   1.01004982375210     
          67          59  0.915707993185401     
          68          60  0.952444898028537     
          69          63  0.960716586987342     
          70          63  0.946790469437834     
          71          64  0.966352542603845     
          72          65  0.984535009911875     
          73          65  0.983462133690416     
          74          65  0.983136361577388     
          75          66  0.984386579516863     
          76          66  0.985425467091534     
          77          66  0.982111657848274     
          78          61   1.25556766397994     
          79          78  0.980609452629834     
          80          79  0.935287755403093     
          81          80   1.62174446243046     
          82          79  0.965018260838915     
          83          82   1.00504194215867     
          84          83   1.41510551334089     
          85          83   1.41235090690364     
          86          84   1.44189966737690     
          87          85   1.44707203970786     
          88          86   1.44055857124805     
          88          87   1.43700167817419     
          89          78  0.916173596261596     
          90          79  0.949589315978633     
          91          82  0.966342033447872     
          92          82  0.966693656622560     
          93          84  0.965080340719374     
          94          85  0.969197263160762     
          95          86  0.969645839820060     
          96          87  0.971237287944013     
          97          88  0.971338784727186     
          98          80   1.28919288370921     
          99          98  0.983596704484816     
         100          99  0.943663992570293     
         101         100   1.62257416916011     
         102          99  0.959172378325023     
         103         102   1.00704124954620     
         104         103   1.39742436327011     
         105         103   1.40702987707176     
         106         104   1.45743260665645     
         107         105   1.45517099678716     
         108         106   1.36002815930713     
         108         107   1.36863809841936     
         109         108   1.07661554612812     
         110          98  0.898279974509312     
         111          99  0.942093334602845     
         112         102  0.968371916716766     
         113         102  0.963833961141052     
         114         104  0.961263248947535     
         115         105  0.968393870390534     
         116         106  0.966206751228771     
         117         107  0.965549205131998     
         118         109  0.867050778893551     
         119         100   1.28506759861736     
         120         119  0.974259152230648     
         121         120  0.947329558649920     
         122         121   1.57925723592002     
         123         120  0.956565897833742     
         124         123  0.993747897527601     
         125         123   1.01006426173699     
         126         124   1.01782522751530     
         127         119  0.903791489051218     
         128         120  0.943778145604326     
         129         123  0.949064958444114     
         130         124  0.976565237306001     
         131         124  0.976400028783784     
         132         125  0.977455211440912     
         133         125  0.965671428504749     
         134         125  0.983607320185151     
         135         126  0.985552811692365     
         136         126  0.984052641275923     
         137         126  0.984302139643962     
         138         121   1.31187450055260     
         139         138  0.977712414098552     
         140         139  0.934354509423183     
         141         140   1.60891605248556     
         142         139  0.964964256289017     
         143         142  0.992325551696713     
         144         142   1.00955598860466     
         145         143   1.01904194637840     
         146         138  0.886511099126095     
         147         139  0.947912841518173     
         148         142  0.961362082903780     
         149         143  0.976446493375646     
         150         143  0.970557313990404     
         151         144  0.980601170176180     
         152         144  0.984898262060556     
         153         144  0.985355332377603     
         154         145  0.985391862277607     
         155         145  0.986434219597232     
         156         145  0.985351616091608     
         157         140   1.30228956864415     
         158         157  0.990678093067586     
         159         158  0.923119426066030     
         160         159   1.63654111469934     
         161         158  0.982172345753236     
         162         161  0.966438760600801     
         163         162   1.66099373910816     
         164         162   1.29407363175739     
         165         157  0.906723645289283     
         166         158  0.938274556805784     
         167         161  0.960848709661678     
         168         161  0.944448314396890     
         169         164  0.922856374960593     
         170         164  0.928941473409509     
         171         159   1.30007697334109     
         172         171  0.981674755002798     
         173         172  0.931380975177788     
         174         173   1.61257238322466     
         175         172  0.954438102830241     
         176         175  0.993537518914417     
         177         175   1.00777647713535     
         178         176   1.01892050543618     
         179         171  0.885815725863019     
         180         172  0.946283440528848     
         181         175  0.960467052498699     
         182         176  0.976176934144675     
         183         176  0.967251066797119     
         184         177  0.979379588349929     
         185         177  0.983226872815104     
         186         177  0.985390531751247     
         187         178  0.983650712558804     
         188         178  0.986391940868438     
         189         178  0.983475151393557     
         190         173   1.30348739317440     
         191         190  0.978988915997400     
         192         191  0.932773332208060     
         193         192   1.61806229093517     
         194         191  0.964901654515375     
         195         194  0.994848048609509     
         196         194   1.01209354597170     
         197         195   1.01871761395907     
         198         190  0.864135076657243     
         199         191  0.952607305342059     
         200         194  0.956405639950911     
         201         195  0.977809609693576     
         202         195  0.975749196633832     
         203         196  0.978578899381272     
         204         196  0.967523674343083     
         205         196  0.985763652057656     
         206         197  0.986330335323068     
         207         197  0.986792340922058     
         208         197  0.982640201821022     
         209         192   1.30965976320343     
         210         209  0.973576456201900     
         211         210  0.939754793898545     
         212         211   1.61040867119376     
         213         210  0.996888067310214     
         214         209  0.881960482726918     
         215         210  0.954563657584000     
         216         213  0.982228968216168     
         217         213  0.973373666300213     
         218         213  0.977278010208986     
         219         211   1.29311008375545     
         220         219  0.968048707010561     
         221         220  0.982405916233794     
         222         221   1.88760351699991     
         223         220  0.960670129854592     
         224         223   1.00094687874493     
         225         219  0.972841214125550     
         225         224   1.00146186936221     
         226         220  0.949921571434881     
         227         223  0.973490826007513     
         228         223  0.972464733211649     
         229         224  0.975360542006717     
         230         224  0.972129007499936     
         231         225  0.952980915682367     
         232         225  0.957368474106554     
         234         233   1.01174786741955     
         235         234  0.973679214910568     
         236         235   1.88903934590770     
         237         234  0.963213537318502     
         238         237   1.00803819175602     
         239         238   1.39868373487089     
         240         238   1.41433782915752     
         241         239   1.46348902869854     
         242         240   1.44874950098722     
         243         241   1.35892999542811     
         243         242   1.37256959734501     
         244         243   1.07754251019390     
         245         233  0.946975163084904     
         246         234  0.947428032293915     
         247         237  0.947088137143691     
         248         237  0.970391939512855     
         249         239  0.967643063598992     
         250         240  0.959871696820384     
         251         241  0.966687584747980     
         252         242  0.965722757706751     
         253         244  0.862177430664151     
         254           1  0.952058275341477     
         255           3  0.953561796047497     
         256          15  0.952813641862793     
         257          17  0.952929841888360     
         258          26  0.954505225145348     
         259          28  0.952492536160303     
         260         221  0.954757703821486     
         261         233  0.957771528662255     
         262         235  0.952714782002509     
