   -0.39116318
    0.03587095
    0.27340070
   -0.48114606
   -0.06075913
   -0.00966368
   -0.23589956
   -0.06183246
    0.16021527
    0.03536147
    0.05686643
    0.04337417
    0.04804637
    0.05838810
    0.06440999
    0.05814065
    0.06331017
   -0.18388804
    0.02771747
    0.27546838
   -0.49577403
   -0.11256770
    0.28808123
   -0.49381272
   -0.28738296
    0.20808570
    0.07994483
    0.09082479
    0.08097147
    0.24447962
    0.23489831
   -0.16645662
    0.03214203
    0.27014667
   -0.47567578
   -0.07035359
   -0.01214388
   -0.03730614
   -0.05230845
   -0.07200547
   -0.08098194
    0.14468580
   -0.41510410
    0.22144772
    0.04262182
    0.04960557
    0.05782812
    0.00333227
    0.05863497
    0.03426854
    0.09642175
    0.33002184
   -0.19095090
    0.02145912
    0.26668611
   -0.48288798
   -0.11023732
    0.37346672
   -0.62743396
   -0.59807082
    0.20976322
    0.07763744
    0.07474350
    0.05061423
   -0.17424664
   -0.00131866
    0.27822021
   -0.47876096
   -0.09858154
   -0.09516673
   -0.11296503
   -0.05929027
   -0.13591363
    0.22130954
    0.08797278
    0.08187458
    0.07101002
    0.08595149
    0.06833068
    0.08771485
    0.10018340
    0.11102627
    0.12735687
    0.30133198
    0.29168356
    0.28148877
   -0.16864224
    0.00257709
    0.27680836
   -0.49992737
   -0.09476313
   -0.09455178
   -0.10204181
   -0.05196063
   -0.14728638
    0.21924106
    0.09732010
    0.08076360
    0.09603349
    0.08667856
    0.05943161
    0.07436730
    0.08673914
    0.10696042
    0.11987539
    0.29889707
    0.30059888
    0.29521858
   -0.18835847
    0.01391189
    0.28066462
   -0.50713384
   -0.07511730
   -0.07487621
   -0.09520747
   -0.04341870
   -0.15932084
    0.23497281
    0.08454885
    0.08637319
    0.02507187
    0.04475370
    0.04199650
    0.08995836
    0.09522165
    0.09969137
    0.12778747
    0.29061142
    0.30949661
    0.25859421
   -0.19656985
    0.03462414
    0.29197985
   -0.51645503
   -0.07971558
   -0.01670178
   -0.13162664
   -0.09607463
    0.21519097
    0.02348318
    0.03449269
    0.08598460
    0.05507008
    0.06271617
    0.07802185
    0.03348504
    0.03366534
    0.02206508
    0.00366187
   -0.19402071
    0.02231405
    0.28419764
   -0.48957766
   -0.09597282
   -0.02280417
   -0.12044344
   -0.13239550
    0.23853970
    0.07777376
    0.09314548
    0.06386952
    0.07005185
    0.05166172
    0.03454763
    0.02584294
    0.05909492
    0.03088976
    0.06529880
   -0.16911463
    0.00849355
    0.27473457
   -0.47264340
    0.12081745
   -0.46636007
   -0.12929515
    0.21177934
    0.07220204
    0.02909834
    0.33987294
    0.07520218
    0.04194803
    0.05743878
   -0.18784605
    0.03082380
    0.19467086
   -0.34238841
   -0.06528550
    0.03194992
   -0.10561942
    0.00050458
    0.09073403
   -0.30769068
    0.22509870
    0.08273319
    0.06429132
    0.07530877
    0.19647029
    0.02862962
    0.02152962
   -0.41490365
    0.03556369
    0.26978446
   -0.47902272
   -0.06631982
   -0.00939968
   -0.11125230
   -0.11399146
    0.18696177
    0.02877811
    0.04225958
    0.02372754
    0.02450970
    0.04351694
    0.03274872
    0.03967069
    0.04061219
    0.04154579
    0.04112572
   -0.17838296
    0.01642560
    0.26994331
   -0.49070889
   -0.01983742
   -0.11953099
   -0.11350189
    0.20027223
    0.07683325
    0.05470183
    0.05592737
    0.04607111
    0.04448097
    0.05791937
    0.03100631
    0.04206204
   -0.16449758
    0.01394346
    0.27957451
   -0.45435513
   -0.02053578
   -0.12448977
   -0.12174866
    0.20913762
    0.06929491
    0.06158290
    0.07552901
    0.04847429
    0.04531396
    0.08004914
    0.03481217
    0.03899682
   -0.17782578
    0.03972801
    0.19937167
   -0.35048316
   -0.10405911
    0.36606460
   -0.60038480
   -0.63234410
    0.19026782
    0.07977129
    0.04389209
    0.04175183
   -0.40235279
    0.03574099
    0.27458593
   -0.50248043
   -0.07310904
   -0.00841063
   -0.11349898
   -0.11896423
    0.15570234
    0.02874802
    0.05543685
    0.03941500
    0.02162098
    0.04403273
    0.03149956
    0.05327094
    0.04569267
    0.03982056
    0.03962485
   -0.16751001
    0.02838708
    0.20971463
   -0.37746199
   -0.06925615
   -0.01146569
   -0.12186443
   -0.11420412
    0.21010121
    0.10078692
    0.05106744
    0.05446311
    0.04900485
    0.06298427
    0.03606708
    0.04862172
    0.05537817
    0.04572979
    0.02702194
   -0.39972566
    0.03084641
    0.26893403
   -0.48561706
   -0.11244559
    0.16833815
    0.05040022
    0.04419745
    0.06280903
    0.03816106
   -0.18408941
    0.03356294
    0.27656404
   -0.48704790
   -0.04927328
   -0.09501524
    0.37286843
   -0.65474156
   -0.64880945
    0.21163035
    0.05850564
    0.04421085
    0.04134885
    0.02165424
    0.02486546
   -0.16921591
    0.01771254
    0.25591854
   -0.50237074
   -0.07513231
   -0.06659182
   -0.01805839
   -0.15422655
    0.23547889
   -0.25731277
   -0.26974146
    0.19402619
    0.08450488
    0.06489484
    0.07026858
    0.04748548
    0.04644529
    0.08641647
    0.07022580
    0.23001385
    0.24909843
    0.25757554
    0.23540440
    0.24773322
   -0.07105519
    0.01219446
    0.27688860
   -0.47877854
   -0.09137265
   -0.08689548
   -0.01301144
    0.06755353
    0.08543682
    0.07595428
    0.08521741
    0.08909919
    0.05359436
    0.06178074
   -0.16812186
    0.01058765
    0.27039153
   -0.46528742
   -0.07806960
   -0.01585332
   -0.11143439
   -0.12077288
    0.21060371
    0.08468698
    0.05194810
    0.05375768
    0.05405858
    0.04423752
    0.03230297
    0.03627891
    0.04752858
    0.03917300
    0.03878890
   -0.17342220
    0.01821722
    0.26640325
   -0.48691165
   -0.01555683
   -0.12085506
   -0.11687731
    0.21515221
    0.06541082
    0.03389122
    0.05655697
    0.03592946
    0.05843691
    0.06039262
    0.05772135
    0.03392037
   -0.17829073
    0.02966193
    0.19659476
   -0.34591070
   -0.07311942
   -0.00163854
   -0.03704358
   -0.04411706
   -0.07117355
   -0.05945168
    0.14429975
   -0.43707498
    0.24559352
    0.08763574
    0.06767537
    0.07762125
    0.05405949
    0.04416480
    0.03299852
    0.04839882
    0.34435451
   -0.39643361
    0.01977430
    0.26650763
   -0.48215676
    0.08167140
   -0.47919408
    0.18052045
    0.04647990
    0.04040196
    0.00925847
    0.32988714
   -0.18339039
    0.02175107
    0.26380556
   -0.50043534
   -0.08474113
    0.00280828
   -0.04298834
   -0.05244277
   -0.03420095
   -0.03789173
   -0.03522267
    0.23711454
    0.06581530
    0.07612932
    0.06249334
    0.02281925
    0.06435360
    0.03621734
    0.06222034
    0.05135213
   -0.18969179
    0.01785389
    0.27210539
   -0.42794895
   -0.07399490
   -0.01315660
   -0.11040947
   -0.11695618
    0.22554038
    0.06848612
    0.04720607
    0.06665494
    0.04097776
    0.04063713
    0.04639408
    0.02193328
    0.04234354
    0.03448372
    0.04019398
   -0.19255918
    0.01448857
    0.28265581
   -0.46184218
   -0.07178203
   -0.08417365
   -0.02421399
   -0.13722600
    0.21582460
   -0.22534500
   -0.23539238
    0.18866713
    0.08070157
    0.06717868
    0.04997593
    0.06818007
    0.09010916
    0.07401496
    0.08546001
    0.22810978
    0.22026572
    0.23312809
    0.24516070
    0.25903894
   -0.22160382
    0.03267615
    0.26912222
   -0.47171665
   -0.10442811
    0.37176865
   -0.62771991
   -0.59597430
    0.21516016
    0.06939963
    0.05218349
    0.04364701
   -0.18853609
    0.01303822
    0.27934393
   -0.47252557
   -0.10234637
    0.29024300
   -0.51726763
   -0.28187563
    0.20559913
    0.08805850
    0.09082150
    0.09643824
    0.23876442
    0.21913099
   -0.17823388
    0.00765921
    0.27010317
   -0.47280188
   -0.01904064
   -0.11340853
   -0.12532003
    0.19932209
    0.08329263
    0.06965935
    0.05383159
    0.04059292
    0.02909591
    0.06484683
    0.03111060
    0.05999560
   -0.16198359
   -0.00405035
    0.27037374
   -0.50216604
   -0.03569448
   -0.15527222
   -0.13715062
    0.19492925
    0.10246379
    0.04947081
    0.08821749
    0.04941890
    0.07591023
    0.07730370
    0.06609538
    0.04256984
   -0.16333937
    0.01454836
    0.26125203
   -0.43306033
   -0.12402819
    0.24087042
    0.06693846
    0.05280089
    0.05634975
    0.06781218
   -0.15906130
    0.01604045
    0.20373784
   -0.36846194
    0.11835972
   -0.48484858
   -0.13488634
    0.20594402
    0.11541882
    0.06144223
    0.34485107
    0.06196725
    0.06212580
    0.04583816
    0.18594441
    0.08071179
    0.17831155
    0.07934014
    0.17766257
    0.06005422
    0.18023615
    0.08193852
    0.17933770
    0.08508825
