           2           1   1.01507378338282     
           3           2  0.930973473002785     
           4           3   1.65809455502268     
           5           2  0.978737301909296     
           6           5   1.01437667770610     
           7           6  0.985037027768490     
           8           7   1.01147258714320     
           9           1  0.954170862826147     
          10           2  0.961748838808531     
          11           5  0.964914831686204     
          12           5  0.973995376465474     
          13           6  0.970218446716305     
          14           6  0.972789943058167     
          15           8  0.980824788462286     
          16           8  0.982119322562916     
          17           8  0.983123333689965     
          18           3   1.27968521466613     
          19          18  0.983648616248268     
          20          19  0.931837431223993     
          21          20   1.62650644515014     
          22          19  0.977192939790783     
          23          22  0.969349809686022     
          24          23   1.63636228085356     
          25          23   1.31706089519366     
          26          18  0.919057345793226     
          27          19  0.952492529785129     
          28          22  0.953764081518527     
          29          22  0.955183311264858     
          30          25  0.919107140880079     
          31          25  0.927000502219817     
          32          20   1.31737266898673     
          33          32  0.982299889163801     
          34          33  0.954552293749624     
          35          34   1.61548036112631     
          36          33  0.938778480769429     
          37          36   1.01398436185898     
          38          37   1.39524501014478     
          39          37   1.39405514976332     
          40          38   1.46169601518697     
          41          39   1.45861445137867     
          42          40   1.35514084364497     
          42          41   1.34586378526359     
          43          42   1.11412766512676     
          44          32  0.905241790163084     
          45          33  0.954244167345285     
          46          36  0.971112989107190     
          47          36  0.963811547590670     
          48          38  0.967415487902722     
          49          39  0.963388151251330     
          50          40  0.965146936530517     
          51          41  0.952967701532983     
          52          43  0.801550779848912     
          53          34   1.31642128622114     
          54          53  0.966462018769572     
          55          54  0.925918273530115     
          56          55   1.59099249080577     
          57          54  0.994095382434290     
          58          57  0.916066727930904     
          59          58   1.51127724515820     
          60          58   1.46766899534236     
          61          53  0.884796327550331     
          62          54  0.948550641476569     
          63          57  0.965698946743078     
          64          57  0.963319408892359     
          65          55   1.33614871991954     
          66          65  0.957973549042547     
          67          66  0.942069421926313     
          68          67   1.62876703110017     
          69          66  0.966514554857424     
          70          69   1.00545644174285     
          71          70   1.00902989160846     
          72          71   1.00857199137462     
          73          72  0.949990411707889     
          74          65  0.909849670445638     
          75          66  0.950623957401899     
          76          69  0.968514713576468     
          77          69  0.968297211935242     
          78          70  0.967520753879616     
          79          70  0.970070466635805     
          80          71  0.966382719680570     
          81          71  0.957394073210067     
          82          72  0.961042370138993     
          83          72  0.959342562316222     
          84          73  0.895174940059942     
          85          73  0.899888967571902     
          86          73  0.902537052201387     
          87          67   1.29107788664256     
          88          87  0.983637524185173     
          89          88  0.937315321097070     
          90          89   1.61926936863993     
          91          88  0.970501037060238     
          92          91   1.00771072704587     
          93          92   1.00789788115445     
          94          93   1.01192722247611     
          95          94  0.952872567508604     
          96          87  0.906222815964853     
          97          88  0.944461191210674     
          98          91  0.969166815356812     
          99          91  0.967731239113462     
         100          92  0.966996810784567     
         101          92  0.962732702659514     
         102          93  0.961627938461292     
         103          93  0.967582015833279     
         104          94  0.964574428405205     
         105          94  0.964501731870964     
         106          95  0.897353953508798     
         107          95  0.894024415924227     
         108          95  0.895360981705143     
         109          89   1.28614121004600     
         110         109  0.985268496208805     
         111         110  0.928573445657360     
         112         111   1.64173219714686     
         113         110  0.980505535317995     
         114         113   1.00493218908298     
         115         114   1.00210371447656     
         116         115   1.01564725490665     
         117         116  0.948058099866449     
         118         109  0.871668281371278     
         119         110  0.954765163152461     
         120         113  0.958876873947443     
         121         113  0.975939092923696     
         122         114  0.974417116441032     
         123         114  0.977616601993405     
         124         115  0.967961692285479     
         125         115  0.965645693069254     
         126         116  0.969774139379232     
         127         116  0.963536465134001     
         128         117  0.903127395018851     
         129         117  0.818999399414745     
         130         117  0.916508169378072     
         131         111   1.28619938845633     
         132         131  0.973242480433367     
         133         132  0.932143881428446     
         134         133   1.62851897703639     
         135         132  0.980802991447527     
         136         135  0.993492278338214     
         137         136   1.00834067990636     
         138         136   1.00829662336451     
         139         131  0.907982449849089     
         140         132  0.957271527345073     
         141         135  0.973665951583332     
         142         135  0.963090376074516     
         143         136  0.965761880891514     
         144         137  0.978524431674351     
         145         137  0.981051944880449     
         146         137  0.982118466323187     
         147         138  0.984422642145314     
         148         138  0.985076958615622     
         149         138  0.986643353334019     
         150         133   1.30710656924152     
         151         150  0.969534388681744     
         152         151  0.940734858395727     
         153         152   1.61272763866786     
         154         151  0.974297638772105     
         155         154  0.994275260884140     
         156         155   1.00993051983749     
         157         155   1.00853032240106     
         158         150  0.883391056491783     
         159         151  0.948944999377938     
         160         154  0.960250970063569     
         161         154  0.970923228860278     
         162         155  0.962152739341462     
         163         156  0.984911602459920     
         164         156  0.985223415593323     
         165         156  0.984579698159755     
         166         157  0.983036884746924     
         167         157  0.985026895810027     
         168         157  0.982439486216065     
         169         152   1.29889646071104     
         170         169  0.983071820525712     
         171         170  0.922696590549984     
         172         171   1.66263112449946     
         173         170  0.958776663884293     
         174         173   1.00663135713213     
         175         173   1.00523931056262     
         176         169  0.908918889516894     
         177         170  0.948041613726197     
         178         173  0.961655211337478     
         179         174  0.844848779970464     
         180         175  0.981516821875799     
         181         175  0.984986529453930     
         182         175  0.984126850003351     
         183         171   1.27665995230936     
         184         183  0.974380063902001     
         185         184  0.966135166235923     
         186         185   1.90992935343521     
         187         184  0.965956092369031     
         188         187   1.01791545070107     
         189         188   1.20236734182210     
         190         188   1.54824570000267     
         191         189   1.26970766993154     
         192         190   1.29159309572262     
         192         191   1.54268847561479     
         193         183  0.886270326738808     
         194         184  0.947624995158722     
         195         187  0.959655056996417     
         196         187  0.967194895306424     
         197         189  0.915268087146246     
         198         190  0.971897274284130     
         199         191  0.966059594885592     
         201         200   1.02981649972839     
         202         201  0.944548285259225     
         203         202   1.63287969262323     
         204         201  0.959065344134141     
         205         204  0.993829831141550     
         206         205   1.00990281722825     
         207         205   1.00687802122956     
         208         200  0.907917383422193     
         209         201  0.956835804612221     
         210         204  0.961040166233500     
         211         204  0.973607750465827     
         212         205  0.970355609465960     
         213         206  0.983704870982053     
         214         206  0.982907225853371     
         215         206  0.982527498145363     
         216         207  0.985691427242435     
         217         207  0.986078286908148     
         218         207  0.984130069544202     
         219         202   1.28596365673832     
         220         219  0.981604496771863     
         221         220  0.940452691730951     
         222         221   1.61804819623360     
         223         220  0.955412480039554     
         224         223   1.00957433798137     
         225         223   1.00795077541218     
         226         219  0.924193201063504     
         227         220  0.951862412151730     
         228         223  0.965233994978954     
         229         224  0.982948365404579     
         230         224  0.984984636355497     
         231         224  0.983609818647751     
         232         225  0.982396830824578     
         233         225  0.986064759962914     
         234         225  0.980643063077127     
         235         221   1.30696124890996     
         236         235  0.975380991249854     
         237         236  0.925265691253267     
         238         237   1.67368552940739     
         239         236  0.955298655744474     
         240         239   1.00905973003059     
         241         239   1.00745856599124     
         242         235  0.918624595755568     
         243         236  0.950315110358933     
         244         239  0.957739434075364     
         245         240  0.973676333568131     
         246         240  0.978404494971196     
         247         240  0.979734550012388     
         248         241  0.979830894347362     
         249         241  0.985982763393984     
         250         241  0.983462121540180     
         251         237   1.25865035775655     
         252         251  0.959443794527769     
         253         252  0.972351263537572     
         254         253   1.89125588328989     
         255         252  0.980055914689020     
         256         255  0.912273730622921     
         257         256   1.48209176651480     
         258         256   1.51468976334775     
         259         251  0.929806960385881     
         260         252  0.943910125727306     
         261         255  0.971744460745719     
         262         255  0.974892051570500     
         264         263   1.00485967050879     
         265         264  0.941360670051147     
         266         265   1.62600390432782     
         267         264  0.978995220939077     
         268         267  0.993683024809232     
         269         268   1.00754198795609     
         270         268   1.01007290083154     
         271         263  0.954716412249222     
         272         264  0.963281240958292     
         273         267  0.964087516916640     
         274         267  0.973209615078667     
         275         268  0.968181600678009     
         276         269  0.983777221951521     
         277         269  0.983198831810193     
         278         269  0.981644835831095     
         279         270  0.984914177734817     
         280         270  0.986103269488523     
         281         270  0.979441905770363     
         282         265   1.29394600743387     
         283         282  0.981598192216136     
         284         283  0.976734115217292     
         285         284   1.88201131460289     
         286         283  0.961556125968012     
         287         286  0.987634402018767     
         288         287   1.00915582370637     
         289         287   1.00962067737331     
         290         282  0.916606908905631     
         291         283  0.937077894841964     
         292         286  0.969196240054546     
         293         286  0.969004753726086     
         294         287  0.953459892103734     
         295         288  0.980797396959006     
         296         288  0.986373730572222     
         297         288  0.981775326970380     
         298         289  0.983694668704755     
         299         289  0.983262858898984     
         300         289  0.985468843317430     
         302         301   1.01263255636653     
         303         302  0.935006660805734     
         304         303   1.64390360036986     
         305         302  0.993838250226784     
         306         301  0.954064469023646     
         307         302  0.957484360755492     
         308         305  0.984824143346025     
         309         305  0.980351142854337     
         310         305  0.985819840250299     
         311         303   1.27683747474048     
         312         311  0.992277305903718     
         313         312  0.927912944974554     
         314         313   1.64442895981199     
         315         312  0.981089722869272     
         316         315  0.999138511002865     
         317         316  0.914315980697503     
         318         317   1.50181138781627     
         319         317   1.49730648433436     
         320         311  0.919142891522375     
         321         312  0.941256449511666     
         322         315  0.972045435759814     
         323         315  0.973402423808537     
         324         316  0.977713731733876     
         325         316  0.977219808030668     
         326         313   1.29331009493146     
         327         326  0.967819085590898     
         328         327  0.934843819349142     
         329         328   1.60822398386761     
         330         327  0.985730380435927     
         331         330   1.00654503722059     
         332         331   1.00651013777878     
         333         332  0.985620032013801     
         334         333   1.32870968520584     
         335         334   1.30821777246957     
         336         334   1.30630828318486     
         337         326  0.924956440772916     
         338         327  0.939245107205593     
         339         330  0.973095950091802     
         340         330  0.963720671124429     
         341         331  0.968292314245164     
         342         331  0.974137517918439     
         343         332  0.961566839478186     
         344         332  0.959911649413146     
         345         333  0.874268472471943     
         346         335  0.915952630271311     
         347         335  0.915232431346858     
         348         336  0.899333756465352     
         349         336  0.918321339646547     
         350         328   1.31770487745964     
         351         350  0.973081306489876     
         352         351  0.929469134333837     
         353         352   1.65380299977421     
         354         351  0.980537562950939     
         355         354   1.00412351748807     
         356         350  0.973252625586992     
         356         355   1.00376168187664     
         357         351  0.946103738373649     
         358         354  0.970806660986533     
         359         354  0.972466883683003     
         360         355  0.969063512722173     
         361         355  0.970835407141147     
         362         356  0.962032689529260     
         363         356  0.957842010976599     
         364         352   1.28321684142220     
         365         364  0.989209761594294     
         366         365  0.937328091888297     
         367         366   1.61716936840387     
         368         365  0.964925112053913     
         369         368  0.994501824484675     
         370         369   1.00814881076242     
         371         369   1.00940081865543     
         372         364  0.917816617162029     
         373         365  0.945877601927101     
         374         368  0.971506786339250     
         375         368  0.973591654870675     
         376         369  0.962641558615907     
         377         370  0.984972574067838     
         378         370  0.983621396691424     
         379         370  0.986904746008410     
         380         371  0.985811228767931     
         381         371  0.985620576867945     
         382         371  0.980117948194562     
         383         366   1.30913162103808     
         384         383  0.986469574558906     
         385         384  0.944380034610733     
         386         385   1.60547027939905     
         387         384  0.943083256081365     
         388         387   1.00958471092455     
         389         387   1.00636203824171     
         390         383  0.902998972459926     
         391         384  0.943465413721620     
         392         387  0.955785190986415     
         393         388  0.981783503908309     
         394         388  0.980423986653337     
         395         388  0.978202222814829     
         396         389  0.979878885658996     
         397         389  0.982769689533270     
         398         389  0.986179421054665     
         399         385   1.31537400114339     
         400         399  0.989105980267873     
         401         400  0.988603626689850     
         402         401   1.89415730634048     
         403         400  0.934667868937532     
         404         403   1.01422554065083     
         405         404   1.40986322195460     
         406         404   1.39926157758627     
         407         405   1.44341883583494     
         408         406   1.46153921743211     
         409         407   1.37222403428188     
         409         408   1.36261876868621     
         410         409   1.07057480056454     
         411         399  0.869605407890207     
         412         400  0.943937760931670     
         413         403  0.969529959236626     
         414         403  0.952665977660196     
         415         405  0.958266731299725     
         416         406  0.967635923428928     
         417         407  0.964672669210654     
         418         408  0.968414310194783     
         419         410  0.860872743959264     
         421         420   1.02842788239743     
         422         421  0.945851286051810     
         423         422   1.61244497465741     
         424         421  0.951336052964860     
         425         424   1.00341682651396     
         426         420  0.929083132476707     
         427         421  0.952091803815311     
         428         424  0.968002556739260     
         429         424  0.967763848165929     
         430         425  0.874465026895410     
         431         422   1.31119685444233     
         432         431  0.984702819318690     
         433         432  0.929336735434049     
         434         433   1.62242901650523     
         435         432  0.971722343111528     
         436         435   1.00364922181649     
         437         436   1.41381302209379     
         438         436   1.41036453684251     
         439         437   1.44106339997309     
         440         438   1.44445459759412     
         441         439   1.43971704319662     
         441         440   1.43728362920435     
         442         431  0.865921345870665     
         443         432  0.940169509912633     
         444         435  0.947169482743074     
         445         435  0.967506797939042     
         446         437  0.960490210706138     
         447         438  0.961530213514391     
         448         439  0.968027996051554     
         449         440  0.963397062642596     
         450         441  0.968419449524618     
         451         433   1.30707014017713     
         452         451  0.978418910613342     
         453         452  0.927237005673596     
         454         453   1.69371300257620     
         455         452  0.987365631503255     
         456         455  0.993205098196862     
         457         456   1.00987971441707     
         458         456   1.00961231909853     
         459         451  0.879903156795180     
         460         452  0.942920269507996     
         461         455  0.971310159942774     
         462         455  0.965627527958066     
         463         456  0.967132914394855     
         464         457  0.985355067276882     
         465         457  0.984764497277614     
         466         457  0.983283498801010     
         467         458  0.984906514698205     
         468         458  0.980122970047788     
         469         458  0.981117863252625     
         470         453   1.24210250419170     
         471         470  0.971328820968877     
         472         471  0.937926984272095     
         473         472   1.70488744267217     
         474         471  0.974384272032228     
         475         474   1.00150540826182     
         476         475   1.00872950633109     
         477         476  0.982108229540245     
         478         477   1.31937948003078     
         479         478   1.31660951455978     
         480         478   1.30869438464707     
         481         470  0.929824607063530     
         482         471  0.956049177027963     
         483         474  0.958759831478753     
         484         474  0.971194167152781     
         485         475  0.972492878348868     
         486         475  0.963598482259521     
         487         476  0.960773736100489     
         488         476  0.959091260409084     
         489         477  0.910621903423331     
         490         479  0.926447458516043     
         491         479  0.911913662352772     
         492         480  0.916151832228693     
         493         480  0.907103590445799     
         494         472   1.22133170029855     
         495         494  0.976360451898705     
         496         495  0.942182575741070     
         497         496   1.65801648569507     
         498         495  0.972900155571412     
         499         498  0.901080200082541     
         500         499   1.54359051427484     
         501         499   1.46051076372969     
         502         494  0.913461391560470     
         503         495  0.936852348089322     
         504         498  0.975374867578287     
         505         498  0.966892135286099     
         506         496   1.25992113772619     
         507         506  0.980507634695090     
         508         507  0.921567693551013     
         509         508   1.66313509999197     
         510         507  0.984881001660636     
         511         510  0.976506349056249     
         512         511   1.62717304786541     
         513         511   1.31107436186627     
         514         506  0.924639422768431     
         515         507  0.942240794412108     
         516         510  0.938640567019571     
         517         510  0.948275328154099     
         518         513  0.920599146966240     
         519         513  0.929377991012244     
         520         508   1.28377603879953     
         521         520  0.977380564519790     
         522         521  0.945336084527190     
         523         522   1.64882635185925     
         524         521  0.945206841612317     
         525         524   1.00969732607784     
         526         524   1.00963323017040     
         527         520  0.915463848583548     
         528         521  0.946715764850120     
         529         524  0.961733220844926     
         530         525  0.982633852915759     
         531         525  0.985691199441422     
         532         525  0.986697061802652     
         533         526  0.981621229982341     
         534         526  0.980605987046737     
         535         526  0.977907710697499     
         536         522   1.28271176577540     
         537         536  0.973552862066536     
         538         537  0.938968341347300     
         539         538   1.59246959955957     
         540         537  0.955552718053607     
         541         540   1.00591561167606     
         542         540   1.00387145708925     
         543         536  0.925648439470291     
         544         537  0.941685622153011     
         545         540  0.959790717012327     
         546         541  0.977247000515115     
         547         541  0.981277230885672     
         548         541  0.974275598635695     
         549         542  0.969350673692618     
         550         542  0.980726498207483     
         551         542  0.982002698002487     
         552         538   1.32526752281921     
         553         552  0.991334678401643     
         554         553  0.940028939789120     
         555         554   1.65566645528420     
         556         553  0.980938228074264     
         557         552  0.890336844594027     
         558         553  0.942177151323845     
         559         556  0.982119681346862     
         560         556  0.979943035586858     
         561         556  0.983900999041870     
         562         554   1.29138800884292     
         563         562  0.993673879972840     
         564         563  0.991632615932913     
         565         564   1.89339161058647     
         566         563  0.919616793885113     
         567         566  0.995620499725529     
         568         566   1.00602455524215     
         569         562  0.922022734137137     
         570         563  0.940253561985713     
         571         566  0.950178633153679     
         572         567  0.863786098855866     
         573         568  0.980468323796693     
         574         568  0.978327926724994     
         575         568  0.984535055886460     
         576           1  0.954912665290531     
         577         185  0.953107233794520     
         578         200  0.945274207403058     
         579         253  0.952619659606655     
         580         263  0.957728676081309     
         581         284  0.955301683304153     
         582         301  0.957618891311765     
         583         401  0.952227046731304     
         584         420  0.951227818834984     
         585         564  0.953631673959733     
