$grad                                                                           
  cycle =      1    SCF energy =  -861.38714412798   |dE/dxyz| =  0.880294
   72.06036702503053    111.31501296163029     42.21617575611621      n 
   71.03493157718077    109.07993163840790     40.97163602268170      c 
   69.27603822620799    109.90471408918819     38.81070293855787      c 
   68.97395512724792    108.58392244443763     36.93388862741381      o 
   69.79899572404150    107.26681025824882     42.87069925453714      c 
   66.99498012253966    107.81605768244842     43.17545131153217      c 
   70.25274200425771    104.54272172844314     42.06653542973483      c 
   72.42611183500213    111.17802369739017     44.07211488112699      h 
   72.59598867910537    108.07283664362298     40.04828448448446      h 
   70.76388141905417    107.54210874632066     44.66823875689595      h 
   66.16956243357851    106.58897245055466     44.59850082390162      h 
   66.69087883689485    109.76879665105035     43.70851205681060      h 
   66.02354573191600    107.51387123494310     41.39338621391252      h 
   69.30733115043530    103.24139590729958     43.33963422029889      h 
   69.55211770381064    104.22277739976961     40.17165962516984      h 
   72.26129168645683    104.13402250523767     42.08157195435798      h 
   68.17368220773508    112.13096304081549     39.21387096716892      n 
   66.50664325296216    113.63989341492112     37.65330851669628      c 
   67.83843754245977    115.18841441070239     35.62267490424664      c 
   66.88141300251641    115.49997111459400     33.53451761702686      o 
   65.23786266590520    115.55455239667707     39.41961130982839      c 
   63.78530837795260    114.33331612851241     41.50145413277963      c 
   63.52314763997985    115.65639377663358     43.74646588687504      c 
   62.89086771226716    111.88985993559135     41.33436400895231      c 
   62.48868722722515    114.52713066884243     45.85771309541911      c 
   61.91091373692060    110.74098510034239     43.46058133355920      c 
   61.70525723818896    112.03499377977808     45.71732727309560      c 
   68.44742475347486    112.86039155121669     40.96705898171059      h 
   65.13440979304364    112.43966254785779     36.66924591204090      h 
   66.71502179609911    116.69507764978412     40.29440995801671      h 
   64.01649591008504    116.83511681095293     38.38768050237080      h 
   64.19028447934440    117.58277005270409     43.81310513872044      h 
   63.02452737235913    110.85702040938041     39.58342744527609      h 
   62.37174908970956    115.57251701745462     47.60605322552976      h 
   61.40127609659569    108.79654793896474     43.33274601482309      h 
   60.93273567121913    111.12432097781375     47.36551288144921      h 
   71.37587561113264    110.48654431220270     30.30495874614869      n 
   70.20550610319121    109.45937734890575     28.06013151566642      c 
   70.09931894994884    111.34527076768190     25.87983104319336      c 
   70.61181719562175    110.71819438424093     23.72191237620452      o 
   67.53375316127530    108.69473129438707     28.88183547777545      c 
   66.99185671281491    110.25931568847082     31.25684111104850      c 
   69.52259533053254    111.40366924497097     32.05724662885174      c 
   71.34763326659200    107.87174666405734     27.39625484454869      h 
   66.20647801929357    109.07705636935344     27.36101788576478      h 
   67.46150036946032    106.68309845211414     29.29738040519731      h 
   65.67802365430443    111.78792866893033     30.86406325774468      h 
   66.21807260576541    109.09672364776220     32.76097295620752      h 
   69.43422962373704    113.45307170020874     31.89635640390141      h 
   70.05107191151789    110.93269939849645     33.98692235471344      h 
   73.79399796998081     96.86196599680039     28.22971219851738      n 
   71.71546708224008     96.28605198190112     29.92634845987147      c 
   72.27603770445465     94.01774956807479     31.63849122107024      c 
   71.26989738995965     93.87883101874030     33.71314378966322      o 
   69.25731351211124     95.81583910276115     28.47371392357260      c 
   68.21237875055327     98.24759721477828     27.33279306030649      c 
   66.16672841894227     97.52560280179085     24.59289799603256      s 
   66.78993821427626    100.25438520506343     22.63395748071261      c 
   73.41668885072650     97.00537501346903     26.36380971264714      h 
   71.47750513259017     97.87930508578545     31.24176187861890      h 
   69.59439467485811     94.47433645277955     26.94728530814042      h 
   67.86971047489834     94.98066544412735     29.74579762233170      h 
   67.07250666553587     99.29228367277159     28.69242677189114      h 
   69.74103037742023     99.41380372051513     26.61680512235163      h 
   65.51211018043368    100.10560651132289     21.03377071928601      h 
   66.39083303050475    101.98805992740506     23.66162974104368      h 
   68.74265922405661    100.21422797589602     22.00859007376848      h 
   76.35050093327897     96.22235828878966     36.31863697884524      n 
   74.71542168667641     97.56940373798376     38.04106198516543      c 
   73.57322504693418     95.69802506271716     39.91407182217165      c 
   73.46121381368503     96.19415996768268     42.17428579489602      o 
   72.69515490896188     99.03860553645106     36.56546414296034      c 
   71.39268443186694    100.61196511902270     38.25974794873083      o 
   76.08208200953307     96.52637426653594     34.44303255151213      h 
   75.81289344727323     98.91479836718608     39.18387347124478      h 
   73.66617642866967    100.18475225919573     35.12506512713717      h 
   71.40503954138167     97.71218586244618     35.64340510909332      h 
   69.70780403413404    100.92991759812205     37.65145179896808      h 
   72.82811519716475     93.48149914813045     38.98013793071910      n 
   71.79877270274238     91.62128658703135     40.71597774949741      c 
   73.67442421883361     91.24261725664479     42.86671667920878      c 
   72.98094135639919     91.18096314210479     45.07554221453130      o 
   71.02508716134174     89.12104118400704     39.42545308881942      c 
   68.32678772081023     88.41891651315478     40.22670790294352      c 
   72.91229752427381     86.99378913542130     39.92390984525677      c 
   68.14525261950976     87.53161090633412     42.95199411025334      c 
   72.57424006919723     93.24744642938740     37.09707678349596      h 
   70.12099321898299     92.44234466499941     41.60886203178875      h 
   70.98603169588202     89.47764135499700     37.38829273294926      h 
   67.10616884784505     90.04571616172623     39.87885491470288      h 
   67.64555502233789     86.88814222137967     39.05668385485802      h 
   72.28346328827509     85.23642172492447     39.07678271870564      h 
   74.72681026146135     87.44993006483311     39.09497341117795      h 
   73.16649457234803     86.65084139027442     41.92968594984600      h 
   66.18533959735912     87.22015924229247     43.47312588205321      h 
   69.16666163772797     85.76312033457371     43.14380522133548      h 
   68.96117303925720     88.88928400702632     44.25175447618441      h 
   72.82525439944264     96.01271135101308     47.45407046251383      n 
   70.58770551553935     95.56756065746288     48.96828095447639      c 
   71.18799709571799     93.79959558466288     51.15402256948834      c 
   70.53533674897520     94.31610010037092     53.32778272766294      o 
   68.45933132330742     94.37261864710514     47.41799579161811      c 
   67.66191492298819     95.95292732476827     45.12976830410287      c 
   65.82138722381987     94.41834682144128     43.52414453580261      c 
   66.52297914351044     98.45127427263220     45.98918340557567      c 
   72.67006357964060     95.84023065692581     45.55040401849467      h 
   69.97305829128032     97.36282931073039     49.80856760700564      h 
   69.09266345061766     92.52047229731679     46.77955635565293      h 
   66.83628649708039     94.10152798402562     48.66489972320428      h 
   69.32838267388891     96.36586630876769     43.98129857658661      h 
   65.33254727536855     95.42054196149699     41.80246403577508      h 
   66.64836612442492     92.61740181371361     43.01351828118994      h 
   64.10773329640054     94.00815340610065     44.57137548673199      h 
   65.86363033608059     99.51939377440368     44.37211283984501      h 
   64.94560759621456     98.11445986794671     47.26319462272434      h 
   67.93384010813314     99.56467092595778     46.97593260337756      h 
   56.78675978877097    105.34076188685810     57.78323068285285      n 
   56.63154156000581    102.65803810201520     57.30731093528094      c 
   54.43604094306698    102.04485182148606     55.52830352044985      c 
   54.78121069790490    100.56494666267406     53.75281538458399      o 
   56.32929682409256    101.37397863524976     59.89616940909366      c 
   58.80557193444027    101.01501961327666     61.35798432476105      c 
   54.95924391838002     98.87646183076725     59.65259349390789      c 
   60.68903289646272     99.17997748882861     60.19112514150741      c 
   56.32621310711652    105.81693883898186     59.57918372248271      h 
   58.33488205275488    101.97687065086660     56.33835362426571      h 
   55.15986607814553    102.65284075547767     61.01076459048902      h 
   59.72935268949389    102.83684744389811     61.62069859256614      h 
   58.25492078854636    100.30467869254247     63.21810580636061      h 
   54.85930007668886     97.98049608991136     61.49579138755887      h 
   53.05572592631815     99.13980094042590     58.93268944682166      h 
   55.99802362539162     97.67317295739429     58.36194235254932      h 
   62.27683319744315     98.95677760624106     61.47363283581006      h 
   59.86688704631791     97.32714336250957     59.87770263257344      h 
   61.40468475194871     99.88005479695028     58.39934939532360      h 
   52.21864456741773    103.15691291307567     55.87442320896405      n 
   50.21636118226245    102.68249502047765     54.07430332588365      c 
   50.80484115284924    104.03120819288418     51.60778661747483      c 
   50.02004528029039    103.21458605364109     49.58713661184157      o 
   47.56025607014935    103.54279797434985     54.88951114301472      c 
   47.54188776309096    106.30334478847409     55.77465008303646      c 
   46.50622491261246    101.80870693574400     56.92655513636395      c 
   45.43040963022485    107.88076832231982     54.62453632380198      c 
   51.82889767466577    104.16197519919885     57.47161704699859      h 
   50.17628338375690    100.65260963632490     53.64572746587788      h 
   46.40591050038696    103.36718850314921     53.17930038887159      h 
   47.37125321031369    106.33831306054233     57.82841287359929      h 
   49.31836462190383    107.18698155926050     55.25382213967396      h 
   44.66256699919419    102.48977310060528     57.51814560266630      h 
   46.29768194914498     99.88937633223318     56.22831184412573      h 
   47.78909379155862    101.82316228365521     58.52884223331895      h 
   45.66412372916403    109.85162265003603     55.16283802614648      h 
   45.51331828620149    107.74942103672407     52.57704215370102      h 
   43.58454086915980    107.24269679332026     55.25364220715002      h 
   52.07698286279346    106.18200893175191     51.88932718046123      n 
   53.10868549925974    107.48103623122431     49.73151008680910      c 
   54.89905552271842    105.55034364212854     48.58852565962491      c 
   54.56979603167377    104.84891897244414     46.41611872702165      o 
   54.31627796307801    110.04886778090201     50.26329944998015      c 
   52.30654691038689    111.96687614222122     51.08368308135539      c 
   55.62490707348234    110.95575451295848     47.86340375737234      c 
   53.46919263329645    114.44028387671081     51.99300229586586      c 
   52.76567214509558    106.59560855902993     53.62879170242501      h 
   51.58943858925458    107.75396729216973     48.33957113047526      h 
   55.71340010812256    109.82040030726188     51.76214460084699      h 
   51.03715844214470    112.32643532547110     49.49614790231161      h 
   51.19675196473862    111.14924542109010     52.60797719406916      h 
   56.64415071161599    112.69348298621148     48.23216059907790      h 
   56.94542914447987    109.56356118836248     47.14021106840456      h 
   54.22685851334580    111.30161979220348     46.39881397756963      h 
   52.03303452778754    115.68178281224708     52.77687503125135      h 
   54.84800950101295    114.06712520772341     53.46871165438969      h 
   54.39172586346587    115.43066470278788     50.45031654856069      h 
   56.64185486730855    104.41836384862796     50.03137578833226      n 
   58.18317589724094    102.55827992136321     48.70541897378583      c 
   56.38318836508584    100.71505396339217     47.38502364387313      c 
   56.64338388784886    100.25257120818080     45.12512625504732      o 
   60.31872123114285    101.27179645909200     50.22098297496760      c 
   59.50777036469784     99.62687376891442     52.13805949711445      o 
   62.20373996324030    103.23788997887023     51.23288694359240      c 
   57.19970639894844    105.11119989264090     51.74414041676697      h 
   59.12933796909565    103.50589632215110     47.12965796716208      h 
   61.33340355063633    100.05988413485493     48.86351771313832      h 
   57.84535140606761    100.11846473788387     52.77428854161270      h 
   63.58556821168015    102.33216357823086     52.45661109473979      h 
   63.18509205554298    104.12751481214444     49.66683846373142      h 
   61.22553703309171    104.66498323435138     52.32608601888902      h 
   54.54425093946782     99.60140793181476     48.67461581115560      n 
   53.09638314050003     97.67576571544288     47.36868098357061      c 
   51.98656063773414     98.66380715244644     44.91359246446078      c 
   51.89723439401006     97.32390155748567     43.01260596364251      o 
   50.99040261839672     96.71571070174105     49.10777001963388      c 
   48.97642105955196     95.20864186114120     47.70258000863454      c 
   52.17541978787978     95.11031032191369     51.17470305621221      c 
   54.28455001845695     99.81513725703179     50.56067394279188      h 
   54.40318939971079     96.15767677885478     46.80911305202344      h 
   50.07813720377932     98.38073627030006     49.93144474651084      h 
   47.48332129351137     94.70109890039492     49.01760176089200      h 
   48.16350690503972     96.27784982200482     46.14887930860824      h 
   49.77804157665430     93.48892455601739     46.92261262095805      h 
   50.72271843880820     94.35397388145516     52.40075835325955      h 
   53.19050513924200     93.53897557313783     50.32759555843348      h 
   53.50019574990808     96.20972580662293     52.28994548065048      h 
   51.03671374370850    100.99093392977620     44.96541180492148      n 
   49.72866314550252    101.96973000105864     42.78266722005402      c 
   51.51930290693142    102.97036475924911     40.76332564649509      c 
   50.91135247005890    102.77221306977553     38.51981453057904      o 
   47.88420138594013    104.08166501069982     43.53956373427687      c 
   46.79550666689646    105.41567815329027     41.22611041317233      c 
   45.75557219862396    102.95873755024924     45.11780783928622      c 
   50.86116010219336    101.93325200973300     46.62773546523901      h 
   48.69957090710966    100.37570647215642     41.93221953093752      h 
   48.96289785732668    105.43741197514800     44.66843968295236      h 
   45.29390082597276    106.68945092859811     41.80205547003286      h 
   48.22655393657694    106.50424137102945     40.23486066842706      h 
   46.00502580099531    104.04061831984239     39.92074990448381      h 
   44.43015868501228    104.42440525996903     45.66864242144494      h 
   44.74314416855328    101.55932075161355     44.00599753077069      h 
   46.50882831586527    102.07159233467441     46.80585830955775      h 
   53.59784626346189    104.11032670149130     41.57112424691114      n 
   55.60401350655167    104.99367961238546     39.94698564106855      c 
   57.20218779695863    102.85491006624133     38.88456574872473      c 
   58.47104872212385    103.30547968916882     36.98674105761839      o 
   57.51254905057712    106.82398486246367     41.15287937316128      c 
   56.10338400898029    109.16819293557701     42.01976353065512      c 
   58.97984314499833    105.37493067181308     43.16917970851582      c 
   53.86119717540395    104.22560689115781     43.46861158527485      h 
   54.77264330406035    106.02567596271994     38.36302499223039      h 
   58.80151687357088    107.34637780164628     39.61929659014448      h 
   57.32780628706533    110.53522847202468     42.92932277872259      h 
   55.29948366772224    110.08080184397947     40.36610618850100      h 
   54.61208984225815    108.61333051953140     43.30947281993939      h 
   59.43505028560752    106.53043237893482     44.80086371001656      h 
   57.80440919645716    103.83363712888948     43.80029716242909      h 
   60.69449590275289    104.57253693705584     42.36426195543626      h 
   57.18520131099360    100.65955463241184     40.09541533020523      n 
   58.39582376385562     98.44966469968873     39.04496398333519      c 
   56.42156654161595     97.17133999125359     37.42180939634481      c 
   57.02818784030894     96.33500999362671     35.34092201108567      o 
   59.62967636950235     96.62513382755715     40.95503732359929      c 
   57.63060709335848     95.05898021449373     42.34658763492596      c 
   61.30428852177058     98.23046274059472     42.64784035655651      c 
   58.71140234276130     93.14658516845566     44.21432400080835      c 
   56.35324253030072    100.46941805983879     41.80650394236518      h 
   59.91832430951398     99.14767524609807     37.82174657070487      h 
   60.83375624644189     95.32193824334024     39.87788084960416      h 
   56.33502997048664     96.34594398765360     43.28121808541055      h 
   56.54327993213465     94.02860992704032     40.92725360137358      h 
   62.02655798172432     97.12559364965909     44.19910942129297      h 
   62.85760381766973     98.99929580458542     41.54535313913527      h 
   60.21993775526182     99.78152038354786     43.40860788859295      h 
   57.23755238821109     92.15920418349043     45.23367238286090      h 
   59.79443552846546     91.73922046971558     43.18265861953328      h 
   59.87310466742279     94.03266620999550     45.65348441597812      h 
   54.02517240895801     97.11517187567736     38.19535752896866      n 
   52.13961634046785     96.12129243800084     36.46772268804597      c 
   52.37047516686564     97.71656176155416     34.04706238794162      c 
   52.55937650211954     96.84311316306375     31.91756053841014      o 
   49.49742617322597     96.19216044846674     37.61971648554966      c 
   47.83203054473656     94.28989381856660     36.22349870325115      c 
   48.70460902533870     92.80496702390425     34.70239091623098      o 
   45.36054780660832     94.34325959849447     36.80396573862603      n 
   53.46888990241191     97.46553675643584     40.00336901967405      h 
   52.57260623557407     94.15232455755941     35.95427157565312      h 
   49.60228500427249     95.65068059424928     39.61210521177725      h 
   48.70875299384558     98.09032590100338     37.49622579870496      h 
   44.25225472746127     93.07233180220179     35.91432068830773      h 
   44.64402400303445     95.39729476621879     38.20920284688726      h 
   52.52870524897461    100.18730007597077     34.53731526237541      n 
   53.19856069495504    102.04856051259648     32.65016902483679      c 
   55.68986848112105    101.37995836499097     31.36180682688444      c 
   55.63212691263416    101.09452927417932     29.05768773699762      o 
   53.31702536159623    104.67697922790560     33.87173823682446      c 
   50.89546753275075    105.70235374702231     34.22001951822345      o 
   54.94301864955422    106.57486424019808     32.46583279126545      c 
   52.02011833463895    100.85202648069195     36.27610785202675      h 
   51.77783073029254    102.07653371726518     31.13725955287648      h 
   54.24476439161426    104.37057172430275     35.67583956668886      h 
   50.12663670014846    104.86317802091497     35.65673207688479      h 
   54.79130324817813    108.33643544849225     33.50018486716530      h 
   56.89963630825709    105.95743028224607     32.49698820712742      h 
   54.31209942486947    106.87466066871430     30.53850642523830      h 
   57.82659805676457    101.09773230164879     32.66950854237388      n 
   60.14457273239595    100.47377536517727     31.34582425348361      c 
   59.73705077822127     98.26338829903614     29.54630933139493      c 
   61.07188256691151     97.89005049120971     27.70787906740362      o 
   62.19514528893399     99.49341520325345     33.16165577655397      c 
   63.61825037190751    101.53581338491379     34.45949514024847      c 
   63.71819949405990    101.83594283189720     37.01351036153746      n 
   65.08211226196681    103.33854751071503     33.31295619014317      c 
   65.18252007597606    103.79313193276674     37.38519000646400      c 
   66.06768076901113    104.76705009924275     35.20655164339450      n 
   58.09467605316222    101.78078501219045     34.47160833649579      h 
   60.85379870839500    102.09689201043901     30.26336009771093      h 
   61.31307615674945     98.23727603638902     34.52736612831777      h 
   63.52394068520632     98.38278321332251     32.03177311360658      h 
   65.47463411995444    103.63827333358958     31.35335024430188      h 
   65.63946689149115    104.56914653929007     39.19212994413252      h 
   67.28982992598738    106.23488223813699     35.07769959899638      h 
   58.03147868995732     96.62950571874536     30.43506870212072      n 
   57.63067360283018     94.21539112187097     29.30343545166699      c 
   56.09984336004915     94.46361485846917     26.83356885346888      c 
   56.49303512966525     93.04087159735474     25.05131143314813      o 
   56.39213066865345     92.40017522918502     31.21838707430474      c 
   58.29883594733455     91.10678488187494     32.83500829873151      c 
   59.63409877665568     92.14762246340669     34.78719921449384      n 
   59.15150479406466     88.67099491520102     32.69122814801226      c 
   61.13042826594629     90.32006846722778     35.75224383130144      c 
   60.89576817813374     88.20190943938142     34.51221661811395      n 
   57.00228401103253     97.05968891973930     31.98189426280336      h 
   59.55171383233664     93.58958921137315     28.79888559156907      h 
   55.06469217857170     93.49863848590169     32.34969160409501      h 
   55.30136754553664     90.95554188534103     30.23036165008300      h 
   59.46434836277734     93.97118811511289     35.32165320180236      h 
   58.58457696840564     87.22723651806203     31.41157139858958      h 
   62.30157191675244     90.56779875556255     37.38472916013058      h 
   54.39757366501350     96.31323762986339     26.89770328188328      n 
   52.69553442016765     96.97741103179681     24.86079619237607      c 
   53.99792491177720     98.78483562370009     22.94788481557201      c 
   53.44031658370960     98.74692464884073     20.69968573970847      o 
   50.20356967531069     98.00915549961464     26.00944215119901      c 
   49.79309561941494    100.87626878316729     26.02853331169219      c 
   49.17814052780727    102.01360804997555     23.42292448035277      c 
   51.03055549117889    103.94782666398024     22.77590833230438      n 
   50.94238660066383    105.45356625207214     20.76574918676589      c 
   48.80693948470122    105.78318970376770     19.48854589877880      n 
   52.96636603129923    106.83286420092958     20.15052786622010      n 
   54.09137763270478     97.14424843293531     28.59764260089332      h 
   52.26624025775409     95.23295869025061     23.82451621617301      h 
   48.61313466398764     97.12504680964561     25.04862839854457      h 
   50.18003234965161     97.34468402761676     27.96516225735021      h 
   48.22803629392541    101.25139782556037     27.31856232370983      h 
   51.47306512301757    101.77910677340898     26.80441728486216      h 
   49.22195258352561    100.51904797099559     21.99178296285823      h 
   47.29706295278071    102.86374103244724     23.45187127353130      h 
   52.76787163511146    103.59420231360660     23.49340846789222      h 
   47.23336458373136    104.84883591294155     20.00746570893844      h 
   48.71066748068502    107.00337854975099     18.02857263651125      h 
   54.62950399833885    106.61410032641993     21.06085965957797      h 
   53.00413717343032    107.80244435314549     18.51114069111738      h 
   55.52561966362651    100.45476532060354     24.08454378009365      n 
   57.37588353116308    102.16567596725528     23.01097713722619      c 
   59.60997233025471    100.72336046620750     21.63241313166027      c 
   60.68476967245343    102.00819441806702     19.97454005808942      o 
   58.44945104443831    103.95226993106242     25.04201257930093      c 
   57.59069524057024    106.44995274910340     24.62835786046438      o 
   60.05058044387622     98.52997309956214     22.29111273035429      o 
   55.94882631615728     99.95142981597509     25.87845659354297      h 
   56.54005840651580    103.29729207241445     21.49677717292690      h 
   57.82561746341860    103.32684916921791     26.91004700504327      h 
   60.53079879981993    103.87856277611023     25.02512806257019      h 
   58.31939275527449    107.52773265143706     25.91782286525313      h 
   53.91339277730869    117.33652334550430     20.51940187036760      n 
   52.95918101847385    115.93708579654388     22.68739454280405      c 
   54.74587718791999    116.27268331239328     24.89015310578539      c 
   53.96497545831807    116.41694010717694     27.05560281199536      o 
   52.65636650278585    113.09797503467931     22.10046801935518      c 
   51.99778996739202    111.64864366809715     24.50937490133268      c 
   50.56026639202146    112.73577400340295     20.15399321769798      c 
   53.64620795118823    116.53838932326761     18.80412024942266      h 
   51.13120373653245    116.72064579456797     23.28730339943179      h 
   54.45913825624329    112.37538877256367     21.39477490434869      h 
   51.78215011374449    109.65407536446294     24.09402826871284      h 
   53.47359610010453    111.84852771451290     25.91885620160625      h 
   50.24269364806039    112.34273947542646     25.31786255025396      h 
   50.17645047597095    110.73822885926731     19.94333626335342      h 
   48.84056591320648    113.63431322672483     20.82358158152903      h 
   51.05321912302127    113.51796873622273     18.32316727763397      h 
   57.23672327000597    116.15587799199838     24.38396305823875      n 
   58.90810030423454    116.44517428715665     26.52531236584127      c 
   58.51143252281854    119.08137973445798     27.61930939927389      c 
   57.81564177134143    119.32413498134822     29.81337857601818      o 
   61.69589825628562    115.85403720012459     26.04373620948867      c 
   62.09770064930606    113.16081703756507     25.04633958382868      c 
   63.05742650997513    116.22557943816408     28.56399156040833      c 
   61.28549733183925    111.10700139439099     26.88833046794188      c 
   57.92633150581717    116.33475565314353     22.62054969028715      h 
   58.18431686520317    115.16078626375594     27.98633742406089      h 
   62.46254164304037    117.18284029797502     24.65766807402117      h 
   61.04595289468789    112.89818315170989     23.29991655461537      h 
   64.10303444180501    112.91564470665276     24.63032437675043      h 
   64.82093071195087    115.18474000659062     28.61645707848444      h 
   63.45955072030118    118.20734976121234     28.91933131329188      h 
   61.89508382767619    115.55985183339133     30.10952807023492      h 
   61.77933318128599    109.28583152004680     26.07951830072971      h 
   62.23819799834180    111.27948483595081     28.69356507628465      h 
   59.26310982996511    111.20731705534739     27.20950426025487      h 
   52.63785609986341    118.33814862962933     31.64665615695580      n 
   52.84674353996240    117.01413333577486     34.02580166502242      c 
   54.57323749663771    118.51965053279123     35.77308502353257      c 
   54.27083847102576    118.38108745508075     38.06877402196005      o 
   53.70415115362290    114.22356045439292     33.78437372384445      c 
   56.56054688650076    114.25885237510018     33.29281839038209      c 
   52.04724355918091    112.87767382389032     31.84645236361820      c 
   57.99104905244795    111.78394933750555     32.99340928255307      c 
   53.50391429801802    117.67243430150420     30.06518196624700      h 
   50.97682064815106    117.05770139329117     34.93060766254393      h 
   53.39003183186671    113.32878829014687     35.62604212679132      h 
   56.93081002365824    115.47267327038959     31.67240220526483      h 
   57.37537360543422    115.14830654911363     34.96305123655541      h 
   52.59477832154013    110.91693953553485     31.63868309496142      h 
   50.09316992117160    112.90040963910657     32.48402901496561      h 
   52.16102152764464    113.81427878911502     30.03095333253738      h 
   59.98526034754403    112.21509048196818     32.73374398306533      h 
   57.82849221979040    110.68513593044418     34.71821873524951      h 
   57.35318979334071    110.68908633545591     31.38762274894428      h 
   52.76128877098763    121.30072968800664     41.89576105764636      n 
   54.22528784381250    120.53789356916056     44.08333078503789      c 
   55.21069428304610    122.83917926802070     45.51009396605591      c 
   54.81399602394102    123.07419001451423     47.77754954114998      o 
   56.45540258381473    118.83200346798728     43.35019912930499      c 
   58.43245836792005    118.88186288617165     45.43304562388036      c 
   55.61376283837291    116.10630911842283     42.95741845804183      c 
   53.23974517801464    120.43032529780287     40.24627731849248      h 
   52.97030221763498    119.53804326758109     45.40717750229857      h 
   57.28317956066366    119.55916035091909     41.60393115853088      h 
   59.94152361365642    117.60463550550151     44.93256727112575      h 
   59.22572964246423    120.75312240155597     45.70678329904047      h 
   57.58066537005011    118.24554342924714     47.18480883815756      h 
   57.23576782929032    114.94828815414328     42.46150217641628      h 
   54.80293729156087    115.39169371185754     44.69886052416538      h 
   54.23024891885944    115.95983926066666     41.45580373691795      h 
   48.55465777894538     88.26912185172129     61.20047542897063      n 
   50.47171062736142     89.22267461549652     59.49825524380999      c 
   51.85998258334079     87.07675432595120     58.18424448491986      c 
   52.53542398023680     87.33132964991731     55.97229353317261      o 
   52.28290586466245     90.93148047669320     60.94187853215765      c 
   53.62162107438253     92.94503094067194     59.33169493677790      c 
   56.26685287534843     92.13145157711426     58.52393334910121      c 
   52.13128186857463     93.79499081933341     57.01668911037486      c 
   48.83431328001510     88.49459726330645     63.08837698260127      h 
   49.53666633256312     90.29726170206180     57.99823129455714      h 
   51.15361737067084     91.87816673925106     62.38017460066217      h 
   53.67300596174523     89.74523887704473     61.89646825734727      h 
   53.81878576263841     94.58424820408950     60.54986753871473      h 
   57.01720511516312     93.50885530833280     57.19576172112914      h 
   57.52672347352947     92.03042136674581     60.14391669815895      h 
   56.21819972819694     90.30345397551663     57.59394890627009      h 
   52.95602748897412     95.51322207099376     56.26315757351328      h 
   52.23049401914965     92.38124938607530     55.53394985151100      h 
   50.16788501474912     94.20781794610751     57.45899309108634      h 
   47.71100106077876     85.29145311629604     53.73146079236285      n 
   48.23750222827035     86.77696794057250     51.50019008904502      c 
   50.49601994915655     85.62229282924969     50.11497333691172      c 
   50.38683423206810     85.33859436495815     47.82786256745046      o 
   48.72004181812348     89.55188423176007     52.12618415745983      c 
   46.59117276600283     90.78448920386337     53.12252287201457      o 
   47.42357956651426     86.16588861188026     55.41700092762868      h 
   46.63846090514169     86.66344596288964     50.17901493688523      h 
   50.32080880081658     89.66841489125969     53.43047681168311      h 
   49.20165093507609     90.53834045552148     50.37894508297655      h 
   45.97855924950366     89.85888349983144     54.57867282524575      h 
   52.53422840524176     84.99588362338170     51.45474909881804      n 
   54.76299596906338     84.11517600397266     50.11816931589237      c 
   54.25885666647883     81.72651996062719     48.59714093629043      c 
   55.39517945347841     81.44392106455973     46.58719796840855      o 
   57.05781198553393     83.43649742262168     51.74816487257975      c 
   57.70048555374432     85.33818104806696     53.81634687136783      c 
   59.80885461555926     84.25431430216787     55.45952502531949      c 
   58.45218431324884     87.90497404631485     52.75191432432301      c 
   52.70335099112158     85.61983738549159     53.26840387661405      h 
   55.34445785387680     85.57722545938577     48.76628149856629      h 
   56.74691929222356     81.58309420741172     52.60004167733889      h 
   58.65115523784979     83.26317400657014     50.44546658410832      h 
   56.02456513720941     85.61074456978746     54.97598718622188      h 
   59.92336970035334     85.24662476426141     57.25437682148322      h 
   59.49814116143237     82.25587766167429     55.82361822331519      h 
   61.60341482606414     84.44503433726537     54.48304671349634      h 
   58.79127874825915     89.21209935759524     54.29739209957738      h 
   60.17749493827456     87.76153382762517     51.64785345594782      h 
   56.96604141323080     88.66732910839745     51.55829585780009      h 
   49.58080961925689     83.15616537509568     43.44740700970409      n 
   51.32098698232045     84.19988250515527     41.60747785004972      c 
   52.71717132346163     81.99966936145367     40.36648019058870      c 
   52.46173513502829     81.61679768835872     38.09228277477381      o 
   53.19414811437665     86.02057197865986     42.83338003072922      c 
   52.02530449985701     88.57603654095038     43.58154259765433      c 
   53.36349704558356     89.62931464439724     45.91856524182464      c 
   52.30188413481714     90.46423199326442     41.43082375195034      c 
   49.92793537065445     83.62808945739657     45.27142503648022      h 
   50.27051512927823     85.19236441187968     40.11198688091775      h 
   54.00316306543483     85.09942412585909     44.48237018007917      h 
   54.72741097208146     86.34517713818617     41.48644794052564      h 
   50.03221006567819     88.27187175900190     44.02593118608309      h 
   53.20346942553805     91.67435941975285     46.06986555147892      h 
   52.55263771859736     88.82235531398308     47.60988767828006      h 
   55.34816272547313     89.12863851443655     45.79880757536709      h 
   51.70477719715318     92.31904503644016     42.07288732304937      h 
   54.28563733709949     90.56086493210235     40.90694830197352      h 
   51.21316075845738     89.93387397806929     39.77284451622128      h 
   50.48779445889267     83.09844035304920     33.96424956771575      n 
   52.77259294191894     83.64890722250612     32.55184864992120      c 
   53.07595236386386     81.76889849877524     30.38906182646624      c 
   53.29966204348993     82.58278846260325     28.21830814026287      o 
   55.16000476399912     84.06113409861945     34.17591127857610      c 
   56.83986506657524     81.92866730856878     35.19469630100885      c 
   58.59243720676886     80.74917009699169     33.24123681127190      c 
   58.50244378320414     83.08812165227963     37.25859493773410      c 
   50.81752169188072     82.77515274069033     35.85212356271696      h 
   52.50454622180855     85.49737318814495     31.63703923842079      h 
   56.37673756219230     85.22871560240515     33.01621144529151      h 
   54.57905987532420     85.21782370807091     35.78118458245920      h 
   55.68322348299699     80.43034587767434     35.97883524851390      h 
   59.46088601482990     79.08581985798105     34.08204230242245      h 
   57.58375771948327     80.14258906042184     31.56660162551203      h 
   60.06050656579612     82.08197793306539     32.71245469788328      h 
   59.87309422082877     81.71421347149347     37.93341006376578      h 
   59.51571820433100     84.68428881524501     36.45303332384313      h 
   57.38238250921818     83.74000600498215     38.85328015323259      h 
   49.33903964675277     83.39822072021765     25.45372353509673      n 
   50.29526404535978     85.91932470038489     24.99359181288327      c 
   53.20302182561662     85.98519313471634     25.13930307247141      c 
   54.36586030435246     87.57917463705830     26.35070747333323      o 
   49.09126424442351     87.73943089580229     26.89785840797468      c 
   46.21442891291285     87.66951770678885     26.71905283363839      c 
   44.87987786663395     89.47582964676147     28.51593008040444      c 
   45.93167224249206     90.80369492577969     30.06992575228951      o 
   42.34644205062780     89.46802623680391     28.24691399777836      n 
   49.37696547825959     82.87014727314624     27.29639681247830      h 
   49.78829078426386     86.43388284787596     23.04916252259215      h 
   49.66017629536840     87.17792706946629     28.79722526738961      h 
   49.79253429030567     89.64728201529296     26.56651844960232      h 
   45.62938989933166     88.11208864247115     24.79248797784697      h 
   45.56593471079993     85.75946094811407     27.15778305023916      h 
   41.48989065818891     88.37304052086441     26.95863706633955      h 
   41.29246109422768     90.62016748263144     29.34047811710579      h 
   54.36312502147202     84.30921976711547     23.60692347267530      n 
   57.05969377898060     83.92189681317750     23.84283112203272      c 
   58.55615329351076     83.32849205991958     21.42791077095792      c 
   58.25596913178016     81.46952409557433     20.11255299859257      o 
   57.78860573279359     81.80417925838310     25.66034332597739      c 
   53.31709137671562     82.87907760832353     22.90298143102370      h 
   57.73263355156267     85.70313281035546     24.60904898785711      h 
   59.78455334380771     81.45532997846507     25.44546434478307      h 
   57.36857214253689     82.31408140497194     27.60057608616818      h 
   56.75094941248988     80.10864775670822     25.16669635577311      h 
   67.52875156842529     80.13555604789217     25.48807086740651      n 
   66.34020668499625     80.13353052642512     27.92971077253017      c 
   65.95154306819609     77.53088014439622     29.03208878306676      c 
   65.59738858903347     77.27547987814141     31.30878124676030      o 
   63.75100064636187     81.36710494853843     27.85887147663904      c 
   63.88571842618483     84.13773256545453     27.03903970609017      c 
   62.26618472192097     85.76951002618669     28.76980294277952      c 
   62.22118437458934     88.55009606365171     27.98972715154087      c 
   59.74637513845550     89.19584420067484     26.80882257317709      n 
   66.38753376004858     80.18028666708014     23.94325886017854      h 
   67.67246823285642     81.12966844342480     29.16182661193718      h 
   62.63211495331451     80.20149019328609     26.58424919279411      h 
   62.91290661960797     81.20521392415841     29.73357062452003      h 
   65.84420437038432     84.75323208578540     27.14046590683054      h 
   63.21472725226326     84.32455334607539     25.10529222929950      h 
   60.37124668886944     84.96927827454265     28.73084262747799      h 
   62.93212470656808     85.63369567241043     30.71183600614282      h 
   62.49717196464564     89.73915571693313     29.64846698098857      h 
   63.73260455579668     88.96790286699016     26.65901369174481      h 
   59.02990758427526     90.88671000375187     27.44444554174531      h 
   59.84050284416983     89.41038208236688     24.88516432055300      h 
   58.33356027090053     87.90853667200288     27.25411633844584      h 
   71.60651287982405     78.55175381005601     32.85391049494455      n 
   70.84904244373615     80.26676128411111     34.84822393653121      c 
   69.39659768543342     78.86402645268620     36.89711225402997      c 
   69.84156981499923     79.19650111023289     39.16000059167320      o 
   69.15926861161797     82.23238306687631     33.57897466739217      c 
   68.02350629805976     84.22136913876459     35.32483261846890      c 
   67.40539390052400     86.58828926738084     33.79517727953768      c 
   65.71221989206416     83.20433583238253     36.73387376453024      c 
   71.66267780932235     79.22952753676529     31.05995557424369      h 
   72.50483918923501     81.13121056203360     35.75836948152307      h 
   70.33615509234090     83.16048934264485     32.16194660670037      h 
   67.61827970593446     81.19940362082075     32.68815286545004      h 
   69.47103286637827     84.70954637298662     36.70236959898844      h 
   66.36422382265633     87.92864811953561     34.94428616225875      h 
   69.15264342538076     87.46842585053636     33.16878888144211      h 
   66.27260564616856     86.10990145305942     32.16054833497570      h 
   64.54798785458014     84.73687475138293     37.44282587728732      h 
   64.55783703800878     82.00577877023666     35.53059678830493      h 
   66.30942016159199     82.10593285074268     38.35893732017132      h 
   73.53862314151596    111.74073323313252     41.49085990996666      h 
   69.52084692603759    115.97027894906142     35.98218940058006      h 
   72.74423589365878    109.55978672590732     30.70654620306247      h 
   69.60121326188506    113.13886569729017     26.20536462904699      h 
   74.47749712430954     98.35952701217737     28.65714860725497      h 
   73.45834447175604     92.66356867205519     31.05590305467775      h 
   77.96893542061881     96.64779231783317     36.62234353021897      h 
   75.51493530107473     91.03798673775212     42.49027349644616      h 
   73.37794646296781     97.60051170509482     47.71094298137453      h 
   72.12601282866918     92.19000847523192     50.83713144381903      h 
   58.37647172008110    105.87610161215167     57.50253631835956      h 
   53.15497249749545    118.85707234944299     20.44666001180777      h 
   58.81930789694176    120.60594160811067     26.54600235524104      h 
   51.00191581418295    118.43283025445955     31.19135763505786      h 
   55.93690020769223    119.60744591708269     35.04631864018496      h 
   51.11740418626454    120.95766174740768     42.16503755603558      h 
   56.18932865652617    124.17114387266000     44.59401033540255      h 
   47.07391521529100     89.04088887322936     60.87745979882053      h 
   52.21852266516517     85.47253140601697     59.11643652299043      h 
   46.29151663338670     84.38652729370874     53.48910735601149      h 
   53.03266773235872     80.43939374133349     49.23810189954119      h 
   48.00365640277136     83.69304996873826     43.10549380787830      h 
   53.83119861310745     80.88121634346118     41.40526323239967      h 
   49.41689537452914     84.41448562566728     33.84693817096373      h 
   53.09073677977017     79.91312160617031     30.74534501350266      h 
   47.72067078335906     83.30226495390222     24.93968396015354      h 
   59.89703965926276     84.51868263367930     20.83080582544306      h 
   68.52959495954154     81.50318194247424     25.34498386041759      h 
   65.98269395532984     76.01353966457289     27.90613511869350      h 
   73.17941337218458     77.98262364902075     33.16154156208451      h 
   68.04147895981019     77.63559758255674     36.42205445317133      h 
   0.1136037406679D+00   0.2026524027705D-01  -0.4927208444063D-01
  -0.8779521410871D-02  -0.2909217841220D-02  -0.2540127445462D-02
   0.6751842739730D-03   0.3081262133170D-02  -0.5489117213037D-02
  -0.1550178172097D-02  -0.2504111969526D-02  -0.6060135526754D-03
   0.2787654581827D-02   0.3033432599621D-02   0.3146721282007D-02
   0.2830135235483D-04  -0.5314290325888D-03  -0.1148925184839D-02
   0.1273901127190D-02  -0.5147067442565D-03  -0.1547529361643D-02
   0.6574066169531D-02   0.9290578139645D-02  -0.9119466825814D-02
   0.7396687573935D-03   0.4782208792365D-02   0.2789538526353D-02
   0.4408481730760D-03  -0.1487100144013D-02  -0.4231151815941D-02
  -0.4191180444869D-03   0.1185039776377D-03  -0.1411193706051D-03
  -0.9308905259796D-03  -0.6653063577388D-03  -0.3642631323293D-02
   0.5123088362070D-03   0.7981878905689D-03  -0.8403417736393D-03
  -0.5599845484486D-03   0.7789979988170D-03  -0.2315382174980D-03
  -0.9497356126247D-03  -0.5274481918633D-03   0.1545452834159D-03
  -0.4239144031528D-03   0.2821859287484D-02   0.3009469461851D-03
   0.6473956632848D-03  -0.7300489192158D-02  -0.3968296416281D-02
  -0.2974981641751D-02  -0.6362215312197D-03   0.5177755568764D-02
   0.7863130298556D-01   0.2887671039691D-01   0.3387421906316D-01
  -0.3235114960160D-02  -0.3871084758020D-02  -0.2655632990210D-01
  -0.9352180190986D-03  -0.3804343954396D-02   0.3609829112125D-02
  -0.4009735868942D-03   0.9403710984632D-03  -0.2459498478902D-02
  -0.4905984659152D-02  -0.8410120318657D-03  -0.8045012825811D-03
   0.4501129115041D-03  -0.1690726588211D-03  -0.4261348550966D-03
  -0.1513744053561D-02   0.3173715561254D-02  -0.2639565163599D-02
   0.7280761912323D-03  -0.1182295005331D-02   0.9391416921591D-04
  -0.8149691439996D-03  -0.2230067179581D-02  -0.2541340624876D-02
  -0.7543421939591D-02   0.7047859212244D-03   0.1364745360212D-02
  -0.1199430592636D-03  -0.1052945886360D-02  -0.8174169613896D-03
  -0.2208004128349D-02  -0.2538439454101D-02   0.2029283340481D-02
   0.2866525472760D-02  -0.1734015977794D-02   0.6548483989404D-02
  -0.1317635527399D-02  -0.4138352170434D-03  -0.2205615186454D-02
   0.1037467223145D-02   0.1206977755344D-02  -0.1877204705903D-02
   0.7917070834410D-04   0.1660650039814D-02  -0.4200523787090D-03
  -0.1409364699441D-02  -0.1034162293148D-02   0.7219657446552D-03
  -0.2466027011967D-02   0.7633752220180D-03  -0.4416888193885D-03
   0.8775818355406D-01  -0.7064437481503D-01   0.5182824504848D-01
  -0.5115700152370D-02  -0.4138008078669D-02  -0.7271889160607D-03
  -0.2232512167057D-01   0.7709300437372D-01   0.2331986019953D-01
   0.1762706148637D-02  -0.5123785467847D-03  -0.8082257543755D-02
   0.7284306464139D-02   0.1663412282281D-03   0.2804461179794D-02
   0.3846277990683D-02   0.3438589680236D-04   0.8413549026597D-03
  -0.8990904381018D-02   0.2390696535146D-02   0.4837297956393D-02
   0.3360247110288D-02   0.2930034366095D-02   0.3927527063734D-02
   0.2792965212591D-02   0.8726925688296D-03  -0.3267858030223D-03
  -0.1787253382746D-02   0.5716806179348D-03   0.7751108022058D-03
   0.1240531809066D-02   0.1238174445817D-02  -0.2857415383813D-03
   0.1704975142285D-02   0.2061634595405D-03   0.1081174750914D-02
  -0.3404410883439D-02   0.1386749451975D-02   0.6430722846324D-02
   0.4053613969004D-03   0.9043621877955D-03   0.2080210806557D-03
   0.4057799109894D-01   0.1107099919037D+00   0.3000972996307D-01
  -0.5475576547221D-02   0.1553415164098D-02   0.1914516927549D-02
   0.5686229731768D-01  -0.5723093504311D-01  -0.3309719515762D-01
  -0.6348881687209D-02   0.1435831283287D-02   0.1328571968279D-01
   0.7795009382827D-02   0.3596413673465D-02  -0.2268189248902D-02
   0.9969124538692D-04   0.1743415262948D-02   0.3722304772527D-03
  -0.1520867191212D-03   0.2697273213195D-02   0.7773465724699D-03
  -0.3707553277059D-03   0.7275563157535D-03  -0.1888906880232D-02
   0.1059499422111D-01   0.1043468930938D-01   0.6441082811331D-03
   0.5898300746059D-02   0.6489301140233D-03   0.9189419523613D-03
  -0.2301252746496D-02  -0.2519681538802D-03  -0.5873985637088D-03
   0.1851344373101D-02  -0.6425461042162D-03   0.6878340351598D-03
  -0.1490312526555D-02  -0.1272169655401D-02  -0.2461090262572D-03
  -0.4210112860933D-03  -0.2552292139037D-02   0.5023518324011D-03
   0.4160703079513D-03  -0.8821416501334D-03  -0.5962294756631D-03
   0.1013904890490D-02   0.6117981752550D-03  -0.2323067877949D-03
  -0.4892580162260D-03  -0.3423787179571D-03   0.1313083246858D-02
   0.1095109519301D+00   0.3862600095654D-01   0.3180067625808D-01
   0.2203224275179D-02  -0.3052112812036D-02   0.7951468600212D-02
   0.7172662021433D-03  -0.8763537742350D-03   0.1719434762271D-02
  -0.2526011488039D-02  -0.7457705137051D-03   0.9463595785014D-03
   0.2431185516779D-02   0.4457838214368D-03  -0.6222512849195D-02
   0.2236511277470D-02  -0.2337553456083D-02  -0.2241655354325D-03
   0.1045622897124D-01  -0.2099797973756D-02  -0.2858764332494D-02
   0.3732976476960D-02  -0.1454671226952D-02  -0.2787092718048D-03
   0.5500495917426D-03  -0.6161574512496D-03   0.7488102298184D-03
  -0.1326590203816D-02   0.1363249275336D-02   0.7865214283697D-05
   0.5427679821669D-03   0.1101626169298D-02   0.1240470306206D-02
   0.1724663443613D-03   0.2791818273928D-02   0.2160123498028D-03
  -0.1951167848086D-02  -0.1539559762650D-02  -0.3555817066067D-02
   0.8205395927563D-01  -0.9229531195264D-02  -0.4389922440690D-01
  -0.6062772001291D-02   0.4798726085843D-02   0.2201472810235D-01
   0.2842095551563D-03  -0.9974607623595D-03   0.1485860843694D-02
  -0.8984214698821D-03  -0.1087631491537D-04   0.2201742327110D-03
  -0.1473709895846D-02  -0.4092226015219D-03   0.8927561834215D-03
  -0.2348698277862D-04  -0.2434549163309D-03  -0.6476987799006D-03
  -0.2612071330543D-02  -0.6903781871716D-04   0.6732063489085D-03
  -0.1623076436627D-03  -0.6736421885305D-03   0.1637418804834D-03
   0.5999435811479D-04  -0.4710895024220D-03   0.1039440659089D-03
   0.2148644050266D-04   0.3277375639849D-03  -0.1271722394428D-02
   0.1120114577286D-03  -0.3980913718306D-03   0.5301794056419D-03
   0.2123438639750D-02   0.1199659972991D-02   0.9416409677887D-04
  -0.3284315346176D-02  -0.1580860088225D-02   0.1414269931251D-03
  -0.5422168314455D-03  -0.1122637905122D-02  -0.1045138019805D-02
   0.4579313993299D-03   0.5947538951687D-03  -0.2099927707557D-03
   0.1791626149765D-02   0.1167470946841D-02  -0.2482635274450D-02
  -0.8658712381416D-03  -0.5462593006180D-03  -0.1750300602738D-02
   0.3106679505084D-01   0.1154429609596D+00   0.1703223249126D-01
  -0.2865487154925D-02   0.2439540548710D-02   0.5188017966080D-02
   0.4513823260848D-01  -0.7366637734226D-01  -0.3606177684666D-01
  -0.5219031534160D-02   0.5042466701933D-02   0.1993075260894D-01
   0.6144632455834D-02   0.3475538875935D-02  -0.2668469586371D-02
  -0.3318477052269D-03   0.7960021848327D-03  -0.7444502499236D-03
  -0.4564225000646D-03   0.8277363411735D-03  -0.5186280717865D-03
   0.2490010296276D-03  -0.5508441943393D-03   0.3871461881185D-03
   0.6128525541732D-02   0.9633969091051D-02  -0.6619946815199D-02
   0.4848013678755D-02   0.1685078841638D-02  -0.2630103563577D-02
  -0.2148408526696D-02  -0.5897425204672D-03  -0.6413558912169D-03
   0.1399535144210D-02   0.6831082996212D-03   0.2553556663544D-03
  -0.2646031632885D-03  -0.1016918216670D-03   0.2998124945029D-03
  -0.1419622678647D-02   0.1078802710964D-03  -0.1893518069834D-03
  -0.7372449625885D-03   0.7359070181985D-03  -0.7318033957218D-03
  -0.6418778594198D-03   0.8982091351324D-03  -0.1222762290868D-02
  -0.5512129600257D-03  -0.1729950827909D-02   0.1798939701461D-03
  -0.3768008370374D-03  -0.5458758461915D-03  -0.7025776778757D-03
   0.3743614205504D-04  -0.1298725758722D-02  -0.4283683872522D-03
   0.1181376233399D+00   0.2237218141261D-01  -0.8992305289131D-02
   0.2575839081246D-02   0.2196931458664D-02  -0.9349747754246D-02
  -0.1152319480157D-01   0.7551692369531D-02  -0.2177962560185D-02
   0.2535084283937D-02  -0.4849469198899D-02  -0.2678934629019D-02
   0.2482191278644D-02   0.9952374072063D-02   0.1209748663360D-02
   0.2063830668709D-02  -0.8051745294331D-04   0.1145011184948D-03
   0.3556430112752D-03   0.2113134933201D-02  -0.1222581856147D-02
  -0.4128543216535D-03  -0.4977446568552D-03   0.3903893465832D-03
   0.3232905073968D-02   0.1585242447157D-02   0.4205259378571D-03
   0.1884793556607D-02   0.6827462357267D-03  -0.2610692476049D-02
   0.3890577087210D-02  -0.1954472360284D-03  -0.4156217850505D-02
  -0.7822339327547D-03  -0.1519245285906D-02  -0.7788143619203D-03
  -0.2567397296802D-02  -0.1437829324116D-02  -0.6935756657446D-03
   0.1963663023142D-03  -0.5466528292971D-03  -0.3783904077774D-03
   0.8927561223797D-03   0.9448989395241D-03  -0.1071696809143D-02
   0.6302376308035D-03   0.1562234798265D-02   0.2402888238820D-03
  -0.1301363058508D-02   0.2123577095893D-03   0.7303041225017D-03
   0.2253674742891D-03  -0.2215496198052D-03  -0.6155422217694D-03
  -0.7029948132745D-03   0.5744603301875D-03   0.8282529444151D-03
   0.8798191121134D-02  -0.4845006842786D-02  -0.1270853844002D-01
   0.2513469803212D-02   0.1114329559242D-02   0.1324143458170D-02
   0.7921046722390D-02   0.8161857271809D-02   0.4293855126302D-02
  -0.3531195296224D-02  -0.4439980764019D-02  -0.5374396171188D-02
   0.1555777855094D-02   0.4318766707328D-03   0.1402507544401D-02
  -0.1715007062509D-02  -0.4449968377534D-03  -0.3708784992660D-02
  -0.8205375091707D-03   0.6111143173315D-04   0.5069828221172D-03
  -0.3842602833682D-03   0.4461822602060D-03   0.8193938374075D-03
  -0.3481789947379D-02   0.2822587863928D-02   0.6484460581663D-02
   0.9554411276720D-03   0.7431670489344D-04  -0.1377309255413D-02
   0.1233114274028D-02   0.4011055548649D-04  -0.1502238637162D-02
  -0.3270220305159D-03  -0.1841108810843D-02  -0.3891116463188D-03
  -0.6517007656613D-03  -0.3531812859295D-02  -0.1623346101442D-02
  -0.3683187961664D-03   0.7800764688509D-03  -0.1014099759366D-02
  -0.4119200556719D-03   0.4572266761042D-03  -0.7227180131106D-03
   0.2183681399426D-02   0.2585033842588D-02  -0.2799389431970D-02
   0.1485256272487D-02   0.6950616170494D-03   0.6582023035772D-04
   0.1317734660992D-02  -0.1095877471735D-02   0.9730227188209D-03
   0.3811931406955D-03   0.3921795563394D-03   0.2201483685685D-03
  -0.1587515251063D-02  -0.8968030451466D-02  -0.7515615139237D-02
  -0.6687973937413D-03   0.6568905287874D-03   0.3969580886673D-02
   0.7276095517114D-03  -0.1927093207209D-02   0.4306977161577D-02
   0.2622423896057D-02  -0.1436431968666D-02  -0.1184527571922D-02
  -0.2443962607553D-03   0.2270364284609D-03  -0.1122316396935D-02
   0.6519805762031D-04   0.1470166391823D-02  -0.8846779312707D-03
   0.3543917154281D-03  -0.5607014408106D-04  -0.9226980614050D-03
   0.2504801368511D-03   0.9118179943849D-03  -0.7061804287006D-03
  -0.1600945789607D-02  -0.2043677440483D-02   0.1942272672214D-02
  -0.4688983148175D-03   0.1479169713733D-02  -0.1100876810857D-02
  -0.1264301005970D-02  -0.1034213230447D-02  -0.2578603458719D-02
  -0.3387163339539D-03  -0.3549134567341D-03  -0.1175293772814D-02
   0.2215675069684D-02   0.1342724055673D-04  -0.1946681863993D-02
  -0.3857922488101D-03  -0.5180320404195D-03   0.6490653682229D-03
  -0.1064120541207D-05   0.5535937098203D-03  -0.2640171999675D-02
  -0.2086831518769D-03  -0.1579903963029D-02  -0.1486482078855D-02
   0.7430848788437D-03   0.3573634683772D-03   0.1113988444885D-02
  -0.1130341080895D-02  -0.9112647657102D-03  -0.1265615692709D-04
  -0.4142650089269D-05  -0.8961228157512D-03  -0.9790218820853D-03
  -0.6472796668345D-02  -0.4750729944664D-02  -0.9805985748052D-02
  -0.9671643115824D-03   0.1968797150452D-02  -0.4062354259038D-03
  -0.1953241839094D-02   0.4894154331647D-02   0.2341557095524D-03
  -0.1463096161327D-02   0.2470488483039D-03  -0.1601282760549D-02
   0.6266022553124D-04   0.3862320413019D-02  -0.1014046322949D-02
  -0.4866992035695D-03  -0.3881895056518D-04   0.5847932573757D-03
   0.3160449765907D-02  -0.3700555438922D-03   0.1332518328128D-02
   0.3379804404508D-02   0.3898703265382D-02   0.7850186723363D-02
  -0.2763636298578D-02  -0.1581674035752D-03  -0.4204171755087D-02
   0.1204761514069D-02  -0.1628818409276D-02  -0.9585200860446D-04
   0.8501159957825D-03   0.1151344476685D-02  -0.4070338125100D-03
   0.1496236304927D-02   0.1666525690370D-02   0.2165697539401D-02
   0.2734859815228D-04  -0.3714950986455D-03  -0.6187510663742D-03
  -0.1776027034092D-03  -0.3008371166104D-02  -0.2089667515820D-02
  -0.1325913371529D-03  -0.1999861513036D-03   0.7255511626269D-03
   0.1154185687315D-02  -0.5178095652064D-03  -0.1539892550444D-03
  -0.2712674000147D-03  -0.4925243177868D-03   0.1043854438051D-02
  -0.2632618135919D-02  -0.1404280981038D-02   0.1070142996724D-02
   0.5388338995660D-03  -0.6831359787697D-04   0.8945476584006D-04
   0.2722118299852D-03   0.4424649847268D-03   0.3198087356727D-04
  -0.9186938248768D-04   0.4952616127636D-04   0.4525186348114D-03
  -0.1722253901534D-02  -0.1183698374296D-02  -0.7622723927329D-04
   0.3616275242162D-02   0.2026230082146D-02  -0.2906627134723D-02
  -0.9928949769375D-04  -0.4177735882530D-03   0.3258515146455D-03
   0.8293861316166D-03   0.3774620726095D-03   0.8359643857753D-03
   0.1032279525085D-02  -0.6944469986386D-03  -0.1313967304563D-02
   0.4548821851206D-03   0.3929218071927D-03   0.7470008232641D-03
   0.1575568010958D-02  -0.2106282023358D-02   0.1206907598770D-02
  -0.6352757511656D-03   0.6114925534984D-03  -0.9516244152160D-03
  -0.2938474650489D-03   0.3623269970746D-03   0.5508909598123D-03
   0.1214435205948D-02   0.2906076402449D-03   0.6089779045184D-03
   0.4185314419133D-03  -0.1418502886071D-02   0.2248698236167D-03
  -0.2428599748672D-03  -0.3140460597515D-03  -0.1578922281583D-03
  -0.1538735487544D-02   0.1534616619427D-02  -0.1949202630077D-04
   0.8204213635541D-03  -0.4620800156601D-03  -0.3528207543519D-03
   0.5073568384451D-03  -0.2936915746842D-03  -0.8884302189168D-05
   0.6303511280193D-03   0.2409327779174D-03  -0.4868243928355D-03
  -0.1999686864761D-02  -0.9734304011520D-03   0.4804248995698D-03
   0.8013748436947D-03  -0.3035725950407D-02   0.2464234026159D-02
   0.1157016154537D-02  -0.4176461122672D-03  -0.7450897601611D-03
  -0.3741162073745D-04  -0.8087129749441D-03  -0.2514201125232D-03
   0.4420736319218D-03  -0.1987600347186D-03   0.5908565701710D-04
  -0.9488404279971D-04  -0.1716677736380D-03   0.3782395907561D-03
  -0.1047008323933D-03  -0.2949910136810D-03  -0.8075193334070D-03
   0.7622604011908D-03   0.6711213778343D-03  -0.1004033697802D-02
   0.1130134579742D-02   0.2876249933082D-03  -0.7570508890011D-03
  -0.9332353146485D-03   0.8210181874550D-03   0.4861547130710D-04
   0.1003606955655D-03   0.2974985509248D-03   0.1884486000788D-03
   0.1120293397203D-03   0.3918416310999D-04   0.1945581766332D-04
   0.8321193684247D-03   0.5224169851574D-03   0.6435287653825D-03
   0.8590806200882D-03   0.2320031022013D-03   0.1629036331464D-03
   0.7356102034443D-03  -0.2278725165471D-03   0.7096321247323D-03
   0.4847531714831D-03   0.5719202505951D-03   0.2159884647531D-03
  -0.1314263992190D-02  -0.2771719349887D-03   0.5758172470889D-03
   0.1956961201049D-02   0.3604200471606D-03  -0.1128277941426D-02
   0.5390876787426D-03  -0.5932691149810D-03  -0.5415155129922D-03
  -0.1498873852318D-02   0.1962590382682D-02   0.4734209859511D-03
   0.3540412033259D-02  -0.9368939487200D-03  -0.8862181889732D-03
   0.1232946002584D-02  -0.1353430672965D-02   0.1223168516260D-02
   0.1279582253362D-02  -0.4813115615281D-04   0.9783436184649D-03
  -0.1063894738601D-02   0.1812028474398D-02   0.1009817607475D-03
  -0.6033404102211D-03  -0.7878225735958D-03  -0.1018433399051D-02
   0.1791969652905D-03  -0.2746368801733D-03  -0.5955622748516D-03
   0.1302137051603D-02  -0.1967208221283D-03   0.2845895645760D-03
   0.6787240337406D-03   0.2834121880770D-04   0.9976460270841D-03
   0.1594004256960D-02  -0.1079289413806D-02   0.1758200810367D-02
   0.1326642706325D-02  -0.1243656273361D-02  -0.3594587741156D-04
  -0.2849588128909D-03  -0.4051089195878D-03  -0.3038426836289D-04
   0.1110615896057D-02  -0.1159779918163D-02  -0.1012594656966D-03
  -0.1657450600508D-02  -0.1013810877985D-02   0.7309704608374D-03
   0.8211521756345D-03  -0.9682479040460D-03  -0.2520016292004D-03
   0.1565676558021D-02  -0.5068877244188D-03  -0.1131415224595D-04
   0.2092999724631D-02  -0.9903021089224D-03   0.3200483652133D-04
  -0.1382304321119D-02   0.3433647177962D-03  -0.2451756318452D-02
  -0.4327804176755D-03   0.9265911158393D-03  -0.1055099473411D-02
   0.4089707175422D-03  -0.1179256975927D-02   0.2397176406624D-03
   0.1232219837300D-02  -0.4114487797703D-03   0.2071552301660D-03
   0.5840158024371D-04  -0.1027869830702D-02  -0.1972057267311D-02
   0.1578520899010D-02  -0.2810405153670D-02   0.3789849005879D-02
  -0.3431304041693D-02  -0.5202303890724D-03  -0.1878167743914D-02
  -0.2569652557582D-02  -0.1545697297836D-02   0.1981341615934D-02
  -0.6887917945026D-04   0.1106338644297D-02  -0.6630986308793D-03
   0.4423319284429D-04  -0.1235573422150D-02   0.3543159548420D-04
  -0.6263304458352D-03  -0.7197847913305D-03  -0.7375419813654D-03
   0.6302074508406D-03   0.1268311630130D-02  -0.2338928144708D-03
   0.1212949568199D-03  -0.5139563723853D-03   0.1252635338208D-02
  -0.9342713128832D-03   0.6448954492476D-03   0.5164419400808D-03
  -0.3015502995178D-03   0.2006170532971D-02  -0.1076028271786D-02
  -0.1636487519366D-03   0.9554811970088D-03   0.5461140577367D-03
  -0.9482642634684D-03   0.3645642501323D-03  -0.7218900066585D-03
  -0.2955519866077D-03  -0.1531587827966D-02  -0.2421189265570D-03
  -0.1033768351006D-02   0.7972409104485D-05   0.1610070108063D-02
   0.1573748304410D-02  -0.4236269322064D-04   0.4340388223078D-03
   0.5820983486496D-04  -0.1334160199136D-02  -0.1485085621325D-02
  -0.1410247203044D-03  -0.1296101011547D-02   0.2608220387935D-03
  -0.1206368765150D-02  -0.7897589239878D-03   0.6138835220862D-03
  -0.4167627558219D-03  -0.2856121878105D-03   0.8810759038468D-03
   0.2121353159326D-03  -0.5414091044206D-03   0.1208966011142D-02
   0.7112771754570D-03   0.4322506067268D-03   0.1251248817224D-02
   0.1886418377046D-04   0.3476020613392D-03   0.2322412891466D-03
   0.1824102388490D-03   0.4429864931259D-03   0.4813857883315D-03
   0.3885006686790D-03   0.6786367938011D-03   0.9054960877126D-03
  -0.1673428683517D-02  -0.8130179507911D-03   0.9976783506012D-03
   0.9043137767435D-04   0.9951116576685D-03   0.2471223104669D-03
   0.1801416328747D-02   0.1309124235318D-02  -0.6934136588987D-03
   0.2345146157093D-04   0.5633258141367D-03   0.5276726038568D-03
   0.9226317572523D-03   0.1132386018235D-02   0.4449739546902D-03
   0.3255783452596D-04  -0.6027507858325D-03   0.1802254060797D-02
   0.6674894880500D-03   0.2515227639820D-02   0.1222668894017D-02
   0.5272272709334D-03  -0.1087684278585D-02   0.1027706626226D-02
   0.5740443303635D-03   0.2446075055442D-03  -0.3427332321322D-03
   0.5949578678913D-03  -0.3786236165743D-04  -0.8911796239888D-03
   0.7241140773585D-04  -0.7037530553960D-03  -0.3403714386982D-03
   0.3223614847843D-03   0.4310502637078D-03   0.3637397980879D-03
  -0.2997465701777D-03   0.4790240439110D-04   0.8776610005331D-03
   0.8749463071038D-03   0.8243211929157D-03   0.1038858067388D-02
  -0.5550539056899D-03   0.6404448697810D-03   0.1165843181526D-04
   0.1398299740385D-02   0.1393824917515D-02   0.2299561036528D-03
   0.7624463632756D-04   0.2594844299517D-03  -0.6612281482812D-03
   0.2192121073548D-02   0.3128232376293D-03   0.6257332783577D-03
   0.3425738965114D-03   0.4595805617097D-03  -0.6891009897405D-03
   0.1369047384257D-03   0.3787112936884D-03   0.4271148919010D-03
   0.3711552923093D-03   0.2739516322202D-03   0.4635522620616D-03
  -0.2617955369030D-04  -0.1095693715301D-02   0.2036815452319D-03
   0.9397065046227D-03   0.1880379145294D-02  -0.3252471578875D-03
   0.4382527927571D-03   0.6667604632979D-03  -0.1389494395120D-02
   0.4555476800601D-03   0.3358871273523D-03  -0.7325178594804D-03
  -0.2291471325765D-04  -0.1531120403241D-03   0.6988432841354D-03
   0.4785092424311D-03  -0.2818615352621D-03  -0.1439978693359D-03
  -0.2569880645891D-03   0.5494333693975D-03   0.5699283184177D-03
  -0.9925021875241D-03   0.8908793931778D-03   0.1346840881368D-02
  -0.1039525201972D-02   0.1135837247955D-02   0.5534517041438D-03
   0.6419096418912D-04  -0.3475143495276D-03   0.4573580287714D-03
  -0.3248631911928D-03   0.5384314389340D-04  -0.1175041024858D-02
  -0.3952714564497D-03  -0.3628021194023D-03  -0.1395549147556D-03
  -0.1859566703266D-03   0.3757204126088D-03  -0.9174373909973D-03
  -0.1495027609210D-02   0.7911734980223D-03  -0.9645615932429D-03
   0.1245949086564D-03  -0.1521743784356D-02   0.2322327255707D-02
  -0.1260905191962D-02   0.1710759958852D-02   0.9368934364157D-03
   0.1326913484102D-04  -0.3867094977281D-03   0.2091705734781D-02
   0.1823450859478D-02   0.6423731385560D-03  -0.8190504203054D-03
   0.1181772247252D-02  -0.7555667289565D-03   0.3598895555812D-03
  -0.1085074103869D-02  -0.1293717040040D-02   0.1537447878005D-02
   0.7905548463834D-03   0.4151095242466D-03   0.1638098348959D-03
  -0.2160770921998D-03  -0.2931998224498D-03   0.5287450569247D-03
  -0.4979523005456D-03  -0.6310287172976D-03  -0.5563126740800D-03
  -0.7652412304605D-03  -0.2007812975115D-02  -0.4232416026074D-03
   0.5017510589322D-04   0.2864294399818D-03   0.9410355842135D-03
  -0.9523376125926D-03   0.1930768388183D-03   0.3996101088439D-03
  -0.7254450248470D-03  -0.9456153164248D-04   0.4472451988493D-04
  -0.1556147021949D-02   0.1204754191017D-02  -0.7150128849747D-03
  -0.1208605343719D-02  -0.2073369527003D-04   0.4431434309055D-03
   0.1486173086215D-02   0.3752128871462D-03   0.1301496295237D-03
   0.3728609988480D-03   0.9094093035263D-03   0.4010142663399D-03
   0.1809408699503D-03  -0.1131156639082D-02   0.1091832341257D-02
  -0.2142937072536D-02  -0.7964130847204D-03   0.1917372348839D-02
  -0.1366160075375D-03   0.2033630896423D-03   0.1132752187431D-02
   0.1314305700607D-02   0.1841141404894D-03   0.9995661936439D-03
  -0.1026138975109D-02   0.2465251794069D-03   0.4408487014242D-03
  -0.6087868840962D-03  -0.2028149808592D-03   0.1206315809924D-03
   0.1644052617200D-03  -0.1042916772323D-03   0.8553427605839D-04
  -0.1086621830015D-02  -0.3057276342531D-03  -0.1318298617490D-02
  -0.3485226520368D-03  -0.1385568992114D-02  -0.1052793853068D-02
   0.3649013455791D-03   0.3969770051547D-03   0.1889794427680D-02
   0.9830537538253D-04   0.1256866370545D-02   0.1554862609631D-03
   0.2617928612029D-03   0.1612921078915D-03  -0.1262504778502D-02
  -0.2638755657002D-03   0.9452647015649D-05  -0.4953343725875D-03
  -0.1694324368565D-02   0.5678528384676D-03  -0.7230872106820D-03
   0.1997448032598D-03   0.7483730678034D-03   0.1367457300087D-02
  -0.1875982066320D-03   0.4497796181025D-03   0.9880844621457D-03
  -0.1969295400949D-02   0.4682208189236D-03  -0.1339346032504D-02
   0.1151185939880D-02   0.8263083757913D-03   0.1702512613701D-02
   0.1962597512270D-02   0.1761091327019D-02   0.2097761750167D-02
   0.1578855025255D-02   0.1342465287980D-02   0.1993137515339D-02
  -0.5830968859298D-03  -0.1531507825123D-02  -0.1042985047717D-02
   0.1790545599261D-02   0.6598146831830D-03   0.4499546782375D-03
  -0.4688654391698D-04   0.2331344442175D-02   0.1753140423537D-02
   0.1573671526334D-02   0.1178054165639D-03   0.3526527501318D-02
   0.2142377908903D-02   0.1139502750469D-02   0.3208398737693D-02
  -0.6334676695759D-01   0.1088114253132D+00  -0.8520161204779D-03
   0.1872187545665D-03   0.1327970757072D-02   0.1155732735769D-01
  -0.5262448961913D-02   0.5544490093242D-02   0.6100616848285D-02
   0.2908967415431D-02   0.1069273660345D-02   0.1983533108917D-02
   0.2215021394291D-02  -0.2283429138844D-03  -0.5667720989468D-02
   0.6541645383284D-03   0.1777869444818D-02   0.6477218421497D-03
   0.6610918914031D-03   0.1629669175283D-02  -0.6988380019575D-03
   0.4129797588855D-03   0.1023620824584D-01  -0.2988395098917D-02
   0.2080508286059D-02   0.3539344975566D-02  -0.2937630905159D-02
   0.3156597153380D-03  -0.1790399616927D-02   0.1945379962630D-02
  -0.5873568182381D-04   0.9918425223676D-03  -0.2136062811128D-03
  -0.3438450932145D-04   0.4888632650733D-03   0.8216920620199D-05
   0.2290503002831D-03  -0.7678415595209D-03  -0.1153912350378D-03
   0.2247912698040D-03   0.3479773786768D-03   0.5552724138626D-03
   0.9975703843876D-03  -0.1459643321092D-02   0.5156663593037D-03
  -0.5381610446959D-04  -0.4710916137655D-03   0.5451475896190D-03
   0.6366936536506D-03  -0.2977373447142D-02  -0.5863538799383D-03
   0.3084710580871D-02  -0.5637246336484D-03  -0.1064725120137D-02
   0.1635831834787D-01   0.6036643402018D-01  -0.7517872018071D-01
  -0.1095584434680D-01  -0.3432156704827D-02   0.2259895124316D-01
  -0.1314292334584D-02  -0.1060239622069D-02  -0.1667473569512D-02
   0.1551855005678D-02  -0.1239130602552D-02  -0.1156875836721D-02
  -0.2933691139128D-02  -0.1767654883262D-02  -0.5921356724608D-03
   0.1792655782770D-04  -0.9830136435758D-04   0.2088372946011D-03
   0.3670713456738D-02  -0.3069545196385D-03   0.3147400399545D-02
  -0.1947758555111D-02   0.8624109252494D-03   0.6551509496604D-03
   0.1112472686948D-02   0.4237645511224D-03   0.9067560331954D-03
  -0.3604656672340D-03  -0.5103365425485D-03   0.2565254228960D-02
  -0.1942506761371D-03  -0.1314387153996D-02   0.1363655177109D-02
  -0.2590600811360D-02  -0.1988234690309D-02   0.1621754691806D-02
  -0.4724467088586D-03  -0.3521289033121D-03   0.5967198847636D-03
   0.9763709765704D-03   0.7177563344586D-03  -0.2569843149635D-02
   0.1047936406708D-02   0.1875727156841D-02  -0.6556865721053D-04
   0.4399360452052D-04  -0.2083086563873D-03   0.8225056014791D-04
   0.1060245418159D-02   0.1308659091587D-02   0.2336103159607D-03
  -0.1135897027013D+00  -0.4416375073215D-02  -0.2779534513808D-01
  -0.4805742667840D-02  -0.6532273697889D-02   0.5908884029156D-02
   0.6006847201851D-01   0.5570700510663D-01  -0.4405318049168D-01
  -0.6390993316132D-02   0.2253911010068D-02   0.2197165078489D-01
  -0.2245797342253D-02   0.5200495487659D-02  -0.7299643202183D-02
  -0.1932300729175D-02  -0.2665837155967D-02   0.5884434840006D-03
  -0.1766397001056D-02  -0.4508212734616D-03  -0.1727728339459D-02
   0.2026843832358D-03  -0.1724290061125D-02  -0.1253483811269D-02
  -0.1016828224106D-01   0.2899311561155D-02  -0.1662984827114D-01
  -0.1250748549210D-02   0.2268807059813D-02  -0.9453942510336D-03
   0.1876094660397D-05   0.7420767528886D-03  -0.1165792705346D-02
   0.1116007532399D-02  -0.5157893814098D-03  -0.1275561014719D-02
  -0.1987069166542D-02  -0.6021307967688D-02  -0.1825527941002D-04
  -0.2520667577370D-03  -0.9233822851531D-03   0.1041929266932D-02
   0.4680181523962D-03  -0.1002756236220D-02   0.3274210063580D-03
  -0.9386919178437D-03   0.4662969421356D-03   0.1926492581867D-02
   0.1043831593675D-03   0.7707665688778D-04   0.5360309203147D-03
   0.3757163654796D-03   0.2977011757510D-02   0.6112070677616D-03
   0.1371434725490D-03  -0.3631087669564D-03   0.5265371846307D-03
  -0.1170372772555D+00  -0.3642529277998D-01   0.2458387567168D-01
   0.1053707533195D-02   0.1719763749671D-02   0.3503072263457D-02
   0.4585591682036D-01   0.5477408865122D-01  -0.5455791820164D-01
  -0.2496809367499D-02  -0.4211642694243D-03   0.1339347430283D-01
  -0.4333918410244D-02   0.7751174778705D-03  -0.3603110948963D-02
  -0.1113866698956D-02   0.7503167708128D-03   0.3291279419380D-03
   0.2947960337481D-03  -0.8029268223218D-04  -0.3490314582878D-03
  -0.7472913816087D-02  -0.3176956314423D-02  -0.9351576413012D-02
  -0.4361334236282D-02   0.1236052377014D-02  -0.3287209701608D-02
   0.1436992293261D-02  -0.9323374893338D-03  -0.1474764166071D-03
   0.5209594988070D-03  -0.6232142860340D-03   0.1488956598814D-03
   0.4176391059017D-03  -0.1730353901627D-02  -0.1074972189389D-02
  -0.2606035298407D-03  -0.1513029499505D-02  -0.3675521960369D-02
  -0.2582189645203D-04  -0.6322683970460D-03   0.3640320100349D-03
   0.1103138464779D-02   0.8102814024651D-03  -0.3464975285140D-03
   0.5048975537014D-03  -0.2113919346540D-03   0.9263086261563D-04
  -0.9594143579273D-01   0.6720606496026D-01  -0.3014611587998D-01
   0.1576142881005D-02   0.8374321716018D-02  -0.6135005339364D-03
   0.9306436595865D-02  -0.7311598252636D-01   0.5696960102848D-01
   0.4674421372500D-02   0.8506874959325D-03  -0.2907262178004D-01
  -0.9272349509042D-02  -0.3998873788334D-02   0.4416577832383D-02
  -0.7924257576093D-03  -0.7527872532391D-03  -0.1722991996952D-02
   0.7249506811477D-03  -0.4946622219797D-03   0.4615633685120D-03
   0.4260114608415D-03  -0.5711041592487D-03   0.3880316556067D-04
  -0.1273706626477D-01   0.3046055986769D-02   0.4907412121589D-02
  -0.1067459235154D-02   0.6654297256896D-03  -0.1465071215084D-02
  -0.2383976299782D-04  -0.1314003936175D-02  -0.9082167815420D-03
  -0.1011211636346D-02  -0.1819761335602D-02  -0.1780284486004D-02
  -0.7688010297483D-03   0.1173725637408D-03  -0.2464876183094D-02
  -0.2101933172722D-02   0.1383659798012D-02   0.6374228835604D-04
  -0.3337163925633D-03   0.1461952575846D-02   0.1645369661486D-03
  -0.2825242816812D-04   0.1636333234457D-03  -0.8296690899043D-04
  -0.1150774098130D-02   0.5134257769247D-03  -0.1411875796488D-02
  -0.4008535077112D-03   0.1119312204913D-02  -0.2677736067635D-02
   0.1746073411187D-03   0.2284601728310D-03  -0.1218110009029D-02
  -0.9721450986079D-01  -0.5765285792331D-01  -0.3136150481513D-01
   0.1911392529075D-04  -0.3608025545638D-03  -0.6409945161767D-02
   0.6180410856149D-05  -0.3719236217761D-02  -0.7769321404417D-02
   0.2336701084063D-02   0.2122453644000D-02   0.8844371325962D-03
  -0.4331074158606D-02  -0.1829785744603D-02   0.5489001568068D-02
   0.2137250073069D-02  -0.1010454911858D-02  -0.2143505551750D-02
  -0.9247860787095D-02  -0.1075172865385D-01   0.4998889620198D-02
  -0.7809535271495D-03  -0.1687971198622D-02   0.1830725612214D-02
   0.3534190064852D-04   0.8426880007951D-03   0.3658763127693D-04
   0.1041404580861D-02  -0.8743705973284D-03  -0.1215495327969D-02
  -0.4126100652350D-03  -0.5824015332078D-03   0.2887929093221D-02
  -0.2571349924061D-02   0.2832799132797D-02  -0.1566637094328D-02
   0.3914144449868D-02   0.1478242905873D-02   0.2889699027005D-02
  -0.6305869372767D-01  -0.6090703358221D-01   0.5690680168530D-01
   0.1542087551903D-01   0.4216215895804D-02  -0.2373043729605D-01
  -0.4408064913876D-03   0.2500969597875D-02  -0.2211456568314D-03
   0.8744386741512D-03  -0.8890060803324D-03  -0.1679066965983D-02
  -0.8591908000400D-03  -0.1836043956102D-03   0.4328024734038D-03
  -0.6803017507138D-03  -0.1277786100739D-03   0.5795818719846D-03
   0.2295606829396D-02   0.4885095664318D-02   0.2461618558785D-02
   0.3581110918209D-03   0.6455437179429D-03   0.6309695063858D-03
   0.7399981776487D-03  -0.1457288824285D-03  -0.1495910282655D-02
  -0.2840617327598D-03   0.8748617103252D-03  -0.1265039836301D-02
  -0.8346761625780D-03   0.1129063145740D-02  -0.2607996162254D-02
  -0.9418954105533D-03  -0.1785828234523D-03   0.6254910771786D-03
   0.4107248344942D-03  -0.7819813383741D-03  -0.1904154273149D-02
  -0.1954958459823D-02   0.4932479258568D-03  -0.5968367217208D-03
  -0.5796539584485D-03  -0.8756642558906D-03   0.8410856506137D-03
  -0.2087922831236D-03   0.3916856950277D-03   0.1090001993500D-02
   0.5684707743209D-04  -0.6594623296080D-03  -0.6460654716254D-03
  -0.1068574381977D+00   0.5175865460876D-01  -0.2013501345680D-01
  -0.5329994233549D-02  -0.6707996620866D-03  -0.6052251925312D-02
   0.5067410183199D-01  -0.4984703022390D-01   0.6159924559803D-01
  -0.8997459194813D-02   0.1127164795167D-01  -0.4351584046982D-01
  -0.8008436161823D-02  -0.3567318261970D-02   0.4000165167761D-02
  -0.1692179760988D-02   0.1049538178941D-02   0.8089550168497D-03
  -0.4370730963401D-03   0.1213939166706D-02   0.1790982191276D-03
   0.4006423779791D-03  -0.5515576053803D-03   0.1582204163461D-03
  -0.9448881149198D-02   0.2018043063316D-02   0.7407597692490D-02
  -0.1355966632606D-02   0.1360189764852D-02   0.4153352117220D-03
   0.1429592052940D-02   0.2263689073596D-02   0.3767969960255D-03
  -0.1884586940417D-02  -0.1628212582099D-02  -0.1107921702703D-02
   0.5947346987659D-03  -0.1752913344303D-02  -0.5451868163673D-04
   0.1270199206203D-02   0.1182654186837D-02   0.3986164374706D-02
  -0.2162347181608D-02   0.2353633597906D-03  -0.1316148299796D-02
  -0.7956567928107D-03   0.6647357774940D-03  -0.2479915273594D-02
   0.1004194973109D-02  -0.1891555096846D-02   0.2634396490315D-02
   0.4569328932903D-03  -0.1331443233124D-02   0.1812048620274D-02
   0.6381345673818D-03   0.2540705649865D-03   0.4829963323178D-03
  -0.7045025047272D-01   0.1037439008691D+00  -0.9109101803345D-02
  -0.1124794048200D-02   0.3406633793829D-03  -0.1343779536832D-02
  -0.6125167323660D-02  -0.9199445398823D-01   0.2831603463155D-01
   0.1156666595476D-02   0.1925329468416D-01  -0.3004104741388D-01
  -0.8819873312881D-02  -0.3075448733084D-03   0.4060848348784D-02
   0.1432090320860D-02   0.1271861665360D-03  -0.8143085976010D-04
   0.6870387024786D-03   0.7479864522398D-03   0.5443192010749D-03
  -0.4414854428479D-03   0.1536048891224D-02   0.1321285569164D-02
  -0.1092053533821D-03   0.1540147156242D-02   0.1987339038513D-01
  -0.1725408977488D-03  -0.4170514716574D-03   0.4260527199508D-02
  -0.1250223585345D-02  -0.1386644270156D-02  -0.1232598043596D-02
   0.2179810321136D-02  -0.1100972264531D-03   0.9676378547237D-03
   0.3310059410253D-02   0.2273442218329D-02  -0.1939239463369D-02
  -0.2517908466365D-02  -0.6619153370386D-03   0.1884717011376D-02
   0.2205700701537D-02   0.1561954669671D-04   0.2715910250158D-02
   0.2072104562921D-03  -0.1563164688846D-03  -0.1734378655586D-03
   0.1119903002927D-02  -0.1322252725857D-03  -0.8582531400505D-03
  -0.1152287329675D-02  -0.8523206219073D-03  -0.1996986913225D-02
   0.2360291653609D-03   0.6455485090777D-03  -0.4892926435377D-03
  -0.1213488864063D+00   0.7688377949654D-02  -0.2977843014556D-01
  -0.3033549039450D-02   0.1003552678182D-02  -0.9677451799502D-02
   0.3046965067034D-02  -0.3674937690200D-02   0.1749885696294D-02
  -0.1645806948817D-02   0.1476490123498D-02  -0.1802304705971D-02
  -0.1527795740682D-02  -0.9135427668539D-02   0.1828612835375D-02
   0.2493955439560D-03  -0.3474108886999D-03   0.6654258975649D-03
  -0.1225498973046D-02   0.1056661918738D-02   0.9628934571912D-03
  -0.8287102178565D-03  -0.5449729509435D-03   0.4217509189130D-03
   0.1253476319240D-02  -0.1149095498970D-02  -0.8180093769079D-03
  -0.6889061459744D-02  -0.5434530172104D-02   0.1587254961791D-02
  -0.1252756218646D-03  -0.8274847174538D-03  -0.1166676218620D-02
  -0.1481601576662D-02  -0.1436033906888D-02  -0.3968757732622D-03
   0.3377993815902D-03  -0.1836425438562D-02  -0.1815910577855D-02
   0.5076276950285D-03  -0.1274016136932D-02   0.1058157581992D-02
   0.2470570846355D-02  -0.6949860544328D-03  -0.1482447034669D-02
   0.1325892149531D-02   0.5011257245504D-03   0.8420569029401D-03
  -0.8758185989529D-03   0.1385940599295D-02   0.1380488729742D-02
  -0.9947759856222D-03   0.2753394972158D-02   0.3276871437698D-02
  -0.7150174558550D-02  -0.2925018837551D-02   0.3060932673946D-02
   0.6317000528029D-01   0.5549047760699D-01  -0.2248245550686D-02
   0.7341382542263D-02  -0.2002034256253D-02  -0.1053232937022D-01
   0.3265002788124D-02   0.3483579053912D-02   0.1460128587132D-02
   0.1332215850824D-02   0.5762253590489D-03  -0.1109545501687D-02
  -0.2332759310465D-02  -0.2275371802485D-02   0.4143122722004D-02
   0.9622543758411D-04   0.2271582470115D-02  -0.1354488073853D-03
   0.2040202704254D-03   0.8995012998071D-03   0.1913852714206D-02
   0.3515192590565D-03   0.2170478510389D-02  -0.5856289278723D-03
   0.6489784973594D-01   0.1047543907929D+00   0.7889253074063D-02
  -0.6349051651437D-02   0.4625905941894D-02   0.4149543705485D-02
  -0.9191794997916D-04  -0.5482250345559D-01  -0.7205191758534D-01
  -0.5209837456454D-03  -0.7863682597015D-03   0.1951504942994D-01
   0.4864845255882D-02  -0.5961490960020D-03  -0.9113445477174D-02
  -0.1694118303105D-03   0.1863616188633D-02  -0.2547911566056D-03
  -0.1001628537157D-02   0.1362237971158D-02   0.1412923840651D-02
   0.1157649943875D-02   0.1198230916191D-02   0.1843703633249D-03
  -0.9870924349478D-03   0.1029925448166D-02   0.3660956881225D-03
   0.6950103102157D-02   0.8409754216926D-02  -0.7498664799764D-02
   0.6939700264847D-02   0.3793679731671D-03  -0.1947401151032D-02
  -0.2474715645280D-03  -0.7717260825039D-03   0.3293202801841D-03
   0.8424535668714D-03  -0.1104695402487D-02  -0.2256142734468D-03
  -0.3887486045406D-03  -0.3015166795893D-02   0.1174288287208D-02
  -0.2037748684885D-02  -0.1621837355694D-02   0.1966820682629D-02
   0.2501868158823D-03  -0.1391456459620D-02  -0.7237911124282D-03
  -0.3956421006157D-03   0.1346588561544D-02   0.2193288316874D-03
   0.6245421856211D-03   0.1862668944100D-03   0.1197761001746D-02
   0.1392019110143D-03   0.2161156994788D-03   0.7386805450543D-03
  -0.9856773936420D-03  -0.1881756153382D-03   0.4376799337598D-02
   0.1096963888784D-03   0.1066447541834D-02   0.1469891657924D-02
   0.1217067514963D-02  -0.2280113314266D-02   0.2773218874976D-02
   0.1081123723763D+00  -0.2775594499215D-01   0.2686747996329D-01
   0.5581049775889D-02   0.3642158435692D-03   0.4318243922462D-02
  -0.6138186990054D-01  -0.5261776344163D-01  -0.4569862871122D-01
   0.5306690882669D-03   0.2612184825826D-02   0.2450940703605D-01
   0.5512305467933D-02  -0.4457200470406D-02  -0.5236450599846D-02
   0.6375796291872D-03   0.8534743695746D-04   0.4457578075877D-03
  -0.1221460350349D-02  -0.2566587938957D-03  -0.1229263001101D-02
  -0.5883551129058D-03  -0.8637324177147D-03  -0.5610333582738D-03
   0.9073179906183D-02  -0.8321518964896D-02  -0.5189445000561D-02
   0.1268209736670D-02  -0.4570192369785D-02  -0.2118670147511D-02
   0.1034871679333D-02  -0.6369470822662D-03   0.1004899381135D-02
  -0.1558260888342D-02   0.8079963644694D-03  -0.4769818285907D-03
  -0.7796206904345D-03  -0.1472951454033D-04  -0.6587261407965D-03
   0.5453017485110D-03  -0.7779555436913D-03   0.1280258214603D-02
   0.8058598108113D-03  -0.1164946696946D-02   0.1381219623533D-02
  -0.5022366673492D-03   0.6903557072370D-04  -0.1278244387021D-03
   0.2067506293180D-02  -0.7234346502480D-03   0.2314411623325D-02
  -0.1131738735862D-03  -0.1383580349805D-02   0.5126889937028D-03
   0.1128355228582D-02   0.2163007622140D-02  -0.2008734121951D-03
  -0.1174739236874D+00  -0.3957393059165D-01   0.6309063880372D-01
  -0.6688360541768D-01  -0.2938971485549D-01  -0.2233887914811D-01
  -0.1011077536918D+00   0.6666362300110D-01  -0.4619089926573D-01
   0.2117428125831D-01  -0.7123226785798D-01  -0.2177936719680D-01
  -0.6108901150619D-01  -0.1186437026206D+00  -0.3755450429536D-01
  -0.4750754671747D-01   0.5012095543518D-01   0.2820287152423D-01
  -0.1327408650466D+00  -0.2823783171332D-01  -0.2745853921896D-01
  -0.7248086316295D-01   0.6267458257661D-02   0.2337479884019D-01
  -0.4979461182672D-01  -0.1260033896830D+00  -0.2471365762521D-01
  -0.3819698564528D-01   0.6192366006774D-01   0.2097922498093D-01
  -0.1275758745964D+00  -0.4814527325923D-01   0.2407097877611D-01
   0.5662641363223D-01  -0.1267126546576D+00   0.3526012182297D-02
  -0.1175644655916D-01  -0.5743509770566D-01   0.4841014047774D-01
   0.1337494110079D+00  -0.1249228571153D-01   0.3413293555429D-01
  -0.5052251314313D-01  -0.4222320388426D-01   0.3483002688567D-01
   0.1337690281882D+00   0.2235091964113D-01  -0.2202975063396D-01
  -0.3711635284920D-01  -0.5081863164154D-01   0.4330527647215D-01
   0.1223953240923D+00  -0.5781817255571D-01   0.2824222463342D-01
  -0.1142497701658D-01   0.6110028886283D-01  -0.4056417168902D-01
   0.1108419782077D+00   0.8143782261918D-01   0.2207978524693D-01
   0.4733614830712D-01   0.4898341053543D-01  -0.2854952357524D-01
   0.1285881676525D+00  -0.3844042319696D-01   0.2918846259167D-01
  -0.4083235802875D-01   0.4177031583062D-01  -0.4683890180224D-01
   0.8826837798146D-01  -0.1047381742983D+00   0.1176361663237D-01
   0.2929397365656D-02   0.7200607588367D-01  -0.1780470555236D-01
   0.1297591337404D+00   0.1052421620809D-01   0.4657424392238D-01
  -0.5519857252656D-01  -0.5626350437920D-01   0.1174845888820D-01
  -0.8547177669186D-01  -0.1076454131160D+00   0.1174252086026D-01
  -0.1399903360308D-02   0.5736147169134D-01   0.4973956363437D-01
  -0.1256332440282D+00   0.5480857664856D-01  -0.2820016166398D-01
   0.5229888573069D-01   0.4741430386714D-01   0.2873100506444D-01
$end                                                                            
