$grad                                                                           
  cycle =      1    SCF energy =  -637.53603689741   |dE/dxyz| =  0.670197
  363.41518175100725    119.97141534143022    207.44535205462157      n 
  361.50147344710166    118.94464303568148    205.77864829660294      c 
  361.94339692790277    116.12011427116124    205.34487243461672      c 
  360.21519812453772    114.59100959893856    205.51932411305808      o 
  361.54970947995764    120.38334938787808    203.28842398348715      c 
  364.61079335967690    121.25586503017912    206.70004256532113      h 
  359.65303084376677    119.12843910639698    206.69964973646071      h 
  360.11626920930053    119.64328908936866    202.02225346096694      h 
  361.18917496776038    122.37829472056301    203.63454397227878      h 
  363.39555616524416    120.18505212620060    202.41109856572447      h 
  360.11498587297575    112.26115667989967    210.84846015189694      n 
  357.38172911360550    112.02197382083276    210.90909456899186      c 
  356.51299669188359    109.94762478814755    209.07718586717050      c 
  355.04511097699100    108.27447495343999    209.73087642825016      o 
  356.18750983536222    114.54596745351455    210.21549103035909      c 
  360.84560687887461    114.01806987605629    210.61019546852791      h 
  356.78765064545667    111.42258680673467    212.80629521344133      h 
  354.14220541544057    114.38083010728769    210.21403968095683      h 
  356.74887940970859    115.97374094003965    211.58172834108558      h 
  356.82741659137054    115.11357522638068    208.34837194874927      h 
  357.40924106224827    110.16470913640545    206.73791129006565      n 
  356.72140856921931    108.39390823766691    204.76783612168069      c 
  357.38666235979230    105.69024514715542    205.54187217625341      c 
  355.92171792340434    103.92630461085952    205.18993698765513      o 
  358.08370060591801    109.05723606679548    202.30970205087800      c 
  357.14175914758698    111.49208068483517    201.04606876172269      c 
  358.80515047944425    112.02783642951704    198.74973236737347      c 
  354.37863856791580    111.29781075078699    200.24099868010202      c 
  358.59968379234590    111.60054538719220    206.28229235662926      h 
  354.66463432423387    108.42982940177740    204.50722646887738      h 
  360.09321387978764    109.23097081155755    202.74342676327402      h 
  357.86359370941221    107.48316089224998    200.99551067254856      h 
  357.33652947785401    113.05042524521936    202.38712128673106      h 
  358.12157346254827    113.68012981491307    197.74399874930378      h 
  360.74447537825040    112.36819565791622    199.33321236517230      h 
  358.77025155049182    110.41921461761225    197.47226656583845      h 
  353.83414282767939    112.95928157249237    199.16364405114462      h 
  354.09070675334766    109.63702894829608    199.06684798473768      h 
  353.13196922766485    111.16547814469580    201.86574986744520      h 
  353.00696272662969    103.06822248994601    210.04643008847358      n 
  350.68317298574021    102.52611623655183    208.72221016677855      c 
  350.80413037967662    100.17316838274570    207.02622792899302      c 
  348.87488313254431     99.37565513378260    206.02133602585266      o 
  349.94825544922321    104.79593507173759    207.10785066085421      c 
  353.96390141500041    104.64125685408327    209.51713592776076      h 
  349.20432501729192    102.11644510858234    210.12236101150683      h 
  348.19827673037202    104.38730984283036    206.11757658312831      h 
  349.71409291283607    106.45557218275026    208.29236334059405      h 
  351.43997990843377    105.14124511586157    205.73786173521515      h 
  351.00911577889804    137.09480387082394    191.58914216457450      n 
  352.73099039648832    134.98542811363438    191.45558658095024      c 
  351.36993341229362    132.50714094025886    192.03000440816373      c 
  349.56806462583069    132.35032543991025    193.48295376656964      o 
  354.87349541323829    135.27787903886875    193.37973367941021      c 
  356.40825248046372    137.71781944314841    193.07477679142903      c 
  358.36139014136779    137.86256031409968    195.19583340448153      c 
  357.71615059687184    137.85019993451721    190.50815599956056      c 
  350.63995142383857    137.76113660628579    193.33694696329167      h 
  353.47166237472112    134.88541939991904    189.53171015833144      h 
  354.04790535557032    135.22569936376328    195.27474993237618      h 
  356.14144061254638    133.66065312443698    193.18940804655892      h 
  355.12918012614529    139.33251255033144    193.25452207885880      h 
  359.38726006574814    139.64189553156535    195.13330203172376      h 
  357.45749881655917    137.69236105591537    197.03543565231809      h 
  359.71871897821160    136.32955066304248    195.01278230663200      h 
  358.89734485642867    139.52687665660463    190.41465201036797      h 
  358.90926726235364    136.20032314710576    190.23555397580765      h 
  356.34416679866405    137.92728226454781    188.98460649839717      h 
  352.37854323936750    130.52580937208074    190.84336569772481      n 
  351.69030915765353    127.95622242648899    191.38838697981845      c 
  354.09582533251717    126.37940083649855    191.41633134896992      c 
  355.91697504669798    126.89961343369140    190.08046421061255      o 
  349.87568950128360    126.85123861614916    189.42017816052791      c 
  353.77893380471414    130.77526347938687    189.56000271081189      h 
  350.77542915090498    127.90903225112130    193.23975398262579      h 
  349.44963603046739    124.90279859417997    189.91012958512241      h 
  348.13066630319679    127.93332211403037    189.41765750308321      h 
  350.70342166838390    126.91675187951199    187.54165623783609      h 
  354.02698668381936    124.44013480605726    193.02291161415366      n 
  355.82223912191540    122.38471815134311    192.82917589126941      c 
  354.70133184993631    120.52947311549254    190.91174969328804      c 
  352.52044078689249    119.74361626782679    191.10892747073072      o 
  356.36567682311215    121.16917108305071    195.39782360054551      c 
  358.03616325406733    118.85327436122256    195.00545631987285      c 
  357.69962996784858    123.07972101030948    197.09556756407108      c 
  352.37330035648171    124.10415898426928    193.94200942667115      h 
  357.57391114160879    123.15871244599589    192.05855667418516      h 
  354.56912626460934    120.59981952871520    196.25358705398642      h 
  358.61836385807658    118.08405157035659    196.81845344318086      h 
  357.04914216173989    117.38660980878129    193.95635939306990      h 
  359.70391130053474    119.39813500753982    193.93365485357404      h 
  357.91447690212539    122.32299168467671    198.98980725135468      h 
  359.56086692028299    123.49223392838158    196.33206874630253      h 
  356.63096958739305    124.82766099794235    197.19451913920111      h 
  347.29076188685815    120.31362356783812    192.66475803155262      n 
  346.48673407527002    120.98745885943778    195.19342532878304      c 
  346.96975004538177    123.80487408567029    195.62504921942414      c 
  349.06806220244613    124.70405289014121    195.21606763506807      o 
  348.02442401020789    119.54285939649031    197.19751054004098      c 
  347.52173845546577    116.75576798368094    197.13479179131772      c 
  348.79640383167640    115.18981433366960    195.45136026026518      c 
  345.75647948723270    115.69790757146292    198.76336528047332      c 
  348.33272937748688    112.62046429319355    195.40826926198608      c 
  345.29631667449206    113.12610669645935    198.75273601420440      c 
  346.59694990635091    111.57373621345710    197.08177341993115      c 
  346.16828750634522    109.02837707311913    196.97389820926927      o 
  349.15820296491955    120.56166938768307    192.26850326448272      h 
  344.47578382582049    120.57939904031403    195.38465689738825      h 
  350.02318085210237    119.92390279601206    196.85260068507102      h 
  347.49910408508487    120.31702403841012    199.03165209876934      h 
  350.17186139366612    115.98217204665976    194.16849086939223      h 
  344.72924352550598    116.89780640196066    200.05718653046429      h 
  349.32413322806053    111.40203799271346    194.10895426817851      h 
  343.93046872063252    112.33964996644036    200.05132573705077      h 
  345.20388793123880    108.51267280627290    198.43896569629621      h 
  345.00025592388459    125.19928994454524    196.37902104315671      n 
  345.41433416318762    127.83488630312648    197.00494763040271      c 
  347.57889186942771    128.05699133519079    198.92239958591568      c 
  347.72764472834683    126.64103355045908    200.75374983497969      o 
  342.98166532760689    128.97749270726410    198.08218643692285      c 
  342.20096801438524    127.57711104706200    200.19151468375645      o 
  343.53528230880517    124.32906895942581    197.25665279777897      h 
  345.95081549687154    128.86895027953395    195.29145110713941      h 
  343.34577410979455    130.96033318230644    198.58240943384456      h 
  341.51974399504621    128.93469443773907    196.60319152300687      h 
  340.68671999454403    128.38355644061502    200.94772220635485      h 
  349.25993643642209    129.87259918614041    198.42916672647652      n 
  351.41265405471125    130.27078629210183    200.05935653659799      c 
  351.77820037977443    133.08859179285218    200.51438213161316      c 
  351.32520508118586    134.68381141850278    198.90405336559627      o 
  353.79760154130588    129.13277270739110    198.89483579868872      c 
  349.15430999359273    130.98414953847416    196.86388354612973      h 
  351.01663111714214    129.34596859604284    201.86454990960874      h 
  355.36115510575797    129.31745841138374    200.21024905926609      h 
  353.46646027684568    127.13939349680295    198.52805078623371      h 
  354.24942684593066    130.09053571047252    197.13184226756078      h 
  352.61775031942989    133.62428228284037    202.83600361323161      n 
  353.03049147463366    136.18412520938637    203.66960208891064      c 
  355.79412227596481    136.53238511363850    204.40587108977434      c 
  357.00403402765266    134.88248714032045    205.48842619824595      o 
  351.24591741602808    136.79617297349475    205.93166724870227      c 
  348.72736898274883    136.27606493691738    205.27311222330303      o 
  351.39349918116289    139.58595095564010    206.64108998617968      c 
  353.15570732612360    132.20971926306888    204.00845938958150      h 
  352.53086692878679    137.40489449017517    202.07465835474488      h 
  351.84492510562535    135.60367619141459    207.52888126655330      h 
  348.41246528545088    134.45419070161859    205.31550200475360      h 
  350.10368309099300    139.93734732913504    208.19743235338572      h 
  353.29186154389930    140.12050885765575    207.20453099156228      h 
  350.79173156835958    140.72233893213780    205.04019384015106      h 
  359.03041170778954    129.80495179535873    207.17182059712849      n 
  357.45162920114899    127.99493433825937    208.45351076140346      c 
  355.18986040632211    127.36462765652477    206.75658236448029      c 
  354.41087951625133    128.86941662402501    205.18774799336617      o 
  356.61790215078406    129.12876482296312    211.03932588410925      c 
  356.22150732837616    131.74579982480731    210.94880543147303      o 
  358.20328594278601    131.49301415162853    206.79398730002117      h 
  358.57707069971224    126.29273123792207    208.78794671921466      h 
  354.82447371434671    128.28068618651528    211.62299532353302      h 
  358.08076128875985    128.67008589503638    212.43472333694007      h 
  357.85118940277221    132.59943901066347    210.83288451567250      h 
  354.24197439398665    125.01828848749093    207.01497075667990      n 
  351.88050960239678    124.35854179164842    205.78459493667586      c 
  349.71454883756724    125.09477101359194    207.55121648953698      c 
  349.91986340947460    124.94176583022484    209.85567823246978      o 
  351.82243916452501    121.54095758309796    205.08199891979484      c 
  353.91122966073789    120.99695473157711    203.14682835256377      c 
  349.22235163903304    120.87422070819899    204.03399782466087      c 
  354.36345403485404    118.18251640008114    202.72797729101211      c 
  354.62834704518480    124.04014296079164    208.60848917544192      h 
  351.74546425691085    125.49832335482444    204.06584171001603      h 
  352.17214294544704    120.44309596277816    206.80314859977165      h 
  353.38672631000810    121.90043792717020    201.36800468920379      h 
  355.65360627079860    121.88021536847597    203.80686039211133      h 
  349.23557805639649    118.96814805685339    203.27533879063512      h 
  347.78254361742609    120.99716689413299    205.49455294847706      h 
  348.71889527924918    122.19039147978506    202.53621859091226      h 
  355.93749021169202    117.90505906338454    201.43995567666684      h 
  354.80474195848859    117.25129601714180    204.50519478558095      h 
  352.71204392796471    117.28083101926943    201.90920682627217      h 
  347.64459747892420    125.95742870149031    206.39604312192100      n 
  345.45979739246548    126.74570588709729    207.83009904167085      c 
  344.12920270459091    124.38907325817441    208.91611775513559      c 
  344.31308404975681    122.33100540998305    207.88977542024389      o 
  343.69146612687024    128.26931384768878    206.14401454382224      c 
  344.83991296073458    130.76132359769201    205.28857559449929      c 
  347.06073575723951    131.32397970918100    205.62881821168961      o 
  343.18852023781221    132.28658871641613    204.14326107134690      n 
  347.57707298760346    126.10816285491936    204.48830938521434      h 
  346.12377209859699    127.90830941242639    209.41743764348456      h 
  343.27531585654310    127.19622326855088    204.43029734459870      h 
  341.91928861909145    128.65793134799480    207.11578665398434      h 
  343.78260044148533    133.97098994144233    203.48147889007930      h 
  341.40262790732925    131.70678989323918    203.76901237441686      h 
  342.88551144412367    124.77463530424569    211.09024591419521      n 
  341.41467296875152    122.83484445174383    212.34070540030388      c 
  338.70550768621467    123.77916010015245    212.74729460634799      c 
  338.11706723130925    125.95675728941944    212.25490265341335      o 
  342.58141357396960    122.00365971357122    214.90865642866061      c 
  341.72001578147939    123.46191976937936    216.98224180419245      o 
  345.45832028590956    121.94356391221346    214.75790749908643      c 
  342.49420776527700    126.56990547118370    211.61664221002243      h 
  341.36104847664848    121.18983015766779    211.08962682391154      h 
  341.85815340855726    120.10441740485977    215.26856185675857      h 
  342.35048350924984    125.16576382137056    216.79705455124812      h 
  346.24357069746344    121.11857219053594    216.46253201998894      h 
  346.03176248522095    120.80812695088221    213.14873006920217      h 
  346.23527902994169    123.82740915964530    214.49019197555845      h 
  337.20078957077635    122.07129066411508    213.88900331129122      n 
  334.56033845936616    122.49936750872477    214.43703853808839      c 
  333.87719949001593    122.09505408603538    217.22275993076499      c 
  331.67573844839825    121.81677298605010    217.87226474300880      o 
  332.84654190733744    120.73379886486431    212.90490462326369      c 
  333.57721232749117    118.23673341159822    213.53247034197958      o 
  333.02526364341509    121.27063328325940    210.09012235937729      c 
  337.69842912524251    120.22953897622132    213.73857647416671      h 
  334.07282594834106    124.46403676227509    213.97350608508765      h 
  330.90309668087406    121.09498969626927    213.55635561116139      h 
  332.41376928498403    117.07712226976648    212.73720290966398      h 
  331.69085698070251    120.11427961038993    209.04356321131411      h 
  332.58065046256900    123.25160940815938    209.78312745279345      h 
  334.92553968740077    120.90728770714750    209.39933743959446      h 
  340.23030632344256    113.16708729830908    215.45705671460638      n 
  340.55536526588469    112.37882889412143    212.85583365430330      c 
  341.13340018238881    114.74263406046587    211.27660198172538      c 
  340.94246086462596    116.86001840782049    212.18507940930797      o 
  338.18723167129292    110.98896587128480    211.94920268040241      c 
  339.48278720272299    114.91316401294341    215.67590220033267      h 
  342.18619518760124    111.10454489011867    212.78631559243496      h 
  338.27873339417499    110.56013621106848    209.94731928012175      h 
  337.99477068326780    109.21802461900953    212.96863361229845      h 
  336.52734877987768    112.14934701445789    212.28414060668445      h 
  341.96531527394058    114.23891394331648    208.94522096130888      n 
  342.98797771733433    116.08787832738695    207.22038321960395      c 
  341.01184547952795    116.81658351891387    205.23533276051961      c 
  339.31766535678423    115.38327095083413    204.60235884134556      o 
  345.32499042286895    114.98162366954318    205.90651182838056      c 
  347.30169454749438    113.89724716251035    207.73421313644508      c 
  349.53207554893800    112.85906093149204    206.22031027353671      c 
  348.19463861844707    115.86961730933035    209.63919472125465      c 
  341.88883835938077    112.44315973895024    208.31137107044248      h 
  343.46704342794322    117.77416297159104    208.31180302248816      h 
  344.69664124777398    113.47626408096221    204.64344660993180      h 
  346.18171987549130    116.46910633385873    204.77284608507179      h 
  346.45051297517966    112.33684133498103    208.79291631333518      h 
  350.86776579118310    111.91598694981717    207.46658640962767      h 
  348.88281046789501    111.49673241873622    204.82778386225442      h 
  350.50737701710767    114.38608110333388    205.25482988422445      h 
  349.70414414576317    115.09967062908183    210.80237967576312      h 
  348.89018136040090    117.55064857284307    208.68440123485277      h 
  346.66894287596563    116.43175256283689    210.89747299061946      h 
  341.41630370643668    119.08015937551814    204.15705588501669      n 
  339.50637624564592    120.26174325026741    202.57644648827124      c 
  340.23943604889598    119.97869706683920    199.77670037295255      c 
  341.72419039151458    121.41021822101729    198.73180022607173      o 
  339.24539016774838    123.06140785509189    203.19704835238008      c 
  338.51599188181297    123.54864099111138    205.92710638189556      c 
  338.37180798812108    121.87646435128373    207.51515746538317      o 
  338.01219666279690    125.97324750141381    206.45023055261294      n 
  342.66958318522609    120.25648685243958    204.99588254415923      h 
  337.72379727825040    119.26027831562529    202.91990405332234      h 
  341.03166645256078    124.01267610044319    202.78836091879688      h 
  337.82628281589427    123.90987197050003    201.96891378892585      h 
  337.59406693382857    126.45572933878526    208.24994053183616      h 
  338.11175638631943    127.34631683152826    205.11146496960208      h 
  339.22462116550514    117.96441267752134    198.64223941501191      n 
  339.46324069367614    117.56208634834385    195.93927931105733      c 
  337.82353593954514    119.50441024865657    194.56590345605557      c 
  336.12837429975735    120.64879657243776    195.65971957940900      o 
  338.66394144563202    114.83380125612352    195.37269332057090      c 
  339.20436935309732    113.99267920186139    192.66253323168121      c 
  338.61373031316577    111.18969258675251    192.22553741991862      c 
  340.30113229430913    109.35428160008237    193.66821117540084      c 
  342.92637157896775    109.48339183641414    192.70954930414055      n 
  337.69414748377511    117.15910362323582    199.46819436685547      h 
  341.43659958649772    117.85194223557529    195.38947157574384      h 
  339.70745229604159    113.66401378358550    196.70907493851874      h 
  336.65464340380009    114.64105777636780    195.78454555246762      h 
  338.02341207878055    115.06688229460201    191.36067014274198      h 
  341.16515167053853    114.43549165264585    192.19760658574029      h 
  336.65946106111971    110.84381870169554    192.76974334157899      h 
  338.78423016552148    110.78140775285772    190.21210682257967      h 
  340.28713631553256    109.79108676117337    195.68143889969878      h 
  339.61693510866286    107.43514596356617    193.38084101648661      h 
  343.03597781034659    108.79063169872418    190.77245772881474      h 
  343.52091528857460    111.32563439101673    192.71878979795920      h 
  344.15266985848939    108.45874056228342    193.82667181730372      h 
  338.31607058549724    119.85675496278886    192.11655972083912      n 
  336.69986147061576    121.42048831879134    190.54990238356049      c 
  335.02022869935871    119.71494457452690    188.90730328567028      c 
  335.74032291089009    117.67084775109196    188.11689716428859      o 
  338.23816143705801    123.18882796739982    188.85485088323713      c 
  339.71018522337869    125.20580637780996    190.32853701479917      c 
  341.48996680167249    126.61565274819255    188.54488065454666      c 
  337.94166148447124    127.08730243604951    191.62047812882210      c 
  339.88471742228683    119.08246698488141    191.33599753700682      h 
  335.47171800881995    122.50659373874078    191.80756533888098      h 
  339.56419635473378    122.04125254683092    187.76758239838199      h 
  336.95538740024472    124.10453904122788    187.52240989701636      h 
  340.83512811415972    124.26820866093149    191.79531960859393      h 
  342.52169466692504    128.05827088129223    189.58412095674711      h 
  342.84662157024667    125.32969302743659    187.69765928774038      h 
  340.41257474310220    127.52262174134241    187.04842213325648      h 
  339.02231679324240    128.54012847812092    192.59643178015625      h 
  336.71756815495058    128.01881528185848    190.25438239560788      h 
  336.74379120807271    126.17693288691206    193.02177013331979      h 
  330.17531396662810    127.47676966958106    184.67415782643420      n 
  331.89478640200832    128.88605602156829    186.25263971490386      c 
  330.94543590176193    129.17919885503017    188.97790094721759      c 
  331.90778537101164    130.70878712626467    190.42149654843445      o 
  332.47597540264672    131.50384039877301    185.14036175685251      c 
  330.04918382849638    132.88569368570373    184.41005995760287      c 
  330.48211029003784    135.70887139292418    183.99977236682469      c 
  328.16974288426530    137.00708494371057    182.87361826016485      c 
  325.94361125249412    136.81752214673776    184.58121559248409      n 
  328.40018425111469    128.14939784865285    184.51706715874374      h 
  333.64528434687463    127.77591906991620    186.35063385320072      h 
  333.47133065827512    132.56483395412721    186.60040189595449      h 
  333.70402114369011    131.31372165387455    183.49819577583511      h 
  329.29447868791641    132.06874125127752    182.67074062951988      h 
  328.67055668151727    132.59881537521096    185.91695792219039      h 
  330.99343632490934    136.58819806958448    185.79213047212195      h 
  332.05601019193460    135.96845651474140    182.69538276229031      h 
  328.58149053419265    139.00216025306906    182.56078505225264      h 
  327.67803051703316    136.14359065296949    181.06596201601710      h 
  324.43653597340898    137.77338907174507    183.82810256170117      h 
  325.35212629034743    134.91088059604073    184.87503182204011      h 
  326.37433944988493    137.55784503665183    186.32044848979339      h 
  329.00713180437873    127.68428602128520    189.62235821395652      n 
  328.19482694475573    127.50684881054792    192.23058897277636      c 
  330.14905727298265    125.93920576519105    193.66475290699381      c 
  331.08789661502084    124.06549682388091    192.68125417804234      o 
  325.59244600419908    126.17760870015465    192.32061159374084      c 
  323.73112409951256    127.57935821372973    191.05060428673752      o 
  324.66947754954549    125.81741749787207    195.02818517182695      c 
  328.59129881318029    126.16808718065475    188.52069142540253      h 
  328.05958630006137    129.41516198371789    193.01569414679687      h 
  325.84970539248042    124.31857876564840    191.41542416297330      h 
  324.12409798429360    127.75800171609792    189.24773142632776      h 
  322.83450555301641    124.90034338474788    194.98350964079597      h 
  325.97386638382761    124.68418049634258    196.13298325593206      h 
  324.44320055192850    127.65114176996194    195.92502280804737      h 
  330.79154958227042    126.72382909027496    195.98363538108194      n 
  332.29543751804454    125.09092148536391    197.59737630184640      c 
  330.57970301841772    122.90881292404744    198.43562874697224      c 
  328.54073849545239    123.34371190175480    199.47244936110823      o 
  333.30568511182815    126.53528921348587    199.88179995980931      c 
  335.48689806946732    128.30326525368832    199.21447245389950      c 
  336.12372081691495    129.98742344389478    201.52822065766773      c 
  334.47477251290053    131.44954143097533    202.29408477208565      o 
  338.29260807125388    129.72079713534933    202.50409969695221      o 
  329.88425228079529    128.17455959445425    196.82095849432380      h 
  333.85730631527895    124.32681410232937    196.47997521454343      h 
  331.78542295695019    127.64506521557635    200.73153122547254      h 
  333.94281456557678    125.17306799048774    201.29947208464705      h 
  337.15141564643199    127.22486293496438    198.65225220543303      h 
  334.92916453155982    129.55155149750766    197.66944537696122      h 
  331.37741790869853    120.60582058987191    197.85022865627298      n 
  330.01773527418777    118.35652372420540    198.59191487498916      c 
  331.74280063149348    116.81517032836975    200.31254060085652      c 
  334.04547048771525    116.99513639588369    200.23379685268412      o 
  329.11626762930064    116.78965792898963    196.29243275948784      c 
  327.50064152397630    118.43538234881825    194.55702261979286      c 
  331.33493379685291    115.65733254184053    194.83975991447556      c 
  333.13955848972046    120.36717418469570    197.11127124472432      h 
  328.36664199119218    118.99647958908893    199.66884339493350      h 
  327.95504531695110    115.25219322481847    197.05038375345157      h 
  326.70440457740006    117.29831306243206    193.04614900496671      h 
  325.96323642799769    119.31354039797553    195.60168114083362      h 
  328.63791190422660    119.93812514959545    193.72969112259284      h 
  330.64326630059657    114.62118891711259    193.20940341068325      h 
  332.59044607075521    117.14458633199773    194.17928748147645      h 
  332.38617916631569    114.37618485306795    196.05060368429287      h 
  330.56104410401156    115.20857930629899    201.86925413556131      n 
  332.00470404227127    113.82830807109890    203.73768375761273      c 
  330.97092609799603    111.16510913696482    204.05942785844579      c 
  328.71044777585496    110.71154479011437    204.17948449617811      o 
  332.03232363971955    115.24065738803668    206.30183710331772      c 
  329.42637650416043    115.26726366492015    207.54026952254148      c 
  334.03555560720810    114.10275341858039    208.03150177466054      c 
  328.64880976952787    115.21385741329854    202.01501355519324      h 
  333.95233898013686    113.76951808038766    203.03678401978195      h 
  332.59016533042256    117.18791155613906    205.86033274218926      h 
  329.44904715916931    116.42092611519249    209.24219017933615      h 
  328.02973156858633    116.05402805914223    206.25298922387560      h 
  328.85185473975207    113.36401885523200    208.05779361853152      h 
  334.24629512065582    115.26405418630424    209.71113829324412      h 
  333.52849091814716    112.19073250218651    208.58981121467693      h 
  335.85032004757727    114.08329070376155    207.06644788969203      h 
  321.43139546132426    118.24773666823855    202.29639790738551      n 
  322.31837161785830    120.82283291046937    201.88968947966512      c 
  323.59357352902884    121.71897221774043    204.32844566431297      c 
  322.54290933230959    121.45285051969165    206.38077723691302      o 
  320.10331154082473    122.55340847752983    201.26916595017710      c 
  319.60690747954663    118.02637860062241    202.81160008878689      h 
  323.71253858073953    120.79207493874549    200.36415928624751      h 
  320.81371818471564    124.41695412932144    200.79046753955376      h 
  319.05870760414007    121.79977703406983    199.67187500498417      h 
  318.86673074122649    122.70668970828415    202.90323189548999      h 
  325.81624541198158    122.88275368030742    204.07459454512465      n 
  327.22428431467370    123.63692888409454    206.30144014956352      c 
  325.47760030013387    124.87402183136139    208.23487271580794      c 
  325.47712565388775    124.23446001761302    210.46211157240583      o 
  329.33409547624933    125.47257949727469    205.62313181087941      c 
  326.71740020517888    123.00353860065719    202.37551817835106      h 
  328.03717267726131    121.96621783823440    207.23047483786436      h 
  330.21141228876689    126.20894947035329    207.33234864419535      h 
  330.77778393576477    124.51458673375346    204.52238120814189      h 
  328.62248400469821    127.05679125554262    204.52904511202922      h 
  362.66576545333788    120.75159196050866    208.75770171397767      h 
  363.67089243044950    115.48999464508358    204.90924333899005      h 
  360.76671553365691    111.69947100051125    212.31553875217543      h 
  359.05141385912918    105.32340190922038    206.35740430172683      h 
  352.68255965798687    103.26779729915077    211.70398687993509      h 
  352.45379906763191     99.29567767008734    206.74397373065503      h 
  351.64555556582309    138.40377041919754    190.70930527872648      h 
  355.74642019178981    119.92795317376262    189.45674856568857      h 
  346.96924696064985    118.66684367994196    192.38671824031138      h 
  356.68151243951792    138.15222508597594    204.00621958490811      h 
  360.39781232946405    130.14145968290475    208.12551863831035      h 
  335.23805412519050    122.05641901675820    218.53334993400890      h 
  339.18802949601428    112.08382400558936    216.25251986659444      h 
  333.27168276221846    120.26782109495787    188.45125633384171      h 
  330.78313578005981    127.41454395092488    183.08694562404290      h 
  332.15739327914434    109.69935106603032    204.18154693570924      h 
  321.61013125242761    117.35242501917033    200.86146496809030      h 
  324.29282693118745    126.24452711082107    207.69720041144626      h 
  -0.6179317603739D-01   0.5959740974581D-01   0.8196929262428D-01
  -0.4182607225914D-02   0.8612351524247D-03   0.2331531149417D-02
   0.8472497583846D-01  -0.1394861293157D-01  -0.1842306097931D-01
  -0.1238935985429D-01  -0.1676843265018D-01   0.3511956075977D-02
   0.4615424418258D-02   0.3680108596229D-02   0.8069024856549D-02
  -0.1799490894875D-02   0.3917143846076D-02   0.1219278027386D-01
   0.1496400751172D-02   0.9566248001146D-03   0.3360629679977D-02
   0.4392484596834D-03  -0.1164752323841D-02   0.2385329653966D-02
   0.9130392948880D-03   0.6768601716341D-03   0.4333594914270D-03
  -0.2108914620038D-03   0.2794338079828D-03   0.6483742482143D-03
   0.3383102700504D-01  -0.3719547015486D-01   0.1081463371620D+00
  -0.2361597173539D-02  -0.7434501952875D-02   0.8401048863995D-03
  -0.6088695622210D-03  -0.4654665593109D-02  -0.4033920899476D-03
  -0.1846316038775D-03   0.9272693680585D-04  -0.6430523702400D-03
   0.6528275196100D-02   0.4773304934562D-03   0.1286356842953D-02
   0.1158674179796D-01  -0.2456318567879D-02   0.5906120671327D-02
   0.4248942266011D-02  -0.5294182424149D-03   0.5581521043674D-03
   0.1229411944414D-02  -0.1981019397147D-02   0.3176407964711D-03
   0.1039911739941D-02  -0.4038021682705D-03  -0.7437086049902D-03
   0.2663841902789D-03   0.2997710318367D-03  -0.1632867812642D-03
  -0.1197550019935D-02   0.1745347120489D-02   0.2201535592851D-02
  -0.3995191843274D-03   0.5144088660426D-02  -0.4722892751156D-02
   0.8711508076017D-01   0.4865100920558D-02   0.3560442180054D-01
  -0.1460093771757D-01  -0.1966053735576D-01   0.1131558529620D-02
  -0.1752808024926D-02   0.1868549934238D-02   0.9059061978087D-03
   0.1117832976454D-02   0.1417545946263D-03  -0.8007050413109D-03
   0.2279555002851D-03   0.3335180225601D-03  -0.8311215263278D-03
   0.7769320501162D-03   0.9970071548355D-03   0.2125395005932D-03
   0.1755407531469D-04   0.2367383747664D-02  -0.3137553853665D-02
  -0.1280998865012D-03  -0.4707866982981D-04   0.5713065863089D-03
  -0.1660797359352D-03  -0.8302152113450D-03   0.8273352278111D-03
   0.9980862275517D-03   0.3490620264768D-03   0.5036216378702D-03
   0.2163553368884D-03  -0.3074257468306D-03  -0.4755234569835D-04
  -0.2587244315220D-03  -0.3308417290907D-04   0.1703428792042D-03
  -0.4157576512789D-03   0.3039989764400D-03   0.8367271617243D-03
  -0.6636416281654D-03  -0.6365157200536D-03   0.7032838303346D-03
  -0.2911785345872D-03  -0.3998273048083D-04  -0.2757915851352D-03
  -0.4256319416226D-03   0.1329289881604D-03   0.3909352233806D-03
  -0.3223979000170D-03  -0.4476273602450D-03  -0.3998632574354D-03
  -0.3484617067154D-01   0.2567039814401D-01   0.1127709317700D+00
  -0.5625921688490D-02  -0.5578983069643D-03   0.6220081998507D-02
   0.8495380637597D-01  -0.3591069774407D-01  -0.7707208349045D-02
  -0.1533248830697D-01  -0.5030285836345D-02  -0.6700225127340D-02
   0.9502769240904D-02   0.2971993012984D-03   0.7565931126806D-02
   0.5329604872599D-02   0.1946827383876D-02   0.1009564754416D-01
   0.2292272710249D-02  -0.5665004431568D-03   0.2681673921891D-02
   0.1695635092528D-02  -0.1883972321433D-02   0.1474154578503D-02
  -0.4268357736518D-03  -0.6029585444332D-04  -0.3459093009681D-03
  -0.1510042673789D-03   0.3202733816358D-03  -0.8267834981588D-03
   0.5821730000924D-01   0.8902422298484D-01  -0.5502031131370D-01
   0.4576802295466D-02  -0.2344626829615D-02  -0.8432414783568D-02
   0.4166820745106D-02  -0.8554576602628D-02  -0.4401212590546D-02
  -0.3536770787912D-02   0.3057122303661D-02   0.6801539792224D-03
  -0.8463331369486D-02   0.5698483907728D-02  -0.9826555815311D-03
  -0.6040476906135D-03   0.1182047560955D-02  -0.1429330399626D-02
  -0.8954880918047D-03   0.2197875115315D-03  -0.5664969293059D-03
  -0.4957378375186D-03   0.4168920931854D-03  -0.9125461228691D-03
   0.7569819986121D-03   0.1176809977688D-01  -0.8326078760051D-02
  -0.6580703196008D-04  -0.7253644578364D-03   0.4151635902932D-03
   0.9417793809248D-03   0.6775823386174D-04   0.7529943975443D-03
  -0.2029628766124D-02   0.1118293640439D-02  -0.1597888460569D-02
   0.8284896108980D-04  -0.9452031340939D-03  -0.7349880501699D-03
   0.5940783633669D-03  -0.1978726372053D-03   0.3924416297279D-03
   0.5861727582523D-03  -0.4137868341171D-03   0.4543730356657D-03
  -0.6044112647382D-04   0.2273418875004D-03   0.1049576443176D-03
   0.9466444844156D-04  -0.4287838823232D-03   0.7518874864949D-03
  -0.3454195662229D-03   0.4249221996811D-03   0.2347189060370D-03
  -0.4140291280160D-03  -0.8091993764426D-03   0.1063421998806D-02
  -0.1734250285285D-03  -0.7432419187673D-03   0.4213929500947D-02
   0.1169111453202D-02   0.2360890063005D-02   0.2231074204735D-03
  -0.3143438672991D-02  -0.3677135360709D-02   0.1065398699824D-02
   0.1641347083224D-02   0.3928549030911D-03   0.2998320309300D-03
   0.5829493073349D-03   0.6917063132926D-03   0.7416206725354D-03
   0.1650058021034D-03   0.2521574753724D-02  -0.3109268807094D-02
  -0.3631035784819D-03  -0.5916599270568D-03  -0.7647741146477D-05
   0.8677410609083D-03  -0.5344132614401D-03  -0.1987275586482D-04
  -0.2267711904709D-03  -0.6880376756365D-04  -0.2448386630590D-03
  -0.1222996405079D-02  -0.1951675094773D-03  -0.1532504314334D-03
   0.1462035742714D-02   0.3465092472195D-02  -0.5799169952689D-03
   0.1215986195641D-02   0.1792318609975D-02   0.9976723586962D-02
   0.7004812354480D-01  -0.8220978934633D-02  -0.6576283320281D-01
  -0.2925426422358D-01  -0.1066505319633D-01   0.1820058824289D-02
  -0.3080962652616D-03   0.2748825902276D-02  -0.1910995038471D-02
  -0.3149705223416D-03   0.1349401785017D-02   0.1201522578972D-02
   0.6528197082693D-03   0.1470319445280D-02   0.1382401234211D-02
   0.1386371538142D-02  -0.1827858182053D-03  -0.1046588895546D-02
  -0.6609323763049D-03  -0.1391073156597D-02   0.1165803150543D-02
  -0.2361622856974D-03  -0.9297845544742D-03   0.2145442625192D-03
  -0.6029097065427D-03  -0.6223298592953D-03   0.6614429762271D-03
   0.5291237236856D-03  -0.1606197023775D-03  -0.1910753924909D-03
  -0.9400991310082D-03   0.1652685719349D-02  -0.1804276903481D-02
   0.3507216844907D-03  -0.5486815176147D-03  -0.3579645748284D-04
  -0.2455506918073D-03  -0.8713580216180D-03  -0.7175688506581D-03
  -0.4486242148389D-03  -0.3213908639426D-03  -0.6450151550641D-03
  -0.1773934750668D-01  -0.1261155718091D+00  -0.8697586761395D-02
  -0.1096316559124D-01  -0.5302313822802D-02   0.5238059581220D-02
  -0.9939985353679D-03   0.8126301700614D-02   0.1076059734528D-02
  -0.2030263767921D-02  -0.2230525816227D-02  -0.1255602864770D-02
   0.1579661407192D-02   0.1502764989250D-02  -0.8313280158363D-02
  -0.6825497618486D-03  -0.1978590224950D-02  -0.1012928170798D-02
   0.3960203878486D-04   0.6898906222661D-03   0.3365766682338D-03
   0.9907668504235D-03   0.3152720583850D-03  -0.3096342720143D-03
   0.5947351781349D-03   0.9213116748908D-03   0.1269091299420D-02
   0.6329393216568D-03   0.2137012872260D-03   0.5508172097425D-03
  -0.1484588319756D-02  -0.1395262747560D-02  -0.7962087335763D-03
   0.3374398126971D-02  -0.2359057636023D-04   0.7808719163427D-03
   0.4030851104145D-02  -0.7788519071616D-02  -0.8539152333770D-02
  -0.2336106785428D-03  -0.1531448171717D-02  -0.5962802896323D-03
   0.1016192970629D-03  -0.8098134570473D-03  -0.3990448403431D-03
  -0.1155655537697D-02   0.5600080351811D-03  -0.1666927662862D-02
  -0.3446193666897D-03   0.1178940860801D-04  -0.7007930732866D-03
  -0.3616631034526D-03  -0.1608488759014D-03  -0.1107005528719D-03
  -0.2287179557019D-03  -0.3468407039876D-03  -0.8927474062292D-03
  -0.2082896102032D-03  -0.2935094984414D-03  -0.2944680668274D-03
  -0.1467200608430D-02   0.1774647579099D-02  -0.2795599412564D-03
   0.3104822998407D-05   0.3949840032707D-05   0.1076026172450D-04
  -0.3842413725030D-04   0.1035742377639D-04   0.2714197794163D-04
  -0.1662238495309D-04  -0.2328482492362D-04  -0.9497218144870D-05
  -0.2550408038497D-04   0.6756699064797D-05   0.1346357473384D-04
  -0.3616704792312D-04  -0.7750692066578D-04  -0.6539778144723D-04
  -0.5266740144106D-04   0.4214389096920D-04  -0.4901264921963D-04
  -0.5332480407657D-05  -0.5969647409491D-04   0.3429883595771D-04
  -0.3460790496017D-04   0.9542501740886D-05  -0.2462670403672D-04
  -0.1101302879669D-03  -0.1510002577937D-03  -0.4405736048928D-04
  -0.1411253790381D-06  -0.3963921408574D-04   0.4503659564781D-04
  -0.6393713324371D-05  -0.2067979597469D-04  -0.7691541517044D-05
   0.2406062292117D-02   0.1877669024749D-02  -0.1865201686735D-02
  -0.9124623282251D-03   0.6732448423136D-03   0.2467598102408D-03
   0.2298634730669D-02   0.3163554929015D-03   0.2636650267063D-03
  -0.4606942200748D-03  -0.3612352554919D-03  -0.3666877349181D-03
  -0.1487585853218D-02   0.6283036747884D-04  -0.1137015374183D-03
   0.5206025548826D-04   0.6526343738607D-03   0.2055456051709D-03
   0.4002838652787D-03  -0.1388138012890D-03  -0.1454778767468D-03
  -0.3180684397524D-03  -0.5281124985201D-03  -0.3382260744175D-03
   0.9307275734621D-03  -0.4844762240156D-03   0.9529229074280D-03
   0.7534809826041D-04   0.3010199794512D-03  -0.1975040299925D-03
  -0.1334372052231D-02   0.4350926101366D-03  -0.1021544234909D-02
  -0.1084829017483D-01  -0.2413808182025D-02   0.3449742051342D-02
   0.2516459310619D-01   0.8187736967644D-01  -0.2782730118007D-01
   0.1372901902373D-01  -0.1371029665020D-01   0.9126556332219D-02
   0.2090686501196D-02  -0.4860358749435D-03  -0.2773230704448D-02
  -0.1981567301495D-02   0.5706889698613D-03  -0.1635432731062D-03
  -0.4642259613009D-03  -0.5166400420160D-03   0.2278896545834D-03
   0.3176362841072D-03   0.1313733947519D-02  -0.6556723580152D-03
  -0.4808746093420D-03  -0.1285263315551D-02  -0.7513039593726D-03
   0.4781831829322D-03  -0.1242634285560D-04  -0.1222218279398D-03
   0.8001280130372D-03  -0.6981643540094D-03  -0.3026623487433D-03
   0.1866264716640D-03  -0.4559268445365D-04  -0.3092137807514D-03
  -0.2174410369190D-03   0.1078150407646D-02   0.3373821679981D-03
  -0.5166014489295D-03  -0.9055459942716D-04  -0.8144729700080D-04
   0.8952285027642D-01   0.2469637245858D-01   0.8120895035742D-01
   0.4738573413059D-02  -0.8224122506391D-02   0.3688009768768D-02
  -0.4026778864524D-02  -0.6657577449207D-02  -0.1969157728947D-02
   0.2124200343477D-02   0.5549062004781D-03  -0.8780883059131D-03
   0.5735121079161D-02   0.7704497765808D-02  -0.4167098016719D-02
  -0.3350532353581D-02  -0.3186380842684D-02  -0.1800116365593D-02
   0.1032320932377D-01   0.6208134098595D-02   0.3678973876732D-02
   0.2330115536916D-02   0.6503889035937D-03   0.4370179502163D-04
   0.1582033400662D-03  -0.7263902795387D-03  -0.1947170479877D-02
   0.1145233038809D-02   0.5328382807199D-05  -0.2158858684508D-02
   0.7372237691876D-02   0.3827120959704D-02   0.1821754822678D-02
   0.1214855419082D-03  -0.1557866490025D-03   0.1221005049054D-03
  -0.5450711787021D-04   0.5833443366788D-05  -0.7716784299092D-04
  -0.7324598991264D-04  -0.8625337676138D-04   0.1605604174918D-03
   0.2464778764432D-04   0.1218308570989D-03  -0.1162322882197D-03
  -0.3400719418638D-04   0.6508096654501D-04  -0.7215966427916D-04
  -0.4009191626502D-04  -0.3856049247644D-05   0.4964540876738D-04
   0.1431143338704D-05  -0.3923193273786D-05   0.4599566890692D-04
  -0.1540561116382D-04   0.1368904597356D-04   0.3069502275325D-04
   0.3796546596126D-04  -0.1018840504430D-03   0.1271113414217D-03
  -0.8790202367873D-04   0.4274261856871D-04  -0.1439417298845D-03
  -0.1781423866508D-04   0.4415705222099D-04  -0.1379523362238D-04
  -0.3513460375056D-04  -0.1811398829740D-04   0.4720088882371D-04
  -0.2305657283929D-04   0.9372873842893D-05  -0.7454157202633D-05
  -0.1605004245223D-04   0.8227306118744D-05   0.4403957750434D-04
  -0.8921583366560D-05   0.6937368315775D-05   0.2067270292015D-04
   0.1437652426842D-05  -0.2311230596044D-04   0.6048263291432D-04
  -0.7926369564153D-05  -0.4624434305142D-06   0.3084807543597D-04
  -0.2259957565874D-04   0.1788199352702D-04   0.2975628122959D-04
  -0.1156855975474D-04   0.5914157422613D-06   0.2524564610662D-04
   0.3962383471205D-04   0.1806290834937D-04   0.1721948895362D-04
  -0.4708775638768D-04   0.2919082825632D-04  -0.9475358967221D-04
   0.2468019607046D-05   0.1427986098358D-03  -0.4861465099511D-04
  -0.1769325516372D-04   0.9078729180569D-04   0.7969655270030D-04
   0.5577778948718D-05  -0.5166422290066D-04  -0.6228466990993D-04
  -0.1194176858344D-06  -0.1817266397177D-03   0.1740530644307D-03
  -0.1181817921730D-03   0.4370881639179D-05   0.8314237033382D-04
  -0.2214863515864D-03   0.2504926076401D-03  -0.1804435520635D-03
  -0.1713456993975D-04   0.3175451886069D-04  -0.7077800371128D-05
  -0.3179113697232D-05  -0.1668039905164D-05   0.5212801212277D-05
   0.1016879180008D-04   0.3032968921843D-04   0.5984278030338D-05
   0.1164392416369D-03   0.1053947479778D-03  -0.4579515597882D-04
  -0.6527723066134D-04   0.1928763583924D-04  -0.1694041147051D-04
   0.9631737748727D-04   0.7335529226350D-04   0.5695071948427D-04
   0.2316077571538D-02  -0.1245810630918D-02   0.2135946471721D-02
   0.1830129592584D-02  -0.1303738169845D-02   0.1294466239834D-02
  -0.3433217634318D-02   0.7128297998865D-02  -0.6421873264810D-02
   0.4313930915589D-02  -0.2121103512781D-02   0.2433449207335D-03
   0.7861947439797D-03  -0.3431131392466D-03  -0.3120654523708D-02
  -0.5690694039425D-03  -0.4246108373348D-03   0.6685511817371D-02
  -0.5501212256045D-03   0.8532032200536D-03   0.2663481833322D-02
  -0.6450862306710D-03   0.3872224210437D-03  -0.8487292505549D-03
  -0.5088702888183D-03   0.3467687906318D-03  -0.6176318479462D-03
  -0.1237866287101D-02   0.9663869615929D-03  -0.1629740181634D-02
  -0.6143631428786D-03   0.5024332941790D-03  -0.1842492399984D-02
   0.8517067369023D-03  -0.5380881710700D-03  -0.9806712138318D-03
  -0.1042565727814D-03   0.8115543121742D-03   0.2954027611915D-03
   0.1546932432022D-03  -0.5992472312530D-03  -0.9808150487969D-03
   0.5332095330108D-03  -0.3905484821549D-02   0.5555319495966D-02
  -0.1034306200594D-02  -0.4112788292219D-03  -0.7714651491552D-02
   0.7670730150199D-01   0.5026386283291D-03   0.4635499205372D-01
  -0.2116816202909D-01  -0.4250184727329D-02   0.6234127286556D-02
   0.4214795311763D-02   0.2855798609663D-02   0.2391838797834D-02
  -0.6746847370348D-03  -0.2427880640938D-03   0.1091233729223D-02
  -0.1288112612429D-03  -0.1643482289467D-02   0.8450944071855D-03
  -0.1074475252075D-02  -0.1118997046902D-02  -0.2914236509178D-02
  -0.2924307288266D-02   0.5413692968681D-03  -0.1056652654251D-03
   0.2596024695179D-03   0.1027102345784D-02   0.2623604633551D-03
   0.7390536983295D-03  -0.2711348713366D-03  -0.1273912888835D-02
  -0.8886173970671D-04  -0.5245900789550D-03  -0.7429459202521D-03
   0.2682841108981D-03   0.6551834647876D-03   0.1798607966392D-02
  -0.2227173740390D-03   0.2129988244351D-03   0.1141782932419D-03
  -0.8285676890433D-01  -0.7923338995983D-01   0.4814544220228D-01
   0.7595007142054D-02  -0.8827477719715D-02  -0.1433562542037D-02
  -0.7481206220583D-03   0.4490585762232D-02  -0.4481748246290D-02
   0.5620473276526D-03  -0.2686379543021D-02   0.4984567556748D-02
   0.2455914897109D-04   0.2344945311791D-02   0.7548934152002D-02
  -0.3221637853149D-02  -0.5036138698563D-02   0.9440617556027D-02
  -0.1607046000214D-02  -0.7193672058346D-03   0.1162935441863D-02
  -0.1637274446854D-03   0.4357054733232D-04   0.2187062823813D-02
   0.3757421741404D-03   0.2227487716037D-03  -0.1657229170427D-02
  -0.1865117904842D-03  -0.3338700212446D-03  -0.8551601355233D-03
   0.2993349764176D-04   0.1881534388741D-04  -0.6346634752726D-05
  -0.1339555519415D-04   0.2560187218050D-04   0.5066480394749D-04
  -0.9517650071565D-05   0.1579700991323D-04   0.6830372576427D-04
  -0.2973602981932D-04   0.9772522768680D-05   0.6605725677626D-04
  -0.2076253361793D-05  -0.1788456438166D-04   0.2456595921277D-05
   0.2963226513059D-04  -0.1815645524024D-04  -0.1844977170005D-05
   0.2884846957320D-04   0.1317624298063D-04   0.4093291191779D-04
   0.2850008286489D-04  -0.2328677698991D-04   0.1450434105985D-04
   0.6566745738241D-05   0.2396959476066D-04   0.8620829624032D-04
   0.6316300478871D-05  -0.1367690899240D-04   0.5154442098783D-04
  -0.2727310289881D-04  -0.3705577950664D-04   0.2148986929197D-04
   0.8508820571889D-05   0.2954107363388D-04   0.2554682183197D-04
   0.8645762712200D-06  -0.5693831860496D-05   0.3612758420437D-04
  -0.3041467915070D-04  -0.1130337628859D-04  -0.2849452143253D-04
  -0.4613983214613D-04  -0.3818762730652D-04  -0.1394964212219D-04
  -0.3261229356268D-04  -0.5597514927293D-04   0.3253141537454D-05
   0.5110529974407D-04  -0.1914984205190D-04   0.2527937701866D-04
   0.2934301903832D-04  -0.2805565674573D-04  -0.7770878292315D-05
   0.2305555601840D-04   0.6008940256949D-05   0.3761309537509D-04
   0.9883103949427D-05   0.1306309289049D-04   0.4444456297663D-04
   0.7071802717487D-05  -0.7225555188903D-05   0.9699569385758D-05
  -0.3298717581700D-04  -0.4101887706592D-04   0.6535394710488D-04
   0.1525889640151D-03   0.4296407178058D-05   0.7610891088083D-04
   0.7114727439442D-05  -0.4761829271901D-04  -0.4261270789740D-04
  -0.2696671316913D-04   0.3628496844631D-04   0.1265362056157D-03
  -0.8048871145910D-05   0.3947269809374D-04  -0.2131229531897D-04
   0.4316625144356D-04  -0.2988308582191D-05  -0.3026291848029D-04
   0.1827522547897D-04   0.1879554424627D-04   0.5788008347817D-04
  -0.1489309740044D-05   0.3237502919889D-06   0.3956612184402D-04
  -0.1515914443253D-04   0.1673488760405D-04   0.3665866121046D-04
  -0.7815857113672D-05  -0.2350168220682D-04   0.5398781859528D-04
   0.7997457987201D-04  -0.1363276030699D-03   0.2417377952747D-04
  -0.8256538928973D-04   0.5810993484706D-04   0.1116609092726D-03
  -0.3087477662831D-03   0.4668194470631D-03   0.5948377411192D-03
   0.3134404337875D-03   0.1127726387890D-02   0.4341677224147D-03
   0.2063360599160D-02  -0.2788963886797D-02  -0.1386648907227D-02
  -0.6355776588607D-03   0.1395953380092D-02  -0.1075264952717D-02
  -0.4803961549196D-04   0.1385654946834D-02   0.4129442443858D-03
  -0.2331346021303D-03  -0.7028751666218D-03   0.1534954082727D-02
  -0.1831131124923D-03   0.4481611685646D-03   0.7253826469967D-03
   0.2006694292412D-02   0.9042924394911D-03   0.3680370866429D-03
  -0.2192386646133D-02   0.1133365738443D-01   0.3389749742332D-01
  -0.2046622496713D-03   0.3887930655495D-03  -0.1008993855191D-03
  -0.1200517418499D-02  -0.8735443034778D-03  -0.2158667276016D-02
   0.1760210993771D-03  -0.2877418885203D-03  -0.5248902161363D-03
  -0.2538478095837D-03   0.1245815007402D-05  -0.1718193982473D-03
   0.7103557683181D-03   0.1839649980762D-03   0.3337293712426D-04
  -0.4364706718775D-03   0.7812689090437D-03  -0.3557262095891D-03
  -0.2329939620979D-03  -0.4092728238020D-04   0.2575409757035D-03
   0.1648612438753D-02  -0.1536777286658D-02   0.4939210180742D-04
  -0.4579262312689D-03   0.7683756692090D-03   0.9740155642849D-03
   0.1504603402546D-02   0.6657082265931D-03  -0.1952987214985D-02
   0.2461771492031D-02  -0.1144011487426D-01  -0.3236542708852D-01
  -0.2329853657173D-02  -0.2944673966293D-02   0.5928141562092D-03
  -0.3161335119391D-02   0.1639493499100D-02  -0.2668113663850D-02
  -0.3729342042585D-02  -0.1142236020169D-03   0.1643198468099D-02
   0.6876341749282D-02   0.5282919453228D-02   0.2541306057307D-02
  -0.7802916801823D-01   0.4174030934788D-01  -0.8603348932621D-02
   0.7491386241321D-03  -0.1377526041151D-01  -0.1019871867380D-01
  -0.1844953700107D-03   0.1169471664291D-03   0.2887150204160D-02
   0.6914434661421D-03  -0.1109881409472D-03  -0.2187799725139D-02
   0.7331682642691D-03   0.1372832286263D-02  -0.2239040400621D-03
   0.1178695147491D-02   0.1420010065060D-03  -0.1976616119981D-03
   0.4390872741040D-02  -0.1329723334787D-02   0.1569570672659D-02
   0.1284734050219D-02   0.3791119426310D-03   0.4777294319198D-03
  -0.3255024283223D-03  -0.2677250738018D-03   0.2580989014351D-03
  -0.1417370888032D-03  -0.3276584731897D-03  -0.1001814570959D-02
  -0.1734254253783D-03  -0.9968719824664D-03   0.6128177835563D-03
   0.3367495080732D-04   0.2408811179805D-03   0.8627606479846D-03
  -0.3539771046648D-03   0.1106364675595D-04  -0.5120542835030D-04
  -0.6677946452114D-03  -0.6414878611175D-03  -0.2797800304265D-03
  -0.2772218382967D-03   0.2900472474167D-03   0.4124478514250D-03
  -0.4710910009104D-03  -0.3885918295705D-04  -0.2735481289982D-03
  -0.1984526643969D-03   0.2179514984453D-03  -0.1065359859866D-04
   0.5131728635799D-01   0.1050499971538D-01  -0.1172518321556D+00
   0.7348525798925D-02  -0.4840788254475D-02   0.4425638237380D-03
  -0.1192593890690D-01  -0.1771330196163D-02   0.4284570974652D-02
   0.2764198908581D-02   0.7161000446164D-03  -0.4112547976231D-03
  -0.2665149486015D-02  -0.5572025613814D-02  -0.3811882226883D-02
   0.3690038115255D-02  -0.3511838707342D-03   0.2153088709957D-02
   0.6051728010323D-03  -0.5235590655025D-03   0.2506762802436D-03
   0.2002971429736D-03   0.1181065460546D-02   0.1837650526450D-02
   0.8104883903818D-02   0.2132471579887D-01  -0.3762944051918D-02
   0.3480806547318D-02  -0.7184008597009D-02  -0.9487018412218D-02
   0.9672453671259D-05  -0.1352566919702D-02  -0.2261733958684D-02
  -0.1728498512488D-02  -0.1620995438485D-02   0.9148294151348D-03
  -0.1026903613003D-02  -0.2085222624979D-03  -0.2755337951215D-03
  -0.8290222814958D-03   0.1023099512375D-03   0.5389705810046D-03
  -0.1058016654948D-02   0.7318238920997D-03  -0.2682242405370D-02
  -0.1072748721554D-02  -0.2080651626652D-03   0.2467260892957D-03
   0.2436856255612D-04  -0.2677150305391D-03  -0.9930655167734D-03
  -0.3279397380769D-04   0.2631393718005D-03  -0.3383649184229D-03
  -0.6696607569210D-03   0.8223303815884D-04  -0.2435345877389D-03
   0.2451676198141D-02  -0.2821376647683D-02   0.6657906182064D-03
  -0.8870389231792D-02  -0.2043157339063D-01   0.4849641468161D-02
  -0.1119613259312D-02  -0.1621775631766D-02  -0.2004729563262D-02
   0.9244831803508D-02   0.2840152941809D-02   0.1416069429833D-02
   0.4203871719308D-03  -0.4155152202676D-03  -0.1537071954396D-02
  -0.1846013304338D-02   0.4172568853579D-02   0.1260226209801D-02
   0.1759141710006D-02  -0.1429241306677D-02  -0.4564510553616D-04
  -0.1447946663224D-03   0.1785041051955D-02   0.1673477460089D-04
  -0.2241616232365D-02  -0.3068827679044D-02   0.1011435103095D-01
  -0.4926614267220D-04  -0.1327711651508D-02   0.1315630636670D-02
  -0.4253726462436D-02  -0.3045515471755D-02   0.1135157732172D-02
  -0.7037488418278D-03   0.2668289198219D-03   0.1747144694657D-03
   0.1420986552792D-02   0.5869709579722D-03  -0.9421669928754D-03
   0.4884302401991D-03   0.2846190613184D-02  -0.1211460953687D-01
  -0.3128458816436D-04   0.4293220665213D-03  -0.3104410627190D-03
   0.5267840722570D-03   0.1034415764699D-05   0.4269048409926D-03
   0.9444689656595D-04  -0.7202938353288D-04  -0.3698428429863D-03
  -0.8107411976483D-04   0.8998874131818D-04  -0.1893351128140D-04
  -0.1441697903026D-04  -0.9426648973037D-04   0.9810299739392D-04
  -0.1926748267412D-04  -0.3041920814474D-04   0.2784189137578D-04
  -0.1145251556061D-04  -0.2848351783220D-04   0.5415372255372D-04
   0.1862536960888D-04  -0.3520075721135D-05   0.6722786973178D-04
   0.7177922638083D-04  -0.1074787265208D-04   0.4377399383551D-04
   0.1289206589521D-03   0.1168273594664D-06  -0.1141383160896D-03
  -0.3304392830625D-03  -0.5072914429102D-04   0.2575633865613D-04
   0.2061784487408D-03  -0.2088526657542D-03   0.9802789955728D-04
  -0.2383964990303D-04  -0.1462259192602D-03  -0.1629938748151D-04
  -0.2396857528547D-04  -0.3034949569161D-04   0.5994513766810D-05
  -0.1494276046973D-03   0.4091484758406D-04   0.3898261858182D-04
  -0.2039689654965D-04  -0.3364216116027D-04  -0.1457364365205D-04
  -0.5248659885405D-04  -0.1728465680754D-05   0.4245639057335D-04
  -0.1191899540592D-03   0.3505798748012D-04   0.3281261820937D-04
   0.8612231450713D-03  -0.1813216512506D-02  -0.6689584409552D-03
  -0.1954020569825D-03  -0.1032847447377D-02  -0.5340185952609D-03
  -0.2273858967372D-02   0.6962772370545D-03  -0.2847959485931D-03
   0.1144703957752D-02  -0.1537753805860D-02   0.1619900392570D-02
   0.6909285322188D-04  -0.4931349432780D-03   0.5760916106395D-03
  -0.8872409716795D-04  -0.1225572510585D-02  -0.3573133980539D-03
  -0.9156795015369D-04  -0.7571801395141D-03  -0.1055800812805D-03
   0.2907350056947D-03   0.2263927404031D-03  -0.4890971345361D-04
   0.3318666707250D-03   0.8877896481319D-03   0.8582250137296D-04
  -0.3101990111929D-04  -0.3280626339677D-03   0.7133824470168D-03
  -0.5068029608177D-04   0.7304300268540D-04  -0.4006475215615D-04
   0.3483263300618D-03   0.5327340467011D-03  -0.2039905964570D-03
  -0.4835290431693D-03   0.5751130508678D-03  -0.2471153200275D-03
   0.8071803073002D-04   0.3927091003501D-03  -0.1542254474787D-03
   0.2493792407137D-03  -0.9326162168050D-04  -0.1209478243313D-03
  -0.1245775827483D-03   0.5248281334036D-03   0.1668181539626D-03
   0.4977695134019D-02  -0.1156052815607D-02  -0.9707048924454D-03
  -0.9848612957213D-03   0.8676325284641D-02   0.8376895653626D-03
   0.7107472915538D-01  -0.5131874197057D-01   0.4989629236261D-02
  -0.1421725832824D-01  -0.7605938893418D-02   0.3518180815109D-02
  -0.2588354339947D-03  -0.9047143941219D-03  -0.2126451426444D-02
  -0.1569501582740D-02  -0.1271332024852D-04   0.1467346285305D-02
  -0.2655076453607D-03  -0.1582659270009D-04   0.1527702597961D-02
  -0.4701024268554D-02   0.2293528989946D-02  -0.6735357288132D-03
   0.2781390279550D-03   0.9931964399392D-03  -0.8154044952701D-03
  -0.3060855860864D-03   0.4099112355766D-03   0.4505412806067D-04
   0.5592919566471D-03   0.3872679478157D-03   0.6515016919669D-03
   0.1357584774593D-02   0.1344653922529D-03  -0.2113322716102D-02
   0.1181386406946D-02  -0.9501569492041D-03  -0.4103068395953D-03
  -0.4149954006753D-03   0.3789441857737D-03  -0.6420928817033D-04
   0.2390559537116D-03  -0.8976742376952D-03   0.1862982037957D-03
  -0.1994906748408D-03   0.4659000284631D-03  -0.3934093181726D-03
   0.7356426623667D-02  -0.5375165742799D-01  -0.1019422561554D+00
   0.6477261785329D-02   0.5894890064032D-02  -0.6017817721520D-02
   0.1146915307761D-01   0.4373298689539D-04  -0.2034019630211D-02
  -0.5027138474920D-02  -0.5011959658416D-02  -0.5384023790315D-03
  -0.3889248881918D-02  -0.8995819459200D-02   0.2769506132873D-02
   0.4871748761221D-03  -0.1176466952667D-01  -0.8846362610748D-02
   0.4004338915673D-03  -0.2061797423249D-02  -0.1006250157440D-03
   0.1818039842477D-02  -0.2826333010880D-02   0.5865478366216D-03
   0.1059323077635D-02  -0.1418232369750D-04   0.4000754099158D-03
  -0.7122714230258D-04   0.6478590547037D-03   0.2170283196901D-03
  -0.4455454568095D-02  -0.6904349912076D-03   0.1124680067393D-02
   0.2201602950556D-02  -0.3389784058381D-02  -0.4845813977799D-02
  -0.3936215409012D-01   0.7056414229285D-01  -0.4555666573990D-01
  -0.5552766961866D-02  -0.6654997947362D-02   0.1880013080626D-01
  -0.1811362066372D-02  -0.2493201445553D-02   0.3051494563853D-03
   0.1107519299890D-02  -0.1303808405063D-02  -0.1133077986850D-02
   0.5466756347634D-03   0.2841426820820D-03  -0.1889270558520D-03
   0.6911957403799D-03   0.4394410476937D-03   0.1016915976680D-02
   0.3809275541109D-03   0.4623131489408D-03   0.5178974390943D-04
   0.1435801547472D-02   0.1269128311630D-03  -0.3164475295872D-03
   0.5853554848324D-01  -0.5839629290273D-01  -0.1106531598499D+00
  -0.7199564199296D-01   0.1709771224271D-01   0.1628770846786D-01
  -0.5538454082353D-01   0.5196251306358D-01  -0.1158807316877D+00
  -0.6930155295284D-01   0.5982980729525D-02  -0.3242429788305D-01
   0.2343409427582D-01  -0.1228955911823D-01  -0.1350337060169D+00
  -0.6881063608061D-01   0.2987191295112D-01   0.7635376581863D-02
  -0.4992998583378D-01  -0.1059018712502D+00   0.7515755577288D-01
  -0.4667892712243D-01   0.1991442586124D-01   0.5607613456850D-01
   0.2913694561776D-01   0.1339699333670D+00   0.2378234235841D-01
  -0.2801620683117D-01  -0.6914579216276D-01   0.1844456724411D-01
  -0.1155835344437D+00  -0.2451928058932D-01  -0.7588618842529D-01
  -0.6050749348474D-01   0.8752818620349D-03  -0.4648273632104D-01
   0.8109252546960D-01   0.9071808223391D-01  -0.6787139418492D-01
   0.6772242528764D-01  -0.3274328824451D-01   0.1377092473423D-01
  -0.5421993170370D-01   0.1106450316220D-01   0.1284131998151D+00
  -0.5606366423214D-01   0.5245048338141D-01  -0.6262394872370D-02
  -0.1794960388091D-01   0.7481697264601D-01   0.1160372698687D+00
   0.4369668983533D-01  -0.5517372583237D-01   0.3010904191431D-01
$end                                                                            
