$grad                                                                           
  cycle =      1    SCF energy = -1048.12369365542   |dE/dxyz| =  0.640938
  380.68698952010908    139.77445193771177    205.30385309527475      n 
  381.35906984703013    137.83374255726713    207.09045901859051      c 
  379.85312505529816    138.23853238308087    209.52647499138570      c 
  379.29338945800509    140.37336255303188    210.23111791236082      o 
  384.19568739650680    137.98722506481101    207.77267512043130      c 
  385.83664659550942    137.50281377793900    205.51167001658388      c 
  386.32351825038745    139.41768351950725    203.77963664160475      c 
  386.84805277441438    135.12319691326118    205.06906707177856      c 
  387.74351262580711    138.97048440705862    201.64014940664686      c 
  388.28203790106176    134.65199093230120    202.93388174087451      c 
  388.72100754971973    136.56917270084509    201.18830404106936      c 
  390.09086596823914    136.19669356351406    199.05566188709619      o 
  380.31507982032338    141.47714923199837    206.09125976690683      h 
  380.92880079370764    135.98515315151676    206.28055413133211      h 
  384.56028663193126    139.86837626752896    208.54809611509006      h 
  384.54485786161712    136.55992724139358    209.21884762886449      h 
  385.59656337122271    141.29584556430109    204.12192398705872      h 
  386.51182708550255    133.62188956362183    206.41354754416321      h 
  388.15355786660223    140.47548171646682    200.32834392505831      h 
  389.05812224130722    132.78790604475333    202.62888666190986      h 
  390.51103969244639    134.42245527821811    198.88442643869467      h 
  379.42106826396889    136.12237885694483    210.81693755226749      n 
  377.91012367443756    136.03746879958524    213.09619179686595      c 
  379.46095458920513    134.86612766032314    215.21750368638291      c 
  380.66652325593128    132.90444706599828    214.87862120397995      o 
  375.54875192747329    134.43139664523756    212.67452078099504      c 
  379.88550991892589    134.43467544145796    210.02151442675373      h 
  377.36252616769667    137.96736176418466    213.58612023388912      h 
  374.28260071644053    134.67999130518194    214.27004049909476      h 
  374.60481790638551    135.05518531181784    210.95693111548294      h 
  376.06386141611608    132.45327284452850    212.48645946785396      h 
  379.50368232603194    136.08210946970775    217.41668192053456      n 
  380.70206287246737    134.87326165942960    219.55731392463844      c 
  379.26840001514807    132.46359977240897    220.25772722867950      c 
  376.96198271331616    132.29452535375387    220.18353069347691      o 
  380.85622568248681    136.61797924650051    221.84723655377786      c 
  378.29129761339334    137.94115780731019    222.42744566971757      c 
  377.52096984798629    139.47747665763265    220.80147549461969      o 
  377.25343364641185    137.42001650505543    224.47067556776722      o 
  378.32991982478615    137.54791898805325    217.83258553173658      h 
  382.63232815219612    134.35525161190790    218.99776459971088      h 
  381.43991931569394    135.53345170992421    223.50282273977535      h 
  382.26042773568923    138.08403912632224    221.47128820860522      h 
  380.79384255249369    130.54856603097420    220.87673559083021      n 
  379.92423939494302    128.20468331330034    221.95485670472689      c 
  380.73399163127311    128.09327809853357    224.73201721366488      c 
  382.29625243968349    129.53157263125783    225.63511923074699      o 
  381.15722111585075    125.89120976022289    220.62129064899727      c 
  383.64459727653451    125.53045848512086    221.51012708898341      o 
  381.05056066449271    126.14314718134337    217.75480480415959      c 
  382.68002176926501    130.85927274425967    220.96548102218151      h 
  377.86661245175202    128.17946771012043    221.76894791680959      h 
  380.13301427408277    124.19287366297638    221.21506450995270      h 
  384.61836025984945    127.03297768615379    221.07219738901858      h 
  381.89116581993721    124.47575257164301    216.90248862507812      h 
  379.10055650671768    126.33423576175592    217.14957270234930      h 
  382.07690820935881    127.81953032373312    217.15544777226444      h 
  379.77382264177419    126.11394380552181    226.00026068032480      n 
  380.40792411015548    125.69486627184244    228.62234223670157      c 
  383.11857693752756    124.73259889209903    228.94842730505843      c 
  384.17668053706620    124.86069853379566    231.00307030653585      o 
  378.60806861995547    123.67594152288403    229.73270534697579      c 
  376.19768903599527    124.08664660458011    228.65787618368185      o 
  378.56731497457019    123.82467055028026    232.60641564340841      c 
  378.16600319843678    125.26982210365578    225.40568496896483      h 
  380.22953840552412    127.46903873401514    229.68247711267867      h 
  379.30815789590054    121.80859562200386    229.12755404587870      h 
  374.96650999591333    123.11884513215855    229.59743378938848      h 
  377.52807588840835    122.23969318825228    233.39664040193264      h 
  380.49202060477813    123.79098728127509    233.31777647644952      h 
  377.68117516576586    125.58511036812128    233.18923460165314      h 
  384.10618410927185    123.49771692646053    226.96979079826673      n 
  386.54369964404748    122.25070898322427    227.25515694816519      c 
  388.43240113171152    124.18974739523010    228.27958676039859      c 
  388.58844733785423    126.30936404315635    227.35125268081251      o 
  387.43278422602668    121.12778581585310    224.72937785119490      c 
  385.48532051755211    119.26630189003210    223.65284318812189      c 
  389.98711746646109    119.82797128262844    225.07827511257761      c 
  385.78276083386504    118.93428661692681    220.80563899042073      c 
  383.56748555257269    123.95839517253634    225.18683342269847      h 
  386.30341518038779    120.74827863238116    228.66086617270744      h 
  387.63361853493097    122.70962075543459    223.41697228920989      h 
  385.71118607647657    117.44852942698256    224.59856212056431      h 
  383.58269407400468    119.95574591017007    224.04041737923509      h 
  390.61790766632720    119.00992627574361    223.30577514045106      h 
  391.43395288848961    121.12827484329163    225.73900779239835      h 
  389.83859520985465    118.30347118638470    226.45010801314478      h 
  384.35813042589928    117.63474686043766    220.10239947895721      h 
  385.53923561549112    120.74731988143256    219.87226838318790      h 
  387.63273943933268    118.17830269936393    220.33752946640226      h 
  389.77868540609632    123.44994892429807    230.28275317253809      n 
  391.64133230554921    124.99828483975296    231.55430930422068      c 
  394.25648264666552    124.57380820162227    230.35213282142925      c 
  394.57271852290103    123.03481547204051    228.66280726707720      o 
  391.65561176797354    124.34000418536503    234.36285658533401      c 
  389.73270688785840    121.61758181691332    230.80729363899727      h 
  391.11439867767564    126.98291650004010    231.27501555868068      h 
  392.84660980689159    125.64298602891593    235.40661120963514      h 
  389.74026419559300    124.45966378449445    235.09306995958218      h 
  392.37239749909139    122.43205382464849    234.63587701841158      h 
  396.09107648182010    126.03272678667260    231.30396043340940      n 
  398.70092246178530    125.92546636697881    230.48521690047681      c 
  400.36486685746854    125.16038883057827    232.73178103892826      c 
  400.29310737596705    126.33328734345088    234.72682082521837      o 
  399.58712333746166    128.53279242441371    229.56447371699232      c 
  397.88131185323425    129.68564487105891    227.52453417726230      c 
  398.63313560166972    132.43292855592475    227.05826144721337      c 
  398.00914058703131    128.19687332142732    225.05985339298218      c 
  395.69747340201280    127.31344389855302    232.66241634551722      h 
  398.84300580886639    124.51067957190753    228.99118498667158      h 
  399.62189481082390    129.78747253614034    231.20494577563670      h 
  401.50781760179945    128.32908641387957    228.84039801540229      h 
  395.92944768393869    129.66433501280838    228.21583025128479      h 
  397.37251325973460    133.28698843635118    225.67771559722732      h 
  398.51358238787509    133.53663408571262    228.78753934022035      h 
  400.55829261918780    132.53067583894290    226.34958469077074      h 
  396.83428658366768    129.12467307155265    223.65314229848050      h 
  399.94604758791036    128.11078305386744    224.38014132523384      h 
  397.32928672728684    126.27830981588288    225.32928919054459      h 
  401.87153410768258    123.16409486889140    232.33624934903668      n 
  403.74690944108221    122.39380945961285    234.16214325007090      c 
  406.33009930245305    123.26486728152304    233.21160060921741      c 
  407.33825551290698    122.36311050497524    231.33849552964543      o 
  403.91835930591577    119.54809778579678    234.60806869592241      c 
  406.41240492987168    119.04788220264794    236.07838279331961      c 
  406.99773881761286    120.69707639081091    237.69236024427806      o 
  407.68753735581913    117.15774728207332    235.56286529205735      o 
  401.96506676023836    122.39061629613488    230.58307903196749      h 
  403.27881754008098    123.34241970450506    235.94057834061124      h 
  402.31462612225630    118.86354963287728    235.70678738141547      h 
  403.98222223910381    118.50398447828239    232.82974128045490      h 
  407.35277097073293    125.19395058207908    234.51391653450870      n 
  409.78596536857992    126.22046328804831    233.84597126225719      c 
  412.03229124263578    124.89998880261787    235.09913159647112      c 
  414.18748347576388    125.44609306227558    234.43591826092455      o 
  409.86834285830804    129.07476073348278    234.35088127917669      c 
  408.25383598815267    130.38132904501606    232.35764938538745      c 
  409.09348844770847    130.90480895607647    230.28141166421250      o 
  405.87781497243481    130.92664386976870    233.05453385298532      n 
  406.60213748735163    125.64482850850395    236.20923086660980      h 
  410.01656153176350    125.88970506102248    231.80797542434081      h 
  409.20678442985246    129.47499210340217    236.25698718913208      h 
  411.82213831448468    129.69303273557145    234.13094693127974      h 
  404.68441613647576    131.60503192559713    231.73077136175505      h 
  405.10124648421214    130.23156305771718    234.64389454357885      h 
  418.65380193151162    137.34518872844234    233.58517654859170      n 
  416.96053533366120    138.94652871931800    232.16029304263756      c 
  415.79376235894949    140.89336068598260    233.95040888983021      c 
  415.10691034531607    140.32508482923097    236.08884985704034      o 
  414.89121248558570    137.35939728891603    230.86602574570193      c 
  416.12669643986595    135.56094502719182    228.95863840161991      c 
  412.95068123127595    139.10126020324458    229.63338261851996      c 
  414.27126723359203    133.77708126762667    227.66997027914618      c 
  417.80091373106245    136.22535326026670    234.87262390621248      h 
  418.08447303404540    139.93581304457416    230.73760469922689      h 
  413.93647471850926    136.24105061298366    232.32532464830405      h 
  417.10717059856279    136.68109771364703    227.52895764833130      h 
  417.55857185964499    134.44150933809971    229.93752074418316      h 
  411.63911840127071    138.01656306414225    228.49125702926088      h 
  411.84605686570887    140.11456121697293    231.04016922363598      h 
  413.89502745110400    140.48723458921876    228.44603393388445      h 
  415.31917238960722    132.36215823786534    226.61482501307788      h 
  413.08450708539516    132.82715340583610    229.05076894460660      h 
  413.05215416985232    134.78946744801544    226.36673917771901      h 
  415.54644754991926    143.20841745127143    232.96211084977463      n 
  415.14833581151998    145.42387551970771    234.52422066738092      c 
  412.61531552716383    146.70879170393681    233.87957126218919      c 
  412.51639827796083    148.73547787295320    232.78167697266508      o 
  417.33597786741632    147.25467298443627    234.13165620344307      c 
  419.99887490346811    145.98373112782662    234.29838486559308      c 
  420.36365371501415    144.34142502627569    235.92782309712254      o 
  421.59468927633060    146.82274476231274    232.76133556646030      o 
  416.32547831288144    143.52325951043323    231.24036052701888      h 
  415.08809163700653    144.75340732366317    236.48519249409924      h 
  417.16819699962167    148.10717887386167    232.26480505152472      h 
  417.25574755253092    148.73691303458506    235.56245246422722      h 
  410.56753424589715    145.48266529215562    234.74701744515630      n 
  408.01078051804421    146.32446687070419    234.26032886976287      c 
  406.49994523989943    144.36457100537541    232.76307639220931      c 
  407.39887208418594    142.30618408980766    232.21728348984612      o 
  410.76734758632676    143.69211620431309    235.37902200672798      h 
  407.03818825302511    146.70049138997393    236.04691437950302      h 
  408.12892288209815    148.07181559502388    233.16697036811448      h 
  404.16583881797948    145.10171911903396    232.09017526395601      n 
  402.63404292693912    143.47905314412040    230.50483056074634      c 
  404.13139835147115    142.88573604976904    228.11950674240992      c 
  405.83575238172557    144.27768826971138    227.37588240261874      o 
  400.21426454700645    144.81733019990315    229.66550166479186      c 
  398.47575838746360    145.55985371801503    231.87810861033597      c 
  399.39911435744614    146.52137395643192    233.80049496306779      o 
  396.15407044248275    145.13271810546055    231.55300305081138      o 
  403.21933736173776    146.52627481347179    232.95436651076051      h 
  402.16540220284605    141.70939096343633    231.48572208374941      h 
  400.68868550247231    146.53931247952718    228.62151646501212      h 
  399.13823522178564    143.58940105136037    228.40990637787425      h 
  403.48446031070949    140.79173133195482    226.88454563826119      n 
  404.53987561729321    140.37247180481643    224.38962517871613      c 
  403.25174461824008    142.23292138158016    222.57430646056108      c 
  401.08070120908070    142.96023969057174    222.93852656820513      o 
  404.21140209860874    137.64865740130256    223.50093853409348      c 
  406.19301754482046    135.84037507242849    224.59882708962212      c 
  406.05812762948278    135.71251778619512    227.47659549788668      c 
  405.82434928288495    133.21355441142728    223.46299657358674      c 
  401.86509555663827    139.88204449601633    227.33950197444238      h 
  406.55146918142327    140.84436391333219    224.49735626262549      h 
  402.31922694599541    137.00336616826658    224.00535578758621      h 
  404.36332242526822    137.63284766015835    221.44368258095597      h 
  408.06357544048666    136.53598396839655    224.05501928503128      h 
  407.34254809891115    134.26842074260713    228.17451047442972      h 
  406.57348791858516    137.50229746040108    228.34177998370527      h 
  404.14944171694003    135.23600402197934    228.07538773926152      h 
  407.23313960637694    131.92027493925193    224.20500801376085      h 
  403.96707438467786    132.47961954600999    223.94441215727980      h 
  405.98429135031239    133.26710107100976    221.41693160341018      h 
  404.69320739235849    143.02847076592067    220.66621292532488      n 
  403.82384477651220    144.85368749594420    218.81375657827778      c 
  403.09955709170117    143.34357610434736    216.44885828181657      c 
  404.61780837691327    142.86723924871600    214.76094952360577      o 
  405.86495117193817    146.83429786911100    218.29968451422121      c 
  406.15137954945385    148.78315153942933    220.42225980288723      c 
  407.60675607886105    147.85547994862819    222.74656430966064      c 
  407.41106978463137    149.79938220965883    224.87337864915057      c 
  408.31877941164743    148.73055752414606    227.30956265373158      n 
  406.42794591343551    142.25589139903707    220.33349218331870      h 
  402.11595252505748    145.76009379692545    219.55794092796052      h 
  407.64932002350218    145.86340737260704    217.94468169153754      h 
  405.30619792486925    147.83964268192477    216.58743292143734      h 
  407.08832181564270    150.43585810395558    219.62262837220180      h 
  404.26315759789077    149.38569891816590    221.00485330548787      h 
  406.75652911975089    146.10488093441509    223.41011804588882      h 
  409.57062369422300    147.50528130441586    222.22425703855833      h 
  408.48294363971723    151.49826307067693    224.41976177094230      h 
  405.42186378983865    150.30679859788381    225.09070878574792      h 
  408.02150954785930    149.97439269234661    228.76531958875179      h 
  407.26913646553902    147.07767882410516    227.69534720539582      h 
  410.19708871333592    148.25373447320848    227.22664545128038      h 
  400.78632254020141    142.30252487285642    216.53889699738801      n 
  399.76055139670967    140.99490650372996    214.36133368920656      c 
  399.44357873012160    142.85002080890627    212.16500671155069      c 
  399.10273211551083    145.12555656038586    212.49728333545551      o 
  397.22821367305164    139.77089045133951    215.06073686499684      c 
  395.88298691916583    138.54805090660926    212.87399737660687      c 
  396.51353049807926    136.11277787541363    212.11734466386559      c 
  393.92138964436987    139.78113318077953    211.63471068031154      c 
  395.18141137848596    134.90890886486696    210.21734226958279      c 
  392.58367002637266    138.58184107419885    209.73197848675508      c 
  393.19510086355564    136.13543607675055    209.03350326410472      c 
  399.47963975266060    143.06192366221484    217.72234976650358      h 
  401.11472633574624    139.54675406422416    213.75941049828938      h 
  397.61632354742528    138.35320958462955    216.50602869254058      h 
  396.03319770864687    141.23299537134304    215.89109615934746      h 
  398.05788302014338    135.14696576663178    213.03356829089745      h 
  393.42431154033341    141.69579741578465    212.16944657485848      h 
  395.71454980718562    133.01788287161094    209.67089704459335      h 
  391.05657535699851    139.57103840762170    208.79867050655201      h 
  392.10996878512884    135.21751465265157    207.56990214035275      h 
  397.99218264273117    135.97244629389402    201.88671437676669      n 
  397.56742762226787    133.99215626215687    203.70408413978336      c 
  399.86827533688808    133.36048214467871    205.34080556258220      c 
  399.71726373937537    131.81362706420907    207.04597136468036      o 
  397.84380358766742    137.75332802169163    202.55746107155096      h 
  396.03243152285120    134.53940434949908    204.96688955379528      h 
  397.05658912025058    132.26900275231026    202.67997663108198      h 
  402.03722019801080    134.45974004268439    204.63740093952640      n 
  404.32483477200060    134.16638223815590    206.09971925040770      c 
  404.10052123838432    135.54798982858790    208.63246865388737      c 
  402.44332134358916    137.11247004907204    209.05891986722938      o 
  406.55345615739424    135.18709338171487    204.56942596040503      c 
  407.17265742560443    133.51174831813447    202.29961636881373      c 
  409.02373473569145    134.88974430703996    200.56412218998224      c 
  410.04811956186484    133.26863575997200    198.41913124403723      c 
  411.50936262718471    131.09879066383164    199.42707176702947      n 
  401.98503436334357    135.94951040810031    203.43177314856652      h 
  404.55023688017133    132.14628689883614    206.50460885772000      h 
  406.06464501233484    137.08438138309268    203.91963063700055      h 
  408.21380053972842    135.35985685269242    205.78198173500505      h 
  407.99836753264873    131.76527809282661    203.01754532687212      h 
  405.42934706774815    133.07243155497650    201.28990550482084      h 
  408.08904815732262    136.55185178667730    199.78478255282550      h 
  410.60347622118155    135.57274152124376    201.69160971996419      h 
  408.50535911879513    132.58079587962644    197.23639601444705      h 
  411.30803684402463    134.43490692230426    197.28324005249206      h 
  412.78958978150348    130.45285723237618    198.13342751954232      h 
  412.51215980803869    131.61516954299964    201.19705844124897      h 
  410.32068348061671    129.65965595063551    199.92620951852695      h 
  405.85697363223812    134.89089361058336    210.33383170584466      n 
  406.08783989451854    136.11089049574807    212.75460492047600      c 
  408.72224181458591    137.25503501038577    213.00605054249687      c 
  410.57987713455412    136.25224112918232    212.05292355930035      o 
  405.82431944335633    134.18577042690762    214.92992977192557      c 
  403.31797739532499    132.86373900855074    214.98187163390205      c 
  402.82369277583854    130.91154717570441    213.29552184479735      c 
  401.48981465492307    133.48992963548739    216.75543536942615      c 
  400.57419070142964    129.59768152830301    213.37381415463696      c 
  399.24433627552327    132.15401446993397    216.88533841457965      c 
  398.78788351619647    130.19660392625337    215.20093791199571      c 
  396.61100159557122    128.80207312082914    215.31348924573970      o 
  407.26250499879757    133.66373763736559    209.92246804161616      h 
  404.63774302017441    137.57903528186378    212.86543079987982      h 
  407.31690061757382    132.78680920472661    214.65730299351867      h 
  406.14419488887341    135.17767754268201    216.70889401521148      h 
  404.24528989888950    130.39807998703498    211.93152832077479      h 
  401.82207665272693    135.00753080111571    218.08011094524358      h 
  400.22031855998500    128.11317649722892    212.03286033965256      h 
  397.85952872294627    132.63223787904266    218.31265681049865      h 
  395.60711988228672    129.38610642963005    216.71981052624977      h 
  408.84131385350918    139.28326160141501    214.49884545775834      n 
  411.18304177488659    140.55685219523608    215.06306018629749      c 
  411.29613122642502    141.03405966518667    217.90319739079493      c 
  409.40915995483260    141.06498833094227    219.23830879524189      o 
  411.40159652854322    143.05955585185200    213.57383722516724      c 
  411.54061041814236    142.41821291470461    210.81457684236094      c 
  409.34437097164761    142.13458238870658    209.40552065937229      c 
  413.84397976398310    141.85262474789639    209.69009606025023      c 
  409.43168526345977    141.25776767769651    206.94949092672653      c 
  413.94748438113163    140.94622216551787    207.24869170285211      c 
  411.73704453834620    140.58659972747128    205.87081128051497      c 
  411.78105582031247    139.61957637333094    203.50140708162706      o 
  407.25082967510741    140.25810785501253    214.93768410248771      h 
  412.71296366759981    139.28349755448676    214.48961946059438      h 
  409.73267559305179    144.20596981510505    213.96220119492662      h 
  413.09046148052545    144.06991159729731    214.18180537746466      h 
  407.53325648517097    142.57156957160254    210.24903076995412      h 
  415.57093749776777    142.11522080672930    210.74633797812857      h 
  407.71645300877066    141.04900314253868    205.86177917244592      h 
  415.72816501960045    140.46690013115833    206.37907866033399      h 
  413.28942413096138    138.54406122591132    203.31487222013283      h 
  413.62290859474950    141.44911340540219    218.78723130430814      n 
  414.11000198969248    141.75333651638775    221.45633263152695      c 
  416.29408564249343    143.59972366726416    221.81974840887912      c 
  418.16736250250062    143.51861858217416    220.47378021893837      o 
  414.87071412724731    139.22846448919594    222.65725762478908      c 
  415.13215997943678    141.16019657515139    217.64564409683820      h 
  412.35789972777746    142.44730048906487    222.30524583558258      h 
  415.36453386696928    139.48621742476234    224.63189077040084      h 
  413.31438336598217    137.89982021978798    222.49897179179621      h 
  416.50058763088197    138.45612858534398    221.67215502986659      h 
  419.23647623501432    137.19937991817713    212.05615836969261      n 
  417.00722591707745    135.74413280873031    211.41242728173921      c 
  416.83516385303483    133.39016585387665    213.08592540616732      c 
  418.73008709255572    132.15909696232978    213.63341175299180      o 
  417.11684746014976    134.95344845222564    208.63206614925215      c 
  414.64064015411401    133.79707358891423    207.73076026811887      c 
  414.42897814713353    133.78554172717097    204.82607228398291      c 
  413.52457564446365    131.81412501946892    203.85708136986085      o 
  415.07828286480037    135.69431699786193    203.62774279038373      o 
  420.90137209183933    136.53582579285438    211.40610371617254      h 
  415.35665219268873    136.94620233662346    211.72906292383013      h 
  417.50413685992481    136.62491990868995    207.48535751933107      h 
  418.67042133405357    133.61770847333841    208.35851184364952      h 
  414.38743262210471    131.87046163831758    208.41901011657228      h 
  413.06203463523735    134.93941876848604    208.42389632559042      h 
  414.52004619775238    132.80668053101905    213.88114732065395      n 
  413.99973886425130    130.55587254920971    215.34097290764157      c 
  411.77792943597012    129.14513698812380    214.14638847009414      c 
  410.17287195371932    130.19237181639286    212.85182532125438      o 
  413.55964463363375    131.12728916714980    218.17785979541148      c 
  415.73836396975940    132.70780039301007    219.22000337334981      c 
  411.05814892877299    132.46536024299306    218.66766834878734      c 
  413.00175562154732    133.79574978637592    213.24455847214600      h 
  415.66276004339267    129.33215807780556    215.22210680538316      h 
  413.54127182997246    129.29055080522548    219.12724806731114      h 
  415.56537313489247    132.87652909367270    221.25833960438891      h 
  417.54648137506894    131.84251961148141    218.77489201312241      h 
  415.71513342466761    134.58966587131883    218.39144887594000      h 
  410.88857719679794    132.89986635990368    220.66624489136214      h 
  410.95858902478159    134.22264149294699    217.60523379897316      h 
  409.47475678395557    131.27281529765659    218.12925656178047      h 
  411.81985600307166    126.65583689329357    214.58157404628463      n 
  409.88904321077592    124.94242280649023    213.70710823420495      c 
  408.51151424590694    123.80066547492990    215.99890057974147      c 
  409.41420363735966    123.91236303049001    218.11999901526383      o 
  411.07412678503988    122.86810185154216    212.04157786485385      c 
  413.12169758976421    121.75314098058561    213.33818698350720      o 
  413.14730672648329    125.90493592260560    215.74659839275785      h 
  408.54327671827775    126.04175881348343    212.57920830536068      h 
  409.62340563840559    121.46462193670227    211.58982086134995      h 
  411.75244159301178    123.74063929844606    210.28342761270582      h 
  413.47075838236134    120.11611731993170    212.62532771060498      h 
  406.26043512413975    122.77217016694935    215.47095414889901      n 
  404.57140388137623    121.84884062610702    217.41765091115218      c 
  403.57990781444386    119.23599741965481    216.68313548960890      c 
  402.80947620443857    118.78869721329296    214.54989027608633      o 
  402.35084679507958    123.71882791958976    217.76644115622051      c 
  400.52034951294013    122.75439827100658    219.77385851973307      c 
  403.36301431943622    126.30871076754131    218.53433789785299      c 
  405.60429437066142    122.65928404066344    213.68232175830838      h 
  405.63427684893338    121.71791304656593    219.17832107600393      h 
  401.37355323601776    123.87806247381076    215.95096374341560      h 
  399.02560710129529    124.12465091319307    220.09542450765932      h 
  399.68063012325968    120.95613430308779    219.24780511694703      h 
  401.50614130112092    122.46736546143349    221.55780546881400      h 
  401.81509953507828    127.61776133256369    218.85014388543453      h 
  404.42973249530797    126.14031717689457    220.28302920367366      h 
  404.59753955602707    127.10212202863744    217.09819998897913      h 
  403.66208103556835    117.52385546215648    218.54756121795560      n 
  402.37301777744574    115.10962966227990    218.39202080678979      c 
  399.56399177356946    115.73173067244046    218.71872677900029      c 
  398.70214322021320    116.57967641107632    220.69891528426601      o 
  403.31787112450752    113.33280040340360    220.43473432210601      c 
  401.72777769362204    110.87544404156748    220.55484026467803      c 
  402.81674871875640    108.85829542278518    221.00670025597850      o 
  399.40033559794313    111.13911141117441    220.16174452129709      o 
  404.15298140343373    118.10231470547318    220.30172754947938      h 
  402.71456554142179    114.30415094820968    216.51418901938456      h 
  405.30635280019402    112.85083915170506    220.18017991494949      h 
  403.08596143757200    114.22367023027408    222.28410871207885      h 
  398.19544430197175    115.71053015581207    216.58784358874379      n 
  395.61761163300935    116.63596876687409    216.53493933053738      c 
  393.80187496870144    115.05700968934305    218.15977212134931      c 
  391.73430669583200    115.91219730946111    218.74284646830819      o 
  394.60926055401552    116.78287186924851    213.81244520560088      c 
  394.48650304398944    119.46672670666159    212.74378220239473      c 
  397.05458951486315    120.80619903829579    212.67897302106294      c 
  397.11484876787796    122.95799354416705    210.76316750364518      c 
  395.38249063026637    125.05937422991305    211.49478910072591      n 
  398.94193804718668    114.98659305730560    214.99173302004704      h 
  395.61187839307382    118.51120014321856    217.42240060882435      h 
  395.79464280607976    115.59155819960972    212.61903685468272      h 
  392.70846455136797    115.98244768473234    213.79325330098274      h 
  393.74720512990302    119.29882999791035    210.82670151793752      h 
  393.13809843699636    120.52037217339991    213.89237052117471      h 
  397.55057732696224    121.49826438441440    214.55516613582378      h 
  398.52749407202424    119.46037899701133    212.16342500734066      h 
  399.03473980287816    123.68835096296466    210.62171966988907      h 
  396.53638250952054    122.24326329442049    208.91896415768133      h 
  395.23198161311774    126.35273223494147    210.04669470509751      h 
  393.61609446728687    124.33765469343864    211.88437802882913      h 
  396.02710445872151    126.02102666410875    213.08860160601009      h 
  395.55322965446402    111.83571675150971    223.96363694294044      n 
  395.90816437728256    112.06737298084201    226.65893960484999      c 
  397.03084336976235    114.60004819538165    227.53572511846031      c 
  397.22601446706165    115.07195511160099    229.79765654631495      o 
  397.46507664917425    109.88733294246244    227.75852208445238      c 
  400.29477218030871    110.30229980781866    227.40007714768396      c 
  401.12482622401427    112.14008309767506    226.24827665459398      o 
  401.74136671878153    108.55379245037854    228.48303883012662      n 
  397.09468275639813    111.63148911652026    222.82787027431982      h 
  393.99603821449170    111.99261140699811    227.47052356803846      h 
  397.11324002376824    109.78149962698700    229.78653938700995      h 
  396.91860466642123    108.10789660670605    226.87485204466270      h 
  403.67433569027514    108.75111199487294    228.57089188696432      h 
  400.95018683985023    107.12597695316688    229.45366194798319      h 
  397.53670963790091    116.23787062543089    225.69522069051118      n 
  398.32225216159139    118.80670675928138    226.06596379821767      c 
  401.07223817610759    119.32361775201754    226.72358070356236      c 
  401.71127804924953    121.48653556371642    227.31615853372082      o 
  397.58451544951117    115.58163029133188    223.89536643052273      h 
  397.95728254989643    119.81863835305396    224.30334429090925      h 
  397.17455802446995    119.68007897656072    227.55298649889079      h 
  402.73730342286444    117.44562938777831    226.57454039672831      n 
  405.39549242573275    117.91378195862008    227.06071814121418      c 
  406.45301517226955    119.78680222200025    225.12508416253564      c 
  405.60280507480616    119.93934325673784    222.97337950859793      o 
  406.94278237107170    115.48967512247219    226.86799197720632      c 
  406.44973337554228    113.65250592211768    229.01975040669740      c 
  407.94836396560203    111.16255016494851    228.57421814591959      c 
  406.86504533754913    109.13629117604185    229.13760139428518      o 
  410.13058243697020    111.34612203309720    227.72476235014332      o 
  402.16529623948696    115.65507157337034    226.21270333706329      h 
  405.62527967717284    118.73720116960430    228.95182283664269      h 
  406.51666677513697    114.55065336499909    225.07571728630214      h 
  408.95225990398757    115.96073822427670    226.87212966993329      h 
  407.07463533958361    114.46405472827763    230.81728356354543      h 
  404.44608133936072    113.20094046199191    229.17260068601590      h 
  408.43037813340658    121.11470854227561    225.93886911315880      n 
  409.72255573019146    123.03886650382520    224.47445641598435      c 
  412.49949868556337    122.33043120957240    224.11734552747032      c 
  413.83663610866427    121.66030556981985    225.90651815820658      o 
  409.59850390774540    125.59133576299178    225.88466785534209      c 
  411.16010549848647    127.61790221579062    224.55520602793854      c 
  406.86544121604925    126.45637295979044    226.16873767837268      c 
  408.91690968712453    120.96150476382905    227.78052290417773      h 
  408.78689553666766    123.16606305985258    222.63707183808316      h 
  410.38696460709593    125.24730582413918    227.77033044314868      h 
  410.99618637996656    129.37804151882867    225.60109889661550      h 
  413.13991231633804    127.07942130052980    224.47525656053324      h 
  410.47430585093548    127.88838955268034    222.63804476915732      h 
  406.81428798867893    128.18142264862252    227.28168788394274      h 
  406.04266581296406    126.82325730002080    224.32197507031955      h 
  405.72543995333439    125.02229249155567    227.10587575210621      h 
  396.96114706743072    149.68358779230235    215.40549727439156      n 
  394.94495362404655    148.34874184824193    216.67984581461420      c 
  395.98871654027613    146.97369544110796    219.00220146666925      c 
  396.52169494414784    144.71618520077755    218.96139717417185      o 
  393.64648708034053    146.52139632662977    214.87407617723409      c 
  392.60790208086416    147.86687791005986    212.54460768249945      c 
  390.90539074732726    150.11781015042106    213.35606346708852      c 
  388.85707555687486    149.58186134037581    214.36757002861387      o 
  391.74263223310089    152.30065336764474    212.99235955925244      o 
  397.71193682396711    148.84074184196805    213.86775402140296      h 
  393.57810600081348    149.77064987883267    217.33453104220692      h 
  395.02049323151192    145.09293363550807    214.30663727141260      h 
  392.09049254157293    145.61695942641225    215.88683560608786      h 
  394.12249076821632    148.55845394395823    211.31887752810846      h 
  391.43752735047616    146.57532576210852    211.43646687180021      h 
  396.29376904820140    148.41504028026452    221.03611364517064      n 
  396.88171317679070    147.30818341608256    223.48207289935323      c 
  394.96581680550679    145.20346908293075    223.98720833676794      c 
  392.68540204788849    145.63670966624682    223.96027362608137      o 
  396.66521975037250    149.27070007411129    225.56187415196186      c 
  399.06090774535551    151.00220463498377    225.75514700669490      c 
  401.13318490443078    150.00864584373863    225.29585735260054      o 
  398.67826538275665    153.22213016504148    226.41861780663064      o 
  395.89999740654014    150.28095810787488    220.92233889547711      h 
  398.80659957421454    146.54117487569292    223.45041300300775      h 
  394.98977738593686    150.44268274018427    225.28415006778638      h 
  396.46566484565119    148.30917414062731    227.38428886399996      h 
  395.96498717367416    142.95496425035350    224.53173481283002      n 
  394.40886434708102    140.77634918647109    225.03348451821230      c 
  395.32342726858673    139.38561844286357    227.39134714386634      c 
  397.55288884938102    139.08221653836750    227.90242504581548      o 
  394.37140003597284    138.87799839131409    222.80333033055882      c 
  392.86706441032635    139.95123686966446    220.59283525070600      c 
  397.04554492099680    138.17658849494026    221.99557737137081      c 
  397.83595917008984    142.67107071343165    224.21317630844530      h 
  392.48866529185324    141.49729850901002    225.32874292122835      h 
  393.40400321056882    137.16448741032448    223.44640389195865      h 
  392.87672780686006    138.62497746445115    219.02649813089099      h 
  390.90782682328415    140.29832074152242    221.12094806606015      h 
  393.68159129475822    141.73041341836949    219.96698143075915      h 
  396.96437079439130    136.60754102094259    220.67770120866496      h 
  397.95609664141659    139.78326372395520    221.09849252309141      h 
  398.14503335026149    137.61008406559270    223.63435063819639      h 
  393.42072992233267    138.39523278400137    228.75316499843552      n 
  393.69916948396462    136.64979203433649    230.83780586622339      c 
  392.63672107282162    134.02231503674213    230.17331011521549      c 
  392.48984497141851    132.33971342041417    231.74263077555526      o 
  392.34640958532498    137.66353423142181    233.19057906551012      c 
  393.51228052486613    140.14591333138540    234.09484006380018      c 
  391.96495123751163    141.33893023577770    236.22109155729785      c 
  393.20308341273022    143.69599077707915    237.32231509041037      c 
  393.22368104536463    145.81539301877788    235.49330219178353      n 
  391.62563782994005    138.88119849140909    228.32404655048859      h 
  395.72823750268486    136.46868802185492    231.20464143111519      h 
  390.35186916421924    137.91353572279354    232.71709122308093      h 
  392.46359442996476    136.22119671506672    234.65662916826776      h 
  395.43177528698044    139.77929373911496    234.75490087423637      h 
  393.65507680110824    141.44056100086388    232.49550135601066      h 
  390.08061222717697    141.79242029183189    235.51638153933524      h 
  391.75098820742977    139.95608992608641    237.73264620573454      h 
  392.16093628626447    144.28706896154230    239.00167611756410      h 
  395.15675562494880    143.28727065955178    237.83638512490126      h 
  393.88138670849162    147.43230889173131    236.32495528511564      h 
  394.47836121510591    145.46179181641330    233.86861917951654      h 
  391.45079182597533    146.11698163844002    234.78253667495085      h 
  391.95469854127901    133.73416633908269    227.75274918956271      n 
  390.44613311671787    131.68961968395996    226.77814206661111      c 
  391.04214067588623    131.37978536435978    223.96836266036829      c 
  392.25540330077678    132.96777157771294    222.79904156539155      o 
  387.60816514677902    132.28872378283981    227.08087013999810      c 
  387.05506647224411    132.80702592360075    229.84565843494485      c 
  387.15675020615970    134.93375019742913    230.75083835650838      o 
  386.51975313470575    130.75704668904331    231.22028442170776      n 
  392.19612795398655    135.17959211758270    226.52664208397769      h 
  390.89530268118477    129.95433734170663    227.80566348467053      h 
  387.13476513181990    133.96980696430532    225.97850527269446      h 
  386.46195046193026    130.71426419778510    226.42430197737525      h 
  386.22934393949583    130.93257186807310    233.09386476489939      h 
  386.45833933415810    129.02425733694602    230.43550563075974      h 
  390.16694159212364    129.25564816258355    222.93920471620419      n 
  390.41467554973929    128.75690889684114    220.25761495609243      c 
  388.13594969953925    129.88511595093865    218.86514746268577      c 
  386.03941227236407    129.95834784737349    219.85981782890673      o 
  390.63062195869867    125.88751509522537    219.78494923175651      c 
  390.99572072938281    125.25384511647384    216.99320144557990      c 
  392.84537270989313    124.82084250842527    221.30293916427931      c 
  389.15000357517255    128.05529824656486    224.03200177706049      h 
  392.12884498740556    129.75001110535248    219.65653317944918      h 
  388.87209778439842    125.03460781364642    220.45574310147040      h 
  391.08693208037704    123.20907762306339    216.83353535165139      h 
  389.44295012185523    125.93418683221574    215.83682070049647      h 
  392.76025012507154    126.07054434103991    216.34202146857183      h 
  392.98020317596416    122.79209341195049    221.02696398707684      h 
  394.61227007619340    125.68619391789437    220.71263586742185      h 
  392.62444745320312    125.16273628084473    223.31611158215682      h 
  388.60011954897686    130.67486397242394    216.51622463765736      n 
  386.73248468197596    131.67134751085112    214.78019068355280      c 
  386.13227729815907    129.63468536667656    212.77756463420218      c 
  387.74332219642241    128.11420884204284    212.14170673660470      o 
  387.81722262630865    133.97186229695509    213.37990752021355      c 
  388.62089505414502    136.11942144169234    215.14706670369776      c 
  386.42112582294260    137.32315858508360    216.53268883001513      c 
  386.21962505021474    137.26580558412508    218.83197173438634      o 
  384.68890861542314    138.43841203493892    215.03550052679890      n 
  390.34777194488669    130.46568101339051    215.77169490389667      h 
  385.03240149775149    132.18206677494041    215.83590100281333      h 
  389.47176462873711    133.38353367792109    212.29424193983695      h 
  386.38035221978362    134.65395086893946    212.07187110156624      h 
  389.92560477560966    135.43155848495832    216.58621120170585      h 
  389.56913029029255    137.58830023440538    214.05105973752541      h 
  384.95539454454263    138.65484371078230    213.16756709802686      h 
  383.17786227813343    139.29484775082739    215.81195715156016      h 
  383.82067897154167    129.75636545077541    211.78033916498984      n 
  383.04994011193907    128.16739207935731    209.69106427910376      c 
  382.33588380536230    129.88065822027198    207.49022117258025      c 
  381.29227487571933    131.93494935156511    207.84522859466790      o 
  380.89279042451676    126.37168812715045    210.47939104431663      c 
  378.53330100824815    127.80725139058319    211.30558948961641      c 
  380.25353754146579    124.57929159144140    208.32620453607549      c 
  382.54774399980835    131.01946488479115    212.45128949399680      h 
  384.70086147806126    127.04075720487310    209.15330427256077      h 
  381.61190068163552    125.29292320025243    212.09063428764873      h 
  377.07594565722650    126.47357718016835    211.86498166191043      h 
  378.92884784202562    129.05358594320549    212.89031897024449      h 
  377.80662647465238    128.94416242224770    209.74974234437059      h 
  378.89120356305563    123.17623007817836    208.94518848976995      h 
  379.43664862923248    125.64238991826673    206.76725964660690      h 
  381.92860079229411    123.62534505828918    207.61956249329384      h 
  371.94130517834424    120.44469305068023    205.98872784631752      n 
  371.84049419602803    118.83003053532573    208.20151142246741      c 
  369.16802165251778    118.62045320503758    209.27706269483312      c 
  368.18889000445716    116.55875241936890    209.61966381605288      o 
  373.72088667094278    119.86387852342712    210.19098718036375      c 
  376.12262936015054    120.08731857449808    209.07252548210406      o 
  373.76845275135219    118.21972722750786    212.55349514716488      c 
  373.60461322714434    121.33320950922950    205.67794293069210      h 
  372.41780969329636    116.90244936224207    207.67684015805972      h 
  373.16569892175642    121.80189618881204    210.68133920909602      h 
  376.92992302919441    118.44880309728352    209.04279103905563      h 
  375.16235964599088    118.95629048251243    213.87023514937133      h 
  371.93081832919273    118.22320453641565    213.46734424491333      h 
  374.25913188748893    116.28333914480756    212.06935804724492      h 
  369.25560075389490    144.75340211009825    211.86938659155535      n 
  371.76387174516913    144.62754571275420    210.80302884746033      c 
  371.84052915935956    143.22924391913591    208.28001054731644      c 
  373.87359153736122    142.66899401043804    207.29291641349064      o 
  373.57314742096065    143.31641920043955    212.63302098109810      c 
  372.57087441361335    140.64879837183483    213.35915891623915      c 
  370.69190164879728    139.85787999752674    212.14858246327518      o 
  373.65540312144179    139.53133786946930    215.10805260792955      o 
  368.52809490150810    143.04165913327418    212.31702183347790      h 
  372.38866257215966    146.57454870944380    210.45202692345472      h 
  375.40788369590939    143.03371826616285    211.73093491791391      h 
  373.86105680656044    144.41589985102536    214.35176098175498      h 
  381.96632508698508    140.00402272709150    204.20696671451833      h 
  411.73735527921212    123.60604983347169    236.44441925527943      h 
  419.49301012840203    136.31742251471653    232.52122721486560      h 
  399.51043561849207    142.22479128146966    210.38296227940711      h 
  399.56291107784949    135.83129926558070    201.24996350542352      h 
  416.20865722121164    144.90827193916081    223.18043484162567      h 
  419.08730862962636    138.77350702333658    211.42971215958903      h 
  394.31026957564279    113.33187850173306    218.73987682936340      h 
  394.59919958011807    110.46731403273074    223.63218168407315      h 
  413.27955533614585    122.40309740445009    222.39766665937233      h 
  396.39226783195488    151.19437882667143    214.87028812027938      h 
  382.71213884436384    129.34718470517799    205.71683392857813      h 
  371.63232624206114    119.51894346650496    204.59585969151436      h 
  368.19838446459323    120.18365891100461    209.70979333579072      h 
  369.29091463643016    145.67892503978723    213.29582348417620      h 
  370.22968386434445    142.75855454786549    207.41127979781294      h 
   0.1040780882195D+00   0.1589951422106D-01  -0.7057756679299D-01
   0.2189274797293D-02  -0.1020781854664D-01  -0.4099282357975D-02
  -0.6054061073023D-02  -0.4337173702352D-02   0.6685550018005D-02
   0.6261221466170D-03  -0.6505558542920D-03  -0.4287556484211D-02
  -0.3647736781195D-02   0.5603334203788D-02  -0.3114145978230D-02
   0.3167929575727D-03   0.8767169007518D-03  -0.1290347355898D-02
  -0.9464350371796D-03  -0.4664941261892D-03  -0.2455077533704D-04
  -0.7590326991962D-03   0.1051707361919D-02   0.1207391193338D-02
  -0.2161346861480D-02   0.5823569249908D-03   0.3221483150333D-04
   0.7597034898858D-03   0.2097399348981D-03  -0.1590811488372D-03
  -0.1092447986572D-02  -0.9429557770683D-04   0.7892945836869D-03
   0.2192248219011D-02   0.4662045582399D-03  -0.6222078643248D-03
   0.5243457130593D-02   0.3152540631347D-02  -0.1065760782469D-01
   0.1714099435106D-03  -0.2150181543927D-03   0.8134210299454D-03
   0.1500132795860D-03  -0.9705463109824D-04  -0.1658165614554D-02
  -0.1743834572080D-02  -0.7880423212058D-03  -0.1748852359153D-02
  -0.1933234411797D-02  -0.1223634911735D-02  -0.4986984701739D-03
   0.1700323973889D-03  -0.1318946888342D-02   0.1601500400845D-03
   0.9233701633830D-03   0.4978645054059D-03   0.5638261875812D-03
   0.3210134459157D-03  -0.7828131339889D-03   0.5403776856200D-04
  -0.9078833010364D-03  -0.4220404685946D-03  -0.1295068537947D-03
   0.2554009998539D-02   0.4629784759131D-02  -0.3350021945786D-02
  -0.1259742160294D-02   0.9030725841735D-03   0.8250113663295D-04
   0.1307090448678D-02  -0.2910151571505D-03  -0.8893350849555D-03
  -0.2991181604342D-03  -0.8739412081001D-03   0.1286235773421D-02
  -0.8886256028844D-03   0.2023136604852D-02   0.1861017788081D-02
   0.3169336532781D-04  -0.8516935081233D-04  -0.3857776829093D-03
  -0.4150194185861D-04   0.1927444692607D-03  -0.8599325256445D-03
   0.3909418054046D-03  -0.2181526116619D-03   0.5331027571628D-03
   0.1339107080697D-02  -0.1448448866363D-02  -0.1971065786138D-02
  -0.1909526056327D-03   0.5681331690739D-03  -0.9788077927055D-03
   0.1672627081810D-04  -0.2683749033510D-04  -0.2939112580539D-04
   0.1460496770433D-05   0.3737101684263D-04   0.3517909593602D-05
  -0.1516421183760D-03   0.1359549890749D-04   0.1667364917088D-04
   0.1368690796893D-03   0.7667244620265D-04  -0.2072417702299D-04
  -0.4385635970048D-04   0.6044066289315D-04  -0.7279085530753D-04
  -0.3168858350832D-05  -0.7814648849841D-04   0.1592434749618D-03
   0.5642829142912D-04   0.4361030038412D-04  -0.3237373417128D-03
  -0.1958701318226D-03  -0.7553667800659D-05   0.2379040489625D-03
  -0.3750380771708D-04   0.6056623611756D-04  -0.1850968851707D-04
  -0.1166247713426D-04  -0.1987182890811D-04  -0.1211734638446D-04
  -0.7742993277220D-04   0.7613269050059D-04  -0.9525966082807D-04
   0.6968572045105D-04  -0.6739473195579D-06  -0.2120153209040D-04
  -0.5960726656790D-04   0.1723193173606D-04  -0.6016630036983D-04
  -0.4363696050986D-04  -0.7336269366227D-05  -0.1566374794258D-04
   0.2116382035777D-04   0.1447172164051D-04  -0.1172751527353D-04
  -0.6781438975858D-04   0.4049958889179D-05  -0.6397675773443D-04
  -0.2868229417271D-04  -0.3775664884011D-05  -0.5935975684508D-04
  -0.3702083865437D-04  -0.2693560653039D-04  -0.2273722939773D-04
  -0.4564922533335D-04   0.7148077652045D-04  -0.2580654442833D-04
   0.6207172978272D-05  -0.1366349594457D-04  -0.4159723253908D-04
  -0.3352904890651D-04   0.2338403569057D-04  -0.4358260606407D-04
  -0.8115824917793D-05   0.3019757262361D-04  -0.4760674645928D-04
  -0.4409526813629D-04   0.1746748733762D-04  -0.3013769879234D-04
  -0.6552406074370D-05  -0.2726710772058D-04  -0.4398805453490D-04
  -0.1539644927075D-05   0.1159279267786D-04  -0.3250024527910D-04
  -0.3414432601346D-04   0.5853001895383D-05  -0.1918611448113D-04
   0.1841575991894D-04  -0.1344319937320D-04  -0.1877054007173D-04
  -0.5128099610823D-04   0.3198171581086D-04  -0.1033137938596D-03
  -0.9287957165406D-05   0.4119559465817D-04  -0.3979753305399D-04
   0.3653942840801D-04   0.5436640289129D-05  -0.1933151284554D-03
   0.9674958168503D-04  -0.9767952664391D-04   0.1265945650048D-03
  -0.1455058250379D-03   0.8739296274259D-05  -0.4899068077788D-04
   0.1004818373311D-03   0.1198708513553D-04   0.4817129203315D-04
   0.2646221009765D-05  -0.9204417394243D-06  -0.2280807369030D-04
   0.2724306857667D-05   0.1631354132660D-04  -0.4420874727700D-04
   0.6643769148705D-04   0.2403385697074D-04  -0.3853693458179D-04
   0.2530547006529D-04   0.2693632330488D-04  -0.1838671492348D-04
   0.2869476111895D-06   0.2401078573657D-04  -0.5416635159771D-04
   0.4755970638565D-05   0.2321327018784D-04  -0.5211277513303D-04
  -0.6451175959215D-05   0.1302223042006D-04  -0.6222377409243D-04
  -0.4173888345900D-06   0.3068216200444D-04   0.9334998361939D-05
   0.1031839176422D-04  -0.1571534198360D-04  -0.7445788589304D-05
   0.1157354897829D-04  -0.7863063101959D-04  -0.4847555174411D-05
   0.5102983121803D-04  -0.8031823779652D-04   0.3727939640336D-04
  -0.2565870362795D-04   0.1381608591410D-04  -0.6155462685325D-04
   0.1249171075157D-04   0.1414331843503D-04  -0.6020766410626D-04
  -0.1616324243793D-04  -0.4885302877298D-05  -0.1684152790179D-04
   0.4695398558147D-04   0.6140857030660D-05  -0.3239872117365D-04
  -0.1017629016252D-04  -0.1647460596901D-04  -0.1237947328449D-05
  -0.4114886808261D-06  -0.1890938012036D-05  -0.7514250749943D-04
  -0.9336598024256D-05   0.1574385999127D-04  -0.4125138691083D-04
   0.1457421757237D-05   0.2012436147309D-04  -0.5092544679897D-04
  -0.4214431162660D-05   0.1409093223454D-04  -0.6180438472843D-04
  -0.3948457440748D-04   0.9304365352505D-04  -0.7134624781176D-04
   0.1011269196898D-04   0.3063756064320D-04  -0.3551076264829D-04
   0.2629037391037D-04   0.1516642455502D-04  -0.2277426586040D-04
   0.1245224503235D-04  -0.5507166246638D-05  -0.5947683605552D-04
   0.3871151173698D-04   0.2603849898340D-08  -0.3248378740390D-04
   0.1881548327228D-04   0.1022943653271D-04  -0.3100857375355D-04
   0.2750058186251D-04   0.4303965974795D-03  -0.1238990369006D-03
  -0.9908728608549D-04  -0.2064844989494D-04  -0.8389772235255D-04
  -0.1662482211574D-04   0.1603789185163D-04  -0.1295177960811D-03
  -0.4493482412203D-04   0.4805345632552D-05   0.5551426514013D-04
  -0.6007065323684D-05  -0.1331630829357D-03  -0.4946874522177D-04
  -0.2737927252892D-04  -0.1538646299632D-03  -0.1757886732254D-04
  -0.8839015983970D-05  -0.1104204203750D-03  -0.3069674727485D-04
  -0.1338059725384D-04   0.2025775584021D-04   0.5493769056414D-04
   0.1557438993445D-03  -0.1025288238338D-03   0.9345086849641D-05
  -0.8774433543929D-04  -0.3659503877401D-04  -0.2311028993430D-04
  -0.5645708205257D-04   0.1363833305961D-04   0.1220717768230D-04
  -0.1959645284438D-05   0.2412869214503D-04   0.8658603954253D-05
  -0.2958822395803D-04  -0.2314873423422D-04  -0.1472496366488D-03
  -0.7355226172850D-04  -0.7248999037887D-05   0.8242436643961D-04
  -0.2138223054152D-04   0.4159402955171D-04   0.2775380992564D-04
  -0.1014853426883D-04   0.3792304851139D-04   0.4260562705803D-05
  -0.1360737915883D-04   0.6755961754253D-04   0.8076394053068D-04
   0.4574027858089D-04   0.4978608333300D-04  -0.1499191870197D-04
  -0.3379453480635D-04   0.5532167361576D-05  -0.2774435917894D-04
  -0.2180196240597D-04   0.1127257023696D-04  -0.2675060348212D-04
  -0.2598875281209D-04   0.2397795040302D-04   0.3118901790093D-04
  -0.1960028626617D-04   0.2457362894292D-04   0.4699668485274D-04
  -0.1521055634531D-04   0.1162109548243D-04  -0.1552360902528D-04
  -0.2479531099265D-05   0.4106623197160D-04   0.3528440863391D-04
  -0.2703143498937D-04   0.1000265687553D-04   0.5268457737129D-04
  -0.8577279122230D-05   0.6368697055981D-04   0.7152399249660D-04
   0.4910979076553D-04   0.7104846088253D-04  -0.3254325592053D-04
   0.5935801231675D-04   0.8503169326523D-04   0.1737562568095D-04
   0.5266344072147D-04   0.4139211417180D-04  -0.3208918831002D-04
   0.3769752812676D-02  -0.1777172125409D-02  -0.4936537097055D-04
  -0.2915818359114D-03   0.3757845786589D-03  -0.1431055723570D-03
  -0.3268093410878D-02   0.1449370710499D-03  -0.4006185634623D-02
   0.1079300313171D-02   0.2876915332309D-03   0.8541188286664D-03
   0.3791666149719D-02  -0.3286911392209D-03   0.3540149399505D-02
  -0.6980706756042D-02  -0.1491475271146D-01  -0.1343810507599D-01
   0.3260574633032D-02   0.6899851947693D-02   0.6205996787054D-02
   0.7202425337455D-03   0.8389651431380D-02   0.4398252158995D-02
  -0.3949438245252D-03   0.6592995075535D-03   0.2126513776469D-02
  -0.1184318818897D-02   0.4335977983991D-03   0.8013171135279D-04
  -0.9233780393644D-05  -0.1580497150920D-03  -0.1411031133415D-03
   0.8942951253932D-04  -0.2411367147731D-03   0.2142660307111D-03
   0.1274743926085D-02  -0.4676060013516D-03   0.1533914413844D-02
  -0.2931686064337D-02   0.4892829875400D-02  -0.3862611937994D-02
  -0.3892349322850D-01  -0.6314105515317D-01   0.6559174231608D-01
   0.2500221266333D-01   0.7593991839940D-02  -0.9716296578216D-02
  -0.9015710720520D-04  -0.7208321315884D-03   0.5027720355365D-03
  -0.1541958396568D-02  -0.1776991847356D-02   0.8065710149422D-03
   0.1086210053108D-02   0.5702818579985D-03  -0.9535671498116D-03
   0.1354933843145D-02   0.1700496934246D-02   0.4794292054923D-03
  -0.1478013099757D-02   0.1795774870118D-02  -0.2203961614652D-04
  -0.6715414817480D-03  -0.2713523483227D-03   0.1694165495090D-03
  -0.1178666006205D-03  -0.1400242847180D-03  -0.5513533487172D-04
   0.2435897038282D-03  -0.4234093407506D-03  -0.2987694262753D-04
  -0.3873860733572D-03  -0.8983822887380D-03  -0.2534393059667D-03
  -0.6075383276963D-03  -0.2687943160752D-04  -0.6133412884160D-04
   0.4997132588200D-01  -0.7685589157392D-01  -0.8390066208859D-01
   0.6507478158766D-02   0.5066790440289D-02  -0.7852647303644D-02
  -0.5199865901702D-02   0.1306017912215D-01  -0.7710441236276D-02
   0.2203553358091D-02  -0.4299279131711D-02   0.5722607228039D-02
   0.7672295787326D-02  -0.3516519679076D-02   0.5133593536408D-02
   0.7298923590722D-03  -0.1611445425532D-02   0.1311638299399D-02
   0.2032005149650D-02   0.1200943387284D-03   0.2236894205930D-02
  -0.6970156983915D-03  -0.4544460359508D-03   0.1436275191419D-03
   0.9200959820374D-02  -0.6808586533920D-02  -0.4315798124299D-02
  -0.1883663254779D-02  -0.2574993491843D-03   0.1817389214194D-03
  -0.3811157403809D-03  -0.1771359157695D-03  -0.1087950620068D-03
  -0.4259190694274D-03  -0.1041964177726D-03   0.3751686449877D-03
   0.1770726353758D-02   0.1805005965441D-02   0.7814664026280D-03
   0.5270434869843D-03   0.8348052488450D-04   0.8112746049593D-04
  -0.5657629397923D-03   0.8888174004665D-03  -0.3748820346084D-03
   0.2532412725028D-03   0.1244901490616D-03   0.5123986774433D-03
   0.8076347793630D-03   0.1131506125144D-02   0.3764767511361D-03
   0.3330888977476D-04   0.6158592520918D-03   0.4314188765059D-03
  -0.3085038681920D-04   0.5384548220422D-03  -0.1512309793426D-03
   0.3587146790354D-02  -0.4583273250924D-02   0.5457145023028D-02
   0.3339208661611D-03  -0.1090768389315D-02  -0.5104546020717D-03
  -0.2849746782697D-02  -0.7076906230570D-06  -0.2938068476494D-02
   0.4777665763363D-02   0.1324241098427D-02   0.2593213852535D-02
   0.3146717067425D-02   0.6487056595849D-03  -0.6338597013966D-03
  -0.6637673722994D-02  -0.6070377365121D-02   0.4896537494381D-02
   0.1708035608246D-02   0.1924850293837D-02  -0.3997550318979D-02
   0.3857743898789D-02   0.2695602036374D-02  -0.2106156529659D-02
   0.7505414170901D-03  -0.1197520925010D-02  -0.4722494428404D-02
  -0.9323570174134D-03   0.5256664721180D-03   0.6752263545408D-03
  -0.8671505471839D-03  -0.2511585397399D-02  -0.3159976914040D-04
  -0.6201087684624D-03  -0.6361156273385D-03   0.9341789152386D-03
   0.5112127727499D-03   0.1617998086306D-03   0.2017505422530D-02
   0.7199149448232D-03  -0.9681090549339D-03   0.3542607674319D-03
  -0.3349006278334D-02   0.7133803941221D-02  -0.2762649875926D-02
   0.1405892602427D-02  -0.4051244925781D-02   0.7825814900115D-03
  -0.4304420092540D-03   0.2781552237994D-04  -0.6491179740874D-03
  -0.3442313974998D-03   0.8303813702173D-04   0.2039109825962D-03
  -0.6430642362221D-03  -0.8591138709028D-03  -0.2052632097149D-02
   0.1573744563845D-03  -0.1473076224097D-03  -0.4904116279056D-04
   0.5688045604417D-04   0.4812477582141D-04   0.7339809601657D-04
   0.2707132714595D-04   0.6984901331570D-04   0.5840764296126D-05
  -0.7082696882933D-04  -0.1084653394014D-04   0.3462976917411D-04
   0.4867871551071D-04  -0.1208072397642D-03   0.1832717888772D-04
  -0.1983609169792D-04  -0.3488472592459D-03  -0.7197103388913D-04
  -0.2156014382292D-04  -0.4756875075986D-03   0.4248948987213D-03
  -0.5051534501128D-03   0.1991678959475D-03   0.2770386264407D-04
  -0.7675074508366D-04   0.2552024918995D-03   0.2497676158228D-03
   0.3359777762430D-04  -0.1062304881013D-03   0.8434565146330D-04
  -0.1115561200467D-03  -0.2946397495300D-04   0.2170270685042D-03
   0.1834580124702D-04   0.3989280197207D-04   0.1861499933444D-03
  -0.3581345838102D-04  -0.3112269788201D-05  -0.5198053522211D-04
  -0.1024228725666D-04   0.4137878455687D-04   0.3968603078498D-04
  -0.5848233928939D-04   0.3935378682799D-04   0.2254600188300D-04
   0.1247557127228D-04   0.1901053585517D-04   0.1298988031931D-04
   0.1388740848971D-04   0.4514849723037D-04   0.4184704554481D-04
  -0.7110565834587D-05   0.4212750073720D-04   0.5065476782431D-04
  -0.3135960266240D-04   0.5143537090819D-04   0.1610499703960D-04
   0.1392216210455D-04   0.4964138811115D-04   0.3725225809054D-04
   0.1586931503111D-04   0.6489903742976D-04  -0.1090884823195D-04
  -0.7817508148716D-04   0.2908146597077D-04   0.4911387848474D-05
   0.7775124156061D-05   0.3795527079774D-04   0.3184258402713D-04
  -0.1704335359862D-04   0.3486535914310D-04   0.5746012658002D-04
   0.2134669401104D-04   0.6132626628122D-04  -0.4656143956677D-05
   0.4292871540156D-04   0.6256259254001D-04   0.1000684536915D-05
   0.2744348169179D-04   0.7355821220864D-04  -0.6379517912882D-06
   0.1825260724529D-04   0.8308576310404D-04   0.1004511985486D-03
   0.2016717989855D-04   0.5212100548906D-04   0.3756511135668D-04
   0.1892946985819D-04   0.4118166094318D-04   0.5713692933256D-04
   0.1966522588066D-05   0.2895715878468D-04   0.4032611688416D-04
   0.1208549561196D-02   0.7824023753524D-03  -0.6306985410789D-03
   0.1551925430712D-02  -0.7996531622341D-03  -0.2354699027744D-03
  -0.7156544184169D-03   0.4294982533425D-02   0.6811421493496D-03
   0.7145207376839D-03  -0.2780483800290D-03  -0.1193050424847D-02
   0.1894043023332D-03  -0.1298873982357D-03   0.7525320423375D-03
   0.1605787781847D-02  -0.8056621026024D-03   0.1374450242835D-02
   0.9059518234505D-03  -0.5318970806193D-03   0.1009586066534D-02
   0.4706735675054D-03  -0.4750697575885D-03   0.2397520024910D-02
   0.2425284461659D-02   0.8595721766245D-03  -0.7075895315420D-03
   0.6702356234766D-03  -0.1641668722549D-03  -0.7366077121471D-03
  -0.4674554312198D-03   0.3758111991286D-03  -0.5778231521664D-03
   0.2068579772174D-03  -0.5294520716332D-03  -0.1912098547711D-03
  -0.6029995032989D-03   0.1210760777155D-02   0.7912506857748D-03
  -0.1391624896496D-02  -0.6771377221077D-04  -0.1628344109169D-02
  -0.3934176055958D-03   0.5669737484696D-03  -0.9924992676351D-03
  -0.4248453435718D-03   0.1650062903462D-03  -0.5789543116291D-04
   0.3554463935206D-03  -0.3695927072945D-03  -0.9663841321659D-03
  -0.8439278358040D-03   0.3541907295958D-03  -0.5143790993871D-03
   0.4453296571416D-03   0.2652717890099D-03  -0.6523066663681D-03
  -0.2026921156364D-02  -0.9289814454119D-03   0.1569211941443D-02
  -0.1434201963625D-02   0.1996243913364D-03   0.2775526850897D-02
   0.2491403100841D-04  -0.9484304641281D-03  -0.3835245005165D-03
  -0.1261634537785D-03  -0.3545986466519D-02   0.6345027006106D-03
  -0.4668532579213D-02  -0.5117091859579D-02   0.9463207038419D-02
   0.8904238598564D-02  -0.5297429740584D-01  -0.7722541421588D-01
  -0.6680855111548D-02   0.2541671967591D-01   0.1483128809680D-02
   0.1587380083805D-02   0.4912297005848D-03   0.1343252083223D-02
   0.1746248415884D-03   0.1267830910313D-02   0.7107057441333D-03
  -0.9341517497831D-03   0.6462213119740D-03  -0.6430087371233D-03
  -0.1251403466979D-03  -0.1327722673814D-02  -0.2873511898487D-03
   0.6082708808258D-03   0.4409718680023D-03  -0.3328089855191D-03
   0.5312356789564D-03  -0.6145658220170D-03   0.9932053474035D-03
   0.2573216741353D-03   0.6560718592804D-03   0.6924633628040D-03
   0.2211609693424D-03   0.4332322420644D-03  -0.8630987156462D-03
   0.5848096251402D-03   0.3548155133483D-03   0.1620193054495D-02
  -0.5827787471979D-05  -0.5812001279884D-03  -0.8018724618642D-04
   0.3077495831844D-04   0.3646738788948D-03  -0.5048885357541D-03
   0.5969787358736D-04  -0.6817451585284D-03  -0.5394252098436D-04
   0.1293205910446D-03   0.1303511761811D-02  -0.5682943342929D-03
  -0.4797345063174D-03  -0.9307237239898D-03   0.3082335722836D-04
  -0.2822268072562D-03   0.4758445736249D-03  -0.4696307051255D-03
   0.1851369011651D-03  -0.2664915379140D-03  -0.1704070655611D-03
   0.1191280135066D+00  -0.1725908082379D-01  -0.3860294609555D-01
  -0.2680035089617D-02  -0.5502928690570D-02  -0.6673272847648D-02
   0.9988967302002D-02   0.4820324855557D-02  -0.4674666973029D-02
  -0.2088059561235D-02   0.1725739973021D-02  -0.5510115490206D-03
   0.7417696553331D-02  -0.1895828607561D-03  -0.8052785744929D-02
   0.8793302485785D-03   0.3253358560892D-02   0.5972325736540D-03
   0.8921619422118D-03  -0.4863820889704D-03  -0.1025809271806D-02
  -0.7260068570872D-02  -0.3675160115400D-03   0.6108909120025D-03
  -0.8037379441822D-03   0.7248346938339D-03   0.1843157469946D-03
   0.5222467673695D-02  -0.5598792788426D-02  -0.2559012352162D-02
  -0.3966366166147D-02   0.2704606590097D-02   0.3168216309604D-02
   0.5241318914254D-03   0.5996300634592D-03  -0.3395827086603D-03
   0.2642939327107D-03   0.3016707426479D-03  -0.2084149132793D-03
   0.5648048035669D-03   0.4263998354823D-03  -0.5975908757979D-03
   0.2331311082488D-03  -0.1005066513877D-02   0.7460639036742D-04
   0.8178788558612D-03  -0.8161225864060D-03  -0.1520723214723D-03
  -0.1528771403665D-02   0.1048631859450D-02  -0.6092469112289D-02
  -0.3150688163929D-03  -0.4268132024396D-03   0.9856676449197D-04
  -0.1248763310232D-02  -0.8870270486134D-03  -0.6483768390642D-03
   0.3257670543171D-03  -0.2379648169474D-03   0.3803525561309D-03
   0.8396542214383D-04  -0.5518158876158D-03   0.2146276658863D-03
  -0.7841146136576D-03   0.6447091794343D-03   0.5084750462906D-03
  -0.1048716714620D-02   0.3871550537151D-03   0.1047631507384D-02
   0.2463922128480D-04   0.1251746300082D-04   0.8093643758136D-04
  -0.3914268778890D-03   0.3980558544150D-03  -0.4015972074693D-04
   0.1354283747784D-04   0.4912428322386D-04   0.1260775581191D-03
  -0.6480846140150D-04   0.1541066647047D-03  -0.6008337351089D-03
   0.2199247266344D-03   0.5732595792375D-03   0.1665118952748D-02
  -0.3506380365471D-03   0.7653591681179D-03  -0.9541895492757D-04
  -0.2955649119422D-04   0.4135743489941D-04   0.3111366663441D-04
  -0.4355974256417D-05   0.3020004701036D-04   0.2825739283966D-04
   0.9895317041677D-05   0.1670986305160D-06   0.2550575063167D-04
   0.3344981214045D-06   0.2214124266769D-04   0.4733612136370D-04
  -0.8090904248464D-05   0.1768333756007D-04   0.3081341164371D-04
   0.7240985547622D-06   0.1746174960735D-04   0.2289541609025D-04
  -0.1360068143318D-04   0.1750772648818D-04   0.4196560538216D-04
   0.3417227185191D-04   0.6445238092041D-04   0.1509649790609D-04
   0.8120966984436D-05   0.2204026106334D-04   0.1752356206745D-04
  -0.5335973128223D-04   0.1773625920933D-05   0.1231885305716D-04
   0.2339313528674D-04   0.4419949782998D-04   0.3723722142581D-04
  -0.1597274393919D-04   0.1388696062554D-03   0.7258081482320D-04
   0.3181173337943D-04  -0.2400627855711D-04  -0.4137830099599D-06
   0.8404630130736D-05   0.2673627122611D-04   0.4864017720460D-04
   0.3041906510682D-06   0.1104641925226D-04   0.3294478815620D-04
   0.1400046730145D-04   0.2715021642746D-04   0.4299723262318D-04
  -0.3222125138693D-04   0.1474985054081D-04   0.6481743809506D-04
  -0.1089346829713D-04   0.2451254352691D-04   0.2612388796298D-04
  -0.9490436558256D-05   0.3496779854419D-04   0.6977222484478D-04
  -0.4461135207426D-04   0.6334155258139D-04   0.9219869281120D-05
   0.7330392211731D-04  -0.1270614517108D-03   0.1374388573554D-03
   0.1734427797887D-03  -0.1565038592696D-02   0.1195673488760D-02
   0.4912111281415D-03  -0.1268298400872D-03  -0.5435934486447D-03
   0.1103487285247D-02   0.1261601478307D-02   0.2164640424739D-03
  -0.3740399551065D-03  -0.2874641227210D-03   0.8168824161064D-03
   0.3365734400264D-04  -0.8282819470745D-03   0.5263748211380D-03
   0.5911323054840D-03   0.8343043009510D-03   0.2349020389276D-03
   0.1157265292865D-02  -0.1802756885647D-03   0.2966649701027D-04
   0.2910227497978D-03   0.6473768805122D-06  -0.2970350564299D-03
  -0.2629687178181D-03   0.1094652680037D-03   0.7313061601139D-03
   0.7615499191583D-03  -0.4645693321378D-04   0.2730773615774D-03
   0.3080096171273D-03  -0.6482019437590D-03  -0.1057395999415D-02
  -0.7768641823707D-03   0.1630232843210D-02   0.9835820091039D-03
   0.5785281961881D-03  -0.3953010223802D-03  -0.6597702593882D-03
  -0.3036165133762D-03  -0.3634956281099D-04  -0.6557790188829D-03
   0.2528858189233D-03   0.2714167362965D-03  -0.2591672881617D-03
   0.6955516048787D-04   0.6658152923311D-05  -0.2073455944569D-03
  -0.6730730722123D-03  -0.4247294392326D-03  -0.1629822520310D-03
  -0.1832452747375D-03   0.2485504477588D-03  -0.3599182045337D-03
  -0.9281724218817D-03   0.1936560579234D-03  -0.8042533913791D-03
  -0.9803477726665D-03   0.1538205187579D-03   0.8072174462967D-04
   0.1520755720968D-02  -0.1009621694527D-02  -0.7262193301535D-04
  -0.1386641503375D-02   0.3317203434250D-02   0.3466907652901D-02
  -0.2394273100213D-02  -0.6032373497882D-02  -0.3893682080456D-02
  -0.2269864194737D-01   0.5117242804920D-01   0.6987257998519D-01
   0.1619182226728D-01   0.8004892922567D-03  -0.8196224232999D-02
  -0.1961660493059D-02   0.6390632032874D-03   0.1013671020368D-02
  -0.4131310294982D-03  -0.1813029893661D-02  -0.3060903301626D-02
  -0.1221488966456D-02  -0.9776541450289D-03  -0.1529121952391D-02
   0.1596909407800D-02   0.3323149765970D-03   0.3395401916034D-03
   0.2623299505754D-03  -0.2810058701218D-03  -0.1132017554059D-02
  -0.6297653327326D-03  -0.4288124650491D-04   0.6695155749135D-04
  -0.1441230199173D-01   0.1064509682636D+00  -0.5753568387748D-01
  -0.6670148387148D-02   0.4685931581655D-02   0.1857561299056D-02
  -0.1398523522134D-01  -0.9815788504575D-03   0.1934734975332D-02
   0.5234839763912D-02  -0.9358719515521D-03   0.2704280511939D-02
   0.7629161493071D-02   0.5063470319229D-02   0.3764146168523D-02
   0.6996149931362D-03   0.3286172160818D-03   0.4066629353322D-02
   0.3024715289674D-03   0.1210472895433D-02  -0.3875059699945D-02
  -0.1707131059231D-03  -0.4789049481251D-03   0.8572854782030D-03
  -0.3315821849421D-03  -0.1410241301375D-02   0.2132283318330D-02
   0.1501636133536D-02   0.1417497442886D-01  -0.7854155541787D-03
   0.3842109795671D-03   0.1090854457096D-02   0.4111447201208D-04
  -0.1799474365002D-03  -0.7256082165407D-03   0.6167679354458D-03
  -0.1766455558804D-03   0.4410526252525D-03  -0.9030202548615D-03
  -0.3733776970276D-03   0.8562860991140D-04  -0.7205696543949D-03
  -0.1966470644786D-03  -0.1552475588207D-04  -0.5876376726170D-03
   0.6407665425138D-02   0.9697667555811D-03  -0.1874694335888D-02
   0.7223164859084D-03  -0.6963051878319D-03   0.1075708409248D-02
   0.1340656287188D-03  -0.4328999217224D-02   0.4628148186484D-03
  -0.1269107567233D-02   0.2406283164086D-02  -0.1657132368160D-02
  -0.2839855236701D-03   0.9311310013219D-05   0.2500778508294D-03
  -0.3935255198971D-03   0.5467694707483D-03   0.3405601282273D-03
   0.3201065483131D-03  -0.9874342177539D-04   0.6030222484209D-03
  -0.3074786537715D-03   0.7949953795587D-03  -0.2213189536600D-03
  -0.3269697100930D-02  -0.1899972092189D-02   0.1735462770898D-02
   0.8229102352750D-03  -0.3673688833164D-03  -0.2014542422271D-02
   0.1067999692632D-03   0.1937635713900D-03  -0.1083744555492D-03
  -0.2421876362980D-03   0.1679593655271D-03   0.4215441024288D-04
   0.2047696153159D-03   0.8083046479532D-03  -0.7479780907371D-04
   0.1471047602274D-03   0.3454820149835D-03  -0.1811192194501D-03
  -0.1667615877957D-03   0.1266931474388D-03   0.1230154260154D-03
  -0.3852094380356D-04   0.2015686666873D-03  -0.5440120025704D-03
  -0.2400855301542D-02   0.2227468046609D-02  -0.1531969673543D-02
   0.8594026972853D-03   0.1768247246643D-02   0.1395705900980D-02
  -0.2251435065972D-02  -0.3842330616953D-03  -0.4343322659161D-02
  -0.2966053533284D-03  -0.5485208585057D-03   0.1361740963478D-02
  -0.3144082665696D-03   0.7208332481212D-03   0.1266443080670D-02
   0.1344229005445D-02  -0.2945201446943D-03  -0.1829921210878D-02
   0.5101559762265D-02  -0.1490720645919D-03   0.3335511939421D-02
  -0.1411363395900D-02  -0.4581262375938D-03  -0.7553783399850D-03
   0.4671029854353D-03   0.3476921944939D-03  -0.2777633817151D-03
  -0.5138914525613D-03  -0.3372150279993D-03  -0.1390536072305D-03
   0.1747516885089D-03  -0.8269849776843D-03   0.4531516424931D-03
   0.5526519894240D-04  -0.2137912339300D-04   0.1716349789569D-03
   0.8089692064590D-04   0.4902916505607D-04  -0.3013420722115D-04
  -0.1687738363798D-03  -0.1138204593221D-04  -0.4240191578291D-03
   0.2269819692962D-03   0.1184140088414D-03   0.1580901440058D-03
   0.1519165762062D-04   0.6404596069079D-04  -0.4164388286991D-04
   0.1156382663664D-04   0.2494273142250D-04  -0.1956692126754D-04
   0.3515055896422D-04   0.4138704751026D-04   0.6958053950531D-05
   0.5526797361245D-04   0.3963511544104D-04   0.1717542787803D-03
  -0.3995012169232D-05   0.9290089813130D-04  -0.5598848138888D-04
   0.5476214531989D-04   0.4269568178965D-04  -0.1727612525542D-04
  -0.2937137240272D-05   0.4665504687718D-04  -0.4049810400078D-04
   0.6616243844061D-05   0.4088904565134D-04  -0.3531261370101D-04
  -0.1608365229298D-04   0.4459515143866D-04  -0.3233084223707D-05
   0.2066719241894D-04   0.4111337226245D-04  -0.1140746316421D-04
   0.3826328249300D-05   0.3306040082512D-04   0.1714441864610D-04
   0.3789855992902D-04   0.2613264027491D-04   0.1172220900941D-04
  -0.9146474455243D-03  -0.3488098414034D-02   0.2829613651697D-02
   0.1481609422137D-03   0.3526079368933D-03   0.1972932126137D-03
   0.4230138947587D-02   0.2218250039505D-02  -0.3614682633912D-02
  -0.1856239749482D-02  -0.7631919610212D-03   0.2814064368306D-02
  -0.7908849376514D-03  -0.1246587542830D-02   0.5936198393896D-03
   0.1289177201109D-01  -0.4630480381195D-02   0.1936970250232D-02
  -0.5021531835133D-02   0.5105218871318D-02  -0.1342864409711D-02
  -0.6076912512812D-02   0.1022315281036D-02   0.2879972220535D-02
  -0.7863186462289D-03  -0.8826345770236D-03  -0.1801151973292D-02
  -0.2369221531379D-04   0.3105807037048D-03  -0.6596634241116D-04
  -0.7772176780647D-03  -0.4605571665731D-04  -0.2082222428050D-03
  -0.1191369678771D-03   0.1686668307720D-04   0.7616003170404D-04
   0.8742892988360D-03   0.1174393101671D-03  -0.5479361098439D-03
   0.3409621041269D-02   0.5765719707640D-02  -0.4953789150521D-02
   0.3715174039461D-01  -0.8100106648608D-01   0.1804583720127D-01
  -0.1806977610946D-01   0.6349420731195D-02   0.5368501798088D-02
   0.8127598119314D-03   0.3299966833803D-03   0.1921616030581D-02
   0.5060649816654D-03   0.8828170186940D-04  -0.3533399484210D-03
  -0.1017639648585D-03   0.6172571018950D-03  -0.9291972285794D-03
  -0.6564864740101D-03   0.5689237091770D-03   0.4200771199953D-06
  -0.8092609485366D-03   0.8728812711066D-03   0.3299980350837D-03
   0.3062825468752D-03   0.4717027608563D-03  -0.6952636932393D-03
   0.3060256676458D-03  -0.5186975110595D-04   0.4037219423015D-03
  -0.1592605253188D-03  -0.2786882738911D-03  -0.1919524800485D-03
   0.1606475133301D-03  -0.6017681149631D-03   0.5434463500778D-03
  -0.9138575080792D-04  -0.2394872571559D-03  -0.2204334277872D-03
  -0.1808652347117D-03  -0.3392043799148D-03   0.6362757417803D-03
   0.2790957783716D-03  -0.3031397233941D-03   0.3348304863042D-03
   0.2712094558400D-03  -0.2064966117090D-03  -0.1011495312450D-04
   0.3905987135952D-03  -0.5886116176875D-03   0.6927511740346D-04
   0.2763333272375D-03  -0.3507248211085D-03  -0.2096000275520D-03
  -0.1589606676811D-03   0.2454265554988D-03  -0.1272839831120D-02
   0.1052757210721D-02  -0.1274662103745D-02   0.7300819901858D-03
   0.5611686361338D-03   0.2538606712811D-03   0.1641796415215D-02
  -0.6497166158895D-01  -0.1114437388749D+00  -0.1477305788409D-01
  -0.3856202379794D-02   0.1317361833854D-02   0.6976012722511D-02
   0.1238050769568D-02   0.2723780335807D-02   0.7417880198761D-02
  -0.1079221985251D-02  -0.1173713431816D-02  -0.6058213636515D-02
  -0.2225669477676D-02   0.1040003189124D-02  -0.8270998399983D-02
   0.4147569416459D-02  -0.2451465510812D-02   0.1693259473747D-02
  -0.2267936792146D-02   0.7278104086287D-03  -0.1532567957785D-02
  -0.2409851716532D-02   0.2328949742287D-02  -0.1133691204637D-02
  -0.8047148441366D-02  -0.6950745585558D-02  -0.9268984647359D-02
  -0.1588680130961D-02  -0.7480890248791D-03  -0.1813298159449D-02
  -0.1255677045961D-02   0.1330612795887D-02  -0.1536439711561D-02
  -0.4443909204943D-03   0.4013434174249D-03   0.2229775355517D-03
   0.1124328801409D-02  -0.1429784057652D-03   0.2061770302268D-03
  -0.9505064801657D-05  -0.7626400173560D-04   0.1193837811660D-04
   0.1016482491000D-03  -0.8941266940822D-04   0.1342371080810D-03
   0.5004679592949D-04   0.6746227597085D-04  -0.7379085187449D-04
   0.1011183907341D-04  -0.1386534809529D-04  -0.1532656241708D-04
  -0.5588401366352D-06   0.6237343017123D-04  -0.5748822947550D-04
  -0.1863216667934D-04   0.6372720089137D-04  -0.1029064669967D-04
   0.1070659411442D-04   0.5809608439946D-04  -0.4707090376472D-04
   0.4180645361053D-05   0.8984490801341D-04  -0.7432594764047D-04
  -0.9135109613070D-03   0.6253353215489D-03   0.8342908959705D-03
   0.5039946867316D-03   0.3261307728496D-03  -0.2438240558574D-03
   0.2029553503322D-02  -0.4676378650184D-03   0.3154307736598D-02
  -0.1363840968456D-02   0.2853468961556D-03  -0.3034558300325D-02
   0.4453358471523D-03   0.1115497053341D-03   0.1736408235743D-03
  -0.1425182446431D-03   0.3727585033372D-03   0.6226905070608D-03
  -0.2646127386123D-02  -0.1066175747946D-02  -0.7664347267911D-03
   0.2449513789861D-03   0.2790035457643D-03  -0.2773759981492D-05
   0.8252556311294D-03   0.3542778722197D-03  -0.3476099495410D-03
   0.8712411583898D-04  -0.1614184101944D-03  -0.9819406459661D-04
   0.4026297065876D-04  -0.1264588542937D-03  -0.4770839058915D-03
   0.1615029324376D-03   0.2388969282578D-04  -0.1988544982221D-03
  -0.4284114815986D-03   0.4476865778845D-03   0.4226380176744D-03
  -0.1033467383268D-03   0.1153911890086D-03  -0.5421083260846D-03
   0.2546901513175D-03  -0.3089104045780D-03  -0.9388690135412D-04
  -0.1012813787678D-02   0.4521530315525D-03  -0.1411101975643D-02
  -0.4492468221478D-02   0.1096159604289D-02   0.3785669110096D-02
   0.1408941561571D-01   0.1532946957388D-01  -0.9869181630980D-01
   0.1957474495267D-01  -0.7577032654398D-02   0.2232209674970D-01
   0.5286885516944D-03  -0.1793686698989D-02  -0.1402642411301D-02
   0.2027728522602D-03   0.5861880902977D-03   0.1568209625622D-02
   0.8466239447614D-03   0.6141876200694D-03   0.1021867565107D-02
  -0.2170988647102D-03  -0.1608805032296D-02   0.6482891900236D-03
  -0.8582687462389D-03  -0.1330896532584D-04   0.7919175957771D-03
  -0.5130291133035D-03  -0.1257449355446D-03   0.4961900162504D-03
  -0.2465006468888D-03   0.3285124234544D-03   0.5975129138539D-05
  -0.4011808312362D-03   0.1991292288272D-03  -0.7791008301180D-03
   0.5440475156610D-03   0.6903938949101D-04  -0.1079830891907D-03
  -0.2074514104115D-03   0.2513501342737D-03  -0.1120416826704D-04
  -0.2216684392952D-03  -0.3176130797194D-03  -0.1087590336627D-03
  -0.1674744998838D-03  -0.1483722837923D-03  -0.4174918056839D-03
  -0.5883144817592D-01   0.9561485681742D-01  -0.4531652641069D-01
  -0.1440999252945D-02   0.8857452913117D-03   0.7159538109479D-02
   0.2017166954245D-02   0.2131124691351D-02   0.8146688765841D-02
  -0.1751395224311D-04  -0.7020922757031D-04  -0.1862659876400D-02
   0.6819934199849D-02   0.3696805791776D-02  -0.7094718593224D-03
   0.5210471193856D-03   0.1326934884045D-03   0.4644052856602D-02
  -0.7440855788001D-02  -0.5819960171304D-02  -0.4051437164701D-03
   0.9013162518004D-02   0.3127797982872D-02  -0.3115985089321D-02
  -0.8917448487456D-03   0.2196060092833D-02   0.1282856789556D-02
   0.1869491248509D-02   0.1508624431919D-01  -0.3503572308002D-02
   0.1410473759606D-02   0.2629412114135D-02  -0.1199290996723D-02
   0.2947226982122D-03  -0.3897072227998D-03  -0.1000554421379D-02
   0.1669594578593D-02   0.2258685804176D-02   0.3692989110648D-03
  -0.2222769423827D-03  -0.6394945259497D-03  -0.2769044264519D-02
   0.4444563509411D-03   0.1388618770581D-02  -0.1531824376133D-02
  -0.1444326615218D-02  -0.3070744828822D-02  -0.2685856528852D-02
  -0.6196996345144D-04  -0.7041213989257D-03   0.2821740728492D-03
  -0.1354271463549D-02  -0.1801414264892D-03   0.2181594677241D-02
   0.1996352231385D-02  -0.7730064405472D-03  -0.1074731574911D-02
   0.2820189983345D-03  -0.6665730542359D-04  -0.9889993062963D-03
   0.5041944728359D-03  -0.1178996293374D-03  -0.2451370321149D-03
  -0.1515124395366D-02   0.1014010567656D-02  -0.6937987992823D-03
   0.6066504668778D-03  -0.1309638059816D-02  -0.6309646503081D-04
   0.4521787243589D-03   0.3508180613378D-02  -0.2114709750836D-02
   0.3399143939937D-03   0.4045992443998D-03  -0.5359635467217D-04
   0.1243727191780D-03   0.9488144442453D-04  -0.2658255462950D-03
  -0.5783135198975D-04  -0.2355031520018D-03   0.9202743671232D-03
  -0.4160078669698D-04   0.1590534460633D-03  -0.5561485681902D-05
  -0.7125620125992D-04   0.9307088412460D-05   0.2564278980610D-04
  -0.1328214554565D-05  -0.3140122509449D-05   0.5458980765708D-04
  -0.1250815967137D-04   0.2756947479091D-04   0.4790706774049D-04
  -0.2925285017832D-04   0.4167795111220D-04   0.1271871634224D-04
  -0.2460869907317D-04   0.3583197341784D-04   0.2928100424422D-06
   0.3901930363718D-05   0.3594653326715D-04   0.2057498454517D-04
   0.1092539332220D-03  -0.1204944052944D-04   0.2115950733556D-04
  -0.1377832636142D-03   0.8289643477598D-04   0.5046624394611D-04
   0.1731361561219D-04   0.6076843068844D-04   0.1488050782416D-04
   0.1734608014869D-04   0.2335101095794D-04   0.5602544487855D-05
  -0.2214157332244D-04   0.5524362413855D-04   0.8214541214850D-05
  -0.8726522311839D-05   0.1990591430928D-04   0.2030653062478D-04
   0.5875405189521D-05   0.2191110110552D-04   0.1834280700683D-04
  -0.1255111377418D-05   0.4919469642309D-04   0.1993736338133D-04
   0.9424923862590D-05   0.4883148554473D-04   0.3730009569434D-04
   0.3490504359102D-04   0.3327905618014D-04   0.1349109976547D-04
  -0.7312076953571D-05   0.3663451642589D-04   0.2195071784058D-04
  -0.6498933974153D-04  -0.1517186406279D-03   0.2788077008048D-03
   0.6976503375904D-05   0.2181579544042D-03  -0.2442111439670D-03
  -0.1301395485010D-03   0.4489901085776D-04  -0.5663750016988D-04
  -0.8797532620422D-04  -0.4052401190352D-05   0.2787957797560D-04
   0.1095188276600D-04   0.1513949996209D-03   0.6150530473830D-04
  -0.3896214521113D-03   0.4385546716101D-03  -0.3520668836505D-03
  -0.2257135892064D-03  -0.2333498209809D-03  -0.1008957504785D-03
  -0.7606106830734D-04   0.2546108680533D-04  -0.3136208249417D-04
  -0.9479667213509D-04   0.5472536698091D-04   0.5732536519550D-04
   0.1863027759861D-05   0.5312166047583D-04  -0.3696922904966D-06
  -0.6709261670468D-04   0.4668271408049D-04   0.1648749069298D-04
  -0.1380046709739D-03   0.1573548549020D-03  -0.9204881446688D-04
  -0.1701822689833D-03   0.7798083889856D-04  -0.1759194635590D-04
  -0.1937515235757D-03   0.2041981011673D-03  -0.3929857502082D-04
  -0.7351094336682D-04  -0.4939325567916D-04   0.6124195377562D-04
  -0.9111426127079D-04  -0.3881536118075D-05   0.1598835203210D-03
   0.7872783103556D-04  -0.9134169950098D-04  -0.2225723954478D-04
   0.1799501835629D-04   0.5009265891133D-03   0.7824578598156D-04
  -0.4133257374646D-04  -0.8863848124427D-04   0.7696682337876D-04
  -0.1461927612997D-03   0.1018263313770D-03  -0.1453935415370D-03
  -0.9545648312114D-04   0.7023211363923D-04  -0.1244315962438D-04
  -0.9554665452009D-04   0.1750502067199D-04   0.7976889281618D-04
  -0.8026939327529D-04  -0.9434202890455D-05   0.7664744858345D-04
  -0.1583891004603D-03   0.1362364641769D-03   0.1657785920704D-04
  -0.6035498935868D-04  -0.1882424750564D-04   0.4869249844658D-04
   0.1677190860971D-03   0.2465300131092D-03  -0.1267747364066D-03
  -0.2200790667072D-03  -0.1002895896033D-03   0.1311710551344D-03
  -0.2230865459982D-05  -0.4116672626549D-04  -0.4371268897500D-03
  -0.1688623124781D-03   0.6856078941064D-04   0.2859687340040D-04
  -0.1010793503555D-04  -0.4539791934870D-06   0.3132709097791D-04
  -0.1373238451700D-03  -0.1843412595496D-03   0.2118223157758D-03
  -0.3043120340870D-04  -0.2792927856710D-04   0.9361746836128D-04
  -0.2083914217977D-03   0.7432678187009D-04   0.9750026526902D-03
  -0.5488514960936D-04  -0.2577231896276D-03  -0.6533547428449D-05
  -0.2439686057406D-04   0.5477433566785D-04   0.1447172394631D-04
   0.2217718006835D-04   0.8974687148950D-04   0.4714704085190D-05
  -0.1108141590973D-03   0.3877085972922D-04   0.3908843972317D-04
  -0.7003171634669D-04   0.3245662254659D-05   0.7491387050816D-04
   0.1321484139556D-04   0.7109765701043D-04   0.1815252129381D-05
  -0.3551340609489D-04   0.1255660462957D-03  -0.1031709619520D-04
   0.2653068357447D-04   0.5957142353001D-04  -0.1234115230713D-04
  -0.3719192019017D-05   0.5209720797106D-05   0.2590745787262D-04
  -0.5835342972396D-04   0.7058957790082D-04   0.4780323597090D-04
   0.9685008004212D-05   0.4073361570858D-04   0.6360378233802D-05
   0.4158932669343D-04   0.1355536675835D-03  -0.6734740075708D-05
  -0.3597430269015D-04   0.2723994677689D-04  -0.3241839504268D-05
  -0.5539489755059D-04   0.9521059612357D-04   0.7419080753113D-05
   0.4861354835121D-04   0.8423737499682D-04  -0.5016207883310D-05
   0.1077891323196D-04   0.9702934746807D-04  -0.4888014914426D-05
   0.2371381135572D-04   0.7565046531220D-04  -0.4888616128829D-05
   0.1584956578975D-03   0.6292399593930D-04  -0.1586188528939D-04
  -0.3443048065181D-04   0.1175873373232D-03  -0.5173117905840D-06
   0.9610062431346D-04   0.7099435552163D-04   0.6253681415445D-04
  -0.1328342136110D-04   0.1653851548796D-03   0.8795511821182D-04
   0.1472009327676D-04   0.8266246054933D-04   0.1495242878589D-04
  -0.8502514646765D-05   0.4766371638156D-04   0.9412013422458D-04
   0.1375841602236D-04   0.1225654890653D-03   0.8501284169318D-04
   0.2215788622164D-04  -0.2152797076683D-04  -0.5122054562647D-05
  -0.2786067384386D-03   0.1511942062037D-03  -0.8546001456786D-05
   0.1497042138295D-03   0.1590350991061D-03  -0.5641065169090D-05
  -0.6490193048779D-04   0.6185499761650D-04   0.3993149933696D-06
  -0.4282432316978D-04   0.1441674147902D-03   0.8221910339290D-04
   0.5186962106676D-06   0.7140169476990D-04   0.3281443379913D-04
  -0.2411203729194D-04   0.1387981541357D-03   0.2423298351482D-04
   0.6871535844234D-06   0.6640528641430D-04   0.7121230152741D-04
  -0.1166546904153D-04   0.1004913451449D-03  -0.9970412080436D-04
   0.5389627805084D-04   0.1375315065889D-03  -0.1081624657287D-03
  -0.4271250445501D-02  -0.1156521703962D-02  -0.2628182503634D-02
  -0.5020287392701D-02  -0.6811331858775D-02   0.6598373405352D-02
   0.3202415366273D-01  -0.4514990705699D-01  -0.8020989698854D-01
  -0.1316094277896D-01   0.2400344199892D-01   0.5046286551990D-02
   0.2363063060744D-02   0.3305557616555D-02  -0.2229931102171D-03
  -0.1662049813163D-02  -0.2837325080422D-03   0.1845144399753D-02
  -0.1327528544232D-02   0.3120949056405D-04   0.6286551438248D-02
   0.7692241715944D-04   0.1654562776328D-03  -0.1241009763309D-02
  -0.4693101223406D-03   0.4501172743828D-03  -0.6341397525643D-03
   0.4634881594196D-03  -0.7512924677493D-03   0.1709539186980D-03
  -0.1228852412499D-03  -0.5862108582379D-03  -0.4393740706294D-03
   0.9945141937738D-03   0.1452100760952D-03  -0.7767584017429D-03
   0.8403171034157D-03   0.1587758367278D-03  -0.1148765731218D-02
  -0.2799910235763D-03  -0.4573661272237D-03   0.2157463280666D-03
   0.1665062265223D-02   0.6744014405287D-03  -0.1982694750549D-03
  -0.3024733510115D-03   0.8617184607130D-03  -0.2049294156982D-02
  -0.1270364204349D-01  -0.7498254206996D-01  -0.9738191067775D-01
  -0.2453032690455D-02  -0.9522727167110D-03   0.3066308086182D-03
  -0.3733204061138D-01   0.7658963223631D-01   0.1822714833122D-01
  -0.6480173566152D-02  -0.1039800165978D-01   0.1682539913551D-02
  -0.3350190063934D-03  -0.8816763751462D-03  -0.3541855637261D-02
   0.1388520990874D-02  -0.3413918330163D-03  -0.2618533711973D-02
  -0.1558094864745D-02  -0.8410247679965D-03  -0.3223746909292D-03
  -0.4440043906043D-02  -0.6264389437842D-03  -0.1325907859137D-01
  -0.8547382105309D-03   0.4641870771300D-02  -0.4650897542833D-02
   0.4172429523243D-03   0.1192350476852D-02   0.1572035607835D-02
   0.9716142603361D-03   0.6440654608282D-03   0.8483324001899D-04
  -0.2047269739756D-03   0.1629337369134D-03  -0.4636247062166D-03
   0.3385545419609D-03   0.3301188847908D-04   0.1324550166849D-03
   0.1169900771490D-03   0.6390943504232D-03   0.9972378321522D-05
   0.2082490870209D-01   0.5539632457608D-01   0.1178323995598D+00
   0.5690957680355D-02   0.1136114170964D-01   0.3798636183521D-02
  -0.9004267408483D-01  -0.1389451756611D-01  -0.3442512988793D-01
   0.2204442202633D-01  -0.5893814565669D-02  -0.7769161219734D-02
  -0.9344518021900D-02   0.8227648855106D-03   0.3413883702213D-02
   0.9100972481968D-02  -0.3050621279077D-02   0.4998648468463D-02
  -0.5965781833742D-02   0.4404299077777D-02   0.1578630047559D-02
  -0.4283218401997D-02   0.1988288083673D-02  -0.5405728112778D-02
  -0.6519028464131D-02   0.6246788799320D-02   0.5905672409642D-02
  -0.1757477605679D-02   0.8102570262284D-03   0.3556060296360D-03
  -0.2475050873454D-02   0.1028307004756D-02  -0.1377774778305D-02
  -0.5040970398597D-03  -0.4000246201225D-04  -0.1904107066791D-02
  -0.1019966224568D+00  -0.1538885096139D-01   0.9367223642800D-01
   0.1895183785215D-01   0.5134844570536D-01  -0.5269781427828D-01
  -0.7261465886328D-01   0.8009766976896D-01   0.8626761487579D-01
  -0.2856311757058D-02   0.3501213725241D-01   0.6854224553761D-01
  -0.1225933108077D+00   0.1527581898757D-01   0.6280670988472D-01
   0.9167042875162D-02  -0.4798922156461D-01  -0.5844496734497D-01
   0.1458068032808D-01  -0.1301785310435D+00   0.4861604865401D-01
  -0.2728462626775D-01   0.6805567367895D-01  -0.1955733258255D-01
   0.8137246444734D-01   0.1099480813230D+00   0.2469115065199D-01
  -0.2418400077961D-01  -0.6991792928901D-02   0.7153782972949D-01
   0.4722372328058D-01  -0.1240870614460D+00   0.4164405042881D-01
  -0.1561536452941D-01   0.2622380693028D-01   0.6821976329886D-01
   0.3143120416247D-01   0.7322620810626D-01   0.1134173722997D+00
   0.3251717670016D-01  -0.6770553732289D-01  -0.1396723577880D-01
  -0.3578338152842D-02  -0.7706009699170D-01  -0.1161047005941D+00
   0.6782431246096D-01   0.1613859998071D-01   0.2858327427388D-01
$end                                                                            
