$grad                                                                           
  cycle =      1    SCF energy =  -742.91336308197   |dE/dxyz| =  0.589299
   46.56790236602382     19.56207932234276     48.93114826929639      n 
   43.99390286309733     19.44796548041388     49.88298466623453      c 
   43.23358482713335     16.65153409974571     49.53992430702711      c 
   44.71194382729144     15.18959561055213     48.49700431874189      o 
   42.29013746716932     21.29749291154348     48.38476474196945      c 
   41.12984352861270     23.47817267110080     49.91458720958644      c 
   43.08165441103800     25.17333895848057     51.18474610662598      c 
   39.51085256327908     25.08135244398068     48.14541514066573      c 
   46.98644653154598     18.03722915984712     47.83999291258283      h 
   43.98110616752504     19.93126933458932     51.89828462092268      h 
   43.44209656439130     22.09422960956410     46.87267829403705      h 
   40.77305450256876     20.24932895132342     47.45821934978839      h 
   39.90828841492547     22.68839367851899     51.39303664106806      h 
   42.12499122845907     26.44989136702511     52.47646007880233      h 
   44.47468305629762     24.10726477437825     52.24648411441565      h 
   44.11441286044680     26.29082407150300     49.79793767196270      h 
   38.45142230733800     26.47522406253814     49.21466199208939      h 
   40.69904098921409     26.07464706571103     46.79376797256934      h 
   38.19796844974027     23.90388703588662     47.10110828061659      h 
   40.99996869763451     15.82841627227142     50.37901043423521      n 
   40.44146185571164     13.12625053691839     50.33969656311385      c 
   41.40877048099157     11.79801601754391     47.96011636044225      c 
   42.70410183461021      9.89271128638445     48.08511900303501      o 
   37.55719378606707     12.95224583006458     50.65216321767115      c 
   36.61650080239654     15.68313947126148     50.52449921978885      c 
   38.88586081835792     17.19900752519109     51.44685586206029      c 
   41.42936819923063     12.20808628738128     51.91621977539246      h 
   36.72274614408034     11.78708044786354     49.18047170091928      h 
   37.09614987348474     12.16170599942258     52.49174264461024      h 
   36.16731612843681     16.20546932458889     48.58702979527126      h 
   34.95591522583567     15.95511044106468     51.70336000114593      h 
   38.85338720866427     19.14371415752068     50.81074176770181      h 
   38.98740187418485     17.14196770227806     53.51146695570403      h 
   40.50935271368237     12.71006603080412     45.76491901503855      n 
   41.41082252022697     11.85908246756484     43.32408761933573      c 
   40.36372677578776     13.62754394642733     41.28480071630440      c 
   38.77929690346105     15.20951604194028     41.82944767297824      o 
   39.54262081594361     14.36426645940908     45.68767204943766      h 
   43.48052278172347     11.86426607069246     43.29373315625845      h 
   40.76643528314123      9.92357855891238     42.97694822506168      h 
   34.32610993771728     30.38291315711488     36.85780335534449      n 
   34.11631851017182     28.25929348683653     38.56403276021347      c 
   31.43315373925932     28.08233449052592     39.58575052601467      c 
   30.13992783098805     26.19436290856489     39.25713535970915      o 
   35.96469401500737     28.48282258217219     40.78903508873378      c 
   35.05562919956160     26.93530645175494     42.97014901509563      c 
   33.96699129456168     27.80087295795742     45.14517836348448      c 
   35.01224484343867     24.24262771457716     43.10514369192659      c 
   33.26782515994735     25.81348280177421     46.63709380444655      n 
   33.88529513210753     23.60954032945407     45.45008361942840      c 
   35.84255227558342     22.32319980680954     41.50267904936051      c 
   33.63026796484036     21.11501086233373     46.23398821993977      c 
   35.54093748264996     19.85943371621827     42.26670834287173      c 
   34.47151140527089     19.26512099121569     44.60591911980496      c 
   35.85158312736265     31.52396385097878     37.07735210371663      h 
   34.45668348692838     26.50016424231835     37.51661596758712      h 
   37.83853337518699     27.87906235332184     40.18007264144345      h 
   36.05636328193695     30.45721577605206     41.35329406161558      h 
   33.65563350019991     29.71639779173429     45.74230862603582      h 
   32.43545991753312     25.95379086867792     48.33750264589979      h 
   36.70592585308749     22.75967730434978     39.70572967836902      h 
   32.83248810181299     20.66451193632168     48.05667847083981      h 
   36.14560708069731     18.33522257305615     41.06416887188237      h 
   34.29391959303013     17.29321308572481     45.10055393933594      h 
   22.68405665164070     22.76455276271698     41.22158405843063      n 
   21.16158454314533     24.17509587770268     43.00906312829845      c 
   21.43374410362985     23.10437930760668     45.68004299504480      c 
   21.31105101190478     24.43509487425820     47.55606116672512      o 
   22.06121614315022     22.56988236493761     39.42061287724268      h 
   21.72218833382976     26.16511946167151     43.03155695787079      h 
   19.18539803807896     24.04835697153729     42.43895780461163      h 
   21.60042128681040     20.57149057198717     45.72710588943296      n 
   21.90677280973865     19.05777993389210     48.01127809460294      c 
   22.67524631406119     16.36571081909302     47.21465343975665      c 
   24.70796735653380     16.05044178164421     46.14841488559051      o 
   19.57039823706711     19.23793459227632     49.72471090405510      c 
   20.07972421074934     18.05722226518199     52.33681620842891      c 
   17.63916772519666     17.35417804442315     53.68233844118699      c 
   17.12849030776568     15.18465592228963     54.30532376920354      o 
   16.11719718738481     19.30878581460587     54.20653858198668      n 
   21.97928095587479     19.75117503575267     44.03977956800336      h 
   23.53759092747107     19.79085672710124     49.07700908689841      h 
   19.14635381365405     21.24363458078301     49.93466404678841      h 
   17.93842115192176     18.36903683162803     48.80287407191307      h 
   21.24241101233262     16.36091460657248     52.16976064296490      h 
   21.11410820015206     19.40387444029625     53.50449782895055      h 
   16.54261655574543     21.07725127020764     53.65111244859615      h 
   14.38238506904095     18.97222088360335     54.91800503615745      h 
   21.05225341107817     14.50286618703154     47.76880115785777      n 
   21.45580989780249     11.77792914117285     47.53598284930082      c 
   23.52994426858025     10.89948187663998     49.36284448277313      c 
   23.06517206937426      9.49444471423432     51.14154233517139      o 
   21.96937466379413     10.89178266239180     44.80682691278155      c 
   23.02442931863702      8.20177772793941     44.81585878255616      c 
   19.52069617674048     11.00402457259785     43.28297391917408      c 
   19.42587200137814     14.96865723878611     48.64282888573103      h 
   19.71275124256095     10.87416467763562     48.19198986290530      h 
   23.36429777027834     12.14424113727034     43.94100396472064      h 
   22.97826404350784      7.42200797120421     42.91698721407644      h 
   24.97683542183956      8.18083165062686     45.45245998892697      h 
   21.91440851029767      6.98754284849655     46.04985388034248      h 
   19.87473988810479     10.46918357754073     41.33192139756724      h 
   18.13605692769187      9.70126987939731     44.06422757716385      h 
   18.72717263379761     12.89731487422570     43.29615689211589      h 
   25.84492139401455     11.75135553009213     48.83482904461919      n 
   27.90613019728021     11.28647412759195     50.54688078905734      c 
   27.63665546512713     13.01878547672287     52.86950635426020      c 
   26.23787107348490     14.84192777633718     52.91484314424244      o 
   30.45899535063166     11.77497358843424     49.26472771203359      c 
   30.98303654053464      9.79070252848734     47.23921664812279      c 
   29.76972521230410      9.65763381914786     45.28625771409754      o 
   32.89076582334623      8.20252118203265     47.77220943545458      n 
   26.05535827484348     13.09502241555127     47.47838614588239      h 
   27.74932168438228      9.31745683270668     51.17729241180923      h 
   30.35653255583961     13.61484062920618     48.33788283003696      h 
   31.96900932496608     11.80946642869726     50.66576732832397      h 
   33.34603948589930      6.85395346447805     46.50680151580966      h 
   33.84942354798088      8.25397087886959     49.41217817730868      h 
   29.06376233872937     12.26169718952020     54.82767301036330      n 
   29.58482760823849     13.82070573043898     57.01668584984170      c 
   32.47480925389727     14.24007145337273     57.03429969855470      c 
   33.76364700705393     13.27190663332737     55.38097917416179      o 
   28.45369883316604     12.60752473736305     59.40016171783346      c 
   25.59394299426246     12.43088834958630     59.02739344732992      c 
   24.19981418022385     14.23238250468284     59.37360344244573      o 
   24.74918955096446     10.14894747820418     58.34033431557509      n 
   30.32405505973556     10.85075213398248     54.54254473255333      h 
   28.66160508012004     15.65030052047210     56.68967855572630      h 
   29.27193440870834     10.74671462866715     59.72793891672519      h 
   28.81466822931885     13.80243289403630     61.03401742281972      h 
   22.91426819814593      9.92204583809970     57.88545406694158      h 
   25.91807304267005      8.72097526639750     57.89119093212737      h 
   33.41310958619046     15.80377560611732     58.77952379832044      n 
   35.96109027379597     16.81821615369489     58.62717865994469      c 
   37.50922788613404     16.14157068295036     60.98213935099933      c 
   36.60390297893753     16.37249220856543     63.11012077200748      o 
   35.84708268907851     19.74952831552135     58.33205675466856      c 
   33.89679867233902     20.90817362446754     60.12251326219120      c 
   38.41493479632893     20.99138647548838     58.80117145094255      c 
   32.34350894405402     16.40033008976992     60.23828749954222      h 
   36.79200637740934     15.96784255544163     56.94093102507844      h 
   35.26813789825361     20.14084636289927     56.38343172815098      h 
   34.08988536638933     22.95091722459881     60.09767082300552      h 
   31.97999827940453     20.45976278780385     59.54015737562117      h 
   34.20016818107415     20.24163594954931     62.04255692487617      h 
   38.28684518945504     22.99309529098057     58.35105454909382      h 
   38.97048778966806     20.79083779374798     60.77128163254786      h 
   39.88296749183818     20.17870500236537     57.62230632888496      h 
   39.91291745813114     15.44134515776434     60.59940847477083      n 
   41.58256819954811     14.73951512939162     62.70021157522907      c 
   42.69013117891726     17.07683300847054     64.05363378105098      c 
   44.92788020690837     17.64500693019198     63.94523441351203      o 
   43.66448521389601     13.16993644416996     61.46165877101371      c 
   43.83635677901201     14.30162571706124     58.81802498769505      c 
   41.07767670836801     14.82111788023544     58.17340700033105      c 
   40.50950233424619     13.67899980509367     64.12200756529107      h 
   45.43091867250683     13.32442335107144     62.49795244470634      h 
   43.11452656998149     11.19147119095783     61.36178182826677      h 
   44.89305606083678     16.06367246241836     58.88396198563030      h 
   44.73749837549709     13.04980924104713     57.46091721798477      h 
   40.91539535561298     16.37459062016384     56.83277516649147      h 
   40.18452111509856     13.12983355161558     57.37909515764151      h 
   40.97536751012317     18.39121234876949     65.35023182477644      n 
   41.65080405930520     20.40908887883807     67.07318257931189      c 
   43.28131067064371     19.37602529103386     69.24098180125881      c 
   43.19941775861646     17.16963838676666     69.91988059823282      o 
   39.26999208337109     21.58059444504475     68.18367928867542      c 
   39.17212393404811     17.73346463319304     65.38972059003443      h 
   42.74881367351274     21.83330056831996     66.05058360330904      h 
   39.75216048777304     23.09451322322505     69.48253280384723      h 
   38.09302222642749     22.34410606589558     66.68860222640710      h 
   38.20922642367512     20.16134629348964     69.22286421132307      h 
   44.76484212114482     21.13753367538885     70.29375577911266      n 
   46.32484549317180     20.66688132479464     72.48931692907591      c 
   45.31343919559205     22.30909823770583     74.63934754471498      c 
   44.95200765070668     24.57063567546346     74.36093537295990      o 
   49.11019468920490     21.33614016558459     72.03815009114338      c 
   50.35460641732791     19.55185338500751     70.14207463979083      c 
   49.54483230137290     20.08993007390378     67.41119613510982      c 
   51.71314889513582     20.70685491681937     65.84464163917399      n 
   51.67269100546762     20.80397884500933     63.33594616934220      c 
   49.64520511860242     20.10265264856619     62.04032141895138      n 
   53.72345323738968     21.62382658865576     62.11647474043009      n 
   44.66551469539716     22.96176422565853     69.69824499884973      h 
   46.13640429995046     18.65750418281391     72.93953592639261      h 
   49.22420154656684     23.28427757005280     71.37460302224628      h 
   50.08560554623984     21.21961354669700     73.85192811478710      h 
   52.39796024473917     19.73087256489442     70.32115199262341      h 
   49.87446538103320     17.61481717676228     70.64880135571208      h 
   48.57906337415179     18.44263955352125     66.63122917602318      h 
   48.21965040126630     21.67735097082592     67.37398583869609      h 
   53.25781122983252     21.36576436334396     66.75544948341130      h 
   48.07118235144874     19.42066124043199     62.88745526782463      h 
   49.63180246936538     20.23086598751428     60.14408686439021      h 
   55.28065439641152     22.18698687298090     63.05270361957731      h 
   53.84306270643603     21.52023220291061     60.22284292696175      h 
   44.85878323116152     21.06710481474582     76.79387228185128      n 
   43.51979715965119     22.11827136846357     78.93767764529413      c 
   45.22813572828130     22.01835664253600     81.27314138649874      c 
   46.19183564747284     20.03209123574207     81.96585571023971      o 
   41.08935920696970     20.57438378587923     79.39531264930017      c 
   38.88019815231668     22.22972609669585     80.17472251944463      c 
   36.05175111077147     20.40983130303067     80.95634870062256      s 
   35.47868922013013     18.93579805999223     77.91194843765585      c 
   45.31451382680352     19.22164713445925     76.94820831624550      h 
   43.07990173066016     24.08091725540134     78.49222774179677      h 
   40.60285602465231     19.62146444917153     77.62948317696041      h 
   41.45143892558800     19.12887285538309     80.82424101122562      h 
   39.30777045502673     23.32671833706535     81.85927135776772      h 
   38.36398412981692     23.47255528610583     78.62638496143995      h 
   33.54696244222588     18.25048864760364     77.93057525771233      h 
   35.73645945084640     20.32484648716765     76.42159474539780      h 
   36.75901352941735     17.35051479026140     77.65371575055966      h 
   43.33880936966188     32.22811880616337     77.44335413203508      n 
   43.35532564078812     30.45223076460240     75.36893665838929      c 
   44.75931635441025     31.51029459674817     73.07349323041583      c 
   44.92648222317793     33.77156119954966     72.62989312749380      o 
   40.66927717132063     29.66962453299675     74.53869916878138      c 
   39.89824366016786     27.27172389928471     75.95223445844972      c 
   37.55673703590362     25.99391259159549     74.90147712753190      c 
   37.61353971087118     23.85853166177247     74.01216512856203      o 
   35.43386811689528     27.36281760142150     75.05402636689264      n 
   43.12811053029755     34.09021273722155     77.02173667421008      h 
   44.36644901105539     28.77192030549461     76.02667123318943      h 
   39.39227429689628     31.23913737222949     74.91265299363016      h 
   40.66265988867323     29.26908922560278     72.51733602857388      h 
   41.43155230782215     25.92313940852258     75.71765323853863      h 
   39.66707057442340     27.68174727557265     77.95965323585523      h 
   35.42676372563704     29.06866343992182     75.89107129716798      h 
   33.82917712752812     26.66178218202347     74.30699999410406      h 
   45.69749857769776     29.66390524566381     71.63153277655961      n 
   46.95692387310823     29.91753488500243     69.21602829758785      c 
   45.59118914539147     28.20469322736960     67.31905118031716      c 
   44.88393953304040     26.08123581179585     67.90543222681187      o 
   49.76289246934004     29.08946796050911     69.50749619834383      c 
   51.28117846881781     31.29296665941390     70.62625641925732      c 
   50.86135336881257     28.13876029555767     67.01411346492856      c 
   53.82712651371301     30.50048398942917     71.72423138099320      c 
   45.39035052186482     27.84897277936698     72.17377520379466      h 
   46.85399901518822     31.89280683773147     68.61741353795135      h 
   49.78671099566902     27.52811431428479     70.86787735247732      h 
   51.56752272045855     32.72364992724744     69.16848245160800      h 
   50.15129255043953     32.14654419957502     72.12513640533231      h 
   52.85894784745664     27.73870175827283     67.24280656863449      h 
   49.91287909593848     26.41665348374947     66.42182663896025      h 
   50.63384061155614     29.53543548980166     65.52553346207658      h 
   54.74258013883666     32.11673736471595     72.60337908000810      h 
   53.57393187662675     29.03039875050565     73.13869494581080      h 
   55.07732961578886     29.79559091673743     70.25749912893082      h 
   45.37081299563024     29.16290825195323     64.98770432368919      n 
   44.18256990804934     27.79338725893097     62.94342249891842      c 
   45.81892350608566     27.59265141892152     60.55077770915553      c 
   46.40837647426498     25.57152519252245     59.61990754118951      o 
   41.66185059501613     29.02409529672534     62.11734452308098      c 
   39.86238512176431     29.20071671617182     64.29244788787787      c 
   40.12204846633055     31.18583146751242     65.98180801533309      c 
   37.98446480731240     27.42044065291090     64.70433755411183      c 
   38.54588096208064     31.39911110163729     68.04379713689889      c 
   36.36124521771779     27.63716845221203     66.73557051374431      c 
   36.63464765832909     29.63804456072054     68.41055264978695      c 
   34.99621368253806     29.85756361242734     70.37640263812547      o 
   45.85568412765885     30.99239722980538     64.68642680526371      h 
   43.81109762804245     25.88802505931566     63.65619064696772      h 
   42.04239679271177     30.92445693868252     61.41608407530589      h 
   40.85582205478747     27.90970188458212     60.58326235484873      h 
   41.57111781636271     32.58147238280799     65.66253160292641      h 
   37.77638504288715     25.86239366143587     63.40787718523657      h 
   38.79460325203695     32.94701808615132     69.35305054812825      h 
   34.88444483744446     26.27191151921381     67.05894169394203      h 
   35.57856664116671     31.20399176960098     71.46912736140628      h 
   46.32481889716879     29.83896178664216     59.48245786941034      n 
   47.01844989767702     30.22530026743780     56.84574763454499      c 
   49.85876188217159     30.76098325918237     56.73003613174913      c 
   50.69150925967605     32.64061974715240     57.78816631028325      o 
   45.52222484333511     32.55141012049535     55.92763478819933      c 
   45.53751778128184     33.04853633960008     53.12874150468976      c 
   47.32688420379213     34.61031551828210     52.01547004325167      c 
   43.61210513373156     32.08423197739071     51.62478817759479      c 
   47.16687801645143     35.23146489231227     49.48260307500743      c 
   43.43550931572532     32.67610159627797     49.09433841885043      c 
   45.20460135456312     34.29216407031549     48.01291020555192      c 
   44.91279126846834     34.91899568927055     45.53616903039258      o 
   45.97368071182802     31.43367177588092     60.47535865297764      h 
   46.50951554002907     28.52982624139971     55.78367424972117      h 
   43.56534118019357     32.29139969638907     56.52613255546922      h 
   46.30701719514554     34.19704059977936     56.89540889058612      h 
   48.83503644865617     35.40711747534276     53.13411560579909      h 
   42.19199156876091     30.88277081237391     52.45316387952876      h 
   48.53888583836729     36.49507667260684     48.65590962563282      h 
   41.90532176250355     31.95905925284847     47.95336117731136      h 
   46.24336283044363     36.05476218668202     45.01095876379873      h 
   51.30275242269481     29.02649252955428     55.58156753712358      n 
   53.99355061137737     29.37903546989151     55.24938423884655      c 
   54.56294923122736     29.94085466956762     52.48266726994279      c 
   53.31098503269018     29.04070438022980     50.75484658297676      o 
   55.51097180649827     27.00422806206752     56.05586033609986      c 
   54.97909857672267     26.39934398050287     58.60504570736846      o 
   58.34723677449784     27.49028693220869     55.84500242130586      c 
   50.50473160959336     27.62817186985700     54.55568171334498      h 
   54.55603640848059     30.96776143612067     56.44817749103581      h 
   54.98244906177564     25.42759470881270     54.80625825644889      h 
   53.36992497221064     25.55584598136360     58.69269941115762      h 
   59.35433120009730     25.89317909730286     56.64732690459904      h 
   58.89761714533992     27.67601995029038     53.87797854730190      h 
   58.85646329209234     29.19715838053964     56.87057915243751      h 
   50.26850759138819     36.73241860827505     61.86005121346296      n 
   48.23144983308618     38.38318112214422     62.65201938552689      c 
   46.44597605800370     36.94837230004933     64.43947529170094      c 
   46.11846414545477     34.66194314207682     64.24376141824386      o 
   46.62864862163578     39.30810934184889     60.42097486180718      c 
   47.88677598958051     40.91691682197379     58.42985689974660      c 
   50.44166585956471     41.47631912376583     58.31939053012218      c 
   46.32370242137767     41.84329296519658     56.52193544125461      c 
   51.41626524805696     42.92536081860359     56.36516614546135      c 
   47.27239622711679     43.26089810113912     54.55872265013807      c 
   49.84284142614141     43.81790935460833     54.46744580861241      c 
   50.69623183921395     45.24452994181949     52.51791764672579      o 
   49.85697620207641     35.28762746399949     60.66752484828996      h 
   49.06776843604353     39.98420945299124     63.65581025496070      h 
   45.83781593147068     37.64781694493071     59.47540713616455      h 
   45.04252593715006     40.38021072636417     61.20451560409078      h 
   51.73398257268273     40.78886474278959     59.73569373748222      h 
   44.32692973938450     41.43379191067281     56.59218982066614      h 
   53.41500170755637     43.34366019337264     56.30702975974440      h 
   46.06367311947608     43.92581614107908     53.06354269985071      h 
   52.49920920260255     45.50636027273735     52.64355593945968      h 
   45.27772464693589     38.38484525638914     66.15512248258742      n 
   43.60154236068269     37.34692686227674     68.05340633930491      c 
   42.29089705101841     39.41639298105894     69.56569354170661      c 
   41.63878175056124     41.40717231689057     68.58217605250081      o 
   45.61050566288506     40.26920477365184     66.20607967262237      h 
   42.11250527545345     36.23962034649789     67.12714472537994      h 
   44.65419728296715     36.09447192024087     69.31885502865336      h 
   41.87976149636513     38.78190850377811     71.98652613833028      n 
   40.64912531464410     40.41944920101064     73.79123688119176      c 
   41.81780200589118     39.95057194445582     76.38077724938520      c 
   42.14456030593605     37.82041982227279     77.21102568296303      o 
   37.76804066240488     39.96341022968372     73.85518202331673      c 
   36.98792352452939     37.17996079706827     73.96370719917179      c 
   34.09154279324096     37.05605207544255     73.93831802485241      c 
   33.08630190439401     34.50418099485228     73.64941998414672      n 
   32.16975730778757     33.12438424678339     75.55820215195945      c 
   30.73545186011961     31.12150875474128     75.08787878715725      n 
   32.98998608273531     33.52902144037709     77.91212542976621      n 
   42.54231392085896     37.10490466408175     72.63326915483860      h 
   40.99395240320796     42.36783219010583     73.18355328741828      h 
   36.96065589874365     41.00088810316604     75.44567092149803      h 
   36.98868699176529     40.77083162511556     72.12864468420281      h 
   37.72717310774087     36.22134383023186     72.29563328174760      h 
   37.76234070243306     36.29542934441287     75.65497975990125      h 
   33.33337497627922     37.92137894587535     75.65286842333323      h 
   33.38084911169464     38.18431941123094     72.36397354905236      h 
   32.36897051301865     34.09115229157806     71.92457641131443      h 
   29.99400984105024     30.81375996693433     73.33601767128089      h 
   29.70922008326662     30.37562691450498     76.51809927490082      h 
   34.04149438847769     35.06861560396605     78.31050159392714      h 
   32.10888119115323     32.67559276545632     79.37253817501531      h 
   24.16035432134782     27.39836131185985     70.19628364453908      n 
   25.55503991649226     25.09489276239875     69.73010754505967      c 
   25.91022513401275     24.49810444311231     66.91645419816416      c 
   27.61934232680369     23.14963023732350     66.17496250991587      o 
   24.30666293086744     22.84068151284506     71.08615761266840      c 
   26.20893156671169     21.14337578186939     71.81270831913677      o 
   22.25176438042708     27.30713587031310     70.30735620650064      h 
   27.44939826590432     25.32585796770632     70.52686618260958      h 
   23.25657456331363     23.57698103618436     72.71867256314076      h 
   22.94442605526927     21.92888804103185     69.81501776229010      h 
   25.48869911605801     19.84244221983386     72.86729142404948      h 
   24.14439538596198     25.46172907826765     65.35961568265424      n 
   24.24949799808102     24.98632555752679     62.66080819667119      c 
   25.53704370497704     27.22670331034255     61.33832618922438      c 
   24.45412757003202     29.20682689596299     60.85629957549575      o 
   21.62988942079635     24.49551743285416     61.54661016971894      c 
   20.32454018073264     22.20405287105497     62.73490760109382      c 
   21.78321760935079     19.71354103065578     62.31064099674276      c 
   20.31524927337203     17.83279658955867     60.94547786633916      n 
   18.29393818566580     16.65024540831554     61.85477736174832      c 
   17.20743200189668     14.84085000818062     60.48626456832253      n 
   17.29067688320545     17.30654426250289     64.06765728255216      n 
   22.97825881482511     26.83276005529792     65.99141173016392      h 
   25.44312065582712     23.31280772760341     62.44841339025037      h 
   20.47910407091189     26.18142621340154     61.82081007846029      h 
   21.83710426464660     24.21542964506827     59.51626676153847      h 
   20.09900560863103     22.57113636629057     64.74895621232857      h 
   18.45427027344297     22.04348485855193     61.89104174620051      h 
   23.44289188938316     20.06114895337717     61.14915673946383      h 
   22.44506985806609     18.93780259265109     64.10887843139746      h 
   21.22127831437806     16.96959884236144     59.49867483194573      h 
   17.80278506525394     14.45077236066418     58.71563748204147      h 
   15.60411790786324     14.00472514502985     61.07764827536241      h 
   18.13417271010474     18.60743914071440     65.16747500506730      h 
   15.74863404088830     16.41504544960983     64.73473240271134      h 
   27.97663093610636     26.80621128371994     60.79073565292658      n 
   29.68016049196823     28.75979736166290     59.88951963430931      c 
   29.74830424270310     28.80233042912691     56.97179421806599      c 
   31.54492345967399     28.03298754636585     55.75647120702050      o 
   32.32240051263730     28.29616468496776     60.98166311322599      c 
   33.77083409271971     30.70364361990914     61.37484547956578      c 
   33.19374723906314     32.25399316856511     63.41129091148022      c 
   35.69788419744265     31.39963057841904     59.74531674811575      c 
   34.55044411980213     34.44020458210922     63.83377195157630      c 
   37.06582518795310     33.58589434511982     60.17216402534002      c 
   36.51070193114496     35.08961107720313     62.23321269984278      c 
   28.77602976496005     25.13496731000875     61.25551091386656      h 
   28.92766522866081     30.58970824785630     60.50933091644944      h 
   32.12458032871632     27.33349155252817     62.79471696554006      h 
   33.34413575783661     27.08072097844870     59.66797763361941      h 
   31.66886229464963     31.72540974984451     64.65772303499965      h 
   36.11018626272792     30.23532724006319     58.12264479184159      h 
   34.09329130677308     35.67035601699892     65.39109497354441      h 
   38.56487155230366     34.10919445329151     58.89015423470767      h 
   37.57236784721249     36.78827560409531     62.59246665172272      h 
   27.62625683839854     29.72787800499969     55.93177304311981      n 
   27.36802657090745     30.14939570305799     53.24366158043149      c 
   27.59835436447137     32.98634892455507     52.65683698861135      c 
   29.36778264319219     33.82876043445253     51.44285423621567      o 
   24.87002392695408     29.05114781557318     52.22878748153313      c 
   22.88842568065000     30.02142143504051     53.74524439353272      o 
   24.89911603438893     26.16911411310456     52.26655859399552      c 
   26.17950796203904     30.29200957690435     57.05025024903754      h 
   28.96976566699030     29.21168810258400     52.33002367108519      h 
   24.65090664855856     29.72145069102176     50.26751515626352      h 
   21.33663323004469     29.19082122992209     53.26186202577942      h 
   23.23146401793607     25.44763435394031     51.30974979007980      h 
   26.53713169893204     25.46675109470879     51.25269507499245      h 
   24.96283325534435     25.48831409743495     54.20366700696852      h 
   24.68475829592527     38.57590704407820     61.75780853961866      n 
   26.72001837304952     39.68324832136589     63.19167735212206      c 
   29.09330018546149     39.81166874763289     61.52232584068333      c 
   29.96411542173978     37.87210099069639     60.58342801635128      o 
   27.38930547752562     38.08637550392849     65.52094357380361      c 
   25.40236096010626     38.11455550470933     67.51027080906690      c 
   25.85442997834034     39.15245957337623     69.83241634627309      n 
   22.97269595390399     37.20728566095225     67.62040266790754      c 
   23.74590606349940     38.81455987205497     71.21054364505385      c 
   21.96283811156209     37.65549415747760     69.94404416055218      n 
   24.97119464827344     36.79835808912122     61.13361842154745      h 
   26.06292434070202     41.55295731320730     63.75410855107418      h 
   27.78070907109652     36.15791293658386     64.89011214824312      h 
   29.12765632597289     38.84783194689810     66.33319745674635      h 
   27.44262010635151     40.10322886474751     70.44762770645134      h 
   21.84779967793779     36.31569931500836     66.18379514588364      h 
   23.60049123293771     39.42263219606225     73.14039852751799      h 
   30.14628941916363     42.07350162609028     61.20463596224827      n 
   32.55992248948868     42.34215574323810     59.93587413204415      c 
   34.67876312428845     41.74814808444339     61.83051234892445      c 
   34.26837149275840     41.15518530236919     64.01822839552857      o 
   32.57055184268500     45.09326811208781     59.05531641098865      c 
   31.11302183260861     46.43600244273535     61.15290697355363      c 
   29.14142556503656     44.49925167589402     62.00476881168326      c 
   32.68196716843048     40.97897629803669     58.38430766488341      h 
   34.46473272868906     45.86074078258767     58.82889333339835      h 
   31.54698670517324     45.22915784627632     57.27458543683453      h 
   32.36504893275271     46.87172734519999     62.73080988608618      h 
   30.23133017299345     48.17685615704651     60.51392652114342      h 
   28.90186550665461     44.57255515476988     64.05195236752994      h 
   27.30592442993488     44.80062473527302     61.09859359772943      h 
   37.01284484030928     41.85259386486109     60.82905201822165      n 
   39.27468851779459     41.65879192692445     62.34196002243181      c 
   41.01006617744685     43.90736038147217     61.80061621657742      c 
   40.83702502239042     45.11297486819445     59.83781780248834      o 
   37.27942508432808     42.59664771706177     59.08759007463775      h 
   38.73983697390928     41.61174519914178     64.33581959285250      h 
   40.30387505389027     39.91940511313733     61.87207710947368      h 
   46.76348278816818     20.96510840280627     47.98996833424021      h 
   40.97960761465828     13.48548069620376     39.50390965042602      h 
   34.40291272965887     29.81825928933530     35.25535856283772      h 
   30.69167865527707     29.52901504554448     40.54928269196602      h 
   24.20833870355654     23.50299035166402     41.06719453288677      h 
   45.57243360192765     23.59271904900071     82.26000822181966      h 
   42.05387730342004     31.86050361328830     78.49519567318521      h 
   56.00057911086354     31.07921400193954     52.02613411335930      h 
   51.45465013387008     37.64292049737739     61.04973389842943      h 
   42.34418520213813     41.41102164594148     77.45830755671550      h 
   24.64820898086210     28.06656473031362     71.68223922755109      h 
   26.27829051403305     34.18921390480763     53.27458405090952      h 
   23.28100787796513     38.51787711021445     62.71628611535575      h 
   42.31860428942090     44.41693281226787     63.06518258928964      h 
   0.4933650517405D-02   0.9827252632877D-01  -0.7883183914030D-01
   0.9563902012928D-03   0.8989866137349D-02   0.1154730599276D-01
   0.1676811179560D-02  -0.2964623498248D-02  -0.9855022281707D-03
   0.3886256106530D-02   0.3888439259509D-02   0.4149140790231D-03
   0.3840555717569D-02   0.1380612562929D-02  -0.2385433837218D-02
  -0.6087999368188D-03   0.7941750670519D-03   0.4387028333160D-03
  -0.4588810352600D-02  -0.1605458605811D-03  -0.7213098990667D-03
  -0.2905905410947D-03   0.2119975634363D-03  -0.1421294218298D-02
   0.3198082567192D-02   0.2780202996515D-02  -0.4646868837773D-02
   0.1679729998062D-03   0.2680777377054D-02   0.4366093262165D-03
   0.1816823050289D-02  -0.2419889781023D-02   0.1423742682906D-02
   0.9474684070176D-03  -0.9523404979936D-03   0.1646781823458D-02
  -0.1318739814415D-02  -0.1019611944524D-02   0.1084967096417D-02
  -0.5036902303073D-03  -0.5926144301293D-03   0.6328446116508D-03
   0.7771384566681D-03   0.2677966723976D-02  -0.1367986751039D-02
   0.1952580629121D-02   0.4076170121653D-04   0.5447194631631D-03
   0.5542417634796D-03  -0.7376113820327D-03   0.2932567111964D-03
   0.3616604535434D-03   0.3161051913543D-03   0.3593211373471D-03
   0.5609481473561D-03  -0.2717616950959D-03   0.4098276498784D-03
  -0.7396327064974D-03   0.4321006274794D-03  -0.6638892451327D-03
   0.2473463239175D-03   0.5299905055352D-03   0.1941356329914D-03
  -0.3857571879277D-03   0.7038134660195D-05   0.3873665595623D-03
   0.1366769703977D-03   0.6106129047282D-03   0.6532935037875D-04
   0.3311702347780D-03   0.4982772709133D-03  -0.2380318336591D-03
  -0.9521754449613D-04   0.2950312459584D-03   0.3273038512390D-03
   0.2718585093584D-03   0.1849799055033D-03   0.2342660660423D-03
  -0.5163929333636D-03   0.1605845954556D-04   0.5727340469797D-03
  -0.3046580752987D-04   0.1437670329490D-03   0.4092235665882D-04
   0.4580484999319D-03   0.1151445881671D-02  -0.1965934097126D-03
   0.4178379911504D-03  -0.7588724241627D-03  -0.1187957996421D-03
  -0.5041197347104D-03  -0.2319526066826D-03   0.4214647202663D-03
   0.5598219518375D-03   0.1003541972639D-03  -0.1790591271739D-03
  -0.5734707557235D-03  -0.5054163552650D-03   0.4731039407293D-03
  -0.1309180036935D-03  -0.1079054899449D-02   0.2305429069474D-02
   0.4510792358445D-02  -0.1084697523245D-01   0.4803471974741D-02
   0.3510468416142D-01  -0.1107886274085D-01  -0.8401766698494D-01
  -0.1239941850921D-01   0.1077875791234D-01   0.2842958823578D-02
  -0.5456710995485D-04   0.9082801168687D-03  -0.1086628706223D-02
  -0.1531004388638D-03   0.7470173908698D-03   0.1812957051541D-02
  -0.7157308170894D-03  -0.1103207817988D-03   0.2330832266612D-02
   0.6136445099459D-02  -0.5340633560565D-01  -0.1101731047327D+00
  -0.5454450642884D-02   0.1161504931391D-02  -0.2153188895466D-02
  -0.1810157841554D-01   0.7571228534726D-01   0.3923908514988D-01
  -0.7936103455718D-02  -0.1150283265388D-01  -0.1338864726859D-02
   0.1891209504347D-02   0.1182707651758D-02  -0.4484890939812D-02
   0.9558000965572D-03  -0.4283493404403D-03   0.5894797790796D-03
   0.1154837699791D-03  -0.5250452925669D-04   0.5285204520610D-04
  -0.3580371068766D-03   0.1862303788196D-04   0.1175807275760D-04
   0.2931994255069D-03   0.3328785331566D-03  -0.2007901279520D-03
  -0.9039814918290D-04  -0.5785288726798D-03  -0.6193545108290D-04
   0.8336594051996D-04  -0.9085248478220D-03  -0.4137829263586D-03
  -0.4259978059773D-03  -0.2623834179037D-03  -0.3189325472037D-03
   0.1224017283810D-02  -0.6976284287740D-04   0.3473945466670D-04
   0.1095182088614D-02   0.1067675533297D-03  -0.1944298144369D-03
   0.5687143254173D-03   0.3040612876232D-02  -0.1134465489991D-01
   0.2696789747664D-03   0.3641268382319D-02  -0.3241273902478D-02
  -0.6627706852792D-03   0.5665507678548D-03  -0.4239511384910D-04
   0.1863698099034D-03  -0.2367759037591D-02  -0.9487569255597D-03
   0.7141387842439D-04   0.1070195986620D-02   0.1088292536314D-03
  -0.2070469348725D-03  -0.3794013353034D-03  -0.8436207408568D-03
   0.7926854916007D-04  -0.1860671561854D-03   0.1579385850852D-03
   0.7440681395086D-03   0.4129826060275D-03   0.8423085629906D-03
   0.5365126899799D-04  -0.6454941081344D-03   0.9195126498919D-03
   0.8833032982014D-03  -0.8150927490696D-04   0.6799141543474D-04
   0.1059223929663D+00   0.6574766000108D-01  -0.6163924061082D-02
   0.4220299021654D-03  -0.1018366262884D-02   0.8721099281845D-02
   0.4644873880332D-02   0.4733816143525D-02   0.3680297207435D-02
   0.2155645165118D-03  -0.1897223462703D-02  -0.3671591032181D-02
   0.1320639075239D-01  -0.2655768878430D-02  -0.4814153282674D-02
   0.3637314531586D-02  -0.3742343065600D-02  -0.4146721028553D-02
   0.2964673872380D-02  -0.8529519209090D-03  -0.4146928978644D-02
  -0.1507247425974D-03   0.5170388644022D-03  -0.1848061176567D-03
   0.2611149326654D-03   0.6672947673365D-03  -0.4055262297198D-03
  -0.1642326109919D-03   0.5325662217728D-03  -0.8222358661966D-03
   0.2712119976856D-03  -0.3008092842621D-04   0.3289498465004D-03
  -0.6453457495322D-04  -0.2494483140294D-03  -0.3169961478767D-03
   0.1477701602881D-03  -0.6313531427800D-03   0.1456849277944D-03
  -0.2747416167173D-03   0.6114238319754D-03  -0.3357025067360D-03
  -0.1323730086019D-02  -0.2477752800728D-02  -0.5921509969589D-03
   0.3620583863910D-03  -0.3301856315963D-03  -0.9742940272035D-04
  -0.3051753602262D-04  -0.4193161800354D-03   0.3095722196585D-03
   0.3494698270845D-03  -0.1569756159523D-03   0.6249770110521D-03
  -0.2709510867255D-03  -0.2723612261096D-03   0.6466665555809D-03
  -0.5346939926353D-03  -0.3016468440080D-03   0.4454076752396D-04
   0.4475486154993D-05  -0.8323080808088D-03  -0.8796168783084D-03
  -0.2829277190556D-03   0.1744141470962D-03   0.6209673816119D-03
   0.2252448843364D-03   0.8496115656305D-03   0.5540875114196D-03
  -0.2080288537359D-03  -0.7387830518769D-04  -0.6273651598313D-03
  -0.3687702866171D-05   0.4736632900185D-03   0.4976823808255D-03
  -0.3904993643352D-03   0.2174684552354D-03   0.3344829697315D-03
  -0.1521704316361D-03   0.2416257600248D-04   0.5638403304845D-04
  -0.1617335096601D-04  -0.4311071565363D-03  -0.1434624247045D-03
   0.5098453042612D-04  -0.6683885626516D-04   0.3023947666414D-03
  -0.2740365380181D-04  -0.7961345811263D-04   0.1284523775184D-03
   0.3695370815533D-03  -0.3048447231119D-03   0.3853317546170D-04
  -0.3791192318957D-03  -0.9403010518616D-04   0.2911002269792D-03
  -0.4444445022646D-03  -0.3506734250882D-03   0.1221431177075D-03
  -0.1658265288558D-03  -0.2966047567822D-03  -0.3137275208675D-03
   0.2550499380875D-03  -0.2219332967435D-03   0.1118336153884D-03
  -0.1535940397731D-03   0.1304965919740D-03   0.2416511646317D-03
   0.2624570341148D-03  -0.3290019110641D-04   0.3613628588529D-03
  -0.3147548515927D-03  -0.2507631461938D-03  -0.6066253940690D-04
   0.1264487270277D-03   0.1485742051547D-03  -0.3507847134346D-04
  -0.9419417108063D-04  -0.6513248936437D-03  -0.1333235864003D-03
  -0.4506086829554D-04  -0.4124946891124D-03  -0.2005902594513D-04
  -0.4750474704683D-04   0.2690728960918D-03   0.1387347554738D-03
   0.3566142802018D-03   0.6352621080672D-03  -0.5032077224402D-03
  -0.6653628057883D-03   0.8407405053182D-04  -0.1288537697327D-04
   0.3703337541541D-04  -0.4174295616420D-03   0.4331509854287D-03
  -0.4111991623967D-03  -0.2795519620149D-03  -0.2895434868824D-04
   0.4588159827364D-03  -0.5722300189007D-04  -0.7559360342652D-03
   0.1547213519067D-03   0.3711193466853D-03  -0.1094955124025D-03
  -0.2474425660582D-03   0.1866819273075D-03   0.7098121689229D-03
  -0.2429725463192D-03   0.3458395492113D-03  -0.1118429889028D-03
  -0.3752058904409D-03  -0.5245582580066D-03   0.4113116495314D-03
   0.3943314011419D-03  -0.3627180409854D-04   0.4179177229618D-03
   0.5805408847450D-03   0.2944748010911D-03   0.1396059221309D-03
   0.7772169612963D-04  -0.3365850471823D-03  -0.6410780834472D-04
  -0.8415043019133D-05  -0.3128598678755D-03  -0.5464526424533D-03
  -0.7441709939384D-03  -0.2453855965157D-03  -0.3192361055026D-03
  -0.2908992673025D-03  -0.8212314821617D-03  -0.1257677534207D-03
  -0.1013355613218D-02   0.1060747588202D-02   0.1016583321659D-02
  -0.3836460209869D-03  -0.6401532703909D-03  -0.6523877010600D-03
  -0.5578316878412D-03   0.1022545015014D-02  -0.5869817042535D-03
  -0.7488787736707D-03  -0.2845703459724D-03   0.6247401933125D-03
   0.3722530043894D-03   0.1970055810233D-03   0.1645151342693D-03
   0.3264341698640D-03  -0.3268817598813D-03  -0.4249451269625D-03
  -0.1846647260619D-03   0.4677638335142D-03   0.1303660565437D-03
   0.2300229868798D-03  -0.4028547561468D-03   0.9223925077840D-03
  -0.3561439112549D-03  -0.8602100352492D-03  -0.7805712375689D-03
   0.7053318881174D-03  -0.5299591914805D-03   0.4430376002481D-03
  -0.7731234714042D-03  -0.4296552557196D-03  -0.2914120973220D-03
   0.3417543190403D-03   0.4069109005390D-03  -0.2834485311664D-03
   0.6896496077607D-03  -0.6190488396034D-03  -0.7071327255016D-03
  -0.3651609197802D-03  -0.6077386905100D-03   0.6867318858263D-04
  -0.5146809650224D-04   0.1317758181296D-02   0.1079854005666D-02
   0.6309458525659D-03  -0.3178960627316D-04  -0.4660380022190D-03
   0.3374852414868D-03  -0.1817919483557D-03  -0.3969684190766D-03
   0.4241595391901D-03   0.6341061589184D-03   0.4436466438724D-03
   0.9189623019377D-04  -0.7879311290200D-03  -0.6953048813278D-03
   0.7758670217394D-03  -0.2452017370911D-03  -0.1350753711828D-02
  -0.1044931644463D-03   0.4335417963187D-03  -0.3848219981562D-03
  -0.4189742312672D-03  -0.3246295774086D-04  -0.2307502561258D-03
   0.9258478938009D-04   0.1330185738269D-03   0.3379531336842D-03
  -0.2170441000255D-03  -0.1882527481539D-03  -0.2428524210702D-03
   0.8823683700914D-05   0.6324580716268D-03  -0.4937442264833D-03
   0.1189169380631D-03  -0.3589557620873D-03   0.6908678507489D-03
  -0.2457592566031D-03  -0.4193564373397D-03   0.4512101013478D-03
  -0.3736587574633D-03   0.9169185377437D-03   0.1821942607819D-03
  -0.6138962774442D-03  -0.1983478194847D-04   0.2533898329251D-03
   0.9227934459783D-03   0.2058502744023D-03  -0.8680716403262D-03
  -0.3583683006503D-03  -0.6770633661554D-03   0.2705201652201D-03
  -0.1665283671076D-03   0.7309994577006D-03   0.2165535881839D-04
  -0.6097622929771D-03  -0.2101808863554D-03  -0.3454061606334D-03
  -0.6832821816308D-03   0.1544168789986D-03  -0.2537569196484D-03
  -0.1971330741173D-05  -0.3536525611053D-03   0.1131435804393D-02
   0.2732886321448D-03  -0.1999014764335D-03  -0.4354811122217D-03
   0.6450054849350D-03   0.8752120950753D-03  -0.5195973567160D-03
   0.2396339742335D-03  -0.1016580851114D-02  -0.5812751486599D-03
   0.7982576876167D-03   0.5322040187174D-03  -0.2458881116363D-03
  -0.1513399322097D-03   0.6742313692545D-04  -0.7860600373809D-03
   0.1751881238911D-03  -0.4042153824692D-03  -0.2273135672473D-03
   0.1627763215339D-03  -0.2126419767885D-03   0.2424835117954D-04
   0.3885888137152D-05  -0.5502377762434D-03   0.1346171866118D-03
  -0.1011283940904D-04   0.2305957240958D-03   0.2831665019668D-05
  -0.2092882843909D-03  -0.2358668025325D-03   0.1115653335373D-03
   0.3054410585089D-03   0.5955453026931D-05   0.3491681545132D-04
   0.4318337535935D-03  -0.4972744830595D-04  -0.4736511599776D-03
  -0.5430413405816D-03  -0.3672468607487D-03   0.5669185638742D-03
  -0.4669875168722D-04   0.5308224266929D-04   0.2345274212148D-03
   0.2749969980002D-03   0.2116720648935D-03   0.2139851951296D-03
   0.3916212732600D-03   0.3855451277085D-04  -0.1515043650320D-03
  -0.4056081666438D-03  -0.6210936569022D-04   0.2911734011980D-03
  -0.1123389973861D-03  -0.1476543191400D-03   0.3355999890980D-04
  -0.5672521229094D-03   0.5624432666484D-03  -0.4607793512573D-03
   0.6286841651941D-04  -0.2580859442286D-03   0.2176251406355D-03
  -0.5176539158402D-04   0.2364548562952D-04   0.1331381073655D-03
  -0.3043696762017D-03   0.4059633754015D-04  -0.6137146218067D-04
  -0.1411661756402D-03   0.2323368602203D-04  -0.1226412662945D-03
   0.5429400896228D-04  -0.9078548094877D-04  -0.4186096234757D-03
   0.1033324152678D-02   0.6353454999220D-03   0.7414298366559D-03
  -0.9364205848010D-03  -0.8473686054331D-04  -0.4791133713932D-03
  -0.6112287808556D-03   0.2118443421954D-03   0.2532348664996D-03
   0.2231807188694D-03  -0.6934387371826D-04   0.1053914467852D-03
   0.2435659495799D-03  -0.2599059920217D-03  -0.1068555568122D-04
   0.1725175064746D-03  -0.7300123993496D-04  -0.9258908739864D-04
  -0.8067464840398D-04   0.5247103435315D-03   0.3530364999592D-03
  -0.3045837610653D-03  -0.3114014549568D-03   0.3983183802895D-03
  -0.4074748332279D-03   0.1935719989976D-03   0.2331337274614D-03
  -0.9837476156941D-04  -0.3170656827269D-03  -0.6524077365986D-04
  -0.1959433658260D-03   0.9740953645758D-04   0.3644505315062D-03
   0.2641259075247D-03   0.2045607334909D-03   0.3994000419489D-03
   0.2375521217858D-03  -0.2809791360415D-04   0.4624824196493D-03
   0.2714547470495D-03   0.1677260351606D-03   0.3408649372868D-03
   0.1074260488467D-03   0.2004844284620D-03   0.4089248673261D-03
  -0.3867706865123D-04   0.4278488079548D-03   0.1265451178399D-03
   0.2735232465324D-03   0.1833320337640D-02  -0.1019291460083D-02
  -0.4986400324007D-02  -0.3177876477556D-02  -0.5120296683067D-02
   0.3219842230978D-02   0.8726462260369D-01   0.3137915323902D-01
   0.8843307087168D-02  -0.1733760191793D-01   0.8665604874469D-02
   0.9863775209529D-03   0.2151878042018D-02  -0.1483042408733D-02
   0.3334295440207D-04  -0.2986109226360D-03  -0.4183160174723D-03
  -0.8427037068651D-03   0.6966762974962D-04  -0.8201507865949D-03
   0.1883382446299D-03   0.7222156946945D-03   0.1629392667719D-02
   0.1671289766608D-03   0.7944736027963D-03   0.2496379171815D-03
  -0.4496720678963D-03  -0.8309192229827D-04  -0.2876533819120D-03
  -0.4850712911581D-03  -0.5555515546325D-03  -0.1676607446522D-03
   0.2445435657888D-03   0.8081768477241D-04  -0.1273920683574D-03
   0.2897616602790D-03   0.2897935931793D-03  -0.9488161367553D-03
   0.4785910337571D-03   0.1108871947741D-04  -0.7385879193793D-03
   0.4132861912848D-04  -0.6795942238210D-03  -0.2624592143680D-03
   0.5323452931443D-05   0.1203866346523D-03  -0.3664452789668D-03
   0.4075797398414D-03  -0.2540069596118D-05  -0.1824785667903D-03
  -0.9613626441198D-01  -0.3349506563489D-01   0.7169102515241D-01
  -0.2562552515547D-02  -0.1033439144109D-01   0.1883226708396D-02
   0.2733352769956D-03   0.7811161121116D-02  -0.5415076453207D-02
   0.1782898802579D-02  -0.5214524265962D-02   0.4093364965041D-02
   0.1633052802739D-02   0.3510727973798D-02   0.4767171744273D-02
   0.1962973226804D-03  -0.4704900462077D-04   0.1148137254368D-03
   0.2558580465194D-03   0.1175493173320D-02   0.9564211304410D-03
   0.7843632389384D-03  -0.3349417948833D-02  -0.1486959040532D-03
   0.1240711126974D-02   0.6418558564863D-03  -0.9635600543105D-03
  -0.6867290025957D-02   0.3578637056335D-02   0.1139326155345D-01
  -0.1264361422768D-02  -0.5429266407632D-03   0.1510207753980D-02
   0.1529674196534D-02  -0.7339967566235D-03   0.1439803191520D-03
   0.4804288078884D-03   0.1356864323791D-03   0.1699638250267D-02
   0.3076715801451D-03  -0.1578611435405D-03   0.4649593858252D-03
   0.1451500752243D-02   0.2836226382009D-04  -0.2381564145679D-03
   0.5841051917319D-04   0.1477040951759D-02   0.3701319474647D-03
  -0.2838586551022D-04  -0.5573686605938D-03  -0.4183533907442D-03
   0.1568177728067D-02   0.4514297066323D-04   0.3041908546473D-02
  -0.1560039743028D-03   0.9377164532429D-03  -0.1267573878792D-02
  -0.3302316157298D-02  -0.9111539579255D-03   0.1492886955286D-02
   0.1128297157268D-02   0.5710277210366D-03   0.6106449684886D-04
   0.6462434280406D-03  -0.3735304748129D-03   0.1515362922274D-02
   0.1325139446091D-02   0.9056462149848D-03   0.5731068275546D-03
   0.2154089628683D-03  -0.3106558497300D-03   0.6436360848921D-03
   0.1472190804300D-02   0.3977352654041D-03   0.1623900006467D-02
  -0.5253005638106D-03   0.5289385284814D-03  -0.9963754344155D-03
  -0.4357860816337D-03   0.7786957905041D-03   0.4119866818698D-03
   0.2296620063412D-03  -0.6107456459206D-03  -0.2275447216425D-03
  -0.3962030144454D-03   0.1172528575225D-04   0.3813019600690D-03
  -0.3221506182848D-03  -0.8141534509950D-03  -0.1134640596848D-02
  -0.1237373640174D-03  -0.5293290944312D-03   0.1036196233462D-03
  -0.3743488582362D-04   0.5584997104809D-03   0.1996092041036D-03
  -0.1345482853926D-02  -0.1349850486023D-02  -0.6928298117111D-03
   0.3214975607376D-03   0.6953415734820D-03  -0.6182835941714D-03
  -0.4572441877493D-03  -0.8542435495381D-03  -0.4062395571456D-03
  -0.3276242219214D-03   0.2431763916866D-03   0.1952689792363D-03
   0.6532219517326D-04  -0.1927246334078D-03   0.2062159891515D-03
  -0.1118853425471D-03   0.2617049745196D-03   0.1418106089884D-03
  -0.6008198193117D-04   0.1444739840122D-02   0.1048386184616D-02
   0.5368121784751D-03  -0.1453190840322D-02   0.8545863361651D-04
  -0.9792869151897D-05   0.9315860999062D-04  -0.3160632365494D-03
   0.6946302920625D-04  -0.4291237985743D-04  -0.2918438884812D-03
  -0.2641614343730D-03  -0.7756744565938D-04  -0.3878009223029D-03
   0.2545274439889D-03   0.9559624446790D-04   0.1034153344859D-03
   0.4145873215513D-03  -0.2358589992237D-03  -0.4624248845262D-04
   0.1027144564401D-03  -0.8900082061013D-04  -0.1590934148539D-03
   0.3058103787731D-03   0.7022405535703D-04  -0.4615604239727D-03
   0.8190423134536D-03  -0.4805830102883D-03  -0.2265725707582D-03
  -0.3383051814522D-03  -0.2152410504359D-03   0.2985489915627D-04
  -0.7230758814466D-03   0.8277452341145D-03   0.7340577045297D-03
   0.5471895305814D-03  -0.5300147187114D-04   0.1119501444903D-04
  -0.1234374251375D-03   0.4812640601606D-03  -0.6609525928467D-03
  -0.6983859841498D-03   0.3365232393142D-04  -0.4930785987752D-04
   0.4106744478084D-04   0.2080969083375D-03   0.4692505178849D-03
   0.1480499746233D-03  -0.1869298528038D-03  -0.8298597127913D-04
   0.1019374597900D-03  -0.1279571199195D-03  -0.8164467735061D-04
  -0.2868511014181D-04  -0.3031932698262D-03   0.1790176962684D-04
   0.1872236118071D-02  -0.8391241614934D-03   0.1103622084926D-02
  -0.4478037467804D-04   0.4096448205026D-03  -0.1061256444983D-02
   0.1370074508241D-02  -0.7199983398669D-02  -0.4289311659578D-02
  -0.2566735860551D-02   0.3038807543793D-02   0.3825206116926D-02
   0.4161049940952D-04   0.7072908596855D-04  -0.2397312909169D-03
   0.2254938911883D-04   0.8642512113500D-03  -0.6854246885924D-03
   0.7022054506669D-03   0.2337077994308D-03  -0.4340103021903D-03
   0.3138695548663D-03   0.5585565255448D-03  -0.3052238722361D-03
   0.2728796804438D-03   0.2266685093147D-03  -0.4059489451778D-03
   0.4819375323063D-03  -0.8952827321233D-05  -0.8844291753446D-03
   0.6595282337573D-03   0.3907630289490D-03   0.1145609653045D-02
  -0.1188052013306D-02   0.8207176040854D-04   0.6245009621699D-03
  -0.1880125040462D-02  -0.4843145235610D-04  -0.3564516128671D-03
  -0.3531648274233D-03   0.6423123309150D-03  -0.1990619404681D-03
   0.4066892837547D-03  -0.2778369417784D-03   0.4492766668430D-04
  -0.5515886865177D-03  -0.2663766499580D-03  -0.2465313082459D-03
  -0.5031188792954D-03   0.1917025288003D-03  -0.1054935257552D-02
   0.5667725250126D-03   0.3347146380368D-03  -0.4461563727853D-03
  -0.9488808162428D-03  -0.3080512272242D-03   0.4065812566530D-03
  -0.1076313357376D-02  -0.2331782544842D-03   0.5228893504079D-03
   0.2377900326047D-03   0.1054901576955D-03   0.2512760939117D-03
  -0.2329840731182D-03   0.3450599302080D-02  -0.1503268250054D-02
  -0.9407320114254D-03  -0.6206717739597D-02   0.8592155696077D-02
   0.6938944223975D-01   0.5200149476381D-01   0.2792431322589D-02
  -0.6816480851561D-02  -0.5247652762178D-02  -0.1872083690101D-01
  -0.2077018431528D-02   0.3340085374249D-02  -0.7952562195419D-02
  -0.2681716667023D-02   0.1708092473721D-02   0.7970925639949D-02
   0.1784252956379D-02   0.2507452337340D-03   0.1361123493207D-02
   0.9911632780649D-03  -0.5402436482205D-03   0.7992921923421D-03
   0.1465328217306D-03  -0.2585141010373D-03   0.5159356691871D-03
   0.1135407245578D-03  -0.1149848677294D-02  -0.7204720024029D-03
   0.3965177425535D-02  -0.2943272415195D-02  -0.1862465149061D-02
  -0.3964986612754D-03  -0.5017043644765D-03  -0.1319264665121D-02
  -0.8737470992577D-04  -0.1051414159490D-02   0.5535655304391D-03
  -0.1805905469558D-03   0.1868683019380D-02   0.1598566444904D-03
   0.7971981187110D-01   0.7139942691770D-01  -0.6708186629891D-01
   0.1271609780986D-02   0.1021682388633D-01   0.6431650406646D-02
  -0.7521467688384D-02   0.2986579345980D-02   0.4957655517097D-02
   0.3885556207107D-02  -0.2722192439131D-02  -0.1460658911753D-02
   0.7454249745895D-02  -0.5220949607453D-02  -0.1343742739248D-02
   0.5348825103871D-03   0.8096946882789D-03  -0.2311748925886D-03
   0.7075859316919D-03  -0.1016044121351D-02   0.1236557578358D-02
  -0.1084741314133D-02   0.4754479842145D-03  -0.2442582528329D-03
   0.7528428821440D-03   0.8714668384884D-03  -0.1560033183703D-03
   0.2709161391954D-03   0.1461562968432D-02  -0.5512374088886D-03
   0.8783651617523D-03   0.7059695903184D-03  -0.3263988599848D-02
  -0.1346596826268D-02  -0.1893263748610D-02   0.4372341907233D-02
   0.1153516078333D-01   0.2329204422776D-03  -0.4599122894423D-02
  -0.5915711358964D-03   0.1061709725290D-03   0.2253240582428D-03
   0.1617258460780D-03   0.7059560574466D-03   0.1055132432251D-04
   0.1742753520361D-02  -0.1469079357653D-02   0.2167307057259D-02
  -0.3458775161388D-03  -0.3634888795478D-02  -0.2326294335592D-03
   0.3730213566930D-03  -0.1582447114535D-03   0.1190497816239D-02
   0.2834264218895D-04   0.9777731277910D-05  -0.5118099464747D-03
   0.5764316127798D-03  -0.1638599636653D-02   0.5400524663213D-03
  -0.4144851613891D-03  -0.2945268028150D-04  -0.5157191468709D-03
   0.6508311642989D-03  -0.2059026230214D-02   0.9518880918544D-04
   0.9068773875411D-03   0.1554775215232D-02  -0.1424370716097D-02
  -0.5565960508483D-03  -0.2370714771908D-02   0.2035739120211D-02
  -0.2029938247756D-02   0.1730995205936D-02  -0.4270488585068D-02
   0.1858398915142D-02   0.2943200042789D-02  -0.1139963563152D-02
  -0.1087241985134D-02  -0.6341870090795D-04   0.1216326977203D-02
  -0.1733045934031D-03   0.7377844911647D-03  -0.1241729721486D-03
   0.8406454308817D-03   0.2791377230850D-02   0.7599649662299D-02
  -0.3842414839938D-02  -0.2127078277725D-02  -0.2872736608821D-02
   0.1584586150417D-01   0.7939792724018D-01   0.3110825690856D-01
   0.6115716640827D-02  -0.1572289390420D-01   0.1111682317305D-01
   0.3499440915301D-02  -0.4670997560154D-03  -0.1851467960410D-04
   0.6104393290209D-03  -0.1206695967234D-02  -0.6738734944787D-04
   0.1648123907328D-02   0.1462381668081D-03  -0.2046495216017D-03
   0.5914933066308D-02  -0.2765288132749D-02  -0.3110546203211D-04
  -0.1079601282676D-01  -0.3021734106519D-02  -0.6424956523962D-02
   0.1383354721831D-01   0.1973803230654D-02   0.5645618388833D-02
   0.7178287065999D-02  -0.1882207288615D-02   0.4888322467814D-02
  -0.2238575352756D-02   0.1194329293708D-02  -0.1034623414257D-02
   0.5731093958648D-03  -0.5206051007490D-03  -0.2033356833828D-02
  -0.1685737819427D-02   0.3356088219001D-03  -0.4153131325713D-03
  -0.9945317187317D-03  -0.1838475020719D-02   0.1448600295219D-02
  -0.3494886205348D-03   0.4442054092132D-03  -0.9287406999720D-03
  -0.5512063873251D-03   0.3607964416743D-03   0.4591116103414D-03
  -0.6075057125326D-03   0.1945190294501D-03  -0.9397084766743D-03
  -0.2403486679516D-02   0.1072736765194D-02   0.1348524099155D-02
  -0.2446666285504D-02   0.2750593844154D-03   0.1339209465723D-02
  -0.5818727497487D-02  -0.2234061181365D-02  -0.5310882188982D-02
  -0.3883707662884D-02   0.3299403412766D-02  -0.1833949788239D-03
  -0.5278622977855D-03   0.9162249519394D-03  -0.7980797636540D-03
  -0.1870094197142D-02   0.8104136948914D-03  -0.9879608212737D-03
   0.3646719826911D-01   0.3440638849254D-01   0.1137185481831D+00
   0.6951320292695D-02  -0.1054395784431D-02   0.8561261204513D-03
   0.4008765836841D-02  -0.3194773287074D-02  -0.4188106066771D-02
  -0.4192841077662D-02   0.3040162824131D-02   0.1801687377095D-02
  -0.2055909126744D-02   0.4460832183923D-02   0.3371608297517D-02
   0.9810939921667D-03   0.2398781660719D-02  -0.3891504287016D-02
   0.1352201240212D-02   0.1095322856593D-01   0.8543566406197D-02
   0.2173444851935D-03   0.2234539193815D-02   0.1348600126868D-02
  -0.1531410058653D-02   0.1148035041386D-02  -0.2208898957571D-02
   0.1236880966019D-02   0.1209295769515D-02   0.6591591565383D-03
  -0.8630354194818D-03   0.9447397454691D-03   0.8730623571451D-03
   0.6554550453963D-03   0.5884516705752D-03   0.1237136110798D-03
   0.3827662046894D-03   0.5019190585882D-03   0.4194180642235D-03
   0.5384307402784D-03   0.7054212957219D-03   0.1382143849241D-02
  -0.5472488951918D-03  -0.6678922487518D-03  -0.5724909367568D-03
   0.5421955301057D-03  -0.1279280449720D-03   0.9264633776049D-04
   0.9431187783449D-04   0.1761201705211D-04   0.3223749516862D-04
   0.3061957738425D-04   0.8698862744894D-04  -0.1432374351353D-03
  -0.5862949019874D-03   0.2491958724476D-03   0.6195708051794D-05
   0.3539041058089D-03  -0.6728781482839D-03   0.1302140191264D-03
  -0.3641906777704D-04   0.1150491526648D-03  -0.4196350195322D-05
  -0.8819120463596D-04   0.4336466705344D-03   0.5196159802230D-03
  -0.3378253090802D-03  -0.1041293126780D-03  -0.3916363761471D-03
  -0.7507924133347D-03   0.6939708584066D-04  -0.3072038766845D-03
   0.6024018633832D-03  -0.4082376765651D-03  -0.9570871652154D-04
  -0.4319954026968D-03   0.1927054423090D-03  -0.8998055716290D-04
  -0.1866651910114D-03  -0.5145737035574D-04   0.1698966743126D-04
   0.6492035771105D-05  -0.2326610015475D-03   0.1822045201981D-03
   0.1146733071795D-03   0.4620150814326D-03   0.1163522291636D-04
  -0.1677248773574D-03   0.3669736767854D-03   0.4256298598781D-04
   0.1883386766816D-03   0.1077161259710D-04   0.2723607804393D-03
   0.7107315166766D-03  -0.2284592976561D-03  -0.2081093263590D-03
  -0.1076568669535D-03   0.2215140499324D-03   0.6056208972705D-03
   0.2386183778750D-03   0.5952419155768D-03   0.6109933028390D-04
   0.5384962623761D-04  -0.2044396836501D-03  -0.7116216001967D-05
   0.2183700371288D-03  -0.2255437852945D-03   0.2598565100677D-04
  -0.2342211031008D-03   0.1055488666225D-03  -0.8563213075609D-05
  -0.8655043365122D-03  -0.4484681625335D-03   0.9764122846559D-04
   0.3814418310511D-03  -0.1693327153410D-03  -0.3417620969452D-04
  -0.2115441592204D-03   0.2468153743656D-03  -0.2678638408079D-04
  -0.9698850330229D-04  -0.1325418944293D-04  -0.2327621302602D-04
   0.3409865643415D-03  -0.1172160505318D-03  -0.9388275408893D-04
   0.2149105099713D-04  -0.7178091374613D-04   0.4121407172476D-03
  -0.1575260757784D-03   0.1243327076718D-03  -0.5237220814309D-03
  -0.4749793918330D-03   0.1722863485689D-03  -0.7238486420932D-04
   0.2416734448670D-03  -0.2540556272291D-03   0.1626084469893D-03
   0.7977726509866D-04  -0.3926467461326D-03   0.4589218942563D-04
  -0.8159145961210D-04   0.3987072895296D-03  -0.1164285630685D-03
  -0.1643510555227D-03  -0.7342845290858D-04  -0.2857552981415D-03
  -0.2424450262536D-03  -0.4342585033005D-04   0.3591734465371D-03
   0.2784402260267D-03   0.1008490703865D-03  -0.4936341286309D-03
  -0.1107711840226D-03   0.4234391491386D-03   0.3815508980539D-03
   0.2406722435633D-03  -0.3580407550679D-03  -0.2709612902589D-03
  -0.1351022364287D-03  -0.3922278381476D-03   0.4248240004790D-03
  -0.8993624976947D-04  -0.2119266949036D-03   0.1311714333642D-03
   0.9951344734303D-04  -0.2056838494432D-02  -0.9882496354941D-03
  -0.3017679174151D-02  -0.5593903979880D-02  -0.5746131690469D-03
  -0.6680247797272D-01   0.4260819800625D-01   0.3434739753879D-01
   0.1069388643398D-01   0.9338652949340D-02  -0.6896340726330D-02
   0.4453169126404D-02  -0.2619970885021D-02  -0.1265581286903D-02
  -0.2678525479504D-02   0.4928221796471D-04   0.1666862096348D-02
  -0.1496182809662D-02   0.7314035273363D-03   0.3922909017209D-03
   0.1492471429147D-02  -0.6107012129465D-04   0.6028279390640D-03
  -0.1804550870877D-03   0.3702235313084D-03   0.2172688850338D-03
   0.1270555915957D-03   0.9001981498828D-03   0.6756371398847D-04
  -0.5772557511655D-03  -0.1042247795714D-02   0.5162417986459D-04
   0.5306268605449D-03  -0.1210890746293D-03  -0.2034923201857D-03
  -0.8914122891843D-03   0.6685061917847D-04  -0.1666817317131D-03
   0.1511709932931D-03  -0.6684535395740D-03   0.1168460389768D-03
  -0.9364076756692D-01  -0.7195967894153D-02   0.8032207838401D-01
  -0.2148507035827D-02   0.6209035765879D-02   0.6398000990125D-02
   0.4919273993738D-02   0.8645906962729D-02  -0.2195726790228D-02
  -0.5765547024103D-03  -0.2822449464496D-02  -0.1414302012640D-02
  -0.7511354448755D-02  -0.1347296468733D-03  -0.9152919317091D-02
  -0.1213700758865D-02   0.7931413551593D-03   0.6830967861962D-02
  -0.1308246852575D-01  -0.6905482729742D-02  -0.7714411408322D-02
  -0.1473426689724D-02  -0.1938727374861D-02  -0.4044019747578D-03
   0.8244996447715D-02   0.4016763320103D-03  -0.6289030738716D-02
  -0.4894484833218D-02  -0.2496483109268D-02  -0.2579097848427D-02
  -0.1295780720633D-01   0.2111248953152D-02   0.2509813837939D-02
  -0.1567943686825D-02  -0.9242601247704D-04  -0.6710911437620D-03
   0.8347622545653D-03  -0.7199611407935D-03   0.1493276684443D-02
  -0.1902593855652D-02   0.4022982833811D-03   0.4569974587278D-03
   0.1355718414585D-01   0.9292703132681D-02   0.9266861790964D-02
  -0.2736391562454D-02   0.1084319115374D-02  -0.1477467706326D-02
   0.2414273600728D-02   0.2439554138605D-03   0.1159552345316D-02
  -0.2070228357379D-02  -0.3684513995537D-02   0.4719781918207D-03
  -0.1084075953774D-02   0.4284341312419D-03  -0.3343530389114D-03
  -0.3267361268160D-03   0.1729485431769D-02  -0.1403001144148D-02
   0.3094207741367D-03  -0.1049027922506D-02   0.1513140512937D-02
   0.2662307650474D-03  -0.1369264682955D-03  -0.6340853915360D-03
   0.9409071521048D-03  -0.5463808834092D-03  -0.1731962053176D-02
   0.1302613038125D-02  -0.2720914369465D-03  -0.4912153688326D-03
  -0.2011346002075D-03   0.1678424369194D-03  -0.2627655629857D-03
   0.5378542610229D-03   0.2007844454188D-03   0.1429160704003D-02
  -0.9578273697204D-03  -0.1011051277406D-02   0.6056499017688D-03
  -0.9969087970564D-03  -0.2160287825725D-03   0.1211630721097D-02
  -0.7090010491305D-03  -0.3993516249803D-03   0.3645684456284D-03
   0.2749778815815D-03   0.3395498743080D-03  -0.4877675500177D-03
  -0.1095718526824D-02  -0.1406642266250D-02   0.2921738613649D-03
  -0.2659756682917D-03  -0.8915503821498D-04   0.9286065314270D-03
  -0.4175750177300D-02  -0.1042845270227D-01   0.2710398506941D-03
   0.5516738113240D-01   0.1199653263866D-01   0.6909790808650D-01
   0.2369982344176D-02   0.1038976867634D-01  -0.1433015763041D-01
   0.6196994885199D-03   0.1394744003405D-02   0.1908367383362D-03
  -0.1694046190295D-02  -0.3670463540615D-03  -0.1125085418702D-02
  -0.1502329232708D-02  -0.1366266691504D-02  -0.8246402218351D-03
  -0.2126488765082D-01  -0.1146278578210D+00   0.7337468936740D-01
  -0.2840487415867D-01   0.1231030193888D-01   0.6789301348364D-01
   0.9282511855825D-03   0.4344336270512D-01   0.1315344770349D+00
   0.2289276953311D-01  -0.6339164640322D-01  -0.3682847097706D-01
  -0.1292767583168D+00  -0.5554916098776D-01   0.7438149697173D-02
  -0.9166218987920D-02  -0.6645234547251D-01  -0.3564328266598D-01
   0.1003248789306D+00   0.3426092138979D-01  -0.9055858524973D-01
  -0.6075778631684D-01  -0.4591474850681D-01   0.9586170481083D-02
  -0.9868625201395D-01  -0.7117833651132D-01   0.6013704949246D-01
  -0.1643829601653D-01  -0.6444724769211D-01  -0.3780144081991D-01
  -0.4262156928008D-01  -0.5681057564168D-01  -0.1187788610924D+00
   0.5779892291547D-01  -0.4104973585506D-01  -0.2989060029619D-01
   0.1167599179559D+00  -0.2328354735979D-03  -0.7695194050044D-01
  -0.5054226339316D-01  -0.1260282072905D-01  -0.5530989308948D-01
$end                                                                            
