   -0.40651967
    0.02536286
    0.26592163
   -0.51039764
   -0.08403320
   -0.08508095
   -0.02473749
   -0.14143008
    0.23362614
   -0.24492226
   -0.25821804
    0.18907750
    0.05109847
    0.06262505
    0.08954773
    0.06441721
    0.04161744
    0.09400012
    0.08263144
    0.22544468
    0.24190233
    0.26050059
    0.24841198
    0.26112924
   -0.19029543
    0.03816371
    0.28672999
   -0.53252402
   -0.11144669
    0.37406430
   -0.64667064
   -0.64952169
    0.23135668
    0.06360184
    0.06334303
    0.05157620
   -0.19751612
    0.03585089
    0.28350378
   -0.50834562
   -0.13566668
    0.23120346
    0.04879402
    0.07299676
    0.08465285
    0.08747227
   -0.18321055
    0.02906963
    0.27829332
   -0.49920124
   -0.02138672
   -0.06781213
   -0.12136390
   -0.11933043
    0.20261565
    0.07926650
    0.04721499
    0.03480363
    0.07182289
    0.07685480
    0.03144212
    0.05706850
    0.06242030
    0.05900079
    0.02900667
   -0.19314990
    0.04392086
    0.29518321
   -0.51066363
   -0.06621289
    0.00662350
   -0.11066017
   -0.10933983
    0.21425650
    0.06709882
    0.06720501
    0.03882981
   -0.02522288
    0.05450289
    0.02010095
    0.07000583
    0.04531524
    0.06671573
    0.02141290
   -0.19595559
    0.07056743
    0.28073056
   -0.53165170
   -0.09223301
    0.37859780
   -0.64700338
   -0.62146994
    0.19251166
    0.02533261
    0.04675688
    0.02633764
   -0.18233888
    0.03838632
    0.27428664
   -0.48370551
   -0.12778754
    0.21276130
    0.06771549
    0.07641492
    0.07750625
    0.07848127
   -0.18334326
    0.03418864
    0.28190188
   -0.48844103
   -0.05520118
   -0.00729069
   -0.11372449
   -0.10933100
    0.20252256
    0.08683705
    0.02442543
    0.05131448
    0.04395984
    0.06644359
    0.03546272
    0.03524924
    0.05891209
    0.03933310
    0.02612484
   -0.20686580
    0.04969184
    0.27100900
   -0.47840196
   -0.04072755
   -0.07375382
    0.37228306
   -0.64079054
   -0.63213334
    0.19641803
    0.05214582
    0.02701051
    0.04230130
    0.00268510
   -0.00344983
   -0.18559029
    0.03141277
    0.27784594
   -0.45850493
   -0.10721182
    0.29488736
   -0.48400515
   -0.26032229
    0.19082297
    0.09088750
    0.07952223
    0.11198500
    0.21063961
    0.20340993
   -0.15812981
    0.01898117
    0.27813288
   -0.49068830
   -0.07050802
    0.00660107
   -0.09674808
   -0.10726165
    0.16951584
    0.09642071
    0.05826469
    0.05649331
   -0.00337821
    0.02836888
    0.02055773
    0.05786228
    0.03822599
    0.05110189
    0.02988989
   -0.16545682
    0.01938616
    0.20252981
   -0.35149654
    0.11231124
   -0.49098577
   -0.14453897
    0.20942850
    0.09573168
    0.05794287
    0.35399467
    0.08590036
    0.06399650
    0.06412123
   -0.40690758
    0.04476102
    0.29206697
   -0.52802696
   -0.05548186
   -0.09468027
    0.37322670
   -0.63153801
   -0.65744733
    0.17822450
    0.01878577
    0.04174005
    0.03997856
    0.01964084
    0.01375649
   -0.17676179
    0.04193741
    0.22200156
   -0.39259977
   -0.07388585
   -0.01099747
   -0.12261022
   -0.10538499
    0.22213823
    0.06725283
    0.04779471
    0.06792789
    0.04430705
    0.05888824
    0.04793540
    0.04255350
    0.04437766
    0.04001540
    0.01696346
   -0.38986113
    0.03861719
    0.26773123
   -0.49338418
   -0.10524989
    0.16882007
    0.03356944
    0.02315767
    0.04811573
    0.04432620
   -0.16717214
    0.03316949
    0.19980660
   -0.35647188
   -0.08076145
   -0.00865960
   -0.12192006
   -0.10628010
    0.21724338
    0.06947173
    0.07763138
    0.07729026
    0.04121616
    0.04535522
    0.06299251
    0.04962246
    0.02448939
    0.04057402
    0.02121293
   -0.38134484
    0.02271582
    0.20675488
   -0.36064687
    0.11527129
   -0.48678129
   -0.12118863
    0.16549186
    0.05774851
    0.03276758
    0.32814004
    0.02953619
    0.03105272
    0.05857451
   -0.38656929
    0.02454154
    0.19892313
   -0.38223060
    0.11564117
   -0.46994384
   -0.12542081
    0.17443262
    0.04679781
    0.03616601
    0.33714484
    0.06506394
    0.03990230
    0.05230336
   -0.37667672
    0.03292410
    0.19781541
   -0.35819581
   -0.05645951
   -0.09884674
    0.29024195
   -0.49485770
   -0.28018881
    0.16079579
    0.07138926
    0.04237652
    0.04941586
    0.08383261
    0.06344472
    0.22634501
    0.18472713
   -0.38229202
    0.03525707
    0.19788300
   -0.36418065
   -0.06721632
   -0.01640700
   -0.25389488
   -0.05436089
    0.15652289
    0.06233826
    0.05229860
    0.06043032
    0.07456325
    0.06424700
    0.05114163
    0.06617813
    0.05433653
   -0.39293497
    0.03114015
    0.27077184
   -0.51118256
   -0.07064945
   -0.10108517
    0.29054696
   -0.50962863
   -0.29090401
    0.15817934
    0.03899802
    0.05754164
    0.07175934
    0.06471271
    0.07634594
    0.23183256
    0.20246869
   -0.17617677
    0.03611380
    0.20740907
   -0.36799537
   -0.07706607
   -0.01202430
   -0.10394844
   -0.12392660
    0.23361396
    0.06431444
    0.05220892
    0.07176919
    0.04879840
    0.03653301
    0.03410114
    0.02273151
    0.05591726
    0.03015480
    0.05923908
    0.18552421
    0.09042028
    0.19116906
    0.07202561
    0.18633175
    0.09651471
    0.18040727
    0.08617209
    0.19115836
    0.08089919
    0.18339052
    0.07732525
    0.19324032
    0.08511233
    0.19292857
    0.08417679
