$grad                                                                           
  cycle =      1    SCF energy =  -108.17848648733   |dE/dxyz| =  0.323673
  327.29919653822617    104.63112335458256    226.61063507471960      n 
  325.70729479550954    102.83479355140847    225.25575430754529      c 
  324.86849410063468    100.87909736862088    227.20656320379302      c 
  323.64171396953077    101.61008857088832    229.05327907249833      o 
  326.80169924969948    101.76412373672292    222.83563364211835      c 
  324.63575781468768    100.41576269717260    221.29669638714256      c 
  322.62124928743162     99.99565510562567    222.45586128549817      o 
  325.11854577311203     99.95266662025500    219.04385857472408      o 
  328.60596618286280    103.86714797136219    227.78024928508833      h 
  323.98486605452399    103.85477501470869    224.72163904208583      h 
  327.52842229199342    103.27031272753483    221.63260907488734      h 
  328.28218576266863    100.36449284612117    223.12461869487743      h 
  330.39845573277279    105.06008229737613    208.58605356454660      n 
  330.16567339250372    104.23436253685580    211.18838589757240      c 
  328.95685377466907    101.60922112186000    211.07741637877638      c 
  326.90625370428808    101.26480780844589    210.06681684280991      o 
  328.53087342396384    106.06052288055614    212.77570046641841      c 
  329.63542282958269    108.73577970489511    212.63490459586268      c 
  328.34590078587280    105.10948080365358    215.49255763503518      c 
  328.14391657740549    110.68786084761089    214.14300320236740      c 
  328.87369310672955    104.77620774048380    207.45708796651618      h 
  332.07647995153837    104.15837085403103    211.97392062311974      h 
  326.64646112797823    106.08006723890593    211.92720821393573      h 
  331.58640951049188    108.70283753859718    213.30205697444370      h 
  329.67111299472697    109.31366010002019    210.65261002145104      h 
  327.10090167139839    106.32370773320835    216.58493361147077      h 
  327.57304171970657    103.20587847047699    215.57440736039945      h 
  330.19278363265272    105.11119473860234    216.38884421979890      h 
  328.81630070933136    112.57892681612964    213.69756366741836      h 
  326.14245010282571    110.59314156772345    213.69287389541267      h 
  328.35670658164713    110.40743256012173    216.16499798687497      h 
  330.30128080787148     99.72340171968085    212.09735544966543      n 
  329.43617368705532     97.12570663202725    211.95487741158794      c 
  329.40919683472418     96.31102441079952    209.17027393202801      c 
  331.35972761698042     95.92751834952243    208.00340616526114      o 
  332.04503489945887    100.06151402934435    212.77087483426632      h 
  330.75552578298624     95.93928287508047    212.99658959494974      h 
  327.55807849245076     96.99512191548065    212.80580655166477      h 
  327.09858570321035     96.10064619443398    208.14887301109653      n 
  326.69893143858826     95.48172898037986    205.52455664043464      c 
  325.10454547574477     97.35941096467373    204.01950579206672      c 
  324.19939703871631     96.74085513141665    201.98362482979712      o 
  325.58603775642212     96.55653398201578    209.21769233073243      h 
  328.56140100974864     95.36323269144256    204.63158977447370      h 
  325.79801486216547     93.62667383912151    205.34359572404907      h 
  324.69585295728695     99.60641353050583    205.10455633599977      n 
  323.14515020165453    101.52313306735819    203.92599989840835      c 
  324.62903891769656    103.95156227102427    203.44506226495827      c 
  326.52213521797967    104.49366020357716    204.66851062591013      o 
  320.85515697273161    102.11862955448993    205.60599438305420      c 
  318.92172875247894     99.97818117127709    205.57169678436296      c 
  316.51924673010325    100.73803687142565    206.98641964943846      c 
  314.55864857401474     98.63568368073867    207.06736088735184      c 
  315.35274263089082     96.57971214182561    208.82793582626738      n 
  325.64709577391892    100.09216905220002    206.69639485434428      h 
  322.51248759272084    100.77854487738192    202.10045251264199      h 
  321.53174430322269    102.44958483061046    207.52511841759792      h 
  319.96914191002844    103.85124791492363    204.92943347886870      h 
  318.45502533215432     99.55026415420799    203.60525261384061      h 
  319.80546522596234     98.30534209500991    206.39034366178171      h 
  316.97689925659319    101.38707375483217    208.88712463003421      h 
  315.68067495511809    102.34687955071993    206.00963813637799      h 
  312.75770944257886     99.40642840038137    207.70209076425544      h 
  314.32399000516392     97.84905518521337    205.17742782503541      h 
  313.98893655256467     95.19360714611962    208.92016676585840      h 
  317.01725719034107     95.79206733089778    208.19363329236788      h 
  315.64313420988651     97.31901783610279    210.60920629733789      h 
  328.15964708290755    105.58217700719037    225.49363741026968      h 
  325.31458611486823     99.05796203374273    226.97091055575595      h 
  330.69953860224456    106.73349838199775    208.54618269953627      h 
  324.06444682600306    105.15323812894002    202.10034107984913      h 
   0.5878864479584D-01   0.6523272349280D-01  -0.8672168703888D-01
  -0.2070092938574D-02   0.6563845059540D-02  -0.1172014013310D-01
   0.4139900252331D-01  -0.9448466639783D-01  -0.2642038782128D-01
  -0.1758483290247D-01   0.1844305212427D-01   0.2420773603303D-01
   0.6184036657976D-02   0.7512765005479D-02   0.3958328099110D-02
  -0.7068671531065D-03  -0.5306394761984D-02  -0.2627568535237D-02
  -0.3685792869507D-02   0.2887890247602D-02   0.2113213112839D-02
   0.1503919834058D-02   0.2972155828379D-02   0.1999177297130D-03
   0.3907162606135D-02   0.9678224533179D-02  -0.1376255067847D-02
   0.1916752887097D-02  -0.2311397388703D-02  -0.1189330460575D-02
  -0.1517269727943D-02  -0.3713536585928D-03  -0.1423685379837D-03
  -0.2151757708574D-02   0.1367096335898D-03  -0.2598491794253D-02
   0.1468376770466D-01   0.1256943079525D+00   0.7350017830808D-02
   0.1054078028493D-01   0.3205823505490D-02   0.7094703589710D-02
  -0.3489504486332D-02  -0.6048115756374D-02  -0.2713010421216D-02
   0.2394336806393D-02   0.1598350579320D-02   0.2934967634615D-03
  -0.3642397133775D-03   0.1911984602115D-02  -0.4686001581379D-02
   0.8564016543096D-03  -0.3150794461292D-03  -0.1551595932314D-02
   0.1942343340082D-02  -0.2235031360473D-02   0.4460427647934D-03
  -0.2375013610234D-04  -0.1406738544854D-02   0.5938870032513D-03
   0.2476156127527D-02   0.8490103023160D-02  -0.8240048961927D-02
  -0.4546377013625D-03   0.1776622977013D-02  -0.1773705785425D-02
   0.2064806115695D-02   0.4106447842584D-03  -0.6736280801029D-03
  -0.8215482575580D-03   0.3743521615011D-03  -0.1018059034173D-02
   0.1234021995599D-02  -0.3298069519923D-02  -0.1915699827192D-02
   0.3565212139260D-03   0.7054979543683D-03  -0.8535869459243D-03
  -0.1312984527345D-03   0.3739441142391D-03  -0.4755310412434D-03
  -0.1268395790236D-02   0.5325268211077D-03  -0.1143104491789D-03
  -0.1957767388470D-03   0.2097616554162D-03   0.1697243299090D-03
   0.4525301686495D-03   0.5258374684309D-03   0.9737433032913D-03
  -0.5894944490607D-03   0.8657705410808D-03  -0.1347441609757D-03
   0.5027140938156D-03   0.5494913018312D-04   0.2870429632672D-03
  -0.6952419243731D-04   0.8588201553513D-04   0.1192199376790D-03
   0.9502860290696D-03  -0.2476256718744D-03  -0.3982170109335D-03
  -0.9090984952215D-03   0.2420374502242D-03   0.6041968049732D-03
  -0.7371559835994D-03  -0.2757817318656D-03  -0.2453989672591D-03
   0.1020134550598D-03   0.1073567871190D-03   0.1765248658991D-03
   0.3261657604050D-05   0.2646067652236D-04  -0.1254654840620D-04
   0.5158990572950D-04  -0.6658121192873D-04   0.6170528370716D-04
  -0.1841296156883D-04  -0.6510634936844D-04   0.2035673639431D-04
  -0.2596000628608D-05   0.1759819784896D-03   0.3001931211061D-03
  -0.1734104890688D-04   0.1250169337505D-03  -0.5610916411384D-04
   0.1837368679428D-03   0.6777244816801D-04   0.1987354742224D-03
  -0.2091230035120D-03   0.2139097025332D-03   0.1753343158266D-04
  -0.7257486161642D-04   0.5659913812696D-04   0.3667310334519D-04
   0.1154580805078D-03   0.1236498080002D-02   0.1035237352852D-03
  -0.5009095332534D-02  -0.6454456957742D-02   0.4371446479963D-02
  -0.4498966011499D-01   0.4743953403734D-01  -0.7065822624321D-01
   0.1886738778612D-01   0.6349996963148D-02   0.1292005088770D-01
   0.2700585131941D-02  -0.3643138387316D-02  -0.2525215976528D-03
  -0.4543743348152D-03   0.1666486134820D-02   0.1824280256994D-02
   0.2011226588392D-03  -0.2380891710048D-02   0.8177212696968D-03
  -0.1170328533960D-03  -0.2139767010852D-03   0.2589018348276D-03
   0.1149030828768D-02  -0.1756000988337D-02   0.1639090584826D-02
   0.3662300049520D-03  -0.2712905111266D-02  -0.1215844551881D-02
  -0.4040802506348D-03   0.1007041563543D-02   0.1887034443982D-03
  -0.6538213057321D-03  -0.5036141551310D-03  -0.3089989378372D-03
   0.1269722758127D-03  -0.8884042119977D-03   0.3628341157228D-03
   0.4507968827543D-04   0.3401093867909D-03  -0.1327229380247D-02
   0.1901529833685D-04  -0.5571407503568D-03  -0.1785062009237D-03
  -0.1040958719114D-02   0.1391829520871D-02  -0.8190894499690D-03
   0.2571201671547D-05   0.7258655094396D-04   0.2876048949994D-03
   0.2029877402533D-03   0.8805807590474D-03  -0.8076422186836D-03
   0.4935312542256D-03   0.7430924103164D-03  -0.3129249357654D-03
  -0.4365404957766D-03   0.1657061344670D-04  -0.4582322055119D-03
   0.4133059864840D-03   0.3304874848582D-03  -0.1036138501377D-02
  -0.1385041001560D-03   0.1160803983464D-02   0.5783814165764D-03
  -0.6618379489057D-01  -0.8187413438170D-01   0.9266474992054D-01
  -0.2014186678507D-01   0.7116447067572D-01   0.1071375146883D-01
  -0.3132188265246D-01  -0.1336765270352D+00   0.4960985874250D-02
   0.3080028877926D-01  -0.4395630678224D-01   0.5412961910273D-01
$end                                                                            
