   -0.41969553
    0.02000163
    0.18745470
   -0.36235571
   -0.10098551
   -0.02886721
   -0.15461827
   -0.15579835
    0.18564197
    0.07974576
    0.06718214
    0.06712324
    0.05195533
    0.04983136
    0.05015371
    0.05186775
    0.04942164
    0.05654399
    0.06079005
   -0.41904213
   -0.00041606
    0.26103193
   -0.48984984
   -0.04818931
   -0.08260149
   -0.15886105
   -0.14704055
    0.17880005
    0.05717690
    0.06652814
    0.04666256
    0.04013168
    0.07145320
    0.06197300
    0.06241355
    0.04708101
    0.05009946
    0.06062125
   -0.19616717
    0.01279876
    0.28546183
   -0.46891379
   -0.14064151
    0.27189480
   -0.48858851
   -0.27876235
    0.24823893
    0.10518491
    0.10279234
    0.10862995
    0.22792125
    0.22699060
   -0.20177157
    0.01963581
    0.27498448
   -0.49548986
   -0.13179838
    0.28746582
   -0.50257093
   -0.30014637
    0.22188972
    0.10288398
    0.09386744
    0.10131759
    0.24451615
    0.24625759
   -0.18205574
    0.01397674
    0.27286894
   -0.48312415
   -0.13649283
    0.28006141
   -0.50079634
   -0.28941481
    0.21638470
    0.10334622
    0.10919558
    0.11667557
    0.24030441
    0.22365852
   -0.19328369
    0.00023651
    0.26092856
   -0.50441735
   -0.11027374
   -0.04141461
   -0.16538325
   -0.16998993
    0.23919703
    0.10617917
    0.06915578
    0.08430391
    0.06905780
    0.07263585
    0.05124458
    0.06366819
    0.07146279
    0.06654424
    0.05305373
   -0.18649905
    0.00426420
    0.27422726
   -0.50407180
   -0.09218410
   -0.12736399
    0.28596231
   -0.48846042
   -0.31812611
    0.23861523
    0.09804866
    0.08142981
    0.06515907
    0.08199777
    0.10844687
    0.23240120
    0.23234691
   -0.18683716
    0.00890365
    0.27457597
   -0.51307233
   -0.10852996
   -0.10390506
   -0.03988579
   -0.16195870
    0.23078265
   -0.25280458
   -0.26712150
    0.22465836
    0.09640659
    0.08063694
    0.09630510
    0.09859576
    0.07317809
    0.08326791
    0.09854887
    0.24913357
    0.22341286
    0.24965473
    0.26489834
    0.25977459
   -0.18563406
    0.01007635
    0.28626374
   -0.51136625
   -0.04775311
   -0.15864594
   -0.16253088
    0.22767947
    0.08325918
    0.08674441
    0.08552114
    0.05147543
    0.05689723
    0.08065435
    0.06073582
    0.05782786
   -0.19834918
    0.01004957
    0.28562513
   -0.49887601
   -0.10748168
   -0.11104599
   -0.04719169
   -0.15197487
    0.23078194
   -0.25317233
   -0.26226792
    0.23369870
    0.09634292
    0.08235929
    0.08203603
    0.09363129
    0.08677695
    0.10321716
    0.09810457
    0.23389705
    0.25636333
    0.24522796
    0.23732323
    0.23922052
   -0.18212110
    0.02262010
    0.21047201
   -0.37319072
   -0.07267955
   -0.11246885
    0.36408987
   -0.65569142
   -0.63876824
    0.21881152
    0.09233818
    0.06992926
    0.06465146
    0.04428427
    0.05034053
   -0.42488490
    0.02687124
    0.20717895
   -0.38693845
   -0.04028079
   -0.08963958
   -0.15329629
   -0.15988877
    0.19276536
    0.06263910
    0.05838736
    0.04960119
    0.04672639
    0.07597511
    0.04061613
    0.06395364
    0.06357362
    0.05754792
    0.06901152
   -0.41246471
    0.02362424
    0.19797247
   -0.38088311
   -0.03798620
   -0.08642068
   -0.16173301
   -0.15906919
    0.18100258
    0.07299206
    0.05436115
    0.04219644
    0.05766254
    0.06892710
    0.05633248
    0.06828537
    0.05080975
    0.06202653
    0.04870714
   -0.41709396
    0.00774868
    0.27009121
   -0.51623492
    0.10006378
   -0.49195104
   -0.15975111
    0.19270969
    0.05898850
    0.04206555
    0.31943297
    0.06570285
    0.06317391
    0.07116943
   -0.18079307
    0.01207591
    0.19734876
   -0.36694969
   -0.10461347
   -0.03468044
   -0.16423129
   -0.15802646
    0.23272888
    0.11108418
    0.07886166
    0.09188440
    0.05718003
    0.06994696
    0.06280526
    0.06892591
    0.05958723
    0.05830727
    0.04321139
   -0.41931764
    0.01962024
    0.19629276
   -0.39086737
   -0.10098772
   -0.03532902
   -0.16046930
   -0.15887827
    0.17236842
    0.10436108
    0.05687669
    0.06960941
    0.05242779
    0.05614610
    0.05976505
    0.06129118
    0.05283173
    0.06028041
    0.05424287
   -0.43188342
    0.00921238
    0.25723555
   -0.50091920
   -0.10151824
   -0.09408832
   -0.11842940
   -0.07164616
   -0.14803745
    0.19700812
    0.06245773
    0.07033217
    0.07184804
    0.06698240
    0.06792389
    0.09557397
    0.09101135
    0.12836204
    0.12770185
    0.29286837
    0.29403250
    0.29173240
   -0.19245258
   -0.00686987
    0.27258620
   -0.48268207
   -0.04814519
   -0.09227954
   -0.15857213
   -0.14866658
    0.22500519
    0.10477430
    0.06364608
    0.07242383
    0.06331444
    0.07139726
    0.04528457
    0.07983673
    0.06025242
    0.05043683
    0.04909683
   -0.19859259
    0.02326175
    0.26926523
   -0.49716391
   -0.11361388
    0.35679223
   -0.63410676
   -0.65773210
    0.21794639
    0.07768242
    0.06462290
    0.05362202
   -0.18760127
    0.01206128
    0.26604330
   -0.51642250
   -0.17046474
    0.22105107
    0.08555473
    0.08299439
    0.08710628
    0.09811167
   -0.18040575
    0.00866268
    0.26838973
   -0.49295357
   -0.17190249
    0.23526690
    0.09249626
    0.09073413
    0.09800766
    0.08939494
   -0.18733895
    0.00870646
    0.27250802
   -0.50728708
   -0.10276944
   -0.04696485
   -0.17589538
   -0.16440345
    0.22373093
    0.10943786
    0.06160128
    0.07120757
    0.07535091
    0.07964677
    0.04752035
    0.07110220
    0.07426364
    0.05693463
    0.06062708
   -0.20018389
    0.01668692
    0.27630091
   -0.52930756
   -0.16478760
    0.23343740
    0.07774530
    0.07541318
    0.08197790
    0.08816677
   -0.18878402
    0.00758214
    0.27476651
   -0.49715899
   -0.09418489
   -0.12934664
    0.28472313
   -0.49299777
   -0.29104280
    0.23406852
    0.08303585
    0.09451559
    0.08481035
    0.08530044
    0.08727889
    0.22347967
    0.23528268
   -0.17941350
    0.00254657
    0.27585023
   -0.50130181
   -0.04405954
   -0.15953996
   -0.16736457
    0.22621162
    0.09921083
    0.06671455
    0.08878001
    0.04096428
    0.06943407
    0.08860809
    0.07290182
    0.06466803
   -0.19221058
    0.03037327
    0.27199450
   -0.50696533
   -0.11811936
    0.35940458
   -0.61404702
   -0.63066349
    0.22944741
    0.08584894
    0.04818277
    0.04509692
   -0.19985130
    0.01036004
    0.28702485
   -0.51715954
    0.11130563
   -0.51851745
   -0.17054912
    0.22430374
    0.09236969
    0.06164543
    0.35507609
    0.07601762
    0.08682169
    0.05528281
   -0.18774353
    0.02158582
    0.27460030
   -0.51710447
   -0.10555454
   -0.02962782
   -0.15374959
   -0.14917390
    0.23105834
    0.07688905
    0.08308425
    0.06755017
    0.06798366
    0.06441483
    0.06544645
    0.06054084
    0.06401946
    0.05134710
    0.02808143
   -0.20239827
    0.01336924
    0.27989895
   -0.50595224
   -0.11063627
   -0.10802068
   -0.04718596
   -0.14091376
    0.22030083
   -0.24694399
   -0.26499065
    0.23312084
    0.10302305
    0.09110558
    0.07536804
    0.07877129
    0.10683449
    0.09249122
    0.11662730
    0.23740570
    0.24753794
    0.26078548
    0.23999011
    0.25157309
   -0.19392418
    0.00403171
    0.27840350
   -0.50377185
    0.04915275
   -0.46534073
    0.23375106
    0.10938915
    0.06679487
    0.10101835
    0.29998281
   -0.17955333
    0.03764247
    0.20979730
   -0.35306705
   -0.11561066
    0.37877400
   -0.65133611
   -0.62865879
    0.19962267
    0.08517789
    0.06603186
    0.06268514
    0.17739069
    0.08164956
    0.17644652
    0.07305385
    0.18108775
    0.05950352
    0.17962583
    0.07121913
    0.18362093
    0.07550200
    0.18239550
    0.06724215
    0.17291086
    0.06788791
