           2           1   1.00686491080068     
           3           2  0.986910907705456     
           4           3   1.87455076581192     
           5           2  0.950657449674185     
           6           5  0.994506726313464     
           7           6   1.00044084876534     
           8           6   1.00336434272487     
           9           1  0.951928380157242     
          10           2  0.960047500992542     
          11           5  0.973052961112209     
          12           5  0.973912370860308     
          13           6  0.976894853180642     
          14           7  0.983394062140042     
          15           7  0.984386826627749     
          16           7  0.986269040947221     
          17           8  0.984632523707999     
          18           8  0.979689346073025     
          19           8  0.975474137173812     
          21          20   1.00403964182156     
          22          21  0.935563097858592     
          23          22   1.62626139054344     
          24          21  0.952133286259727     
          25          24  0.987720615217317     
          26          24   1.01291759936194     
          27          25   1.01223050663458     
          28          20  0.951469003825882     
          29          21  0.971691822870058     
          30          24  0.973628934962860     
          31          25  0.981489036139352     
          32          25  0.978434011768018     
          33          26  0.975205730576343     
          34          26  0.978439091234494     
          35          26  0.980757461248701     
          36          27  0.982529256026931     
          37          27  0.979048472892740     
          38          27  0.982136520342362     
          39          22   1.30337565250952     
          40          39  0.967340329303350     
          41          40  0.945476827192352     
          42          41   1.64653845779387     
          43          40  0.976174864834078     
          44          43  0.967842827015425     
          45          44   1.65131021092532     
          46          44   1.30473120975676     
          47          39  0.896854664534339     
          48          40  0.959162662986863     
          49          43  0.963713536824712     
          50          43  0.952110143963039     
          51          46  0.930498572465761     
          52          46  0.926191842075751     
          53          41   1.28135543029028     
          54          53  0.960452952534769     
          55          54  0.943633217133416     
          56          55   1.62469438859165     
          57          54  0.970082860888153     
          58          57  0.968050262990892     
          59          58   1.65512075781402     
          60          58   1.30315207769475     
          61          53  0.930420995329353     
          62          54  0.959132324689479     
          63          57  0.968091745997535     
          64          57  0.955520827890742     
          65          60  0.925119281506789     
          66          60  0.926742216015145     
          67          55   1.30227357494917     
          68          67  0.963747874237930     
          69          68  0.934538899430299     
          70          69   1.63703159358744     
          71          68  0.978439794549355     
          72          71  0.976043217838558     
          73          72   1.64927302029756     
          74          72   1.29519551670354     
          75          67  0.930926110280942     
          76          68  0.958129194156703     
          77          71  0.958320322386364     
          78          71  0.941776948183011     
          79          74  0.926891190151186     
          80          74  0.931806023303519     
          81          69   1.30984783557438     
          82          81  0.963252089991618     
          83          82  0.948396638677250     
          84          83   1.59439019481542     
          85          82  0.969492239882993     
          86          85  0.987487125778424     
          87          86   1.00335391554235     
          88          86   1.00614714912759     
          89          81  0.908506696377834     
          90          82  0.952426832036825     
          91          85  0.971632906727921     
          92          85  0.971295841157324     
          93          86  0.972230498305368     
          94          87  0.979787800459760     
          95          87  0.981497089246584     
          96          87  0.984809269978315     
          97          88  0.980373541264452     
          98          88  0.984115721067905     
          99          88  0.980081029322040     
         100          83   1.32222290622797     
         101         100  0.976573614266857     
         102         101  0.931575997819532     
         103         102   1.62203093325152     
         104         101  0.972183889741558     
         105         104  0.984894034406289     
         106         105  0.967997580576418     
         107         106   1.66738709027301     
         108         106   1.27704198048806     
         109         100  0.905332107019672     
         110         101  0.960430176141819     
         111         104  0.969537861320482     
         112         104  0.975976545674034     
         113         105  0.970879333986640     
         114         105  0.962587565491285     
         115         108  0.934354280060559     
         116         108  0.931786257712899     
         117         102   1.31624966508423     
         118         117  0.967281753443936     
         119         118  0.930954386576257     
         120         119   1.62378877552376     
         121         118  0.976836095454096     
         122         121  0.999413157054280     
         123         122  0.999927847204059     
         124         123  0.965919063388220     
         125         124   1.32480107246193     
         126         125   1.31484927310658     
         127         125   1.30892186264490     
         128         117  0.918679871131705     
         129         118  0.958201327298548     
         130         121  0.972913097651208     
         131         121  0.967862020254638     
         132         122  0.970293228384203     
         133         122  0.979499824298833     
         134         123  0.965802649117254     
         135         123  0.962434416165872     
         136         124  0.918252746945180     
         137         126  0.924677481383847     
         138         126  0.921400693159094     
         139         127  0.914975908805981     
         140         127  0.917028155843430     
         141         119   1.31287168012036     
         142         141  0.963713851312103     
         143         142  0.940528105551163     
         144         143   1.62949224396430     
         145         142  0.963215143703151     
         146         145  0.998894667924960     
         147         145   1.00555430788098     
         148         141  0.918216294449893     
         149         142  0.962362502284322     
         150         145  0.964805371273707     
         151         146  0.980895080957981     
         152         146  0.980679049733417     
         153         146  0.986523145409967     
         154         147  0.979596235394510     
         155         147  0.985283778034504     
         156         147  0.981399957018805     
         157         143   1.29925581996603     
         158         157  0.962684835616854     
         159         158  0.939617328017893     
         160         159   1.63205680136583     
         161         158  0.979802881171086     
         162         161  0.995986188061411     
         163         162   1.00063814438655     
         164         163  0.962410492472985     
         165         164   1.32345969612720     
         166         165   1.32040781154373     
         167         165   1.30454073311349     
         168         157  0.917022852151698     
         169         158  0.959946723591954     
         170         161  0.972231765838732     
         171         161  0.970482554368024     
         172         162  0.960307278341918     
         173         162  0.972518832144748     
         174         163  0.963573757124602     
         175         163  0.965210440544628     
         176         164  0.916368844985137     
         177         166  0.914933124224218     
         178         166  0.924139620762974     
         179         167  0.899534735625216     
         180         167  0.924052342567049     
         181         159   1.30258962309287     
         182         181  0.962340130098779     
         183         182  0.982573096962719     
         184         183   1.88377474307562     
         185         182  0.957595312524154     
         186         185  0.984527171968424     
         187         186  0.933794028718742     
         188         187   1.48437248010801     
         189         187   1.49520820351721     
         190         181  0.925687683710281     
         191         182  0.962205586396534     
         192         185  0.975988010738617     
         193         185  0.975771644923799     
         194         186  0.976063765136970     
         195         186  0.976553304775608     
         197         196  0.998686618493979     
         198         197  0.979724438822502     
         199         198   1.88723541899864     
         200         197  0.948647684016366     
         201         200  0.991722953691056     
         202         200   1.00376828697147     
         203         201   1.00570961924190     
         204         196  0.945658453101511     
         205         197  0.972022301996048     
         206         200  0.976142360414416     
         207         201  0.981721403600592     
         208         201  0.977200605854271     
         209         202  0.978220683774950     
         210         202  0.981264497146784     
         211         202  0.981210848841603     
         212         203  0.982656929514612     
         213         203  0.987588410853918     
         214         203  0.981503900871890     
         216         215   1.01090205402026     
         217         216  0.983897483247145     
         218         217   1.89217953076063     
         219         216  0.932049220352776     
         220         219  0.996561438453133     
         221         219  0.998246161508816     
         222         220   1.00911322630534     
         223         215  0.954085904766789     
         224         216  0.965261072512475     
         225         219  0.975605312415050     
         226         220  0.978725706040046     
         227         220  0.975534552954980     
         228         221  0.983422201124571     
         229         221  0.983462531436439     
         230         221  0.981668687864016     
         231         222  0.977289400148490     
         232         222  0.984732380628316     
         233         222  0.984353105214163     
         235         234   1.00970540442783     
         236         235  0.940610922041537     
         237         236   1.63043746234083     
         238         235  0.952581082051697     
         239         238  0.970638938256180     
         240         238   1.00808388849161     
         241         234  0.948470780875641     
         242         235  0.973277017214462     
         243         238  0.974408944890931     
         244         239  0.883818711617401     
         245         240  0.978430483774068     
         246         240  0.979342845724021     
         247         240  0.980636393782214     
         248         236   1.30821430474772     
         249         248  0.969191868928446     
         250         249  0.994913712475273     
         251         250   1.87522245303204     
         252         249  0.952455307149040     
         253         252  0.986170529253400     
         254         253   1.00321526841087     
         255         253   1.00722153183707     
         256         248  0.925112195930088     
         257         249  0.932507380959877     
         258         252  0.973678219153867     
         259         252  0.968901665157543     
         260         253  0.977002290035781     
         261         254  0.979899008684132     
         262         254  0.983665816677656     
         263         254  0.983303694915999     
         264         255  0.980959950501967     
         265         255  0.979589678782696     
         266         255  0.980749527163008     
         268         267   1.01277352024187     
         269         268  0.996606679438391     
         270         269   1.87717200607349     
         271         268  0.952235048955792     
         272         271  0.990409479688063     
         273         272   1.00137287452119     
         274         272   1.00532920167753     
         275         267  0.957585560771853     
         276         268  0.930806376795186     
         277         271  0.977180602683134     
         278         271  0.973591143592560     
         279         272  0.979145099550455     
         280         273  0.982006893166163     
         281         273  0.984127330086380     
         282         273  0.985714365646463     
         283         274  0.983281772250680     
         284         274  0.986677172954945     
         285         274  0.981072446907382     
         287         286   1.00652449834066     
         288         287  0.928898565291077     
         289         288   1.62878234853507     
         290         287  0.972577283604877     
         291         290   1.00170300120337     
         292         291  0.997007004997146     
         293         292   1.00740850913060     
         294         293  0.928081978191334     
         295         286  0.945331765775402     
         296         287  0.972707151793548     
         297         290  0.977880508977046     
         298         290  0.974422076723497     
         299         291  0.977700718195506     
         300         291  0.974468032089015     
         301         292  0.969530010087579     
         302         292  0.975371330337530     
         303         293  0.969435431396155     
         304         293  0.967231427880866     
         305         294  0.897996361804919     
         306         294  0.898724693591138     
         307         294  0.896318434512534     
         308         288   1.30367748459390     
         309         308  0.963403687719226     
         310         309  0.942011309938610     
         311         310   1.63549490753709     
         312         309  0.956574762738021     
         313         312  0.987305462002170     
         314         312   1.00526522090924     
         315         313   1.01660439306671     
         316         308  0.927606670058935     
         317         309  0.957684237032291     
         318         312  0.974350069150414     
         319         313  0.978195951558273     
         320         313  0.977158604232525     
         321         314  0.963054692417991     
         322         314  0.980911203057846     
         323         314  0.982736814447885     
         324         315  0.979792494160808     
         325         315  0.985560946993827     
         326         315  0.978830208644170     
         327         310   1.28847953679719     
         328         327  0.965502166073680     
         329         328  0.942012140422836     
         330         329   1.61810584175081     
         331         328  0.968315514292176     
         332         331  0.946690618583396     
         333         332   1.49178108596126     
         334         332   1.48418846497343     
         335         327  0.931409432906281     
         336         328  0.963147253363629     
         337         331  0.963190393381619     
         338         331  0.973093271476632     
         339         329   1.30825676709016     
         340         339  0.961997707351463     
         341         340  0.943501104954012     
         342         341   1.59826053290281     
         343         340  0.986010389066170     
         344         339  0.928807534906390     
         345         340  0.963104430886231     
         346         343  0.977483339034551     
         347         343  0.977647711248788     
         348         343  0.975839499149829     
         349         341   1.32629348209097     
         350         349  0.965491928125110     
         351         350  0.936950532793210     
         352         351   1.62941916708965     
         353         350  0.988505980551646     
         354         349  0.917514358452436     
         355         350  0.958331349404096     
         356         353  0.969926495848405     
         357         353  0.973865926911576     
         358         353  0.978595950655250     
         359         351   1.30147933637562     
         360         359  0.972506867248656     
         361         360  0.947903083250856     
         362         361   1.61882754605993     
         363         360  0.969780947747366     
         364         363  0.991472874180326     
         365         364   1.00218599956543     
         366         364   1.00356568400010     
         367         359  0.925219548638377     
         368         360  0.945318765557718     
         369         363  0.971867271955661     
         370         363  0.972564756069832     
         371         364  0.976066817106422     
         372         365  0.979566834632617     
         373         365  0.953868858271489     
         374         365  0.984229541894712     
         375         366  0.977348037328717     
         376         366  0.985492221716598     
         377         366  0.976940037942015     
         378         361   1.29836763549124     
         379         378  0.969209329203480     
         380         379  0.947649856748374     
         381         380   1.60368899628705     
         382         379  0.982504991984521     
         383         378  0.913143298992781     
         384         379  0.966978671344925     
         385         382  0.980405608629876     
         386         382  0.979874963567450     
         387         382  0.978935193888959     
         388         380   1.32137409915911     
         389         388  0.961146728016500     
         390         389  0.935107980267115     
         391         390   1.62016966819405     
         392         389  0.976883223339985     
         393         392  0.991960263330117     
         394         393  0.960494433210289     
         395         394   1.66272889939849     
         396         394   1.29273487507805     
         397         388  0.915803886040277     
         398         389  0.963186205866819     
         399         392  0.970630017230735     
         400         392  0.971986206325482     
         401         393  0.957769348684013     
         402         393  0.965235890611978     
         403         396  0.936092131276960     
         404         396  0.928603347362262     
         405         390   1.31569852908080     
         406         405  0.967970636547310     
         407         406  0.933163390311562     
         408         407   1.61689946468598     
         409         406  0.958371502143472     
         410         409   1.00352643401803     
         411         409   1.00370907363866     
         412         405  0.920349761296910     
         413         406  0.960000072124770     
         414         409  0.972934062946926     
         415         410  0.979490390810165     
         416         410  0.982505221491770     
         417         410  0.978196890387752     
         418         411  0.977929756869841     
         419         411  0.983896368200390     
         420         411  0.979627496057392     
         421         407   1.30776269676407     
         422         421  0.977676202078039     
         423         422  0.942935295430639     
         424         423   1.60508768811944     
         425         422  0.959353026556179     
         426         425  0.915700477294329     
         427         426   1.51195545313227     
         428         426   1.49916804021906     
         429         421  0.919677447383044     
         430         422  0.957558855481367     
         431         425  0.972399520701887     
         432         425  0.975204266729936     
         433         423   1.30411577175088     
         434         433  0.970566221937093     
         435         434  0.938853352907475     
         436         435   1.62740351872660     
         437         434  0.956446988824479     
         438         437  0.977304173031471     
         439         437   1.00505719626267     
         440         433  0.921734299021464     
         441         434  0.958959426759934     
         442         437  0.968688709299870     
         443         438  0.862259371336816     
         444         439  0.979051211839847     
         445         439  0.963379497278254     
         446         439  0.981876058318093     
         447         435   1.30230685274087     
         448         447  0.971830530063589     
         449         448  0.924623323326306     
         450         449   1.63209543552985     
         451         448  0.967464178009776     
         452         451  0.987475633526823     
         453         452  0.997681422938855     
         454         452   1.01031862672058     
         455         447  0.919917362835283     
         456         448  0.962626116963591     
         457         451  0.974123969249489     
         458         451  0.975925698037481     
         459         452  0.969763157728057     
         460         453  0.981812614533353     
         461         453  0.981572966992145     
         462         453  0.986085079890549     
         463         454  0.982115821376374     
         464         454  0.986261166547418     
         465         454  0.981978119988400     
         466         449   1.30494471259072     
         467         466  0.954999481233486     
         468         467  0.946874509754696     
         469         468   1.61987340921077     
         470         467  0.976517074586847     
         471         470  0.990201765262527     
         472         471   1.00759975582135     
         473         472  0.972492693946553     
         474         473   1.33722931837142     
         475         474   1.33371804811879     
         476         474   1.27486434409258     
         477         466  0.913795596580136     
         478         467  0.961588596861184     
         479         470  0.972930279020369     
         480         470  0.972348807552284     
         481         471  0.970058242494217     
         482         471  0.973119654597155     
         483         472  0.963904973633940     
         484         472  0.957710924802505     
         485         473  0.921392553704738     
         486         475  0.920061057277593     
         487         475  0.917114918769147     
         488         476  0.926740363058860     
         489         476  0.919482427582053     
         490         468   1.30172775442881     
         491         490  0.977845936070150     
         492         491  0.953357281199350     
         493         492   1.61120957492985     
         494         491  0.959951029074877     
         495         494  0.990027665523315     
         496         490  0.909110907099062     
         497         491  0.955367021713541     
         498         494  0.974046311845285     
         499         494  0.970917803473019     
         500         495  0.888546237774530     
         501         492   1.31000813113184     
         502         501  0.949760642701858     
         503         502  0.979996662326120     
         504         503   1.89333074989016     
         505         502  0.969696424277555     
         506         505  0.911584043495566     
         507         506   1.49052917569243     
         508         506   1.50717243291484     
         509         501  0.931304059847433     
         510         502  0.965383949620589     
         511         505  0.972607782075426     
         512         505  0.961974870539348     
         513           1  0.956640714542909     
         514           3  0.951457556619122     
         515          20  0.958024312957240     
         516         183  0.955140379361909     
         517         196  0.956341971896649     
         518         198  0.953801281784438     
         519         215  0.949362350375057     
         520         217  0.954535739778488     
         521         234  0.956429310661482     
         522         250  0.952598099985333     
         523         267  0.948829392455592     
         524         269  0.953672380942355     
         525         286  0.959602550296777     
         526         503  0.952048526445972     
