           2           1   1.01014254474961     
           3           2  0.974210582958621     
           4           3   1.88239494636645     
           5           2  0.952644188305809     
           6           5  0.994859794812779     
           7           5   1.00927014143859     
           8           6   1.01791680747178     
           9           1  0.950472385246407     
          10           2  0.959359610005519     
          11           5  0.963423555883920     
          12           6  0.971793727024123     
          13           6  0.972317413992748     
          14           7  0.981292034182448     
          15           7  0.979134908124944     
          16           7  0.981180290505610     
          17           8  0.986444957135359     
          18           8  0.987279379348888     
          19           8  0.981762443337142     
          21          20   1.02007908049619     
          22          21  0.977866120037090     
          23          22   1.88798779007854     
          24          21  0.958804894174760     
          25          24  0.990953199636357     
          26          25   1.00563322055550     
          27          25   1.01031846799569     
          28          20  0.926793463294450     
          29          21  0.945524267946440     
          30          24  0.973434201761291     
          31          24  0.974101475736448     
          32          25  0.960942977235800     
          33          26  0.983720057151835     
          34          26  0.985342410206169     
          35          26  0.986235427885291     
          36          27  0.983250133471702     
          37          27  0.983726762530168     
          38          27  0.980956932768846     
          40          39   1.01140566581968     
          41          40  0.977177215241422     
          42          41   1.87385717368295     
          43          40  0.951699373771435     
          44          43   1.00825806391598     
          45          43   1.00707838118529     
          46          39  0.952905339987022     
          47          40  0.956471684729613     
          48          43  0.957103577344617     
          49          44  0.984010448556298     
          50          44  0.978626431864655     
          51          44  0.983838906865963     
          52          45  0.982765516763094     
          53          45  0.984243525803253     
          54          45  0.981091040796444     
          56          55   1.00877736960770     
          57          56  0.971350142651426     
          58          57   1.88593556440281     
          59          56  0.983194838211078     
          60          55  0.922532603791064     
          61          56  0.963964393683557     
          62          59  0.984793376337783     
          63          59  0.977539084717622     
          64          59  0.983683091594752     
          66          65   1.01456083778866     
          67          66  0.989379524464994     
          68          67   1.82559269431167     
          69          66  0.954430879189528     
          70          69   1.00444459713127     
          71          70  0.972118837596559     
          72          71   1.58487595328163     
          73          71   1.34670926486953     
          74          65  0.952115764139679     
          75          66  0.951727634827125     
          76          69  0.964901439202064     
          77          69  0.972829570633183     
          78          70  0.946757192089143     
          79          70  0.965861462841333     
          80          73  0.925691085213459     
          81          73  0.899768974836538     
          83          82   1.01418197684814     
          84          83  0.934898381398450     
          85          84   1.61248411631967     
          86          83  0.963061926404456     
          87          86  0.995251169349264     
          88          86   1.00844141840698     
          89          87   1.01766035942587     
          90          82  0.952605352731206     
          91          83  0.962124876046912     
          92          86  0.959809525957119     
          93          87  0.976542547780048     
          94          87  0.972953212333004     
          95          88  0.980808771497907     
          96          88  0.980977436302061     
          97          88  0.984106280906639     
          98          89  0.985848000524051     
          99          89  0.982808474851431     
         100          89  0.983723834132277     
         101          84   1.30241006803308     
         102         101  0.986042814519994     
         103         102  0.979186313049934     
         104         103   1.87169709319522     
         105         102  0.936131790990386     
         106         105  0.998039741294701     
         107         105   1.00689673791303     
         108         101  0.870746409579288     
         109         102  0.945381896743458     
         110         105  0.959557041780662     
         111         106  0.838602839492538     
         112         107  0.981804247019327     
         113         107  0.981112140495998     
         114         107  0.983190258162254     
         116         115   1.01538718143902     
         117         116  0.931865148019297     
         118         117   1.60061323246904     
         119         116  0.978906573364774     
         120         119   1.00540968900137     
         121         120  0.989302780502080     
         122         121  0.990567668286369     
         123         122   1.30733202607230     
         124         123   1.32374583287114     
         125         123   1.31137480035375     
         126         115  0.948866640263847     
         127         116  0.957470717664706     
         128         119  0.959262545776811     
         129         119  0.974369281286188     
         130         120  0.967080132031763     
         131         120  0.974683355070043     
         132         121  0.965559956946226     
         133         121  0.958488064771523     
         134         122  0.908993088534624     
         135         124  0.914853299750798     
         136         124  0.915875603869353     
         137         125  0.909383915510552     
         138         125  0.911133026584014     
         139         117   1.31708136677877     
         140         139  0.988613791010164     
         141         140  0.932421240384414     
         142         141   1.61856725804049     
         143         140  0.981653467770332     
         144         143  0.991631952417850     
         145         144   1.00753337057228     
         146         144   1.00960685856117     
         147         139  0.885989336462616     
         148         140  0.948924490932885     
         149         143  0.966820765826108     
         150         143  0.970904921708958     
         151         144  0.958227035853702     
         152         145  0.982918964197128     
         153         145  0.982397247270171     
         154         145  0.985481616537555     
         155         146  0.982706393936520     
         156         146  0.986806035148922     
         157         146  0.984330089800684     
         158         141   1.30318638647982     
         159         158  0.982670088084205     
         160         159  0.971761282424903     
         161         160   1.88320724177267     
         162         159  0.973943065953437     
         163         162  0.957748037798392     
         164         163   1.66647687255142     
         165         163   1.29597022165897     
         166         158  0.877916672029749     
         167         159  0.949257685771949     
         168         162  0.950426828462725     
         169         162  0.956755528361065     
         170         165  0.924291985306283     
         171         165  0.923148316405720     
         173         172   1.01733559099304     
         174         173  0.938053494880704     
         175         174   1.59306223951687     
         176         173  0.963710317833258     
         177         176  0.994358472011628     
         178         176   1.00723334527561     
         179         177   1.01855906825064     
         180         172  0.923164604600117     
         181         173  0.960389349486490     
         182         176  0.960001717370311     
         183         177  0.971493447791762     
         184         177  0.968869533378135     
         185         178  0.981728148294488     
         186         178  0.982073551192973     
         187         178  0.982503484199221     
         188         179  0.983840689453503     
         189         179  0.985141788583874     
         190         179  0.983213592233165     
         191         174   1.31480581034025     
         192         191  0.981766721585993     
         193         192  0.980367370005670     
         194         193   1.88242162892635     
         195         192  0.966930625917685     
         196         195  0.915894031769323     
         197         196   1.46780729538104     
         198         196   1.50638173014185     
         199         191  0.899434786192946     
         200         192  0.941438622444275     
         201         195  0.970345620537076     
         202         195  0.962467398452455     
         204         203   1.01688483999919     
         205         204  0.975525933237260     
         206         205   1.89546229527385     
         207         204  0.949099773612524     
         208         207   1.00558875647872     
         209         203  0.920266288647146     
         210         204  0.959533299792460     
         211         207  0.962664984371391     
         212         207  0.961862567142529     
         213         208  0.861338821505443     
         215         214   1.01445617431766     
         216         215  0.931590829090062     
         217         216   1.60500404632641     
         218         215  0.979670752777183     
         219         218  0.991142789403428     
         220         219  0.969954141993343     
         221         220   1.60309443954104     
         222         220   1.33832762910991     
         223         214  0.954534360261588     
         224         215  0.963088659237226     
         225         218  0.970693217021048     
         226         218  0.972298698321530     
         227         219  0.971641250990618     
         228         219  0.958209299140153     
         229         222  0.922905830207702     
         230         222  0.919912797003214     
         231         216   1.31412128047597     
         232         231  0.972911591305142     
         233         232  0.934466304576954     
         234         233   1.62502980134468     
         235         232  0.959800664873666     
         236         235  0.994765540567051     
         237         235   1.00680106818458     
         238         236   1.02020709942024     
         239         231  0.922032036881042     
         240         232  0.947773597636556     
         241         235  0.964112449436578     
         242         236  0.976577854921028     
         243         236  0.973756465942636     
         244         237  0.982214112848091     
         245         237  0.983017016011767     
         246         237  0.980453493562810     
         247         238  0.985967814967689     
         248         238  0.984340836284528     
         249         238  0.983079315575724     
         250         233   1.30300860228329     
         251         250  0.993073997432618     
         252         251  0.947986444678910     
         253         252   1.59272841852172     
         254         251  0.959972824357207     
         255         254  0.980673971485902     
         256         255   1.56640903483993     
         257         255   1.35839242051319     
         258         250  0.897901335098102     
         259         251  0.939322606825740     
         260         254  0.934065098811304     
         261         254  0.958426126108203     
         262         257  0.886987065822236     
         263         257  0.927048421228539     
         264         252   1.32334057617831     
         265         264  0.990638367535082     
         266         265  0.941035399084113     
         267         266   1.59393961535625     
         268         265  0.956939688353985     
         269         268   1.02548242216506     
         270         264  0.831288584966339     
         271         265  0.949717710090047     
         272         268  0.971959346647590     
         273         268  0.960511519074972     
         274         269  0.811019268052358     
         275         266   1.30831648311912     
         276         275  0.975314527460838     
         277         276  0.930674177088173     
         278         277   1.62555238154470     
         279         276  0.981702835972035     
         280         279  0.995772815673065     
         281         280  0.964013761437945     
         282         281   1.64424523274322     
         283         281   1.31160632830721     
         284         275  0.888314673798179     
         285         276  0.952227104168618     
         286         279  0.974928092830245     
         287         279  0.958486374914528     
         288         280  0.976030116176426     
         289         280  0.958615368508505     
         290         283  0.929462179877562     
         291         283  0.913544152358905     
         292         277   1.31052524032866     
         293         292  0.981791721660379     
         294         293  0.930834410843480     
         295         294   1.62323577678186     
         296         293  0.965960203958557     
         297         296  0.987710328592185     
         298         296  0.996986117312338     
         299         292  0.892353473856968     
         300         293  0.946268318809688     
         301         296  0.959650975539241     
         302         297  0.819430780621755     
         303         298  0.977615707065282     
         304         298  0.980797600634537     
         305         298  0.978604744469615     
         306         294   1.31521845232764     
         307         306  0.970514563109963     
         308         307  0.937271511729479     
         309         308   1.62609172098680     
         310         307  0.980154947811900     
         311         310  0.990594058150265     
         312         311   1.00635934049989     
         313         311   1.01004444408815     
         314         306  0.898989373471097     
         315         307  0.934841249938168     
         316         310  0.971382311517928     
         317         310  0.968404420127138     
         318         311  0.964393901304484     
         319         312  0.984570691909300     
         320         312  0.985802652706252     
         321         312  0.983028329160125     
         322         313  0.980381436767253     
         323         313  0.981501533948825     
         324         313  0.977211468405386     
         325         308   1.29642141987194     
         326         325  0.997478004866301     
         327         326  0.952575421402343     
         328         327   1.63173330519066     
         329         325  0.910612497712687     
         330         326  0.945894705632448     
         331         326  0.956165125138084     
         332         327   1.29868245388565     
         333         332  0.982827363333671     
         334         333  0.945736027174757     
         335         334   1.61763037200946     
         336         333  0.965196660767856     
         337         336  0.992188538143233     
         338         337   1.00596667020634     
         339         337   1.00934134653315     
         340         332  0.906153041720668     
         341         333  0.929374656326329     
         342         336  0.974680209234199     
         343         336  0.965558760035410     
         344         337  0.968349648528347     
         345         338  0.976592522518544     
         346         338  0.984000375027886     
         347         338  0.983561300063784     
         348         339  0.982202862485566     
         349         339  0.982548224532384     
         350         339  0.981761850042815     
         351         334   1.28683530743872     
         352         351  0.988322792354690     
         353         352  0.937274677235272     
         354         353   1.64649608508604     
         355         352  0.967757610372422     
         356         355  0.913962163212303     
         357         356   1.49765849980579     
         358         356   1.49293116986193     
         359         351  0.885762584899845     
         360         352  0.942141004369052     
         361         355  0.977355209666710     
         362         355  0.971806802864515     
         363         353   1.28185110161165     
         364         363  0.981004131903763     
         365         364  0.937724113949217     
         366         365   1.61600093683771     
         367         364  0.940906163658503     
         368         367   1.00178938478426     
         369         367   1.00454353265507     
         370         363  0.924847492367406     
         371         364  0.935528776063314     
         372         367  0.955203335916483     
         373         368  0.840470835390760     
         374         369  0.982317670281599     
         375         369  0.983494302152029     
         376         369  0.981741971920156     
         377         365   1.32710099920916     
         378         377  0.962322662223425     
         379         378  0.930847582878220     
         380         379   1.62133337902084     
         381         378  0.981518994501205     
         382         381  0.992224935142282     
         383         382   1.00860946237993     
         384         382   1.00746054670218     
         385         377  0.902371229279671     
         386         378  0.945594727613377     
         387         381  0.970535550378782     
         388         381  0.968694635080544     
         389         382  0.964972686113677     
         390         383  0.981900224510213     
         391         383  0.982219490523168     
         392         383  0.984646018892827     
         393         384  0.982843648204293     
         394         384  0.983659097478460     
         395         384  0.984032310323051     
         396         379   1.31121409397478     
         397         396  0.990149775224956     
         398         397  0.939947903642904     
         399         398   1.62650609202017     
         400         397  0.944961498416267     
         401         400  0.970662250805843     
         402         401   1.64034921994789     
         403         401   1.31068491033316     
         404         396  0.869497228800867     
         405         397  0.940294644763757     
         406         400  0.968862619779130     
         407         400  0.967760558418204     
         408         403  0.922048192127786     
         409         403  0.931578696186847     
         410         398   1.31236011690331     
         411         410  0.985973421027330     
         412         411  0.988278159923163     
         413         412   1.88808801718171     
         414         411  0.955382825457059     
         415         414   1.00939919382205     
         416         414   1.00923361519843     
         417         410  0.888442323429875     
         418         411  0.906822451899250     
         419         414  0.962512411245057     
         420         415  0.984592856729824     
         421         415  0.985064354823238     
         422         415  0.985599167574021     
         423         416  0.983896967691293     
         424         416  0.978120393874161     
         425         416  0.985916320009357     
         427         426   1.02258705042633     
         428         427  0.976226296925259     
         429         428   1.90797965373576     
         430         427  0.968795168298511     
         431         426  0.957586796936477     
         432         427  0.955227573047332     
         433         430  0.983525299112646     
         434         430  0.980407538913258     
         435         430  0.985417828504510     
         437         436   1.01683968889666     
         438         437  0.969318871529471     
         439         438   1.90294445732292     
         440         437  0.934319951438036     
         441         440  0.977991492603016     
         442         440  0.999288399662775     
         443         436  0.924999433539590     
         444         437  0.966426512140659     
         445         440  0.956480750957748     
         446         441  0.873651092084778     
         447         442  0.982334433382281     
         448         442  0.978867339102388     
         449         442  0.981582929198038     
         451         450  0.994655519688370     
         452         451  0.982250835279817     
         453         452   1.87346364938634     
         454         451  0.958058806670401     
         455         454   1.00600066334087     
         456         450   1.00012297365164     
         456         455   1.00671763905748     
         457         451  0.962367609553834     
         458         454  0.975605100228023     
         459         454  0.971440359732302     
         460         455  0.979514476654902     
         461         455  0.976643140299969     
         462         456  0.973285082667276     
         463         456  0.967363203903134     
         465         464   1.01532478097583     
         466         465  0.937059560393402     
         467         466   1.60053573217636     
         468         465  0.975355409639394     
         469         468   1.00413539809234     
         470         469   1.00313760097361     
         471         470   1.01028302946763     
         472         471  0.955205925224847     
         473         464  0.945459593445175     
         474         465  0.963123005944540     
         475         468  0.967176660301208     
         476         468  0.976655563965323     
         477         469  0.977368840981752     
         478         469  0.970301885279967     
         479         470  0.968828740729465     
         480         470  0.973357238240795     
         481         471  0.965057923848727     
         482         471  0.961941823894431     
         483         472  0.891974918226809     
         484         472  0.898313815136292     
         485         472  0.902203194293436     
         486         466   1.31953548315833     
         487         486  0.979699086462293     
         488         487  0.972029350268344     
         489         488   1.89434870222329     
         490         487  0.951621292139604     
         491         490  0.991223757022750     
         492         490   1.00947910659243     
         493         491   1.01883859111965     
         494         486  0.881648612805910     
         495         487  0.942658518107386     
         496         490  0.962688335309620     
         497         491  0.973694762778505     
         498         491  0.969196949516374     
         499         492  0.980288996362567     
         500         492  0.984057041175340     
         501         492  0.984936875765260     
         502         493  0.983081786180394     
         503         493  0.985655471036002     
         504         493  0.981544385036740     
         506         505   1.01094331268806     
         507         506  0.978129308549429     
         508         507   1.87297948210301     
         509         506  0.976886377644532     
         510         505  0.922452178793613     
         511         506  0.960465281616352     
         512         509  0.980573523903467     
         513         509  0.978292064418701     
         514         509  0.975349975149626     
         516         515   1.01220195080254     
         517         516  0.929759015963755     
         518         517   1.61987477539362     
         519         516  0.984179019661338     
         520         519  0.999769610063132     
         521         520  0.963986348785474     
         522         521   1.63629751453258     
         523         521   1.30650507317882     
         524         515  0.951390502383451     
         525         516  0.965271727654319     
         526         519  0.958264128094995     
         527         519  0.975295130923759     
         528         520  0.956393266014192     
         529         520  0.966224498754179     
         530         523  0.931721137634535     
         531         523  0.909334795245956     
         532         517   1.31617954249788     
         533         532  0.975329938485178     
         534         533  0.976671903611646     
         535         534   1.87554892189884     
         536         533  0.951069962041596     
         537         536   1.00653773028947     
         538         536   1.00806671028111     
         539         532  0.896213991949927     
         540         533  0.949355076403492     
         541         536  0.964572218772061     
         542         537  0.982033454965512     
         543         537  0.983875533596140     
         544         537  0.986029504855317     
         545         538  0.979540239014369     
         546         538  0.984708075702072     
         547         538  0.978054839776770     
         548           1  0.955086303505985     
         549           3  0.953583177868810     
         550          20  0.959086351881513     
         551          22  0.954158056089500     
         552          39  0.954198599717212     
         553          41  0.955152729679781     
         554          55  0.957984524446816     
         555          57  0.954944299509776     
         556          65  0.953560121924967     
         557          67  0.950870930427500     
         558          82  0.953652258949527     
         559         103  0.947611729123489     
         560         115  0.954738955290092     
         561         160  0.950219737724294     
         562         172  0.955863093041720     
         563         193  0.952780725810299     
         564         203  0.954625307055259     
         565         205  0.953951823188162     
         566         214  0.950635316234491     
         567         412  0.953930323775532     
         568         426  0.953676635741881     
         569         428  0.953773589835695     
         570         436  0.957054147521508     
         571         438  0.951111272777482     
         572         450  0.949893944236269     
         573         452  0.953223703285843     
         574         464  0.955997249383602     
         575         488  0.954371578954593     
         576         505  0.960936912646280     
         577         507  0.952293288575770     
         578         515  0.955805974296275     
         579         534  0.955233225206056     
