           2           1   1.01520789103383     
           3           2  0.974542734846495     
           4           3   1.84174513895218     
           5           2  0.948529868560492     
           6           5   1.00561454369898     
           7           6  0.954664192415366     
           8           7   1.59891198163963     
           9           7   1.36970914153116     
          10           1  0.952291410291458     
          11           2  0.960386259065587     
          12           5  0.959732250732886     
          13           5  0.948999760378237     
          14           6  0.966587212456767     
          15           6  0.935462558319520     
          16           9  0.923737985247288     
          17           9  0.920863939268236     
          19          18   1.00907908562077     
          20          19  0.982201871823040     
          21          20   1.88915799529036     
          22          19  0.942885949832383     
          23          22   1.01677512079246     
          24          23   1.40427000393453     
          25          23   1.40437846509578     
          26          24   1.45736018279905     
          27          25   1.45738233212962     
          28          26   1.43223816939862     
          28          27   1.43519429137762     
          29          18  0.943589724701083     
          30          19  0.960522941809808     
          31          22  0.958594065585832     
          32          22  0.962990228754490     
          33          24  0.971073226812667     
          34          25  0.968531550167848     
          35          26  0.971730526722426     
          36          27  0.971842735339493     
          37          28  0.973540681512681     
          39          38   1.01727562545946     
          40          39  0.936457024110427     
          41          40   1.63074703955277     
          42          39  0.959587720350849     
          43          42   1.00767228296675     
          44          43   1.41575869098342     
          45          43   1.40614090086838     
          46          44   1.44558832096709     
          47          45   1.45968842667604     
          48          46   1.44488860766173     
          48          47   1.43157522646693     
          49          38  0.952310223978853     
          50          39  0.964333781358848     
          51          42  0.967715196655506     
          52          42  0.970350928227815     
          53          44  0.964372733022934     
          54          45  0.971251355553019     
          55          46  0.972044420585450     
          56          47  0.965780835800374     
          57          48  0.970160133001460     
          58          40   1.28595106275026     
          59          58  0.982597682342598     
          60          59  0.930318342641836     
          61          60   1.67978777857840     
          62          59  0.987043996986163     
          63          62   1.00606404636953     
          64          63  0.936015319287386     
          65          64   1.50027240098851     
          66          64   1.47720605515144     
          67          58  0.925587877131679     
          68          59  0.944063298076836     
          69          62  0.975029032969078     
          70          62  0.968584580079980     
          71          63  0.963109029858887     
          72          63  0.966589589876193     
          73          60   1.25799904941565     
          74          73  0.978116485069874     
          75          74  0.939910559899947     
          76          75   1.66886817633354     
          77          74  0.962214823918557     
          78          77   1.00543168681691     
          79          73  0.928481320116664     
          80          74  0.955559701483531     
          81          77  0.968524888545408     
          82          77  0.970732701424184     
          83          78  0.855291615468607     
          84          75   1.27620366730369     
          85          84  0.983672135940264     
          86          85  0.928932223179167     
          87          86   1.65915054982016     
          88          85  0.978731841071990     
          89          88   1.00053771235593     
          90          84  0.925267454867006     
          91          85  0.939778763748186     
          92          88  0.965557812496687     
          93          88  0.970249459375085     
          94          89  0.861864703467113     
          95          86   1.28141089565811     
          96          95  0.983164816588468     
          97          96  0.936521097868132     
          98          97   1.65915913803455     
          99          96  0.967818307355065     
         100          99  0.995890679308376     
         101          95  0.931516504093633     
         102          96  0.949209910520800     
         103          99  0.966977894439431     
         104          99  0.964860198006760     
         105         100  0.879508118862634     
         106          97   1.28153140599735     
         107         106  0.999875402301233     
         108         107  0.949604045353587     
         109         108   1.63058537515027     
         110         106  0.935485371519296     
         111         107  0.950956349025962     
         112         107  0.937446266354483     
         113         108   1.29980435980798     
         114         113  0.982195551468860     
         115         114  0.929862010625374     
         116         115   1.66169976319401     
         117         114  0.981954502331108     
         118         117  0.986779077611186     
         119         118   1.00737874738126     
         120         118   1.01324206462516     
         121         113  0.914285979509461     
         122         114  0.949563039611688     
         123         117  0.975419829484277     
         124         117  0.971831923389122     
         125         118  0.954922122505512     
         126         119  0.982202035926904     
         127         119  0.980680423915448     
         128         119  0.984613414188348     
         129         120  0.959675734698613     
         130         120  0.982267737425435     
         131         120  0.979144284256285     
         132         115   1.27223028948891     
         133         132  0.970472025833143     
         134         133  0.961542458260150     
         135         134   1.92023516420556     
         136         133  0.947568348803849     
         137         136   1.00908604395733     
         138         136   1.00701053471564     
         139         132  0.930850539118292     
         140         133  0.954332648346109     
         141         136  0.964384778502456     
         142         137  0.979546488280198     
         143         137  0.983823822853908     
         144         137  0.978743407685558     
         145         138  0.980354069110619     
         146         138  0.981388638703576     
         147         138  0.983178379488105     
         148           1  0.955924954487832     
         149           3  0.951944790932662     
         150          18  0.950395444527844     
         151          20  0.953159969464887     
         152          38  0.952952223765427     
         153         134  0.947796446281931     
