   -0.38960227
    0.02752057
    0.26460914
   -0.49691838
   -0.05919178
   -0.09168425
    0.28989937
   -0.49212588
   -0.29769295
    0.16992281
    0.05050861
    0.06553096
    0.04751261
    0.06240364
    0.05757820
    0.22230241
    0.23742513
   -0.16927551
   -0.00201164
    0.27391332
   -0.47707900
    0.10497722
   -0.46573944
   -0.14579884
    0.21647528
    0.08861248
    0.06855020
    0.33191944
    0.08140297
    0.06477884
    0.05981316
   -0.17402374
    0.00120876
    0.27038379
   -0.46320868
    0.11649145
   -0.45601455
   -0.13038855
    0.20813258
    0.09820950
    0.01356339
    0.33426882
    0.07475117
    0.05344736
    0.07902724
   -0.16963595
    0.02373442
    0.27144618
   -0.48043551
   -0.06165948
   -0.09361265
    0.36647091
   -0.62513572
   -0.65846672
    0.18863030
    0.07246491
    0.06338836
    0.05248690
    0.02943938
    0.02422040
   -0.17521521
   -0.03140233
    0.27647719
   -0.49546609
    0.23172692
    0.08353361
    0.09615398
   -0.17909539
    0.02478869
    0.27339971
   -0.49887810
   -0.13513950
    0.23397478
    0.06775100
    0.07934504
    0.07878396
    0.07084052
   -0.18236464
    0.02221587
    0.27087215
   -0.49228214
   -0.07920221
   -0.01635578
   -0.11232108
   -0.11740741
    0.23442450
    0.08213437
    0.05423904
    0.06338316
    0.04740619
    0.04552557
    0.02272752
    0.04344775
    0.05254857
    0.04274167
    0.04499721
   -0.18095988
    0.02788116
    0.27032488
   -0.50608227
   -0.11699496
    0.29109354
   -0.47048717
   -0.27374127
    0.23692681
    0.08821396
    0.09284534
    0.09165002
    0.23967319
    0.22503720
   -0.17051372
    0.03824147
    0.27172746
   -0.51063528
   -0.05536373
   -0.09710864
    0.37107887
   -0.64504640
   -0.65068324
    0.23422774
    0.05713810
    0.06307844
    0.03982775
    0.02593377
    0.02954659
   -0.18287092
    0.02201905
    0.27757068
   -0.48493272
   -0.02868531
   -0.06138827
   -0.11881189
   -0.10563318
    0.23451415
    0.06401998
    0.05515743
    0.04133664
    0.03706841
    0.06701775
    0.03879361
    0.05702862
    0.04660068
    0.03358910
    0.04825007
   -0.20087031
    0.03883120
    0.28776460
   -0.48258972
   -0.11756826
    0.28939110
   -0.47328116
   -0.27924033
    0.24242043
    0.06438525
    0.08502168
    0.08992755
    0.22241547
    0.22624422
   -0.18550027
    0.02645707
    0.27870027
   -0.48517229
   -0.10124697
    0.29546857
   -0.49274396
   -0.29057925
    0.22207850
    0.10118704
    0.06804999
    0.07040118
    0.23288029
    0.22381093
   -0.18407498
    0.03136827
    0.27540528
   -0.49057009
   -0.10721220
    0.29206424
   -0.48951338
   -0.28770022
    0.21709897
    0.07325866
    0.08343506
    0.08615004
    0.22166047
    0.21712510
   -0.18046565
    0.02530124
    0.27681042
   -0.51038761
   -0.07158832
   -0.01581776
   -0.10948211
   -0.12010104
    0.22646643
    0.07307455
    0.04930862
    0.05566883
    0.04379563
    0.05249956
    0.02478925
    0.04120192
    0.05553217
    0.04683868
    0.03508555
   -0.18731701
    0.02465152
    0.27734931
   -0.49371107
   -0.06687197
   -0.09956173
    0.29728829
   -0.50663504
   -0.28997611
    0.22518747
    0.06933957
    0.06714865
    0.06061555
    0.06109345
    0.08218781
    0.23210755
    0.23314364
   -0.17538306
    0.02945350
    0.21582524
   -0.35765379
   -0.08028559
   -0.08582661
   -0.02593158
   -0.13630055
    0.23476684
   -0.24397311
   -0.26116256
    0.21857536
    0.09297125
    0.07091176
    0.07416569
    0.07811489
    0.07522892
    0.08146104
    0.08449118
    0.23528933
    0.24081824
    0.25571017
    0.24951852
    0.25717192
   -0.38828405
    0.03939840
    0.19762401
   -0.37176918
   -0.02296592
   -0.05611482
   -0.11591010
   -0.11233677
    0.16778385
    0.03396984
    0.05193137
    0.02727250
    0.03063031
    0.05893351
    0.03370106
    0.04559213
    0.03877634
    0.04757217
    0.04622381
   -0.38061383
    0.03801448
    0.20681980
   -0.38678267
   -0.01744407
   -0.11792314
   -0.11216545
    0.15770340
    0.05122088
    0.05570393
    0.04413951
    0.03381058
    0.05675693
    0.03818388
    0.04542569
    0.04331625
   -0.39123740
    0.02634086
    0.19518681
   -0.36475338
    0.12494974
   -0.47215946
   -0.13013552
    0.17664429
    0.04435727
    0.01837509
    0.32003942
    0.05912163
    0.04622260
    0.06295244
   -0.38885662
    0.03620225
    0.19550825
   -0.38122172
   -0.06480079
   -0.00843133
   -0.11227480
   -0.11972114
    0.15787479
    0.08064014
    0.03224489
    0.05089185
    0.02716334
    0.04212134
    0.02891936
    0.04376732
    0.04750937
    0.04530933
    0.03656689
   -0.38845592
    0.03520075
    0.20689559
   -0.36978724
   -0.02044556
   -0.05858646
   -0.11432981
   -0.11469288
    0.16491482
    0.05270655
    0.03538282
    0.03023652
    0.03948730
    0.04700659
    0.02960426
    0.04662692
    0.03966770
    0.04264862
    0.03670645
   -0.39037642
    0.04222600
    0.20011734
   -0.37123562
   -0.06983107
   -0.00859037
   -0.11438714
   -0.10483674
    0.17160778
    0.05191239
    0.05587049
    0.04299577
    0.03854960
    0.03590571
    0.04491837
    0.04417342
    0.03176080
    0.03788862
    0.02959506
   -0.39492814
    0.03390000
    0.26904255
   -0.51413446
   -0.02160479
   -0.11361489
   -0.11422708
    0.15879985
    0.03426587
    0.04241288
    0.04878233
    0.03221716
    0.03973620
    0.04693068
    0.04953660
    0.04471850
   -0.18006675
    0.03912577
    0.19436790
   -0.37441276
   -0.10382697
    0.37412412
   -0.59617544
   -0.59677371
    0.23987060
    0.08018823
    0.04362130
    0.05070637
   -0.39867777
    0.04295551
    0.27144216
   -0.52671471
   -0.07323558
   -0.00648341
   -0.11466387
   -0.10811601
    0.16230854
    0.02686345
    0.05430182
    0.03200939
    0.02654878
    0.05084425
    0.04312211
    0.04612500
    0.04677785
    0.03690210
    0.01712942
   -0.18159918
    0.02527808
    0.28439838
   -0.50406010
   -0.08645365
   -0.07882270
   -0.02488059
   -0.14486684
    0.23052011
   -0.26497192
   -0.25878761
    0.23611723
    0.06205113
    0.07657880
    0.07010676
    0.05366960
    0.06318146
    0.08470648
    0.09184372
    0.23813859
    0.21648448
    0.25441410
    0.24620785
    0.23086478
   -0.17647652
    0.00694807
    0.28354640
   -0.50716298
    0.06979869
   -0.46325862
    0.23764744
    0.08090255
    0.03880184
    0.08652823
    0.31526760
   -0.17040094
    0.04767625
    0.27697662
   -0.51994905
   -0.10010602
    0.37588889
   -0.62721932
   -0.61587035
    0.20758547
    0.04678339
    0.04156124
    0.03059621
   -0.18053459
    0.03439931
    0.28679744
   -0.51147049
   -0.06490005
   -0.01084051
   -0.11011707
   -0.11716849
    0.21802199
    0.05929888
    0.04911830
    0.05277712
    0.03019202
    0.06050156
    0.03452121
    0.03653106
    0.05697039
    0.04850559
    0.02701812
   -0.17939354
    0.04311130
    0.21552508
   -0.36370967
   -0.13056759
    0.22444660
    0.07343419
    0.08132984
    0.07615766
    0.07561613
    0.15545157
    0.05985678
    0.17601483
    0.07508946
    0.19042794
    0.08236210
    0.18359997
    0.06980086
    0.18445941
    0.07577333
    0.18178229
    0.06581968
    0.18270173
    0.07489008
    0.18364307
    0.07041917
    0.17713205
    0.06326747
