           2           1   1.00107306569667     
           3           2  0.978726488686424     
           4           3   1.89000048569538     
           5           2  0.964598579119536     
           6           5  0.982562893538632     
           7           6  0.963986533220319     
           8           7   1.65083931402834     
           9           7   1.30054535197256     
          10           1  0.947662428820198     
          11           2  0.970364415502902     
          12           5  0.972353462649489     
          13           5  0.974284501684670     
          14           6  0.975127673339280     
          15           6  0.962247168189637     
          16           9  0.934615238418958     
          17           9  0.935782442918889     
          19          18   1.00890257397734     
          20          19  0.953732393368039     
          21          20   1.60536918630455     
          22          19  0.960489704574578     
          23          22   1.00019555286578     
          24          23   1.00374025327907     
          25          23   1.00095022278686     
          26          18  0.950647423604389     
          27          19  0.966366469215369     
          28          22  0.967460891858946     
          29          22  0.973033530111487     
          30          23  0.975135815738351     
          31          24  0.985936111230869     
          32          24  0.982953490156100     
          33          24  0.984183348012913     
          34          25  0.986011085521696     
          35          25  0.986208899911640     
          36          25  0.986487019665087     
          37          20   1.30156052542471     
          38          37  0.978172091025890     
          39          38  0.982002040652263     
          40          39   1.88759041278101     
          41          38  0.960168561791936     
          42          41  0.963106373427675     
          43          42   1.65430239671980     
          44          42   1.30679259662721     
          45          37  0.912617482955123     
          46          38  0.936388082825411     
          47          41  0.964939973462927     
          48          41  0.945847229930073     
          49          44  0.924829838835483     
          50          44  0.929044286355342     
          52          51   1.01301446876126     
          53          52  0.930673069107323     
          54          53   1.63163048481572     
          55          52  0.972066108815077     
          56          55  0.980030321607880     
          57          51  0.948413327170748     
          58          52  0.967460686965946     
          59          55  0.973030164169281     
          60          55  0.975767506964315     
          61          56  0.872175308846282     
          62          53   1.30360479281332     
          63          62  0.971798267542923     
          64          63  0.940165532337237     
          65          64   1.62676301982160     
          66          63  0.976295590138309     
          67          66  0.973597790649771     
          68          67  0.976858011502917     
          69          68   1.62460795227686     
          70          68   1.32309205871535     
          71          62  0.897587205865208     
          72          63  0.959159777701351     
          73          66  0.970702923260890     
          74          66  0.966572949437003     
          75          67  0.972500572362304     
          76          67  0.968192876531894     
          77          70  0.936184985305414     
          78          70  0.926480862184273     
          79          64   1.29925211564861     
          80          79  0.975443948364092     
          81          80  0.936841942000819     
          82          81   1.63555860140667     
          83          80  0.970589203327668     
          84          83  0.991204102070649     
          85          79  0.922516229051553     
          86          80  0.956394141621563     
          87          83  0.968647870847044     
          88          83  0.977610238635634     
          89          84  0.861718887173257     
          90          81   1.30264167061473     
          91          90  0.954560566827595     
          92          91  0.941258548254302     
          93          92   1.63442435285529     
          94          91  0.991241606441750     
          95          90  0.924812017352064     
          96          91  0.964290226004743     
          97          94  0.975819221396371     
          98          94  0.976019528322955     
          99          94  0.972933062162818     
         100          92   1.29830491402360     
         101         100  0.962468457313962     
         102         101  0.946505133125262     
         103         102   1.63590333341127     
         104         101  0.970064302368187     
         105         104  0.990311121937202     
         106         105  0.999077305772106     
         107         105   1.00980772811918     
         108         100  0.926529416148329     
         109         101  0.960745306629847     
         110         104  0.969029299885671     
         111         104  0.966918678683828     
         112         105  0.970512040439616     
         113         106  0.984573976178321     
         114         106  0.986306193004148     
         115         106  0.986425661970237     
         116         107  0.983522763097382     
         117         107  0.981144924948892     
         118         107  0.982080355941639     
         119         102   1.28856009880559     
         120         119  0.976251668664458     
         121         120  0.987969178137716     
         122         121   1.90571247658034     
         123         119  0.926811928795528     
         124         120  0.963313388506294     
         125         120  0.946296208742559     
         127         126   1.00391792841797     
         128         127  0.940662758269188     
         129         128   1.61158099230178     
         130         127  0.990780391802264     
         131         126  0.950643847302709     
         132         127  0.971033384963526     
         133         130  0.979308218799599     
         134         130  0.977426824443085     
         135         130  0.982865379444991     
         136         128   1.30555161623234     
         137         136  0.967009538622549     
         138         137  0.943109066689241     
         139         138   1.62681809420391     
         140         137  0.977857659282966     
         141         140  0.987775577779556     
         142         141  0.963806201900999     
         143         142   1.64512578188369     
         144         142   1.30906186632989     
         145         136  0.926319807761355     
         146         137  0.957205858046628     
         147         140  0.974608709812326     
         148         140  0.970541190040548     
         149         141  0.961075901746347     
         150         141  0.974818454208987     
         151         144  0.928162029203623     
         152         144  0.927598244480153     
         153         138   1.29782366250360     
         154         153  0.955744116507140     
         155         154  0.946760842712457     
         156         155   1.64595150689343     
         157         154  0.961444730662440     
         158         157  0.986771736895218     
         159         157   1.00092944430130     
         160         158   1.01497953678502     
         161         153  0.925145637291815     
         162         154  0.960672917611725     
         163         157  0.975852350892709     
         164         158  0.979882174874142     
         165         158  0.973787380534666     
         166         159  0.976270988012102     
         167         159  0.983993423593364     
         168         159  0.984849306556699     
         169         160  0.980583705481439     
         170         160  0.985716561469842     
         171         160  0.981075869783396     
         172         155   1.27945866987157     
         173         172  0.959719327900566     
         174         173  0.939444353040141     
         175         174   1.62240432992369     
         176         173  0.979710892661156     
         177         176  0.988744664222589     
         178         177   1.00440190245304     
         179         177   1.00799008389637     
         180         172  0.930896754258479     
         181         173  0.963665442099265     
         182         176  0.975122334113251     
         183         176  0.970687605202231     
         184         177  0.974360957938591     
         185         178  0.983413385037208     
         186         178  0.984272229380844     
         187         178  0.978928291212671     
         188         179  0.982710508725642     
         189         179  0.983484981041627     
         190         179  0.983694483141229     
         191         174   1.30644250223102     
         192         191  0.967846298255414     
         193         192  0.949700105516012     
         194         193   1.59748300770876     
         195         192  0.972369220851190     
         196         195   1.00263779526546     
         197         196  0.976947456999940     
         198         197   1.62325687834103     
         199         197   1.31685997769845     
         200         191  0.900391458537781     
         201         192  0.942914865904985     
         202         195  0.965405777831429     
         203         195  0.968480486941013     
         204         196  0.943754849551560     
         205         196  0.958592694114776     
         206         199  0.932102901031215     
         207         199  0.929095538583666     
         208         193   1.31399353584259     
         209         208  0.971502382701259     
         210         209  0.942135202238556     
         211         210   1.61312674131166     
         212         209  0.974328241043397     
         213         212  0.983908465753461     
         214         213  0.972918433330125     
         215         214   1.65638192157229     
         216         214   1.28629827064741     
         217         208  0.899716187060551     
         218         209  0.958345773214476     
         219         212  0.952844188892037     
         220         212  0.976065113610825     
         221         213  0.970436136106825     
         222         213  0.970417568646963     
         223         216  0.933413419066648     
         224         216  0.931719604632353     
         225         210   1.31518092013314     
         226         225  0.968771476109792     
         227         226  0.943562411976849     
         228         227   1.61211027908450     
         229         226  0.985343194624893     
         230         225  0.905598756179191     
         231         226  0.961337563349106     
         232         229  0.977122653600239     
         233         229  0.976966103983766     
         234         229  0.979679513689126     
         235         227   1.31377540381570     
         236         235  0.976611872859148     
         237         236  0.955397110290755     
         238         237   1.62158979426773     
         239         235  0.916058252974396     
         240         236  0.963678336021784     
         241         236  0.958793362026555     
         242         237   1.30810662331014     
         243         242  0.970542784216603     
         244         243  0.935345305517030     
         245         244   1.64172721414465     
         246         243  0.954329317889401     
         247         246  0.985354601957274     
         248         246   1.00412648434481     
         249         242  0.919091111738583     
         250         243  0.960731665673207     
         251         246  0.969138721072420     
         252         247  0.867036914142357     
         253         248  0.976512815695840     
         254         248  0.974123631988651     
         255         248  0.979381019717674     
         256         244   1.29889741613059     
         257         256  0.971150618617013     
         258         257  0.922050918954290     
         259         258   1.63527151567332     
         260         257  0.981126031135598     
         261         260  0.990399345778332     
         262         256  0.916724656974328     
         263         257  0.961960045129544     
         264         260  0.972554544305352     
         265         260  0.972665450847680     
         266         261  0.861590760369332     
         267         258   1.32128510871587     
         268         267  0.967007796836839     
         269         268  0.936314066588025     
         270         269   1.62286933246065     
         271         268  0.953255895829226     
         272         271   1.00860389641579     
         273         271   1.00246546068212     
         274         267  0.900462629210544     
         275         268  0.963243793398465     
         276         271  0.976586687482024     
         277         272  0.980178040538447     
         278         272  0.983306544230138     
         279         272  0.984985503493104     
         280         273  0.980704246426090     
         281         273  0.986100658868770     
         282         273  0.974710913329775     
         283         269   1.31060926044259     
         284         283  0.968594173462018     
         285         284  0.943406521720447     
         286         285   1.59866497567053     
         287         284  0.968508818277758     
         288         287  0.986941516280107     
         289         288   1.00060390407805     
         290         288   1.00782131836871     
         291         283  0.914235811715301     
         292         284  0.955490010801872     
         293         287  0.974634782474942     
         294         287  0.974393878154875     
         295         288  0.973505482637772     
         296         289  0.981033146061704     
         297         289  0.986254898360077     
         298         289  0.986105501566149     
         299         290  0.983342204892392     
         300         290  0.985608974826487     
         301         290  0.982710462652125     
         302         285   1.32341612292655     
         303         302  0.966168233963933     
         304         303  0.976509348003411     
         305         304   1.89162968262066     
         306         303  0.974308688942279     
         307         302  0.911617057188945     
         308         303  0.960535831485685     
         309         306  0.978795776640050     
         310         306  0.973549326278425     
         311         306  0.975383245704794     
         313         312   1.01285972421650     
         314         313  0.934928186963981     
         315         314   1.60770124077020     
         316         313  0.985613338194706     
         317         312  0.941160810886811     
         318         313  0.971761671658465     
         319         316  0.982803813052132     
         320         316  0.981023206530778     
         321         316  0.983691364781082     
         322         314   1.32103813703844     
         323         322  0.976244674331066     
         324         323  0.968871664795454     
         325         324   1.90720946298933     
         326         323  0.961724221833054     
         327         326  0.964333797050420     
         328         327   1.66421760885011     
         329         327   1.29550872228778     
         330         322  0.913714306434275     
         331         323  0.955898473559922     
         332         326  0.953259555772771     
         333         326  0.947081366619618     
         334         329  0.922120652490485     
         335         329  0.929585935553567     
         336           1  0.956127520310566     
         337           3  0.950900127492109     
         338          18  0.955529994413739     
         339          39  0.946588022556663     
         340          51  0.949978052589856     
         341         121  0.954522977798435     
         342         126  0.956761014510713     
         343         304  0.954978174440154     
         344         312  0.958053666323919     
         345         324  0.956155593867452     
