$grad                                                                           
  cycle =      1    SCF energy =  -783.26684521035   |dE/dxyz| =  0.318550
  179.35446059208971    110.98527297355901    363.61332928572938      n 
  179.91765915961696    113.31201177484461    362.28867625906679      c 
  181.87534280819247    112.78686711405551    360.22055766115125      c 
  181.69173130360895    113.69174551604883    358.09808537861210      o 
  180.89449347880145    115.37558959449619    364.05342001619647      c 
  180.94706925293806    117.82971354267944    362.53375572827906      c 
  179.01273064001279    118.83071921684618    361.78461489898490      o 
  183.24791752332669    118.78543772837104    362.08451714894176      n 
  179.79577772994253    110.82646077365457    365.46745425852203      h 
  178.20091764298414    113.98522650141845    361.33451168328736      h 
  179.56273740863318    115.60339438716622    365.61038429599188      h 
  182.75183329174047    114.87805059801701    364.78796518977407      h 
  183.38867713854523    120.33906504183496    360.98990566147910      h 
  184.84594466814391    117.89543257036405    362.59915882118599      h 
  183.78228804144004    111.30523441275615    360.94555102707932      n 
  185.77640060591418    110.63388943791728    359.20608627078951      c 
  184.65791645166311    109.43626272999713    356.82648369470752      c 
  185.29692014581278    110.16970235512389    354.73056533079296      o 
  187.70023785375813    108.86114369918315    360.44139245571512      c 
  189.81033776904928    108.72283185959276    358.83898373543110      o 
  184.03313420289450    110.84105772156575    362.80070997419654      h 
  186.79243777141900    112.33156395325832    358.57155227985419      h 
  188.21813874636260    109.65469193744268    362.28929409135992      h 
  186.83547570128016    106.99352998142815    360.70555140351274      h 
  191.10569759838131    107.69429034686789    359.62110610081771      h 
  182.96394888434926    107.60912014473185    357.18343056578055      n 
  181.74977308321979    106.37390956935678    355.04616100302576      c 
  180.87463448750614    108.38936316896913    353.17378620672406      c 
  181.46614757935745    108.34204098433860    350.93505728364067      o 
  179.60929309641915    104.70625298505836    356.05044354645929      c 
  178.07869098626801    103.24004705436512    354.06510204274463      c 
  176.16332945712747    104.90977174642767    352.69534579830588      c 
  179.77026327491851    101.88414901313031    352.15963793814569      c 
  182.62104103018336    106.89421686922073    358.93079315369675      h 
  183.15421217022819    105.22324135054482    354.04245875021161      h 
  180.48964809844628    103.35076125965807    357.33524302404834      h 
  178.32604145423787    105.88797191379690    357.15176251923606      h 
  177.01015681191592    101.80918034062915    355.11310682926927      h 
  174.91450274601746    103.74872669415160    351.54863533062633      h 
  175.02188879507031    105.96301311586973    354.04062024112676      h 
  177.10529246872778    106.23926373442427    351.44616816074074      h 
  178.64292254224983    100.63444860404621    350.98210373363361      h 
  180.69856809474391    103.24178505894227    350.92693928061078      h 
  181.19932466466906    100.75924213410079    353.11503924186013      h 
  179.41504518296952    110.21460640825724    354.14526872923449      n 
  178.56599727414593    112.27079936276931    352.55308571989661      c 
  180.81713504412491    113.53140621764436    351.23563814250070      c 
  180.87592126615570    113.88456991972785    348.93975346805342      o 
  177.10069787560411    114.21502598826716    354.11349839239125      c 
  176.41831226440081    116.22369840476517    352.50618581115901      o 
  178.97298107386550    110.22484936011801    356.00448224097914      h 
  177.34227045716213    111.54250628003176    351.04181558066199      h 
  175.42042245655077    113.29153557297606    354.90461683122970      h 
  178.30180737679470    114.88346506178290    355.66478545166513      h 
  175.37707305431078    117.39574793614526    353.43482394500472      h 
  182.69907873176564    114.22452730602976    352.74623324139060      n 
  184.89317266108526    115.47784357835030    351.71194346314127      c 
  186.26711187079357    113.88125880333558    349.74014725387104      c 
  187.60292196871802    114.92777047052249    348.14187637182295      o 
  186.76256881352009    116.25961369579639    353.76706589508404      c 
  185.75960072150494    118.29733250555779    355.57277710572828      c 
  187.89972822225960    119.07850367757678    357.34863750702368      c 
  184.77867911236399    120.59594812879904    354.12572237986944      c 
  182.60017312856567    113.95790838121049    354.64225638985317      h 
  184.24910167133791    117.16480486557568    350.69100240418493      h 
  187.29704845442529    114.56763349335911    354.81689775010364      h 
  188.44275448211815    116.98587203010199    352.81405433351387      h 
  184.20561196167046    117.50883996356912    356.68769779411912      h 
  187.26824948600401    120.55134756659801    358.63106260046021      h 
  188.56972437326579    117.47497025684740    358.44356048651827      h 
  189.47407816749345    119.81901821990614    356.25777048885283      h 
  184.55907305861933    122.21569442345275    355.36878084292590      h 
  186.10442733555860    121.12886550019176    352.64740579215368      h 
  182.94735630457743    120.21045465389047    353.27675605297173      h 
  185.98344359940941    111.39374662452428    349.80825379174456      n 
  187.17089247334627    109.82599872432161    347.91974447031231      c 
  185.92840548930619    110.22170108745792    345.34713403671202      c 
  187.17938871617423    110.10456114119492    343.39504680624412      o 
  187.11658022946793    107.03948329431239    348.66791968933063      c 
  188.71586495024371    106.44596080092332    351.01527105321952      c 
  188.46105256053519    103.63893366600826    351.63789734445504      c 
  191.49572268392637    107.12631901076023    350.63591609227501      c 
  185.01124850319533    110.55133304292026    351.22441363655730      h 
  189.13200855059418    110.45673216815855    347.68166956323864      h 
  185.15078225243468    106.52587779489996    349.02182322554830      h 
  187.80463024941776    105.93454529659874    347.06739852483463      h 
  187.98736431814928    107.55313608808513    352.60012750132159      h 
  189.43347070752816    103.20671109053326    353.39340942768405      h 
  186.48380870107687    103.11603358296236    351.83623499713502      h 
  189.27893527794450    102.49987085877424    350.13598532144033      h 
  192.61142052967281    106.39823153398542    352.19750978377266      h 
  192.20632126633714    106.31292766661970    348.88656390620417      h 
  191.74619224227436    109.16430935165280    350.58475683592303      h 
  183.44576896728330    110.68985110565787    345.34203764519282      n 
  182.24413310485036    111.41088681191630    342.99368952607676      c 
  183.23603973912259    114.00453705588181    342.16681018832895      c 
  183.87197538911633    114.39448149604917    339.96954471909851      o 
  179.33822689300746    111.18378583539285    343.06063162181238      c 
  178.64616475469865    110.26013690913325    340.65096288604690      o 
  177.97247023823360    113.63759605014019    343.70120106786146      c 
  182.48986597950184    110.93076237648611    346.98468220667689      h 
  182.86388268743826    110.07988674173188    341.52533807442899      h 
  178.87839058390378    109.74987801044210    344.50194739868454      h 
  176.83917019676923    110.41470495689858    340.46185626854037      h 
  175.93999474164858    113.32631879854399    343.69909105466854      h 
  178.52047448543047    114.27637314025930    345.56974843798088      h 
  178.41834844603869    115.09127238555187    342.31887717095026      h 
  183.51704434767285    115.73292446617982    343.98203668785771      n 
  184.75347161837607    118.11505194592074    343.40016089788139      c 
  187.30392899347189    117.60692817582525    342.13919968140738      c 
  188.05139779551376    118.92549402028349    340.38579731714100      o 
  185.18278997570684    119.72792666714363    345.75664185815543      c 
  182.75662778687808    121.04940581365875    346.64632424454521      c 
  182.31839813090230    123.37036833612238    345.00252377776019      c 
  181.71192766144185    123.22393314784539    342.78254547143621      o 
  182.75433827182974    125.57894844895640    346.17338722604978      n 
  182.86150616695059    115.40160015813984    345.75160978553765      h 
  183.61161455993027    119.19151778555263    342.04000594262124      h 
  185.96350439850724    118.52342663571750    347.23299141860332      h 
  186.60044180715551    121.15519864912565    345.29400027506853      h 
  181.15016898005030    119.77139219474397    346.46326693800108      h 
  182.94451547048715    121.61224549860665    348.61625823452812      h 
  183.22686689824880    125.64294338743883    348.01179132678527      h 
  182.65580447580081    127.24124736558029    345.23715716468996      h 
  188.64403391540296    115.68088137158426    343.07103313377451      n 
  191.14311427592338    115.16799072904229    342.08579026506163      c 
  191.09796590106691    113.98276558539195    339.44552163862829      c 
  192.95159473349253    114.14657358802606    338.07322139825135      o 
  192.70700361973226    113.56632898643453    343.90034790100395      c 
  193.88210726723216    115.20224402915575    345.96553124561700      c 
  194.16773511318306    117.48264288529708    345.73351561743226      o 
  194.66559644210713    113.93425700567708    348.00388603641056      n 
  188.17891604620351    114.96334597408817    344.79594485768348      h 
  192.11159652041738    116.99229861048829    341.85349433722831      h 
  191.53563127013433    112.06582658446058    344.68402178959843      h 
  194.25380734425360    112.70510380642585    342.83711060089774      h 
  195.51407388820903    114.88525480630064    349.41796664410714      h 
  194.47903084006293    112.04736122693556    348.14205119887424      h 
  188.99262146544243    112.76359551901380    338.77686535320890      n 
  188.60341484307170    111.98104505813421    336.17919951000920      c 
  188.43245957696672    114.35419799180336    334.51676635103331      c 
  189.67944784815583    114.56999968498269    332.57311003367761      o 
  186.24872052022795    110.32762200212458    335.89759741376645      c 
  186.81938766189614    107.56169334184919    336.48515345859727      c 
  186.76736653347501    105.94066359011724    334.84146462661681      o 
  187.43150608436954    107.04316618178190    338.88332090120429      n 
  187.49217850990047    112.71244663612342    339.95962292861941      h 
  190.28124529859807    110.94301056455072    335.54008093809625      h 
  184.74571803406670    111.04181523408622    337.11439877745312      h 
  185.60091142805342    110.39992225950905    333.94249498948619      h 
  187.83111200299879    105.23433125187580    339.31996140367033      h 
  187.42172008449495    108.34241571019133    340.28738782029302      h 
  186.96368794947841    116.20080253883170    335.39259186704282      n 
  186.92788465891374    118.62546844057509    334.11095372522243      c 
  189.60884772883099    119.70537235027825    334.01501871490092      c 
  190.42599395144077    120.73117066443862    332.10018704696421      o 
  185.12255560773718    120.49029345214116    335.37739416240225      c 
  182.34910426668750    120.24411949693379    334.55629521911055      c 
  181.97091120204220    121.15132672594434    331.84066326829691      c 
  181.32565046408081    117.56394958430376    334.86546786496461      c 
  185.87222040361297    115.95868243865959    336.94556607364427      h 
  186.37611769636510    118.33471712030861    332.13282117111385      h 
  185.27910152771872    120.25803125308144    337.41818890932694      h 
  185.75625278966069    122.40036920029407    334.93022199914640      h 
  181.27258352220201    121.49698098005950    335.80354594696684      h 
  179.97019101349898    121.18834543041400    331.37710846834199      h 
  182.72492288859880    123.04707461503543    331.58916874375893      h 
  182.90519961250794    119.90117289752777    330.50351909169342      h 
  179.30705936721469    117.54356110842708    334.48442278831106      h 
  182.22982753888559    116.27206973330638    333.54851757462137      h 
  181.62559733783723    116.87257957947777    336.77560635145210      h 
  191.04733852943718    119.37253735733090    336.06610581150068      n 
  193.59800917711394    120.37570245478803    336.04282916163106      c 
  195.27698242702266    118.96500157206303    334.16881258484165      c 
  197.19308813288765    119.98447746979907    333.33587882177704      o 
  194.80090800764947    120.41177894435600    338.66261303613089      c 
  193.66660751427602    122.54904746870643    340.23622165566979      c 
  192.95219472828444    124.50878065206356    339.24184542642672      o 
  193.57899058096336    122.15911726403361    342.72766456498908      n 
  190.19847203543856    118.98772808396946    337.74855414554281      h 
  193.52202336151029    122.34219893160189    335.36749782728759      h 
  194.62393056685769    118.57361495333342    339.56405915288201      h 
  196.80955324100663    120.83850982372145    338.43516210843984      h 
  192.95566035396155    123.58006117534228    343.83272536238616      h 
  194.15226823144292    120.54868346856024    343.58724259749937      h 
  194.59795935203263    116.64177149524529    333.50753734750435      n 
  195.93951263136287    115.29372417571383    331.54155796207118      c 
  195.22862666963431    116.34658016616210    328.93205378572009      c 
  196.81824213194650    116.50383172341911    327.25377429389164      o 
  195.52161557093365    112.43826258766298    331.77989146151140      c 
  197.57937088094076    110.88180009549164    330.43681570973024      c 
  199.40558970013188    109.58288596943868    332.27399620686651      c 
  201.18384596666155    111.34215868025018    333.71660988002395      c 
  203.42234618679572    112.06879043857630    332.16636460644588      n 
  193.09111633708525    115.78943805956439    334.31507836825796      h 
  197.94797322413288    115.74322451856681    331.77678942269745      h 
  195.49124135303924    111.99389414220106    333.79321563383127      h 
  193.65586752820784    111.99732596786188    331.02743708658232      h 
  196.66575151377441    109.40312326440484    329.33396816125469      h 
  198.58153688425691    112.08154724278970    329.09673974595961      h 
  198.27734420806365    108.54326316610809    333.64817327184471      h 
  200.51498641948447    108.19216713091565    331.23489093956914      h 
  200.18901156693695    113.03983237412734    334.32186609870575      h 
  201.88301486764570    110.36083371666425    335.38921038349230      h 
  204.64761030585481    113.18231258236608    333.18871188266860      h 
  204.37098438527008    110.46514119597657    331.59140975596722      h 
  202.94592785392933    113.08618916013134    330.57096127637834      h 
  191.78678139457469    138.35946070774094    324.91327849480916      n 
  192.71667984637136    140.19675375034069    326.72862774073099      c 
  190.52608511049777    140.98159245372716    328.45926019874702      c 
  190.67881336832201    140.92542319373285    330.77127483350290      o 
  193.86307349960580    142.43752036510415    325.31180921341934      c 
  195.54130311003917    144.06548629489484    327.01344714963756      c 
  196.66605078816124    146.21174947634751    325.46743573032603      c 
  195.85205859450576    148.37050940567630    325.52884775472023      o 
  198.57671986679853    145.51716191262642    323.95148103076087      n 
  191.94168871239856    138.80473428204380    323.05383436733473      h 
  194.14076390111700    139.29152373856729    327.93731384810457      h 
  194.97227927084396    141.68590676496569    323.74459042060880      h 
  192.34381571347191    143.58980924236994    324.52707326180268      h 
  194.42590512657330    144.86349276724403    328.55121230606170      h 
  197.05126985634269    142.91814040138462    327.81850079706754      h 
  199.28971488721945    143.75692838634075    323.98596056659727      h 
  199.43788872711576    146.83621482903482    322.88049534913881      h 
  188.43949341644048    141.69577018634550    327.23987011743475      n 
  186.10497229529480    142.15035654423247    328.60465121271460      c 
  185.53620298196489    139.81869756856145    330.22561585412802      c 
  185.11168379098530    139.97627469706467    332.49934276597600      o 
  183.96666833831824    142.68814235441636    326.75999375275501      c 
  188.36388450667741    141.68454597897878    325.32283629100016      h 
  186.37486486191793    143.74010103986708    329.91019017767320      h 
  182.21059140485366    142.96957193587647    327.78448097618559      h 
  184.39603407164552    144.38135148607861    325.68159034309224      h 
  183.74483317820574    141.10872777658665    325.46520034836720      h 
  185.58620929516132    137.65333345333093    328.94883119524076      n 
  185.11242363305635    135.23384118622181    330.11638660890304      c 
  186.31487623447768    135.06445631072660    332.72401136549217      c 
  185.03941088643910    134.59864381568474    334.59862161518436      o 
  185.73913789360489    137.64875408289467    327.02976739608954      h 
  183.07855105678578    134.90496379795309    330.33538672069926      h 
  185.92072950375834    133.76522745837568    328.91448499204222      h 
  188.82133987220087    135.34025028532028    332.78985915834710      n 
  190.18012254286970    134.92876885677214    335.12474778886002      c 
  189.34596742006639    136.79801524653575    337.15558943594817      c 
  188.88010124206775    136.10106523133666    339.31026693172720      o 
  193.06064375045142    134.89353856267371    334.70956799504194      c 
  194.13331815051919    133.73910845432022    336.85517407966472      o 
  194.24073127802203    137.48032544822505    334.23956743587206      c 
  189.79618896756827    135.61810722346613    331.16111844564148      h 
  189.67049223014612    133.05694911965793    335.87682026415877      h 
  193.38197590765711    133.69689016738931    333.03137928413628      h 
  195.87590320944634    133.30901377772736    336.39742772582485      h 
  196.20425723508984    137.21686804342275    333.69306446992829      h 
  193.25144374193252    138.48058077249956    332.74868047636818      h 
  194.18186247969160    138.59788799352415    335.96145105932942      h 
  189.13922054870613    139.20765388973820    336.42636045755256      n 
  188.25834292407049    141.09664206829297    338.19969606063569      c 
  185.82378069174780    140.18659119139022    339.49703396948695      c 
  185.55744206147483    140.20980330844151    341.79868608129533      o 
  187.80845760057792    143.59900847742401    336.82336982261864      c 
  187.22072490133081    145.44762375635719    338.64121444182996      o 
  189.46336553180689    139.73928364835635    334.61685139909451      h 
  189.66328204087986    141.39343439587711    339.69845765745868      h 
  189.53984500524459    144.10239094930120    335.79088445731776      h 
  186.25854419915927    143.36017683564106    335.46726818382183      h 
  186.87826813400864    147.02086817921847    337.78494381844752      h 
  184.05919757852030    139.38677921515372    337.89353225231184      n 
  181.58931240960734    138.57910397755944    338.75121865610777      c 
  181.83704630883042    136.24322970718737    340.41833290228686      c 
  180.71052064425444    136.06929718106178    342.44549443980264      o 
  179.82750137619294    138.09109249497988    336.49691876574593      c 
  177.29464497888668    137.07488018929612    337.43117165408813      c 
  179.41882216235066    140.54540531843716    335.03448759910810      c 
  184.40688064014694    139.36625388589073    336.01192543175421      h 
  180.76977856512582    140.08687077842310    339.92139956354134      h 
  180.73174397119789    136.68468156095750    335.27737212630797      h 
  176.02741170019289    136.76239603493167    335.84674144709095      h 
  177.52908011598990    135.30094058803661    338.44002685111604      h 
  176.43179162573995    138.43848914652909    338.70473235017698      h 
  178.02325987288268    140.25627196244224    333.55635002191895      h 
  178.73922100261828    142.00609879211365    336.31103706610526      h 
  181.16409800904901    141.18885516754821    334.16831761553777      h 
  183.30816559861248    134.39263680718253    339.55889495157066      n 
  183.59701480161866    132.09440887388095    341.00891712750473      c 
  184.54370984629989    132.64277862487893    343.68174549998616      c 
  183.91471031956289    131.27157955767032    345.45490301113847      o 
  185.43241199347835    130.27125842482349    339.72582547802602      c 
  184.42743512315707    129.13826892353615    337.25537583474392      c 
  186.57274825414837    127.72525831873426    335.93948656108165      c 
  182.19105971862814    127.37364450505677    337.71341141756545      c 
  184.22214057384102    134.55064190834656    337.88274110909458      h 
  181.73477764161672    131.20271713584216    341.23303671703508      h 
  187.18024851748166    131.30680071305409    339.36144899348096      h 
  185.85170449803533    128.73671336311767    341.03997250940074      h 
  183.81402292211123    130.68146413982339    336.02472853009596      h 
  185.91247434385218    126.90693422313726    334.17398604845567      h 
  188.11809120350335    129.00939210407492    335.50675315942340      h 
  187.29316617119943    126.22900879111850    337.15011656188705      h 
  181.61875895819864    126.49353238780519    335.94790674508579      h 
  182.67395875004152    125.89418633824137    339.05635554294230      h 
  180.57227410678985    128.40109458879621    338.45093519645957      h 
  186.16207440376408    134.54888226886393    343.88824077512328      n 
  187.28100063199994    135.32161358936702    346.26434318360549      c 
  185.28492912998567    136.54486383995413    347.96711547771349      c 
  184.98673586521841    135.83741823127471    350.16031344865428      o 
  189.45226124361429    137.14142392834492    345.76385500011850      c 
  186.73416241336599    135.48449611572502    342.31671121657797      h 
  187.95116846971089    133.62930855248769    347.25871405963289      h 
  190.31413133890146    137.72258753106664    347.53297363382546      h 
  190.85837583119124    136.22283870021172    344.58229606937385      h 
  188.75055279151641    138.80009619801123    344.77458234354214      h 
  183.93427058184625    138.39243438824261    346.92404230843175      n 
  181.98594707225325    139.65175071751949    348.38901307191475      c 
  180.03623339143488    137.69432130851578    349.27186732967328      c 
  179.06068443114884    137.78190604467773    351.36697425603666      o 
  180.80605573489686    141.86017769357665    346.93210049615516      c 
  178.59749003330191    141.09779507267567    345.22086045855411      c 
  177.83633179192171    143.29570086099315    343.54185503303756      c 
  178.39203527283090    143.40562999683701    341.30258270092713      o 
  176.50220524857778    145.11261657426476    344.70170832189581      n 
  184.25969118797738    138.95581669004449    345.11863301268841      h 
  182.84100152735212    140.40973833890749    350.12201949853255      h 
  180.17425399685541    143.25238538481418    348.31374726476344      h 
  182.29143083397045    142.72138548697274    345.78601791581144      h 
  179.15877923817061    139.53257504810392    344.00617700692578      h 
  176.98775968056529    140.51355131246572    346.36810653503898      h 
  176.08265220372471    145.00775233217695    346.55148456360354      h 
  175.98184161012514    146.65851862323032    343.72255270568508      h 
  179.53594316996919    135.87459863127907    347.59561137906798      n 
  177.81188531457306    133.83021133617873    348.18185862068225      c 
  178.86294275211296    132.38986680928051    350.45170615249037      c 
  177.63793956490119    132.19622188716122    352.40796666924047      o 
  177.45429356866168    132.13223810089647    345.89222781738579      c 
  180.25832932560255    135.92829711465683    345.82181412103762      h 
  175.99653549266273    134.62909529389077    348.79625002461370      h 
  176.13279001954845    130.62556437648132    346.33062631054855      h 
  176.72330938823788    133.24402180018092    344.32865757742502      h 
  179.25125174936656    131.31461349907593    345.32985907727783      h 
  181.15642892496930    131.39620038207994    350.16713222106335      n 
  182.41321299142749    129.99915257072840    352.16690855064331      c 
  181.99528445515594    131.26040747121297    354.74492818153226      c 
  181.29011034676736    130.08163928283690    356.60575289043982      o 
  185.24239237434355    129.85603338548600    351.59455039186685      c 
  186.60379609301430    127.98535407190400    353.30650921451161      c 
  185.53608082800082    126.65513671600327    354.84777699536829      o 
  189.10490159252120    127.85503665123480    352.88805581725109      n 
  182.11680024326822    131.61097905737674    348.51582502184624      h 
  181.61626765405603    128.08637917094171    352.30758713875957      h 
  185.49973770811695    129.29392983666759    349.62322417954999      h 
  186.07653506161623    131.72853274401854    351.82805271073062      h 
  190.16679094203710    126.71077272424746    353.97768407508670      h 
  189.97061747740256    129.04563636880391    351.68913143074212      h 
  182.52733343946036    133.72141291899052    354.77724623352111      n 
  182.42923167692430    135.17235794958387    357.08994823643781      c 
  180.00697549342920    134.63881986746748    358.55968643229306      c 
  180.01993842989398    134.53713491524562    360.88834579664291      o 
  182.59753903502960    137.99819723640431    356.49854284724938      c 
  185.25490945623778    138.73727911683130    355.64764684181631      c 
  185.36243351726793    141.40088689090686    354.58960799619399      c 
  183.51560201037361    142.55171129556851    353.81905376659608      o 
  187.70315010777298    142.38428366517488    354.46717125240792      n 
  183.07485211363769    134.61900187264283    353.17839291544766      h 
  184.02004372372315    134.59786639414551    358.29939454049861      h 
  181.24700582617629    138.45624329435472    355.00645601929307      h 
  182.08033138007480    139.08136487062956    358.17486881994893      h 
  186.58775014784274    138.53596371261307    357.20423431346995      h 
  185.85464288922770    137.48799026832711    354.11561674494482      h 
  189.22579478453022    141.42762732775026    355.07876952290053      h 
  187.93493929746717    144.12179519108588    353.72658330008363      h 
  177.90288136077504    134.43625940162283    357.20696658488311      n 
  175.44451765123091    134.16173515109097    358.38312876596405      c 
  175.34297556777102    131.75933304635956    359.99770767001593      c 
  175.22066675427439    131.99290369544605    362.32332028761027      o 
  173.33087793171612    134.42731255364225    356.41850090856138      c 
  170.77216678906422    133.87448142518446    357.63309268599335      c 
  173.36972932926105    137.09329896375368    355.30810426963552      c 
  177.98193951814937    134.32412508126293    355.29576086772892      h 
  175.25580806798087    135.69440379751015    359.77866042561999      h 
  173.68068164758250    133.09022804419072    354.88787612585622      h 
  169.27485298858079    134.08689859556702    356.24544390380646      h 
  170.70358035793149    131.96355264887990    358.38322514123149      h 
  170.41804410888707    135.18317743132047    359.17798928189018      h 
  171.83630461142644    137.30459793075764    353.95907145499791      h 
  173.13176322807220    138.49874544609119    356.78884563652645      h 
  175.14041255741037    137.46492329659065    354.33305845152910      h 
  175.40239257843396    129.47046139907829    358.96687178148966      n 
  175.30536019083664    127.28548327605763    360.64302541760770      c 
  177.31658775605740    127.42809548543337    362.69516880619551      c 
  176.82615810872144    126.80238383675068    364.87554051472284      o 
  175.64022478271269    124.97089481566158    358.92425488294793      c 
  176.74843138157527    126.07495158408736    356.49964838549568      c 
  175.50023898853854    128.66797172822581    356.35030075460912      c 
  173.48232551942993    127.24597621371713    361.62526724542170      h 
  176.84116831607619    123.54430696851941    359.79256897471373      h 
  173.79898461377573    124.12972774774940    358.55020788950759      h 
  178.78782937819363    126.30880474361275    356.65540438529052      h 
  176.32836910811324    124.92894291187041    354.84836149648612      h 
  176.57419063226567    129.98116965721468    355.20268341784003      h 
  173.57184089297414    128.50699517681468    355.61641937864078      h 
  179.62875337103489    128.13405478005612    361.96882184808925      n 
  181.64918719938950    128.27187375946579    363.81337788418955      c 
  180.73015263599953    129.52049713549673    366.26534663998979      c 
  181.26433573166014    128.65903809661060    368.34032996240239      o 
  183.91341303611574    129.74717601111581    362.79313267920850      c 
  185.36613430630032    128.27596689642331    360.76856727951616      c 
  187.57764780614346    129.83471600669313    359.82081737261348      c 
  187.31019161065237    131.81338075638399    358.66024459478854      o 
  189.87681676646500    128.88399260429293    360.32759734913782      n 
  179.97581175974946    128.78145094972524    360.19926634489173      h 
  182.22095019086800    126.34416872448374    364.33538327572882      h 
  183.24600531436292    131.53264858754514    362.00845093362483      h 
  185.16550989983963    130.17141509576584    364.37819762871146      h 
  186.02141292900606    126.48341140509328    361.53464097984863      h 
  184.14291089284526    127.92121490934817    359.14660497467332      h 
  190.10634054853378    127.33652378184203    361.40583798631104      h 
  191.41457646743930    129.89389168744705    359.83531585219669      h 
  179.47273681884971    131.69346778809052    365.92678160981450      n 
  178.46646779606516    133.10267097475051    368.03379165555987      c 
  176.12223314886964    131.84357551002853    369.18715355134498      c 
  175.91662576487133    131.63132083982597    371.49321759952420      o 
  177.85086677666385    135.82144418960863    367.24265491189101      c 
  180.26189879379928    137.39640873135781    367.29151960573671      c 
  180.91722197605392    138.56338699191269    369.17625400740008      o 
  181.61479278153413    137.36548895997535    365.15996068538544      n 
  178.98550389466851    132.26723247650514    364.16518366700035      h 
  179.88653988174019    133.11200491400558    369.54969020135150      h 
  177.00772513032780    135.80381931113217    365.36460282722658      h 
  176.53322030806842    136.63598136265341    368.60197966178669      h 
  183.26600562465592    138.31055450417503    365.12588307460533      h 
  181.08061641254201    136.35379434841929    363.62050530950637      h 
  174.35799439246500    131.06358650596587    367.57714517740237      n 
  172.05156656693828    129.87040821463114    368.46753756765742      c 
  172.64505554811635    127.92728717878013    370.51690465308354      c 
  171.39742749206570    127.78794155629440    372.46681289536144      o 
  170.62780008517373    128.61442098173305    366.26704327733205      c 
  168.48177655876597    126.94322355216096    367.23110303813894      c 
  169.57899172991674    130.61932067092226    364.47474266222252      c 
  174.62431966766675    131.22746766121432    365.68188790066301      h 
  170.84385724719161    131.30483766724973    369.35913733519089      h 
  171.99901839527269    127.42034113408427    365.28100173011973      h 
  167.47964400303218    126.10971804873098    365.64450007262224      h 
  169.19173573369346    125.42468658838439    368.41870518434604      h 
  167.15499024995896    128.05017525431836    368.33907381110822      h 
  168.60071126865884    129.71462366636845    362.91153751277977      h 
  168.23683198178244    131.81811772977548    365.46484353295909      h 
  171.07604648336553    131.80020175791381    363.71672969148375      h 
  174.52845671372955    126.33824024751178    369.99697512398780      n 
  175.20320774535929    124.33815192871289    371.73426533332139      c 
  175.14218189024223    125.21970191122725    374.48613772783813      c 
  174.39672394255945    123.83382525375336    376.18018398674201      o 
  177.87310067972311    123.36526124025058    371.19866146175673      c 
  178.19519779213493    122.08052724695692    368.62144431168497      c 
  181.00058945352262    121.53601992855853    368.21807113234610      c 
  176.64909317909846    119.65860506364163    368.38270745950047      c 
  175.51750690666489    126.48800090616140    368.36524654536368      h 
  173.82390592124085    122.79319695162259    371.59339705300266      h 
  179.16323369054069    124.97497120227730    371.30007060677553      h 
  178.37707643295181    122.03730327111940    372.69616713065108      h 
  177.58407564829977    123.38652747379963    367.14432739362235      h 
  181.29724462158484    120.72631601403280    366.35648596218971      h 
  182.07911379166219    123.27818791608695    368.37397779961293      h 
  181.68674545217610    120.21406320577722    369.63396947593702      h 
  176.84560891977861    118.90595225652743    366.48093489448132      h 
  177.28620247986470    118.25307656322950    369.74152976641517      h 
  174.65302970955329    120.01234992826413    368.70762247228845      h 
  176.18108863899405    127.49247842244772    374.90830750248040      n 
  176.59896076505632    128.49093110501386    377.39960860204008      c 
  174.43021202120440    130.07539354393271    378.48164763580360      c 
  174.80961884964597    131.43928573839321    380.32504111930285      o 
  179.03691820770985    130.09110893899711    377.38563045150511      c 
  179.84109617049685    130.73256065217166    379.81964113216054      o 
  176.45510846667901    128.72010120861958    373.46201275939188      h 
  176.84654514462699    126.89049450783278    378.70121154412419      h 
  180.56161748617092    129.00401750351102    376.50557278292723      h 
  178.69152791939700    131.79566397826696    376.24165716890406      h 
  178.36056947836346    131.38679441648722    380.70673738493605      h 
  172.16249015651204    129.86600586918647    377.39297215057957      n 
  170.03367311456279    131.23041112953342    378.44089978828646      c 
  168.75212165258199    129.80609349181029    380.60631927418802      c 
  167.27091058485772    130.91173681707335    382.00360854376095      o 
  168.14540142465685    132.09434784291372    376.41409704056446      c 
  166.54644465315840    130.04653522035321    375.12147135007280      c 
  164.36000965120837    129.13356637641613    376.76766508693134      c 
  165.47219045882659    131.14420583529989    372.67167598811784      c 
  171.92056645083352    128.88224220443638    375.76152516946786      h 
  170.83611996460320    132.92238924325662    379.34487738040747      h 
  166.86060657160516    133.44292382310610    377.29606812261738      h 
  169.24764028295547    133.07521669903201    374.97216646818879      h 
  167.75166859966734    128.43985140612432    374.64738939915901      h 
  163.27363119212643    127.71014705733954    375.75912781588539      h 
  165.01998300701734    128.29454956832424    378.51747883327414      h 
  163.10722693507276    130.69525575475410    377.23376671987000      h 
  164.30519439176203    129.74693057067495    371.72120206695956      h 
  164.31251889149584    132.79256823091757    373.07211040927950      h 
  166.99272221863805    131.69718831342072    371.40674818207418      h 
  177.68058180353404    110.68978179391156    363.55521959711575      h 
  193.45748006858798    116.91039900939811    328.59115469077415      h 
  192.63485308665759    136.89715283513885    325.10034015048194      h 
  169.12258672075214    127.97364226686537    380.88189558787923      h 
  -0.1187749490240D+00  -0.6871860664994D-02  -0.5234239399924D-02
  -0.2049593651869D-04   0.4178895123200D-02  -0.3204192277430D-02
   0.2650656807632D-02  -0.5967719030335D-02  -0.6080774297025D-02
  -0.5695981925534D-03   0.4080700768743D-02   0.4096603629044D-03
  -0.2257229712249D-02  -0.8965354841807D-02   0.3945961227824D-02
   0.5912004971664D-03   0.4176191750280D-03  -0.5134424745766D-02
   0.6815293391344D-03  -0.5099032049691D-03   0.1256251870120D-02
  -0.2334509779599D-02   0.9926974522260D-04   0.2519917164421D-02
  -0.1102986756361D-01  -0.1039738495519D-01   0.1246617603757D-03
  -0.2334329422254D-02  -0.2384461066815D-02  -0.3820092654816D-03
  -0.5389514046338D-03  -0.3896882657668D-03  -0.3685343829548D-04
   0.4117813643006D-03  -0.1501803967886D-02  -0.6973660833999D-03
  -0.2491718130690D-04  -0.4947930330265D-05  -0.2481099838523D-03
   0.8112951647289D-04  -0.8310065215456D-03  -0.5511807507059D-03
  -0.5599137549568D-02   0.3000162324313D-02  -0.6600755763201D-02
  -0.2033629048690D-02  -0.6910449758203D-03   0.5781346024774D-03
  -0.6563944096101D-02  -0.6333102585144D-02   0.4447800716639D-02
   0.2774914288214D-02   0.2877070046084D-02  -0.4773075922635D-02
   0.3507511813131D-03   0.4166231981061D-03  -0.8966736327590D-03
  -0.1484334133539D-02   0.1978217380521D-02  -0.1181853303944D-02
   0.6406257894173D-02  -0.6246663680951D-03   0.7776382308720D-02
   0.1341805797857D-03   0.1211044760962D-03   0.2756003616865D-03
  -0.7470044772929D-03   0.9020524380439D-03  -0.1341400059655D-03
  -0.1268957757686D-02   0.8056973011422D-03  -0.1456076110860D-02
   0.1832423277031D-02  -0.1561156521386D-02   0.1087186373972D-02
   0.3208697162504D-02   0.3932708961181D-02  -0.4796816570273D-02
  -0.6766190234508D-03   0.1564441623743D-02   0.1439038185839D-02
  -0.1995747887376D-02   0.1399940363429D-02   0.5368331114639D-02
   0.8933845345517D-03  -0.1175844228081D-03  -0.4007065619749D-02
  -0.1298959801018D-02  -0.9693617816627D-03  -0.1171615292149D-02
   0.4995436113777D-03   0.8497988388130D-03  -0.1369593992456D-03
  -0.5139840156177D-03  -0.5217392071804D-03  -0.1265896528104D-03
  -0.5246896063318D-03  -0.5401602670799D-03  -0.2610340957673D-03
   0.8886125191748D-04  -0.3284201824794D-02   0.3268879871268D-02
   0.4726069835817D-03   0.1498824340626D-03  -0.5589382203417D-04
   0.1015155518020D-02   0.1096141840957D-02   0.4186100976271D-03
   0.1244658632410D-02   0.8262908132467D-03   0.4951818371617D-04
  -0.8778788048636D-04   0.1467174021442D-03  -0.3164430302958D-06
  -0.3354714395284D-04  -0.2015643818659D-03  -0.3499582924190D-03
   0.7969870076541D-03   0.2370880127829D-03   0.3812212679133D-03
   0.1459957613443D-03   0.1169552720844D-03   0.2252223710913D-03
  -0.9074467939157D-04   0.3569280620785D-04  -0.3152609003571D-03
   0.1615939723125D-03   0.2228688964456D-04   0.1377936159147D-03
   0.1877196945489D-03   0.4264292391846D-03  -0.1276686664619D-04
   0.1081950349220D-02  -0.2829424920255D-03  -0.1316134997789D-02
   0.5562680976026D-03  -0.6266490513885D-03   0.1069357741271D-02
  -0.1694164197822D-03  -0.1544740848093D-02   0.2320126991553D-03
  -0.1327954586637D-03   0.5052767677977D-03  -0.2444497146672D-03
   0.1609149759812D-04  -0.4669848093885D-03  -0.8055434829989D-04
  -0.2384629451526D-03   0.1096706174861D-02  -0.2159428803982D-03
  -0.9064860393639D-03  -0.1834955954925D-02   0.2826603599389D-02
  -0.2742767909018D-04   0.2282400971400D-03  -0.2192311880744D-03
   0.8743368796886D-03  -0.6604958207160D-04   0.1189755092584D-03
  -0.4498783307350D-03  -0.6477227879695D-03  -0.5162732858086D-03
   0.1247086352894D-03  -0.5250372130555D-03  -0.2676301793983D-04
  -0.7329291098244D-04   0.5430165111260D-04  -0.1437049463541D-04
   0.3040981621097D-05   0.4914113539731D-04   0.7173288229448D-05
   0.9112619968273D-04   0.8868081219356D-04   0.3933480823834D-04
   0.1601392304973D-04   0.4048348063440D-04   0.1841868428694D-04
  -0.1669786470365D-04   0.3795969516247D-04   0.1622873545869D-04
  -0.8329778378937D-04   0.3389266603927D-04  -0.6714268785606D-04
  -0.3530335309478D-04   0.1037463050543D-03  -0.8511761757270D-04
  -0.7858116563119D-04   0.1631414470087D-04   0.4376275950573D-04
  -0.3565707223466D-04   0.2463891016181D-04  -0.1103109249241D-04
  -0.2408439976186D-04   0.3451101289655D-05  -0.1266684154361D-04
  -0.1903603046230D-04   0.4558702005516D-04   0.5968526010075D-05
  -0.1899403756650D-04   0.3878137726241D-04  -0.5751034071564D-05
  -0.5193143606266D-04   0.4336072149652D-04  -0.3320762087205D-05
  -0.1218320564621D-03   0.6356249688496D-04   0.2162393286331D-04
  -0.2461346438040D-04   0.5064461121005D-04   0.2627133579040D-04
  -0.1274138740446D-03  -0.6899342267743D-04   0.7742948642405D-04
  -0.1243933537096D-03   0.3563725053576D-04   0.1185583703538D-04
  -0.1227071378953D-03  -0.8267492789937D-05  -0.2402900413093D-04
  -0.5815625173881D-04   0.1856077502373D-04  -0.1946327339646D-04
  -0.4992308450198D-03  -0.4600415721609D-03   0.1952772986449D-04
  -0.2936596969927D-03  -0.2042238051679D-03   0.6374558720405D-03
   0.6675190945358D-03   0.7377533878530D-03   0.2171108188933D-03
  -0.6065117551173D-04  -0.8273613688023D-03  -0.5021036203031D-03
   0.1087123920369D-03  -0.7352456568443D-04   0.2977222727360D-03
  -0.1997470047204D-03  -0.3209638116936D-03  -0.5189580719808D-05
   0.1907780240172D-03  -0.5310703276996D-03   0.1430301242743D-03
  -0.1543162812619D-03  -0.3677521017041D-03   0.5524201801200D-03
  -0.2489983512472D-03  -0.1849846837759D-03   0.4481249301849D-03
  -0.1600255616653D-03   0.1608405848940D-03  -0.5000209531490D-03
  -0.1430879658126D-03   0.2295101510451D-03   0.2421737562898D-03
   0.1799780803606D-03   0.2367375369404D-03  -0.2473405515073D-03
  -0.1472573300718D-03   0.7901715999045D-04   0.5786121526279D-04
  -0.4056167213532D-04   0.3897125819473D-03   0.6659053544644D-04
   0.1574928467386D-04   0.4237795715575D-03   0.1343241200785D-03
   0.1004416342950D-03   0.2793724161353D-03  -0.1698345858082D-03
   0.1170693827442D-03   0.1377990028061D-03  -0.3705916940522D-04
   0.1693634127645D-03   0.3631205706129D-03  -0.2329675932882D-03
   0.1930752901407D-03   0.1496356475432D-03  -0.3478687257264D-03
  -0.1954472331460D-03  -0.4607034070762D-03   0.1364646964636D-03
   0.1424289387174D-03  -0.7987792073378D-04   0.3215303929223D-03
   0.2040625158119D-02   0.1645400043980D-03   0.1109166969553D-04
  -0.1280254429880D-02  -0.3027986357078D-03  -0.4909943627857D-03
   0.1356708504560D-03  -0.2823208834294D-04  -0.3035540193880D-03
  -0.1067663924015D-03  -0.6483790131367D-03  -0.5701336158609D-03
  -0.4913207663504D-04  -0.2334873649978D-03  -0.2462611548996D-03
   0.1170308457823D-03   0.1617968627649D-03   0.1578748362685D-03
  -0.1297632959329D-03   0.3718433459431D-03   0.1029982886272D-03
  -0.2078940644278D-03   0.1473037421608D-03  -0.9619460510593D-04
   0.4036901478929D-03   0.5450665094407D-03   0.9583155998412D-03
  -0.3452028917153D-03   0.6182857042331D-04   0.1322073821594D-03
  -0.4065557404079D-04  -0.1573844507902D-03  -0.5146971642899D-03
   0.2328922061081D-03  -0.1369704198238D-03   0.3076946096280D-03
  -0.9886008187184D-04   0.5652037784575D-04  -0.2928030330882D-04
   0.2161011369016D-04  -0.3294850783888D-04   0.2860461121548D-04
   0.1017305738708D-04  -0.3486251839056D-04  -0.3377204489701D-04
   0.1312803630663D-04   0.1238191329530D-04   0.2015683034999D-04
  -0.3168977733105D-04   0.1074640616988D-04   0.2267739627097D-04
  -0.6505653028196D-05  -0.2452456349251D-04  -0.1990701870586D-05
  -0.9424005166233D-04   0.3536149122666D-04  -0.9986707374830D-05
  -0.1252510047591D-05  -0.8829770855279D-04  -0.1240003137401D-04
  -0.7888598013546D-04  -0.9651789753380D-04  -0.1255518717969D-03
  -0.9647008092601D-05  -0.6282172604523D-05   0.1622636970489D-04
   0.1712762622674D-04  -0.1138168120470D-03   0.2664401090641D-04
  -0.2381098905698D-04   0.1330846026548D-04  -0.1226878020068D-04
   0.8513154317298D-04   0.9169270559959D-04  -0.3286239715696D-04
  -0.8772849518111D-04  -0.6481143069044D-04   0.2644175000266D-04
  -0.2126124074303D-04   0.1671248672773D-04  -0.2949891792572D-04
   0.1291448532271D-05   0.1359851782975D-04  -0.4417400612064D-04
  -0.7189656705946D-04  -0.2896855017279D-04  -0.1014787500362D-03
   0.1917395304800D-04   0.6336789283358D-05  -0.7705940697562D-05
   0.3880208474365D-04  -0.9176490449976D-04   0.5120994754092D-05
   0.7714918651291D-05   0.1260198417420D-03  -0.1017368720470D-03
   0.4473818707375D-05  -0.3911247047320D-06   0.4552164593394D-04
   0.3897594565042D-05   0.3465131611674D-04   0.1320823966576D-04
  -0.6345128297798D-04  -0.4944730649576D-03  -0.4335954681219D-04
   0.3812107321906D-03   0.1052601198571D-02   0.2445668007848D-03
   0.4540529700466D-03   0.5848994872583D-03   0.8673514948420D-03
   0.2469323057431D-04   0.6784621346846D-05   0.3443775028762D-04
   0.3822493555740D-04  -0.5040927951251D-04   0.5414940671667D-04
  -0.6234320187233D-04  -0.1919272289929D-03  -0.9817989955180D-04
  -0.1250788036052D-03  -0.5592233756849D-04  -0.4421816630006D-04
  -0.2720330266874D-03  -0.3395859509109D-03  -0.4200809270638D-03
  -0.1130885692950D-03  -0.2037988229163D-03  -0.2854319286519D-04
  -0.1963461574341D-03   0.1773036266420D-02   0.1864651992822D-03
   0.9996639669225D-03   0.2192153979749D-03  -0.1232893891601D-02
  -0.2814374028784D-02  -0.2157552346922D-02   0.3174670984497D-02
   0.1936224679604D-02   0.3656729637208D-02  -0.1772525209854D-02
   0.1935749178257D-04   0.6795192564437D-03   0.9826207769195D-06
  -0.9877976425342D-04  -0.1066615999063D-02  -0.1392727186161D-02
   0.4548348738774D-04   0.6670952443660D-03   0.4111326688933D-03
   0.3160031824012D-03  -0.6671724285927D-03   0.9640521748958D-03
  -0.4630149228986D-03  -0.1282931726963D-02  -0.5149992774451D-04
  -0.8723398584504D-05  -0.2017810895219D-03  -0.2746920181604D-04
  -0.2188304183835D-03  -0.2215441751630D-03  -0.1454433536301D-03
  -0.6774081626053D-04  -0.4600358683988D-03   0.2081795367733D-03
  -0.5182893840063D-04   0.4689185776119D-03  -0.1947231337020D-03
   0.7558578938580D-04   0.2675746867446D-03   0.4954158309700D-03
   0.2627627365689D-02  -0.2768309417417D-03  -0.6139527295077D-03
   0.1761120249904D-02   0.3336945312353D-03  -0.1743493698104D-02
  -0.3597012749512D-02  -0.1798056900556D-02   0.8956628656966D-02
   0.3368743177535D-02   0.4537026558371D-03  -0.9429397248746D-04
   0.4120499068100D-03   0.5220285673886D-03   0.3845551173827D-03
   0.8484974774500D-05  -0.1233289540470D-03   0.4012445746071D-03
   0.7204117003638D-03  -0.2643538912853D-03   0.4535117054095D-03
   0.5182049222535D-03  -0.3622398636689D-03   0.2323899853756D-03
  -0.9329892284740D-03  -0.2363555117987D-03  -0.5917321448644D-05
  -0.1047280933669D-02   0.4210429208525D-04  -0.2253107739824D-04
  -0.1313830091327D-03   0.1973372313123D-03  -0.1070684078205D-03
  -0.5776803169178D-03   0.3031603152055D-03   0.3003170362773D-04
   0.1387653336766D-03   0.7160630360001D-04  -0.2932477881369D-03
   0.3030935869484D-03   0.2675242080511D-03  -0.2521401585213D-03
  -0.3014179923918D-03   0.4599327850109D-03  -0.4230919206698D-03
  -0.3693229941376D-03  -0.2620477293780D-03  -0.2592906898307D-03
   0.2512332883659D-03  -0.1198091787068D-04  -0.1277284817397D-03
  -0.3420777110855D-03  -0.8714201987722D-04  -0.2696637806944D-03
  -0.2656463552025D-03   0.3486378192417D-04  -0.5788435468086D-04
  -0.1044821705237D-02   0.1183395582414D-02  -0.4411277959328D-02
   0.1567703300371D-02   0.6460862834374D-04  -0.1308908767136D-02
  -0.4895144061129D-02  -0.8253296268560D-02   0.5185315631337D-02
   0.1534827110818D-02   0.1017678322854D-02  -0.1750979444227D-02
   0.1528569186973D-03   0.1481095493248D-05  -0.4582791056626D-03
   0.5949540294110D-03   0.9937114035437D-03   0.3950703922752D-02
   0.7879186404496D-03  -0.5199033050677D-03  -0.3019891746556D-02
  -0.1734836670489D-02  -0.8028966689805D-03  -0.2446143690590D-02
  -0.4933613898627D-03  -0.1720390000009D-03   0.1096517445292D-02
  -0.8585283007912D-03  -0.2319412783429D-03   0.9400462784462D-03
   0.5960818668339D-03  -0.4822670097490D-04  -0.1960024125106D-03
   0.3133991213602D-03  -0.2855132804025D-04   0.7498878114541D-03
   0.6556989779213D-03   0.8568540016644D-03   0.8168308253380D-03
   0.8602650416297D-03   0.2755688723477D-03   0.2236846039639D-03
   0.2325549254912D-03   0.6250111720022D-02  -0.2152588339240D-03
  -0.3053891177655D-03  -0.8061433474916D-02   0.2833789549348D-02
  -0.9045880769886D-01   0.2594044604911D-01   0.1443567678339D-02
   0.1342766958727D-01   0.2980426369130D-02  -0.1628501497080D-01
  -0.3277224992187D-03   0.1055201316335D-02   0.2365935852616D-02
  -0.3824413194149D-03   0.4300335511013D-03   0.8273258405138D-04
  -0.3620947596927D-03  -0.2468811267391D-03  -0.3436685068710D-03
   0.6666565488565D-03   0.7114238364024D-04  -0.2966045645356D-03
  -0.2734270006810D-02  -0.1401487239779D-02   0.3111524518523D-02
   0.5179489167451D-03  -0.1992984235455D-02   0.2309400409090D-02
  -0.1036797760682D-02  -0.1273436025277D-02  -0.8246973814405D-04
   0.5062745744830D-03  -0.9665768341626D-03  -0.4659187792525D-04
   0.5053488499208D-03  -0.4347307116125D-03  -0.1578774896561D-03
   0.1798458529258D-03   0.5417102510861D-04   0.2401428032868D-03
   0.3454628397142D-03  -0.5360009390483D-03   0.5260303930899D-04
  -0.1188510893491D-03  -0.3475803450948D-03   0.7290114218581D-04
  -0.6582987855165D-05   0.2087573551690D-03   0.3060098180795D-03
   0.2179190326682D-03  -0.8851750829387D-04   0.3766190880506D-03
  -0.4903519115750D-04  -0.2422836931622D-03   0.1455121084339D-03
   0.3321025703559D-03   0.1924405500593D-03  -0.1999126702302D-02
   0.3257695883123D-03  -0.1589916707262D-04  -0.5801996737719D-04
   0.4021870448669D-02   0.1635820811355D-02  -0.9927629753110D-03
   0.7126965621778D-01  -0.9597416465707D-01   0.1857309906313D-01
  -0.8689893331255D-03  -0.1509869116379D-02   0.4635371557057D-02
  -0.6381774369271D-02  -0.2852629953511D-02   0.2575597077531D-02
   0.1720395607069D-02   0.2329853424486D-02   0.3847487758917D-03
  -0.1627397752999D-02  -0.4803424135017D-02  -0.4408026947246D-02
  -0.6534530614259D-03  -0.1701941842356D-02   0.1291298969263D-02
   0.4674760338473D-03   0.2339771163838D-03  -0.1288577740529D-02
   0.3430601241183D-03  -0.3232903878059D-03  -0.2329084941633D-03
  -0.1511202444184D-02  -0.5713546943840D-03   0.6224944488697D-03
   0.1054697337906D-02  -0.1121028713993D-01  -0.3996560008043D-02
  -0.2711806014272D-03  -0.3770153543236D-02  -0.6604061625311D-03
  -0.1752075903316D-02  -0.9080346535588D-03   0.6668501723332D-04
  -0.8364778023467D-03  -0.1261167480488D-02   0.6127921192393D-03
   0.2496630879225D-04  -0.2363233175533D-03   0.4425642095530D-03
  -0.2662495321924D-03  -0.2018290156526D-03   0.5293119299459D-05
  -0.5349578414122D-05  -0.3972658154163D-03  -0.1515751857958D-03
   0.6696058132442D-03   0.8169279862125D-03  -0.4447362094626D-03
   0.3249099860888D-02   0.3201067462670D-03   0.3950663369151D-02
   0.2584412152499D-03  -0.1619561712578D-02  -0.8650025096375D-03
   0.2289665265049D-02  -0.8317805484155D-02  -0.7185989805944D-02
  -0.1879007509196D-02   0.2633019512505D-02   0.5833623239612D-02
  -0.1211802908139D-02   0.8370451911189D-03   0.3912362135337D-03
  -0.2345714487042D-02   0.1307901033044D-02  -0.4466038709291D-02
   0.3241887099015D-03   0.3249043662775D-03   0.3693205715086D-03
   0.3360885667714D-04  -0.4195189980907D-03   0.5902331929711D-03
   0.1018118357379D-02  -0.7075786045868D-03  -0.3143390643615D-03
   0.1895167825385D-02  -0.5657702728491D-03   0.7228142578830D-03
  -0.1648846414306D-02   0.4107302975118D-02   0.9672855116776D-02
   0.9012139054045D-03   0.2575280714726D-02   0.1207132324436D-02
   0.1013276270586D-01   0.2029263123208D-02  -0.3822992958657D-02
  -0.4523317805603D-02  -0.1702697022656D-02   0.4021365351914D-02
  -0.1199407997044D-02  -0.2134140557253D-02  -0.7083781292571D-02
  -0.3478720520817D-03   0.2818653267706D-03  -0.6593489962698D-03
   0.7207476233454D-03   0.9522180544046D-03  -0.3071249328214D-03
  -0.5755410569114D-02  -0.3736070389894D-03   0.4953370446756D-02
  -0.1177972237918D-02   0.1117007487796D-02  -0.8796569939082D-03
   0.4139067444107D-03  -0.3389962415258D-03  -0.1958541686298D-02
   0.3595494235422D-03  -0.2515007286352D-03   0.7033022048060D-03
   0.8488024550047D-03  -0.4549465036853D-03   0.2795646987985D-02
  -0.1177160681561D-01   0.4624516628332D-02   0.5911549687078D-02
  -0.1458861383328D-03   0.2181748376668D-03   0.2663531823859D-03
   0.1325025425201D-02  -0.9596473775782D-03  -0.5136979983850D-02
  -0.3862081966367D-03   0.1271927998988D-03   0.2113699797745D-03
   0.6299360890194D-03   0.1196581425186D-02  -0.5250053969780D-03
   0.1087579878419D-01  -0.2640537698709D-02  -0.7088780990742D-02
  -0.2521959496388D-03  -0.1232907213999D-02   0.1738249104998D-04
  -0.1985841876349D-03  -0.1319904471119D-02  -0.2561584865690D-03
  -0.1864729245688D-03  -0.1313595938725D-03   0.2958217270188D-03
  -0.2291289739481D-04  -0.3263264963608D-04   0.3811848866826D-04
   0.7727270365585D-05   0.5114815235679D-04  -0.5199296430288D-04
   0.6433629200908D-04   0.8084428762779D-04   0.2886182863901D-04
  -0.4022927897584D-04  -0.4148105319509D-04  -0.5485732620231D-04
   0.1372115030420D-03  -0.1543183824716D-03  -0.1867462719116D-03
   0.2521779031266D-03  -0.1015567769316D-02   0.4904717179393D-03
   0.6853623529484D-05   0.7209334268992D-04  -0.2565491973074D-04
  -0.9145003929424D-05   0.6695772750306D-04  -0.9550783540398D-06
  -0.1415038400343D-03   0.2128676734341D-04   0.9691962543980D-05
   0.1002179315282D-03   0.1586027917541D-03   0.7407066514441D-04
  -0.7210615790244D-04   0.6634449859575D-03  -0.6346307627010D-03
   0.3742391766106D-04   0.4480968405607D-04   0.9278349415996D-05
   0.3247333569476D-04   0.2724194463969D-04   0.8795625380546D-06
   0.6576459953118D-05   0.3501126493962D-04  -0.2786111122681D-07
  -0.2462173033966D-05   0.3415827650017D-04   0.1217791787822D-04
   0.1056029904497D-04   0.3047096354416D-04  -0.9783125782035D-05
   0.2030218643539D-04   0.7092856039285D-04   0.1507971134850D-04
   0.3904898340460D-04   0.5482729838447D-04   0.4899017456031D-04
   0.3052272679906D-04   0.1130158193848D-06   0.5175516899213D-04
   0.4874258856722D-04   0.5554134443858D-04   0.3589476294575D-05
   0.1257283960383D-04   0.5167229085479D-04   0.2565328626301D-04
  -0.2934161284078D-04   0.6518475303256D-04  -0.1739891018240D-04
  -0.6282048654812D-06   0.4518097311420D-04   0.1694016536312D-04
   0.2601713349547D-04   0.8970212560345D-04   0.2568559011703D-04
   0.5444474770728D-04   0.4818171479651D-04   0.3075934831379D-04
   0.1693058054632D-04   0.1250240078718D-03   0.4809262322263D-04
   0.3178311732531D-04   0.3454338400686D-04   0.7659568889466D-06
   0.8521838513517D-03  -0.1381562059484D-02  -0.2105383417033D-02
   0.1255338435005D-02  -0.1999368499730D-04  -0.7976022083493D-03
  -0.2196191715514D-02   0.1679436083758D-02   0.2731479356757D-02
   0.1625485812923D-02  -0.1793905172915D-02  -0.1676700339865D-02
   0.2223845001311D-03  -0.2373728475459D-03  -0.3517464668365D-03
   0.4944132544915D-03  -0.9454611720422D-04  -0.2928159738667D-03
   0.1181180229633D-02  -0.1397524292461D-02   0.1270472494943D-03
   0.3539644574839D-03  -0.6836252768319D-03   0.5677983783495D-04
   0.2983023172042D-03   0.3175919637308D-03   0.2867844046146D-03
  -0.2417414012801D-03   0.3693555790368D-03   0.4759018486601D-03
  -0.3604497355490D-03   0.5180429088367D-03  -0.2731702662647D-03
  -0.5346508626231D-03   0.1176600440960D-03   0.5174518558943D-03
   0.1631702349200D-03   0.3897643941214D-04  -0.9381560749503D-05
  -0.4999015222211D-03   0.6433950432626D-03  -0.3716752434049D-03
  -0.8757696419957D-03   0.9869914219088D-03  -0.4376147155436D-03
  -0.7725212086739D-03   0.1695013013076D-03   0.8037689300262D-03
  -0.3976113428579D-03   0.2604673833580D-03  -0.3416322075261D-03
  -0.2069754962761D-03   0.2048702902635D-03   0.5439254644102D-03
  -0.7764193647793D-05  -0.4078627272299D-04   0.2018117109637D-03
  -0.9279992374337D-05   0.4307508803222D-04   0.3277827173162D-04
   0.6619592641987D-04  -0.1164591309812D-04   0.1654500957439D-04
   0.9473609895565D-05   0.3787345667058D-04   0.2785598741922D-04
  -0.3702586239714D-04   0.3661683510531D-04  -0.1422525837555D-04
   0.1071513543832D-03  -0.1975131078214D-04  -0.1839880255122D-04
   0.1063998154491D-04   0.3280822331389D-04  -0.1550827761586D-04
   0.2028763124220D-04   0.9851150500185D-04  -0.3045908208093D-04
  -0.1610812914633D-04   0.2997069905793D-04   0.1551263598449D-04
  -0.8783246840651D-04   0.6265813815501D-04   0.1117236564275D-04
   0.1011803148348D-04   0.9148964921514D-05  -0.2341027043518D-04
   0.8493990786406D-05   0.4190887732166D-04  -0.2603028126456D-05
   0.7496327644262D-05   0.3005881384689D-04  -0.1375702404056D-04
   0.1554524593563D-04   0.3085752607021D-04   0.2042467749761D-04
   0.4651866571477D-04  -0.2936479658158D-04  -0.3392193096764D-06
   0.1147561838490D-03   0.5159031247047D-04  -0.1116996704621D-03
   0.1273234391174D-03   0.5253053038108D-04  -0.1972068905853D-03
   0.1131743927184D-03  -0.1347938016858D-03  -0.6388069377000D-04
   0.2657031077447D-03  -0.3155006986526D-03  -0.3758107671702D-03
  -0.5639238421044D-03   0.9151358082037D-03   0.1360510032138D-03
   0.2169478880477D-04   0.6168019767479D-04   0.2579886887521D-04
   0.8161603711015D-05   0.3784404533741D-04   0.2939956331704D-04
  -0.1548171783400D-04   0.3116182980856D-04   0.9646146252104D-04
  -0.9120765635860D-04   0.6736806495099D-05  -0.2653059681669D-04
  -0.7007331128232D-05  -0.6624839360031D-04   0.6559138686845D-04
  -0.1125962609219D-04   0.2954902578799D-04  -0.3486794633429D-04
  -0.6596569374003D-04  -0.2568892749043D-04   0.2098003192199D-03
   0.1532481575845D-03  -0.4916559143429D-03   0.2190300980989D-03
   0.1376219763401D-04  -0.1224664347879D-04   0.3798273158779D-05
   0.3199833615197D-05  -0.1474051592433D-04  -0.1918607344441D-05
   0.3300868283767D-04   0.2037208706070D-03   0.9772278340575D-04
   0.6395384113536D-04   0.6739609240576D-05  -0.3217379289402D-04
   0.1637541239962D-04  -0.5030219651121D-04  -0.2551532657217D-04
   0.3248484715772D-05   0.3006987007747D-04   0.4778557606587D-04
   0.4186052966327D-04   0.7450685075255D-04   0.1488857268715D-04
   0.1414043477813D-04   0.4675436106909D-04  -0.2706855813588D-04
   0.3045774960718D-04   0.5127294785892D-04   0.1726702484595D-04
  -0.2987193803719D-04   0.2991278145235D-04   0.2201525565060D-04
  -0.6521908118324D-04  -0.2711242930431D-04  -0.5248807364984D-04
  -0.1236884997973D-03   0.4469304464617D-04  -0.4610475293833D-05
  -0.2556867242693D-04   0.3103125316717D-04  -0.5318680541265D-05
   0.3861726563632D-04   0.2720919165112D-04   0.2969296887384D-04
   0.4695534680605D-04   0.5004036383832D-04  -0.3312537042230D-04
  -0.2338764639492D-03  -0.2657343802718D-04  -0.9265893399566D-04
  -0.9463291127763D-04   0.1050065451101D-03  -0.3512128835031D-04
  -0.9648687693177D-04  -0.1149847051686D-03   0.2453039858246D-04
   0.1515532137706D-05   0.1125265513962D-04   0.3654012995040D-04
   0.2808764805779D-04   0.6237225554485D-04  -0.1203211158870D-04
  -0.4014811312317D-04   0.5601736677209D-04  -0.2470033805080D-04
  -0.6622775430270D-04  -0.2365411451780D-04  -0.6533485335327D-04
   0.6406057176204D-03  -0.4102103994067D-03  -0.5907699474299D-04
   0.9037859404116D-04   0.4572269061899D-05  -0.2382351684643D-03
   0.3409596605754D-04   0.3246281274957D-04   0.3919085604068D-05
   0.3905631023014D-05  -0.8177220798741D-04   0.4306309887150D-04
   0.3801616239992D-04   0.3054299974598D-04  -0.9000152368533D-05
   0.4676816041557D-04   0.2297576499261D-04   0.4321544904577D-05
  -0.1182528554704D-03  -0.1149289115326D-03   0.1074212639603D-03
  -0.2816795393338D-03   0.1397554113542D-03  -0.1520092088271D-03
  -0.7766175831315D-03   0.3120729786112D-04  -0.4214877309832D-04
  -0.3070260988858D-03  -0.1261174408913D-03   0.2385406275831D-03
   0.2416228284493D-03   0.3315780031585D-03  -0.2288929732866D-03
   0.2804932459847D-04   0.2633017419661D-05  -0.2966373771502D-05
  -0.3178595964614D-06   0.2224019313133D-04  -0.4224806319655D-04
   0.1745461806509D-03   0.2610959556456D-05   0.2430026670452D-04
   0.1940182920166D-04   0.1034881030165D-04  -0.8145086067961D-04
  -0.1943433329429D-03   0.5829816861570D-04  -0.7829482538502D-04
   0.2644014390612D-04   0.1048948741198D-04  -0.9470110057837D-05
   0.7972702333125D-03  -0.1458680680411D-03  -0.7586107700631D-04
   0.1030626621190D-03   0.1795633595242D-03  -0.1743365912437D-03
   0.4479449925561D-04   0.2636294456758D-04   0.6000579209977D-05
   0.4332475863468D-04  -0.3854842965410D-06   0.5024223347112D-05
   0.2600379518151D-04   0.2438044308903D-04   0.3794869357993D-04
   0.2554901454306D-04   0.1871163210018D-04   0.3605810184661D-04
   0.3866986804378D-04   0.1982085399136D-04   0.1925804134218D-04
   0.5919520461953D-04   0.2931533723678D-04   0.2475583904120D-04
  -0.9370102683569D-05  -0.2642274677059D-05   0.2304809340601D-04
   0.2254192530672D-04   0.2242549931700D-04   0.2212469320413D-04
   0.2550870774801D-04   0.4404358955162D-05   0.1784527615287D-04
   0.2568513553712D-04   0.1513706116671D-04   0.7398340748175D-05
  -0.3783191548376D-04   0.1168179183788D-04  -0.1729717015192D-04
   0.2933499437461D-04   0.2661912881590D-04   0.1022127109066D-06
   0.2318018379500D-04   0.3669581503747D-05   0.5236625492019D-06
   0.3610961492465D-04   0.3348475106706D-04   0.1156742604075D-04
   0.3140797255506D-04  -0.4820898957667D-05  -0.1531734479911D-04
   0.2160752947251D-04   0.9310658140615D-05   0.2580223895979D-04
  -0.2705463766318D-05   0.8285100045790D-04   0.1258040448344D-04
   0.2776524760436D-04   0.6453039152537D-04   0.1612064823680D-04
   0.3724195257938D-04   0.7731062065876D-04   0.3475082091427D-04
   0.9504097713553D-05  -0.1805740369974D-04   0.4746428767004D-05
  -0.1655413284159D-04   0.2442866763598D-04  -0.2413347643335D-04
   0.4081564135702D-04   0.1433550985131D-03   0.7935875964123D-04
   0.6623552611723D-04   0.6360929571606D-04   0.6447942835182D-04
   0.1725878231029D-04   0.1439713418271D-04   0.3135915650523D-04
   0.4632393986398D-04  -0.6642842010630D-04   0.1918885415416D-04
  -0.4981891269142D-04   0.6767949905092D-06  -0.2752402589505D-04
   0.5884759473401D-04   0.6958120663615D-04   0.3728941183982D-04
   0.2731588352656D-05  -0.3678921211638D-04  -0.2314243339035D-03
   0.1968614399406D-04   0.1035331169034D-04  -0.4815173386364D-07
   0.6439317324750D-04   0.1558186408555D-04   0.2415186006448D-04
   0.5523351335987D-04  -0.7317532998973D-05   0.6014556773444D-05
  -0.2405229863062D-04   0.1348189452949D-04   0.5045812629003D-04
  -0.6683450202198D-04  -0.5271407658357D-04  -0.1957323733701D-04
   0.1691513266750D-03   0.1610056861242D-04   0.1054240813612D-03
  -0.4410496948698D-04  -0.5032402577336D-05   0.9256057212919D-04
   0.2888193652035D-04   0.1352866078616D-03   0.2411609687375D-04
  -0.1991809268802D-03   0.3157563858734D-03  -0.2268801323518D-03
  -0.3654320237045D-03  -0.1715105808022D-03   0.3731481980870D-04
   0.5204845873668D-03  -0.8493120004500D-04  -0.3333461083743D-04
   0.1854253138138D-04   0.3863992441440D-05  -0.1665006308634D-04
   0.3982505751789D-04  -0.1051947278351D-03  -0.2609797607895D-04
   0.8623157901265D-04  -0.4815089778696D-04  -0.1945105353842D-04
   0.9169466361584D-05  -0.1174663258102D-04  -0.4869276992546D-04
  -0.9835000706478D-04   0.1538383176885D-03  -0.1295524413063D-03
  -0.4427476751935D-04  -0.1327349964085D-03  -0.5159017395747D-04
   0.2003837740892D-04  -0.2466414557875D-03   0.1742739722118D-03
   0.2914638965815D-03   0.1572056623649D-04   0.2732115972219D-03
   0.6400888806417D-04  -0.3060378096147D-04  -0.1747639909695D-04
  -0.2321465753762D-04  -0.4970342476470D-04  -0.1047949779248D-04
   0.5616913757967D-04  -0.5185022885140D-04   0.1697345708741D-04
   0.4452239954286D-04   0.8753980285662D-04  -0.9458185046092D-05
   0.1006279761360D-03   0.2608637352868D-05   0.1544009905729D-03
  -0.1671523853921D-03   0.2317004218132D-04   0.4044164635019D-03
  -0.1001406990195D-03  -0.4904028680152D-04  -0.3639217850536D-04
   0.6177268062791D-03   0.3335137170132D-03   0.1332796894364D-03
   0.3026120672259D-04   0.1976229547470D-04  -0.1406381060141D-04
  -0.4412823925282D-05   0.4142222183563D-04  -0.7031167675903D-04
   0.1054779250669D-03  -0.4073685745677D-04   0.9153179532749D-05
  -0.2092415830685D-03   0.8868315529138D-04   0.1000275290870D-03
   0.5414586846268D-04  -0.7722390724208D-05   0.2877026577523D-04
  -0.1627717254312D-03  -0.2091751123601D-03  -0.4657802111861D-03
   0.1159620812678D-05   0.6732994263730D-03  -0.3507146232013D-03
   0.1793728906003D-03   0.1170756745507D-03   0.3376611719628D-03
  -0.8786530867558D-03  -0.5179017865352D-03   0.9192415397934D-05
   0.3371086683031D-03   0.2722520241684D-03   0.2063597467434D-03
   0.2283966357446D-03   0.1837256383808D-03  -0.1070733015011D-03
   0.4231175394149D-03   0.5450549946820D-03  -0.1691960785731D-03
   0.1817968030630D-03   0.4109783367439D-03   0.1713346404601D-04
  -0.7032144236536D-03  -0.4613757500337D-03  -0.4647864074679D-03
   0.7091476366710D-04  -0.1766147239266D-03  -0.7369727498872D-04
  -0.2359997631654D-03  -0.4090607067857D-03   0.1187681794553D-03
  -0.5726144735058D-04  -0.2510577557612D-03   0.1329984955842D-03
  -0.1182398801837D-03  -0.2432887250437D-03  -0.1219559081826D-03
  -0.1544725058727D-03  -0.4765215339700D-04   0.1135026548472D-04
  -0.9099235654614D-04  -0.4592629378420D-04   0.9695575923329D-04
  -0.9259290234334D-04  -0.8906469698595D-04  -0.1032242621370D-03
   0.1218205683761D-04   0.4372259256467D-04   0.6695155845708D-05
   0.6584193528149D-03   0.8172411060657D-03   0.3283889133145D-03
  -0.5968513362648D-03  -0.2809440671717D-03  -0.1855103249152D-05
   0.1516869011199D-02   0.7730878923332D-03  -0.1120728903055D-02
  -0.1582353758197D-02   0.5742585776199D-03   0.5283899013508D-03
  -0.2557075369164D-03   0.2601802782937D-03   0.2989791701659D-03
   0.9041099196816D-04   0.1797627653793D-05   0.3553301765313D-03
  -0.4355155248439D-03   0.8230109022105D-03  -0.1368964192846D-03
   0.6715186212449D-04   0.1178854811743D-02  -0.5775260083863D-04
  -0.7919084852775D-04  -0.6873627327726D-03  -0.2846526912210D-04
   0.1942541249083D-03  -0.1885167432962D-03  -0.9692754195851D-04
   0.1984741127271D-03  -0.8785505401906D-04   0.1831166004411D-03
   0.1267434531428D-03  -0.9356466329157D-04  -0.2646093331632D-03
  -0.2217253678494D-03  -0.2795409432327D-03  -0.1743730302882D-03
   0.1220064427073D-03  -0.7240631816835D-03   0.1661271732541D-03
   0.2509735038349D-03  -0.4533161950016D-04   0.2827542793506D-03
   0.5838849532501D-04  -0.2143603649174D-03  -0.4427869264881D-03
  -0.4042368480645D-04  -0.6342038955132D-03   0.2019436516792D-03
  -0.1173120047346D-03  -0.4004484420556D-03  -0.4603375429369D-03
  -0.2060059167285D-03  -0.2632461510042D-03   0.4762778135168D-05
  -0.1368653248951D-02  -0.5201716292022D-03   0.3508250617731D-04
   0.4997573705337D-03  -0.6037745545886D-03   0.3098350524090D-03
   0.2664802650661D-02   0.1228835177538D-02   0.4184289869544D-02
  -0.1747042068633D-03  -0.7182461216265D-04  -0.3244545789815D-02
   0.9515051101249D-04  -0.3852493594458D-03   0.2191276669370D-03
  -0.4882669449893D-03   0.8193134284529D-03  -0.6178784829095D-03
   0.1736519817196D-03  -0.1525890249054D-03  -0.9668388991883D-04
   0.3187460749831D-03   0.4566781894112D-03   0.3428220271740D-03
   0.5038384970065D-03  -0.6946296401845D-03  -0.6259814783355D-03
   0.2547271201896D-04   0.3005784530644D-03   0.2915824167029D-03
  -0.2468293487460D-03  -0.5416930180554D-04   0.1462204752601D-02
  -0.8280900396119D-03   0.1381688689441D-02  -0.2588050043006D-02
   0.6101977140964D-03   0.6249088095553D-02  -0.5115126979579D-02
   0.3261721976574D-01  -0.9173284089908D-01   0.2547435394543D-02
  -0.1497998529966D-01   0.1079802823325D-01   0.1007326296871D-01
   0.2224391179447D-02  -0.5217365484471D-03   0.8213860973503D-03
   0.5561252428590D-04   0.4973726178074D-03  -0.3016060762554D-03
  -0.6600713552104D-04   0.3401357681460D-03   0.1125690981467D-02
  -0.3030611342297D-04   0.4375170262938D-03   0.2171203287875D-04
  -0.5323036983951D-04   0.3393611397955D-03  -0.4987101152412D-03
   0.1281399593519D-02  -0.1251261605824D-02   0.4008585779820D-03
  -0.7784628450352D-03  -0.1469726669454D-02  -0.5972429707356D-03
   0.1360748566514D-04  -0.3154347933512D-03  -0.5561715555064D-03
  -0.1409177291876D-03  -0.4121776575862D-04   0.3256293290271D-03
  -0.1438825809169D-04  -0.1505238113856D-04   0.1924202692949D-03
  -0.9885257110425D-03   0.3243565382497D-03  -0.7525519795915D-03
  -0.3894254241417D-03  -0.3148735811031D-03  -0.4589165377434D-03
   0.6032618546761D-04   0.1093763229899D-03   0.4258332154668D-05
  -0.2730704514429D-03  -0.3070571085745D-03  -0.1548323929665D-03
   0.3827775003032D-04  -0.2364249009119D-03  -0.1106644735370D-03
   0.1360519181119D+00   0.2805460879430D-01   0.9056402210610D-02
   0.7292017613609D-01  -0.2046481648656D-01   0.4672555432700D-02
  -0.6402552918009D-01   0.1219323634166D+00  -0.1687439316795D-01
  -0.2004209895177D-01   0.7347750677743D-01  -0.6503261740120D-02
$end                                                                            
