           2           1   1.01721543730755     
           3           2  0.936418188541146     
           4           3   1.61302847407666     
           5           2  0.963093067854648     
           6           5  0.959492972967952     
           7           6   1.65429593790760     
           8           6   1.29816500609374     
           9           1  0.949991030184746     
          10           2  0.960642768030602     
          11           5  0.953904735555496     
          12           5  0.971721222409913     
          13           8  0.929218109652629     
          14           8  0.928388182538393     
          15           3   1.30810615852052     
          16          15  0.981957304464022     
          17          16  0.935407287952377     
          18          17   1.62352520872721     
          19          16  0.976530244736743     
          20          19   1.01174096129743     
          21          15  0.912067849269189     
          22          16  0.943483436179797     
          23          19  0.962532825003679     
          24          19  0.965755644662815     
          25          20  0.859287841503817     
          26          17   1.30586056441697     
          27          26  0.969371750018815     
          28          27  0.940971207028458     
          29          28   1.62514722807401     
          30          27  0.980878080604872     
          31          30  0.993267576356613     
          32          31   1.00991603967103     
          33          31   1.00972274347162     
          34          26  0.916037126429434     
          35          27  0.945358011840076     
          36          30  0.968584333145553     
          37          30  0.970344451764559     
          38          31  0.966127026360541     
          39          32  0.985399045607479     
          40          32  0.985696410626375     
          41          32  0.982036778279401     
          42          33  0.985611989198353     
          43          33  0.984076165484929     
          44          33  0.985302899393868     
          45          28   1.28649454602119     
          46          45  0.982733813203885     
          47          46  0.933766074040717     
          48          47   1.58282591175359     
          49          46  0.979159253861639     
          50          49   1.00472525177792     
          51          45  0.923156321741654     
          52          46  0.951772014376820     
          53          49  0.967143860609210     
          54          49  0.960515401765681     
          55          50  0.861210647342327     
          56          47   1.34493289147331     
          57          56  0.981057362775714     
          58          57  0.944494276911742     
          59          58   1.55981753642387     
          60          57  0.976483972493331     
          61          60  0.991693359537991     
          62          61   1.00707399760126     
          63          61   1.00916964323225     
          64          56  0.880729111723277     
          65          57  0.933833353968092     
          66          60  0.967174845987890     
          67          60  0.968780406326800     
          68          61  0.964923244596001     
          69          62  0.982610797791354     
          70          62  0.985539257106018     
          71          62  0.984741165517345     
          72          63  0.978884672905977     
          73          63  0.985071791875088     
          74          63  0.983970505782023     
          75          58   1.34849165862783     
          76          75  0.982079155817180     
          77          76  0.942037133693737     
          78          77   1.59623824460630     
          79          76  0.974685847266305     
          80          79  0.990427302853890     
          81          80   1.00722353773698     
          82          80   1.00962152777377     
          83          75  0.874329332932865     
          84          76  0.936168723848344     
          85          79  0.967305296298092     
          86          79  0.970077501497690     
          87          80  0.960919617360849     
          88          81  0.985172482657849     
          89          81  0.983194176159622     
          90          81  0.985730488538429     
          91          82  0.983666410725417     
          92          82  0.985850048860858     
          93          82  0.981744047096348     
          94          77   1.31139428933467     
          95          94  0.985339890215395     
          96          95  0.935378576137665     
          97          96   1.59614812032157     
          98          95  0.959931010189296     
          99          98  0.991188458902307     
         100          98   1.00579781011876     
         101          94  0.897763483175898     
         102          95  0.944447787281301     
         103          98  0.954749734892630     
         104          99  0.862818638431633     
         105         100  0.980512772358610     
         106         100  0.970568707388784     
         107         100  0.983975450721895     
         108          96   1.32443500382422     
         109         108  0.975337294794988     
         110         109  0.939728463304379     
         111         110   1.59803052190257     
         112         109  0.982147951720736     
         113         112  0.988281349838186     
         114         113  0.965488743599673     
         115         114   1.65082250462454     
         116         114   1.30089406358929     
         117         108  0.902043160574033     
         118         109  0.943345373753940     
         119         112  0.951466470500911     
         120         112  0.971142229534021     
         121         113  0.963355530168804     
         122         113  0.969209269913760     
         123         116  0.933774612808898     
         124         116  0.921442516772912     
         125         110   1.31723748563651     
         126         125  0.982036210657757     
         127         126  0.936391186868658     
         128         127   1.62469435211605     
         129         126  0.985004190370003     
         130         129  0.963323397563044     
         131         130   1.63091716022185     
         132         130   1.32485429751474     
         133         125  0.867139839974473     
         134         126  0.924350620548141     
         135         129  0.954028188974348     
         136         129  0.943421587884136     
         137         132  0.918288949973909     
         138         132  0.928425495201810     
         139         127   1.30486022499357     
         140         139  0.979927962965143     
         141         140  0.926209165442237     
         142         141   1.61318053125786     
         143         140  0.976443479096726     
         144         143  0.959449138121857     
         145         144   1.64194269741648     
         146         144   1.32375384553321     
         147         139  0.896763721317171     
         148         140  0.950907606457683     
         149         143  0.952116669104760     
         150         143  0.970052368088547     
         151         146  0.924369016925730     
         152         146  0.895783674406990     
         153         141   1.32451126138737     
         154         153  0.975834053851914     
         155         154  0.937727297977676     
         156         155   1.62628037908523     
         157         154  0.981574313471729     
         158         157  0.991642983204998     
         159         158   1.00979850231108     
         160         158   1.01010080638158     
         161         153  0.900125595288574     
         162         154  0.945571113155469     
         163         157  0.963143688115443     
         164         157  0.966507303548280     
         165         158  0.965343856448413     
         166         159  0.985390786129592     
         167         159  0.985812373727287     
         168         159  0.982798652735221     
         169         160  0.985084553100444     
         170         160  0.985361915264690     
         171         160  0.980527324615854     
         172         155   1.29971392150372     
         173         172  0.980107467336021     
         174         173  0.939590214862614     
         175         174   1.60919660628683     
         176         173  0.983771423622127     
         177         176  0.960017326891138     
         178         177   1.63748161672934     
         179         177   1.32353502002863     
         180         172  0.874695881442948     
         181         173  0.938712132017066     
         182         176  0.956764328789810     
         183         176  0.946346427276738     
         184         179  0.926701875833934     
         185         179  0.899197012320698     
         186         174   1.32622332999202     
         187         186  0.975107247146146     
         188         187  0.971809462677004     
         189         188   1.89830797077670     
         190         187  0.962375251943178     
         191         190   1.00032273741726     
         192         191   1.00916018222568     
         193         192   1.01221099559535     
         194         193  0.953395404099656     
         195         186  0.899256911991101     
         196         187  0.938047086536868     
         197         190  0.961707340098846     
         198         190  0.975494280392064     
         199         191  0.975263614243277     
         200         191  0.971341177308222     
         201         192  0.965293960018211     
         202         192  0.965743784857436     
         203         193  0.962015632123421     
         204         193  0.962613350546792     
         205         194  0.895748883249828     
         206         194  0.893784413528430     
         207         194  0.900115905122150     
         209         208   1.01160228333242     
         210         209  0.935923621892121     
         211         210   1.61596959778186     
         212         209  0.979363064197903     
         213         212  0.990154745197435     
         214         213  0.964896304085571     
         215         214   1.64757418337883     
         216         214   1.30199903390291     
         217         208  0.950805837777247     
         218         209  0.962589811863970     
         219         212  0.968636741820511     
         220         212  0.973554569970772     
         221         213  0.974569090372468     
         222         213  0.966437061284326     
         223         216  0.927936464662999     
         224         216  0.927516536763482     
         225         210   1.31106895534391     
         226         225  0.975914264613287     
         227         226  0.931815862981154     
         228         227   1.61392325820938     
         229         226  0.998116851441220     
         230         225  0.914038208160784     
         231         226  0.953260393189288     
         232         229  0.979917497244726     
         233         229  0.977909605679287     
         234         229  0.978166572841179     
         235         227   1.31166030088708     
         236         235  0.990938392304391     
         237         236  0.955656502094891     
         238         237   1.61738176393775     
         239         235  0.913625488421379     
         240         236  0.955575035006190     
         241         236  0.953219140425986     
         242         237   1.29485437962147     
         243         242  0.981849360860712     
         244         243  0.938525753067374     
         245         244   1.62120543508058     
         246         243  0.959381582576253     
         247         246  0.994805714091906     
         248         246   1.00080617502452     
         249         242  0.920612053616424     
         250         243  0.942001998196073     
         251         246  0.957107365620980     
         252         247  0.860795103818958     
         253         248  0.981077060698993     
         254         248  0.966258867394126     
         255         248  0.984198846400215     
         256         244   1.30656726639754     
         257         256  0.981802712563850     
         258         257  0.929550636267511     
         259         258   1.60308075836063     
         260         257  0.980288022914701     
         261         260   1.00494474295528     
         262         256  0.904189300577854     
         263         257  0.951924918010418     
         264         260  0.964316736693812     
         265         260  0.963954469702410     
         266         261  0.860520423360964     
         267         258   1.33261610186900     
         268         267  0.974233384260294     
         269         268  0.943719414058631     
         270         269   1.57359035479531     
         271         268  0.963969622492603     
         272         271   1.00831793089911     
         273         271   1.00742409579848     
         274         267  0.887505548214703     
         275         268  0.939389981070651     
         276         271  0.963135315144110     
         277         272  0.983851229123114     
         278         272  0.984737832041084     
         279         272  0.985483165618497     
         280         273  0.982829309890785     
         281         273  0.984256371684881     
         282         273  0.978572932636462     
         283         269   1.33539002555334     
         284         283  0.981532797627022     
         285         284  0.941271466362561     
         286         285   1.56724856263413     
         287         284  0.976863439065094     
         288         287  0.991167858663847     
         289         288   1.00678453846623     
         290         288   1.01010053817528     
         291         283  0.872228908252411     
         292         284  0.942721090201386     
         293         287  0.968615678540603     
         294         287  0.970479421189298     
         295         288  0.960621046393843     
         296         289  0.983328769038238     
         297         289  0.982033495607040     
         298         289  0.985032092713152     
         299         290  0.983699884032430     
         300         290  0.981765453553459     
         301         290  0.982483682080960     
         302         285   1.34357999789703     
         303         302  0.974538346629695     
         304         303  0.934550544226739     
         305         304   1.59043415489375     
         306         303  0.996165673031670     
         307         302  0.893124413414232     
         308         303  0.952813086032272     
         309         306  0.980612552055698     
         310         306  0.978274698732211     
         311         306  0.977064734712725     
         312         304   1.33544403988323     
         313         312  0.977949877143338     
         314         313  0.932405019493282     
         315         314   1.62363610171668     
         316         313  0.980075874369836     
         317         316  0.991322440645795     
         318         317  0.968159790213769     
         319         318   1.64257742307908     
         320         318   1.30733594519578     
         321         312  0.894267781684105     
         322         313  0.941608721162381     
         323         316  0.973518107407104     
         324         316  0.968992635714632     
         325         317  0.955748565889067     
         326         317  0.966735036308902     
         327         320  0.930773399696593     
         328         320  0.924030277676817     
         329         314   1.31320762892865     
         330         329  0.973791145314041     
         331         330  0.935199702000241     
         332         331   1.58859471618630     
         333         330  0.999739330514562     
         334         329  0.875560495503396     
         335         330  0.954006369383649     
         336         333  0.980665394415368     
         337         333  0.978738312074226     
         338         333  0.976227262615479     
         339         331   1.33189158696447     
         340         339  0.975594164875287     
         341         340  0.934175189870909     
         342         341   1.61289430476045     
         343         340  0.986792210717090     
         344         343  0.966119272463792     
         345         344   1.66182076405538     
         346         344   1.29668704319298     
         347         339  0.881292487369836     
         348         340  0.948875578604202     
         349         343  0.945299182483605     
         350         343  0.950872425824349     
         351         346  0.922757042575061     
         352         346  0.930690834830521     
         353         341   1.31596063916265     
         354         353  0.980915459735415     
         355         354  0.944957590538279     
         356         355   1.56130527064415     
         357         354  0.976748013610154     
         358         357   1.00556050198649     
         359         358  0.972880162320639     
         360         359   1.64187272853448     
         361         359   1.29625792380590     
         362         353  0.896972397661727     
         363         354  0.938857602360636     
         364         357  0.962377213278607     
         365         357  0.974112730894915     
         366         358  0.964623159757586     
         367         358  0.938423296666950     
         368         361  0.928209224049684     
         369         361  0.924779146317735     
         370         355   1.34377411461262     
         371         370  0.972034320641379     
         372         371  0.937180781437392     
         373         372   1.54466600539056     
         374         371  0.972085390432847     
         375         374   1.00791832435613     
         376         374   1.00737997821054     
         377         370  0.885004003419689     
         378         371  0.952537619931011     
         379         374  0.959068102377407     
         380         375  0.983439719385368     
         381         375  0.983251659952364     
         382         375  0.985653896857889     
         383         376  0.983060823698023     
         384         376  0.985780565264238     
         385         376  0.981640080818680     
         386         372   1.34370206190460     
         387         386  0.961580358946717     
         388         387  0.946709739946266     
         389         388   1.59255500530401     
         390         387  0.973861397182022     
         391         390   1.00398481356700     
         392         386  0.968412678807952     
         392         391   1.00352733197285     
         393         387  0.948451408767595     
         394         390  0.973581289525610     
         395         390  0.974716810688758     
         396         391  0.970607370530828     
         397         391  0.972596893765086     
         398         392  0.944496143690208     
         399         392  0.960384008582902     
         400         388   1.31359257096494     
         401         400  0.981010035754300     
         402         401  0.932349260278662     
         403         402   1.63888438659091     
         404         401  0.980640542469710     
         405         404  0.990237773085475     
         406         405  0.970256260379116     
         407         406   1.64109327779218     
         408         406   1.30458991874532     
         409         400  0.901731510022242     
         410         401  0.949141115766346     
         411         404  0.966605116709308     
         412         404  0.972983413957013     
         413         405  0.972878861315123     
         414         405  0.946430966263621     
         415         408  0.925662398461672     
         416         408  0.924106378023164     
         417         402   1.28658670442706     
         418         417  0.990842706318309     
         419         418  0.927623935395094     
         420         419   1.58357789123820     
         421         418  0.966596563461017     
         422         421  0.959621295366789     
         423         422   1.63459233339044     
         424         422   1.32937150621692     
         425         417  0.895896199476825     
         426         418  0.953854615708461     
         427         421  0.963462208005561     
         428         421  0.968289125691885     
         429         424  0.925461846911914     
         430         424  0.885749290092648     
         431         419   1.34566854689804     
         432         431  0.973085929905606     
         433         432  0.941116466299842     
         434         433   1.58750351312920     
         435         432  0.962948416101133     
         436         435   1.00745941487769     
         437         435   1.00774516836504     
         438         431  0.874216400301177     
         439         432  0.947608938574545     
         440         435  0.956241015810924     
         441         436  0.982793561384245     
         442         436  0.984351662173312     
         443         436  0.982024415099689     
         444         437  0.982213210642209     
         445         437  0.984761194130688     
         446         437  0.976664993226283     
         447         433   1.32019292097949     
         448         447  0.979426679907032     
         449         448  0.940364533882955     
         450         449   1.63407759553892     
         451         448  0.974148115520591     
         452         451  0.989647226661229     
         453         452   1.00601303032357     
         454         452   1.01011578244030     
         455         447  0.893442150913109     
         456         448  0.945851636881396     
         457         451  0.971961523328386     
         458         451  0.971200025171077     
         459         452  0.956104139868963     
         460         453  0.981012856508718     
         461         453  0.984817026605181     
         462         453  0.985706404400471     
         463         454  0.981137189823826     
         464         454  0.985759676136048     
         465         454  0.982365994720392     
         466         449   1.27873042247724     
         467         466  0.997399236951661     
         468         467  0.941614499598462     
         469         468   1.59395878498727     
         470         467  0.963885864113591     
         471         470   1.02066023365573     
         472         466  0.891376283504788     
         473         467  0.936624106279846     
         474         470  0.970262484726690     
         475         470  0.966868822945767     
         476         471  0.835984127192316     
         477         468   1.33130199966420     
         478         477  0.983869864790724     
         479         478  0.983323090169160     
         480         479   1.88045521288500     
         481         478  0.959041623658217     
         482         481  0.995337051620234     
         483         482   1.01112155271833     
         484         482   1.00504888017946     
         485         477  0.881993743290278     
         486         478  0.924218144027649     
         487         481  0.970121267997642     
         488         481  0.969459417138991     
         489         482  0.961553900125919     
         490         483  0.984165219930253     
         491         483  0.976379348462682     
         492         483  0.985006788176634     
         493         484  0.984006942949913     
         494         484  0.985843642266127     
         495         484  0.981726482868048     
         496           1  0.952758418730904     
         497         188  0.957375298203458     
         498         208  0.954064846540154     
         499         479  0.953677433252992     
