   -0.39017087
   -0.01141943
    0.26931703
   -0.51134618
    0.16708643
    0.03838502
    0.05886807
   -0.16702491
    0.02234780
    0.19946587
   -0.35583740
   -0.07430771
   -0.01020682
   -0.11183472
   -0.12458693
    0.21746187
    0.11044145
    0.04944756
    0.07841676
    0.02909595
    0.03855494
    0.03263466
    0.04728959
    0.06564053
    0.05466016
    0.02877341
   -0.39082154
    0.02775443
    0.19804320
   -0.39053985
   -0.06657171
   -0.07082271
   -0.09151674
   -0.04451977
   -0.15786706
    0.15136149
    0.09944406
    0.02967378
    0.05165240
    0.05036431
    0.05766174
    0.07519061
    0.07104875
    0.10843742
    0.10814019
    0.29107617
    0.30469646
    0.28880417
   -0.38348248
    0.03860887
    0.19906894
   -0.38054598
   -0.06743750
   -0.00072770
   -0.04173136
   -0.04292549
   -0.05767445
   -0.06421093
    0.14197163
   -0.40871014
    0.16100196
    0.07017831
    0.04537575
    0.04711628
    0.03289362
    0.04408062
    0.05328823
    0.03983531
    0.32477685
   -0.39695445
   -0.01322828
    0.27615201
   -0.46946470
    0.17148769
    0.04349624
    0.06105929
   -0.19425283
    0.03097013
    0.27772264
   -0.45426360
   -0.12800073
    0.20329026
    0.04106275
    0.06966357
    0.06191399
    0.07444029
   -0.17720162
    0.01508713
    0.26936970
   -0.45956817
    0.11306906
   -0.48343416
   -0.13952400
    0.21316384
    0.08561791
    0.04855048
    0.34456773
    0.05752704
    0.05451280
    0.06220029
   -0.13994045
    0.01372123
    0.18950881
   -0.35195479
    0.07616749
   -0.45972790
    0.20897847
    0.12497460
    0.04655734
    0.04906959
    0.35309386
    0.18074475
    0.06588999
    0.19859883
    0.06311120
    0.18338430
    0.06480716
    0.17413485
    0.09725606
