           2           1   1.02974286635014     
           3           2  0.952246786438918     
           4           3   1.62322187940954     
           5           1  0.957913493252799     
           6           2  0.964290524742054     
           7           2  0.955897889183344     
           8           3   1.30501891957464     
           9           8  0.988371196554223     
          10           9  0.980367631446051     
          11          10   1.89341649950558     
          12           9  0.961601160977746     
          13          12  0.991067863118760     
          14          13   1.00587485710109     
          15          13   1.01047782452944     
          16           8  0.916917852072826     
          17           9  0.917638200543358     
          18          12  0.972394363004463     
          19          12  0.965738590897215     
          20          13  0.966538488148408     
          21          14  0.985223601648729     
          22          14  0.986456077494045     
          23          14  0.983249354032563     
          24          15  0.968367139684098     
          25          15  0.977144946171279     
          26          15  0.976619160152878     
          28          27   1.02608467407203     
          29          28  0.989094472122921     
          30          29   1.87620576980791     
          31          28  0.964969519369366     
          32          31   1.00659002850233     
          33          32   1.00526450927031     
          34          33   1.00944855550661     
          35          34  0.959573611849354     
          36          27  0.960449185581837     
          37          28  0.914235014726013     
          38          31  0.976474099396090     
          39          31  0.970243009962421     
          40          32  0.972082005556246     
          41          32  0.970367801408138     
          42          33  0.965113555299119     
          43          33  0.966125173482588     
          44          34  0.965958744395687     
          45          34  0.967398852896664     
          46          35  0.902388436169220     
          47          35  0.841039785030933     
          48          35  0.902232071822124     
          50          49   1.02971211316177     
          51          50  0.989804347721836     
          52          51   1.88089866584683     
          53          50  0.926590968854437     
          54          53   1.00800123846733     
          55          54   1.40795533565392     
          56          54   1.40096299566236     
          57          55   1.45031823434956     
          58          56   1.45822069293677     
          59          57   1.37356790345854     
          59          58   1.36909560481603     
          60          59   1.06836402733972     
          61          49  0.952924686319562     
          62          50  0.945794754877199     
          63          53  0.974283208446950     
          64          53  0.967016721821908     
          65          55  0.968694558042658     
          66          56  0.961388510945787     
          67          57  0.963646931823154     
          68          58  0.960388640324384     
          69          60  0.871894017634421     
          71          70   1.01893729607435     
          72          71  0.956765543576754     
          73          72   1.67602429108029     
          74          70  0.954358556486270     
          75          71  0.954284706994834     
          76          71  0.971812241926591     
          77          72   1.25726520281534     
          78          77  0.960390330140710     
          79          78  0.937508667636240     
          80          79   1.66011087458350     
          81          78   1.00211973121227     
          82          77  0.919822749608890     
          83          78  0.959053548077711     
          84          81  0.980146424152074     
          85          81  0.980272504852787     
          86          81  0.974502664979645     
          87          79   1.27751539349410     
          88          87  0.985856355874426     
          89          88  0.943808031357121     
          90          89   1.59394121917956     
          91          88  0.955121134431920     
          92          91  0.991945354030297     
          93          91   1.00101325184270     
          94          87  0.915485566632242     
          95          88  0.940935661909289     
          96          91  0.958046351392606     
          97          92  0.864125979687395     
          98          93  0.980742395431934     
          99          93  0.982916219936284     
         100          93  0.979919545401874     
         101          89   1.32673378137326     
         102         101  0.988465915006762     
         103         102  0.978565806886251     
         104         103   1.90544467203530     
         105         102  0.948332243644664     
         106         105   1.01330314117091     
         107         101  0.916693905562571     
         108         102  0.936651139351039     
         109         105  0.966508423928547     
         110         105  0.963969277127912     
         111         106  0.860511919249827     
         112           1  0.957796243497459     
         113          10  0.954319742543670     
         114          27  0.944255395348329     
         115          29  0.954692019409018     
         116          49  0.950267302902768     
         117          51  0.955015205005484     
         118          70  0.950249769160398     
         119         103  0.950644793863430     
