   -0.29727953
    0.03277496
    0.20289961
   -0.39065398
   -0.05847767
   -0.06274695
    0.00892840
    0.03849589
    0.04473387
    0.05232316
    0.05099846
    0.05295604
    0.05000863
    0.02108295
   -0.39558880
    0.03845750
    0.20260495
   -0.39263347
   -0.08813010
   -0.08095245
   -0.03418659
   -0.13327347
    0.22178058
   -0.22517358
   -0.24397942
    0.18034860
    0.04684334
    0.08312194
    0.07598690
    0.05423599
    0.05801170
    0.10343717
    0.08278227
    0.22584289
    0.25655624
    0.23439198
    0.24028503
    0.22650805
   -0.39697097
    0.03184876
    0.26130534
   -0.49276077
   -0.12428040
    0.16922166
    0.03532974
    0.04869821
    0.05787677
    0.06017446
   -0.17588155
    0.01846359
    0.27316891
   -0.46486454
   -0.14134403
    0.22406298
    0.07741970
    0.08627642
    0.07992705
    0.06735284
   -0.17964878
    0.01220538
    0.27431747
   -0.48498641
   -0.02845594
   -0.06791618
   -0.11839026
   -0.11457420
    0.21254895
    0.08553020
    0.04950213
    0.04547764
    0.05426693
    0.06233751
    0.03779410
    0.05410119
    0.04186531
    0.04568304
    0.04207928
   -0.17005702
    0.01733854
    0.27835499
   -0.51024296
   -0.03108428
   -0.06400915
   -0.11500141
   -0.11183439
    0.20372108
    0.07407324
    0.06385773
    0.04636248
    0.03861513
    0.05448289
    0.03424113
    0.05076253
    0.04510808
    0.03876185
    0.04528443
   -0.17639040
    0.02282364
    0.27090928
   -0.50376651
   -0.08393367
   -0.01425885
   -0.11720914
   -0.11634654
    0.23452987
    0.06341325
    0.06913797
    0.05744814
    0.04709280
    0.04492801
    0.04155544
    0.04641842
    0.04413785
    0.04149272
    0.02884240
   -0.19068646
    0.02197614
    0.28020438
   -0.47697360
   -0.08278091
   -0.01567053
   -0.11286298
   -0.11801001
    0.24672198
    0.06914564
    0.06815888
    0.05635120
    0.04431177
    0.03908917
    0.04061411
    0.02929118
    0.04512259
    0.05085882
    0.04394984
   -0.18690676
    0.01619116
    0.26805657
   -0.47961053
   -0.08610294
    0.02142564
   -0.09763656
   -0.01124917
    0.08657926
   -0.27766406
    0.22138711
    0.08208878
    0.07560664
    0.07910509
    0.21004960
    0.05650834
    0.04255009
   -0.17654175
    0.00595977
    0.27766890
   -0.49306120
    0.11440544
   -0.47096743
   -0.12584420
    0.22453018
    0.07536783
    0.03694019
    0.32290744
    0.07053557
    0.04067807
    0.05989901
   -0.18434655
    0.02564117
    0.26600093
   -0.51208002
   -0.07748522
    0.00868306
   -0.04281295
   -0.03571737
   -0.03488204
   -0.03368113
   -0.03794526
    0.22915508
    0.06233708
    0.07043404
    0.05778861
    0.02698806
    0.03978427
    0.03889737
    0.04808198
    0.04684231
   -0.17876473
    0.01123151
    0.26735605
   -0.47890435
   -0.08569776
   -0.03387716
   -0.01121511
   -0.02151370
   -0.09611721
    0.04075386
   -0.04797075
   -0.05022030
   -0.04723325
   -0.04142878
    0.24963648
    0.08479337
    0.07750902
    0.09054058
    0.04827168
    0.17770433
    0.03223461
    0.01860440
    0.03240765
    0.04006320
   -0.16437349
   -0.04376060
    0.27679692
   -0.49425292
    0.23342951
    0.10726313
    0.10179153
   -0.18091736
    0.02280184
    0.29389342
   -0.52495038
   -0.02262585
   -0.10512468
   -0.12382211
    0.22249454
    0.05043846
    0.06093347
    0.04598904
    0.02187493
    0.03372392
    0.05091177
    0.04602108
    0.06751763
   -0.19689597
    0.03275927
    0.28153405
   -0.50621926
   -0.02271187
   -0.11894679
   -0.11769530
    0.23556063
    0.03071373
    0.06526551
    0.07726368
    0.04336306
    0.03419882
    0.06437914
    0.02547039
    0.05504930
   -0.18375559
    0.03708757
    0.21903629
   -0.37963751
   -0.08766535
    0.00703391
   -0.03662756
   -0.04811046
   -0.02951085
   -0.03642735
   -0.03555246
    0.25277998
    0.07931663
    0.10213939
    0.07029117
    0.01416796
    0.07251303
    0.02162795
    0.06265010
    0.03698592
   -0.39172675
    0.06068963
    0.27738052
   -0.53456825
   -0.08730363
    0.37161477
   -0.64709580
   -0.65044623
    0.16176543
   -0.00092571
    0.01612200
    0.01842967
   -0.18153973
    0.03831958
    0.21251299
   -0.37186033
   -0.12850743
    0.24370689
    0.06851357
    0.08237709
    0.08034513
    0.08252991
   -0.39772483
    0.03475204
    0.27142149
   -0.49954702
   -0.06343003
   -0.03546600
   -0.00804760
   -0.02204249
   -0.11621257
    0.04427650
   -0.03797001
   -0.05625407
   -0.04541164
   -0.03997915
    0.16432130
    0.03434363
    0.04452621
    0.04870811
    0.04016516
    0.19101727
    0.02030734
    0.02548702
    0.03135736
    0.02540197
   -0.16358174
    0.02956618
    0.19700147
   -0.33927763
   -0.12755544
    0.21705009
    0.09271162
    0.07343084
    0.07604568
    0.06463495
   -0.41334214
    0.04200306
    0.26948018
   -0.51990486
   -0.07501715
   -0.00962985
   -0.11130026
   -0.11460097
    0.17975140
    0.01187550
    0.04004469
    0.06172106
    0.02171738
    0.03798096
    0.03011387
    0.04196919
    0.03933027
    0.04580655
    0.03760433
   -0.16027050
    0.02338236
    0.20263385
   -0.35131069
   -0.02407480
   -0.13228124
   -0.12783504
    0.23855703
    0.08214456
    0.06063707
    0.06635588
    0.05371349
    0.06141553
    0.05698189
    0.05338348
    0.05148376
   -0.41063658
    0.02676594
    0.26209781
   -0.50994482
    0.07891240
   -0.47533447
    0.18378918
    0.02628024
    0.04661634
    0.03465330
    0.32320919
   -0.16944235
    0.03058249
    0.21260480
   -0.35151676
   -0.08307953
    0.05226354
   -0.32121938
   -0.03651643
    0.08800906
   -0.10045304
    0.24089559
    0.09023172
    0.07991930
    0.06473308
    0.05807790
    0.02663608
    0.22357490
   -0.39864468
    0.03139920
    0.20312622
   -0.38553605
    0.12310720
   -0.47767135
   -0.12632252
    0.18335506
    0.04145279
    0.03488598
    0.32559651
    0.05987764
    0.03817549
    0.06189400
   -0.38865155
    0.03579149
    0.19967301
   -0.37828778
   -0.02323286
   -0.05646795
   -0.12288410
   -0.11279775
    0.16706518
    0.05247185
    0.05246014
    0.03504350
    0.03220705
    0.05896723
    0.04532141
    0.05048931
    0.04300150
    0.03690657
    0.04569629
   -0.39119424
    0.02363924
    0.26431959
   -0.50682569
   -0.02102787
   -0.11399291
   -0.11346434
    0.15856317
    0.03406462
    0.05019620
    0.04657334
    0.03809977
    0.03964650
    0.04482119
    0.04153746
    0.04218558
   -0.18327139
   -0.00072928
    0.27433789
   -0.47735203
    0.10991125
   -0.45256243
   -0.12596084
    0.24439531
    0.08211854
    0.03019479
    0.32481804
    0.07708587
    0.04335764
    0.06355513
   -0.18133668
    0.01026984
    0.27875140
   -0.48012251
   -0.02492982
   -0.12069230
   -0.12944178
    0.21250955
    0.08509915
    0.05170607
    0.06370702
    0.03385034
    0.05328790
    0.06641124
    0.05749507
    0.05453769
   -0.17609025
    0.01781009
    0.28501078
   -0.48968712
    0.07418239
   -0.48655820
    0.20699782
    0.08197702
    0.04763804
    0.05054051
    0.35656473
   -0.19101184
    0.02242356
    0.27248641
   -0.48990490
   -0.07388530
   -0.02242208
   -0.20822110
   -0.06825360
    0.24099966
    0.07984372
    0.08274758
    0.05823692
    0.07119654
    0.05120468
    0.07518015
    0.04994089
    0.06394540
   -0.17111097
   -0.03102014
    0.27901715
   -0.50071645
    0.23353187
    0.08263632
    0.09218268
   -0.18384893
    0.02244599
    0.27487928
   -0.50473127
   -0.07888627
   -0.01025003
   -0.11993253
   -0.11900975
    0.23638537
    0.06813410
    0.07017869
    0.05523677
    0.02796420
    0.04680379
    0.03466867
    0.05253304
    0.04831689
    0.05017880
    0.03830875
   -0.18713057
    0.02599876
    0.27920750
   -0.51256182
   -0.07318321
   -0.03569787
   -0.01106954
   -0.02093059
   -0.11357557
    0.04344737
   -0.04083956
   -0.05581945
   -0.04678406
   -0.04130203
    0.23582462
    0.06797078
    0.07745485
    0.05641342
    0.03607504
    0.19523384
    0.03089078
    0.02836051
    0.03530203
    0.03402517
   -0.18987711
    0.03016441
    0.27981242
   -0.51461284
   -0.12951157
    0.24401013
    0.05908632
    0.05914644
    0.07787929
    0.07878981
   -0.18538021
    0.03377599
    0.29458543
   -0.51622718
   -0.08287471
    0.01023527
   -0.03903875
   -0.04180863
   -0.03263883
   -0.03420996
   -0.03598710
    0.24370583
    0.05436382
    0.07146882
    0.07155171
    0.02752173
    0.04006308
    0.03701156
    0.04450054
    0.04149722
   -0.19066936
    0.03052687
    0.29152001
   -0.50028557
   -0.02583810
   -0.06440898
   -0.11456160
   -0.10972869
    0.22868939
    0.05779772
    0.05339921
    0.04042913
    0.04982220
    0.07014309
    0.01820322
    0.04755715
    0.05290688
    0.03599622
    0.04919132
   -0.18310019
    0.02802021
    0.22195835
   -0.38911076
    0.13183415
   -0.49735981
   -0.13222455
    0.22847466
    0.06363629
    0.01935873
    0.33555897
    0.05730083
    0.05726433
    0.07892382
    0.17704536
    0.07720045
    0.17966525
    0.07268009
    0.17828398
    0.05183105
    0.17821024
    0.07387438
    0.18211182
    0.08081707
    0.16815361
    0.07811377
    0.16997122
    0.07101834
    0.17545157
    0.07214872
    0.17827918
    0.08830064
    0.18341568
    0.06826012
