$grad                                                                           
  cycle =      1    SCF energy =  -526.18190604997   |dE/dxyz| =  1.200210
   78.34646085680251     77.50228850291111     52.54766745097852      n 
   78.31460541029296     74.83746316196580     53.03910521117253      c 
   75.83621415591440     73.84736323061199     54.22846425146841      c 
   74.98104481039114     71.93451413501782     53.69037816590985      o 
   80.90865857501134     73.86924376644606     53.81619266878550      c 
   81.06185219145659     71.29644511009411     54.94279270976233      c 
   80.06885362893334     69.21119653138534     53.27073663671791      c 
   78.32984117817156     69.64286303364585     51.87222419156863      o 
   81.13619435763358     67.10193641219580     53.43684147028541      n 
   79.97554692051582     78.17023674581181     52.59165250090301      h 
   78.05837549727667     73.74164525323708     51.46347700163835      h 
   82.06479007639143     73.91075799062115     52.26044767305383      h 
   81.68594554138626     75.15590365806726     55.02622651169856      h 
   82.88381224525787     70.89573493993299     55.44993929009724      h 
   80.08429751289768     71.28865364755093     56.61197928818786      h 
   82.51437520671240     66.74318529787165     54.51418572162379      h 
   80.63990126389785     65.68825498718520     52.46479907828995      h 
   82.30337976106533     63.97945009976430     42.54623655956040      n 
   84.50430431553315     65.50768566585798     42.81195706973501      c 
   84.80347905614840     66.46454031981646     45.48055521338918      c 
   83.24516237470220     67.85604646805874     46.39989109112512      o 
   84.59092737847428     67.70262136150748     40.96054244866834      c 
   84.09000592731442     66.78199991624734     38.51484696621318      o 
   87.07175352357356     69.03613454119325     41.06309085314815      c 
   80.98593198109080     64.39728752271026     43.63489734668493      h 
   85.99050743922746     64.34933907175073     42.36294985540384      h 
   83.19978139234480     68.95028325215638     41.49398732628836      h 
   84.09385639889365     68.09492980102736     37.42594545030148      h 
   87.11076825599045     70.53230241204999     39.85744313351636      h 
   87.45903986633894     69.69358886113133     42.82304683047038      h 
   88.48634102625650     67.84479227111913     40.55661907561939      h 
   86.82233491042302     65.69027419356607     46.71708704678656      n 
   87.39853597299326     66.35648382037429     49.24857932217269      c 
   90.16587671170905     66.93216024796682     49.29800546134579      c 
   91.58168849678084     65.59299776052357     48.09081885963884      o 
   86.70657593771131     64.21946137235754     50.98698754364464      c 
   84.15661951687039     63.13314025096241     50.52820155367220      c 
   83.21042059082433     61.34226598380287     52.45314289185443      c 
   83.08065253219688     62.43779503771572     54.90047952627443      n 
   85.03409872544410     62.69831448180522     56.51967706265383      c 
   84.68858945167069     63.73028879755718     58.52714936616891      n 
   87.03767760787757     61.88167007214180     55.89432787833703      n 
   88.02799396160751     64.62475301073972     46.00199939978525      h 
   86.35940956514270     67.89280132823546     49.81488456363375      h 
   88.03786462025977     62.83179112231693     50.81799876018861      h 
   86.82603875835483     64.80768778707537     52.82162332107771      h 
   82.89475052008093     64.58450105527967     50.35841025368324      h 
   84.14599115086692     62.28887448205919     48.78827604345660      h 
   81.48692870400366     60.62874096347225     51.92946918051619      h 
   84.36393418473803     59.79545148311929     52.52037220930469      h 
   81.50513910140432     63.05235754215894     55.40783702156816      h 
   83.11684436799118     64.41224509477222     59.16647251584469      h 
   85.97366088690207     63.98668989366625     59.77725887219719      h 
   87.43461429786308     61.01569746780125     54.32319780237723      h 
   88.54978160985226     61.96340336147476     56.88710378314443      h 
   90.99772959575022     68.85468592546853     50.64422792808595      n 
   93.60713080150119     69.50967346933993     50.73725225229822      c 
   95.09125658989959     68.48389736777428     52.94214242671728      c 
   96.75701611497819     69.72043945180110     53.90780869022981      o 
   93.92967831743186     72.27724826006317     50.45920853552929      c 
   93.10191159593668     73.29453510644052     47.96613585115128      c 
   91.29670881870473     72.27679456464172     46.93303087627009      o 
   94.30509040713504     75.05826768878920     47.10895026668380      n 
   89.95542890713028     69.92376985171282     51.57650632171912      h 
   94.33756031863501     68.61430744699800     49.17921757767898      h 
   92.95073472204759     73.16507769381474     51.86962779466374      h 
   95.76869372315809     72.77222825977064     50.75722979876346      h 
   93.94681160089911     75.84743044570737     45.53091358366382      h 
   95.70621483186939     75.85571086350159     47.91338254009630      h 
   94.48724707633885     66.20193690919373     53.72394371481496      n 
   95.71848673920721     64.93922947917302     55.76178644978056      c 
   98.38093935744708     65.90454146291169     56.20395836397051      c 
   99.20272010554649     66.08120248326620     58.33152043740504      o 
   95.75664775221067     62.10578086348609     55.42689400296604      c 
   97.43500241318004     60.69290221919211     57.16485748518370      c 
   96.70465413801040     60.94124598022221     59.84253566772692      c 
   98.62974983788986     60.37500924642907     61.65332988704012      n 
   98.40506541664320     60.48498777517387     64.17758117856387      c 
   96.45060980246960     61.05938136759694     65.06094432326893      n 
  100.26490746012027     59.99533654866425     65.48764787568537      n 
   93.20570174292827     65.25932798907498     52.97206033607718      h 
   94.71053969344791     65.37857005798020     57.36392947346226      h 
   93.96190217130645     61.41147073137649     55.60741594772988      h 
   96.24282024703783     61.72773066174462     53.59452850902928      h 
   97.49467576762464     58.82023959419572     56.67985168637065      h 
   99.25446357899054     61.30727291890813     56.94197128652127      h 
   96.07591784745249     62.74273477208753     60.14474919670585      h 
   95.17358560551148     59.81597665742478     60.19203289253208      h 
  100.18776881720126     59.89988925922479     60.97197036716960      h 
   94.92415818945055     61.50016183046112     64.14454099898397      h 
   96.09770018670116     61.19236122750248     66.83943423022373      h 
  101.91875293242948     59.54568662436478     64.89613558923527      h 
  100.24550296171080     60.03306416379268     67.28757535896384      h 
   99.73137120914834     66.52329691132230     54.17576510884084      n 
  102.30348380937609     67.39368950906923     54.21298316541418      c 
  103.08500190465480     70.09142826375420     54.89334015694477      c 
  104.75747858231853     70.43110494317160     56.44712693190936      o 
  103.77474195300834     66.64518652955722     51.86561062676805      c 
  105.06964525081823     64.16029598588571     52.28072776048616      c 
  105.67379130822818     68.56328104197070     51.18381588241339      c 
  106.91881281198668     64.18305136826930     54.34617148457967      c 
   99.04882463486810     66.46488772401142     52.55783701249748      h 
  102.82375294546861     66.45474835351013     55.82433767316456      h 
  102.49832617259479     66.53043735515016     50.40156092950782      h 
  103.74987557515227     62.78667445762881     52.61570690962798      h 
  105.94193579331055     63.60290146273481     50.64525409028347      h 
  106.61999351767308     68.09672552614978     49.58240074053825      h 
  104.87636594474979     70.28084283761552     50.90628402494091      h 
  106.96637961861779     68.75502751119730     52.59257460836469      h 
  107.76809200777072     62.47425000877778     54.58152322475082      h 
  108.30538843789320     65.47369043692467     54.01467539043534      h 
  106.08248733496221     64.65102591124192     56.01102451813595      h 
  102.02141410290382     72.01680972213356     53.73469342409007      n 
  102.67798498389746     74.57879383365793     54.34075945667053      c 
  101.40886395023853     75.42052255779095     56.79265768563071      c 
  101.36331952888527     77.62515883354475     57.42331590722549      o 
  102.10149615234789     76.49058949075022     52.26426521067818      c 
  101.87017117345519     75.20771993509321     49.73547026283783      c 
  104.05367012407147     78.50318646950173     52.17452311272786      c 
  104.19278847450852     74.12214295810823     48.73625473248794      c 
  100.78838542306221     71.85238154583590     52.49215256169549      h 
  104.61170804240530     74.56466432268840     54.56492018005460      h 
  100.39056400571711     77.31081605207299     52.69961114920169      h 
  100.52451671335992     73.82418798022425     49.84264153716659      h 
  101.16489441590896     76.46525947997085     48.44816426427697      h 
  103.66443938312844     79.81185693618052     50.82504545868052      h 
  104.20758240083862     79.42957185405133     53.85331154951746      h 
  105.77586787724023     77.74816621409620     51.77511335653388      h 
  103.92635306399977     73.27713591755625     47.03133405108905      h 
  105.54123562754756     75.47018700841379     48.51553827766522      h 
  104.89581515294138     72.80435700128157     49.93561346513643      h 
  100.31590288535831     73.61902420655792     58.16736919685476      n 
   99.01471933336667     73.97072403829296     60.51524263797731      c 
  100.02884177373760     72.22124241468728     62.57360896592571      c 
   98.71580208057316     71.47629601487411     64.28436221257883      o 
   96.19592920867386     73.66252003024469     60.19618855050575      c 
   95.00470512980849     75.29934811276659     58.26194404290918      c 
   95.57906501443392     78.08969639266056     58.58654325660177      c 
   94.95215715410750     79.09859357524169     60.62882957480070      o 
   96.65367944193218     79.23462579930211     56.83090408363353      o 
  100.32388559175806     71.93728067528829     57.65203009800535      h 
   99.33314741623630     75.80735016863726     61.06809631332231      h 
   95.84364092062461     71.80421118964938     59.79361644602794      h 
   95.32280622942868     73.96455770170473     61.89499023521911      h 
   95.57833658781936     74.74231530016993     56.50413688316841      h 
   93.08646400187341     75.05346393493932     58.25187760959343      h 
  102.42039168028498     71.51324807475665     62.34870995155764      n 
  103.71557063128526     69.85241533111231     64.04039853583278      c 
  106.40460863662207     70.79215957390157     64.32530690906863      c 
  107.08357694055108     72.03825868367814     66.13318602900661      o 
  103.61940905567258     67.06517787574622     63.22047310498565      c 
  105.40131134414204     65.49089598067764     64.70888390328791      c 
  101.03329445996981     66.02243434723556     63.42708801451521      c 
  103.43190434335747     72.05947290214247     61.01928514804284      h 
  102.80121342024411     69.91717704120543     65.75527918622203      h 
  104.17006774365173     67.02405165690605     61.35745889477564      h 
  105.37689017986148     63.66217636392766     64.12608031040487      h 
  107.20659929377918     66.12755828094353     64.55831675420066      h 
  104.92305704406120     65.52366022436414     66.56659192932820      h 
  100.96677643574482     64.19960964120038     62.83492791508086      h 
  100.43858632077274     66.07888979375267     65.24919411862105      h 
   99.78272718842832     67.02454407224528     62.37008105299159      h 
  107.98797563995853     70.21806601496822     62.47288495900222      n 
  110.55996860258129     71.02209092450420     62.41590069573284      c 
  110.80642514476152     73.86999814598988     62.01676635311201      c 
  112.84979640943000     74.89782204681282     61.86780718241749      o 
  112.05881085989976     69.59396944532349     60.45263024246356      c 
  111.02387784652727     69.62050996503517     57.83191781200122      c 
  111.23238029294760     72.14261091377963     56.45199875255411      c 
  113.38087867910274     73.08236028207260     56.21709800814192      o 
  109.25371477149264     73.14517874747681     55.63494179530693      o 
  107.51180870867354     69.28137365747727     61.06446140372699      h 
  111.30607196405228     70.63735546251553     64.17322280817585      h 
  113.85841910251398     70.30327768166002     60.40030239073388      h 
  112.28215217241195     67.76237838640309     61.03729018193262      h 
  111.88599946471624     68.26274254547522     56.75464828023790      h 
  109.16730408672512     69.09536400316975     57.87671024223528      h 
  108.65915341921534     75.16992342339125     61.86012210369735      n 
  108.53577583700404     77.84233685192747     61.46959082217555      c 
  109.49403965317785     79.32693623966382     63.73164756701753      c 
  109.88812044852419     81.58893118574294     63.60063634612719      o 
  105.93417933699570     78.78324246718388     60.76769639666679      c 
  105.72687563123934     81.63615090754277     60.34697047091555      c 
  107.04020448667806     82.64142155806167     58.73610416781704      o 
  104.22123636208404     82.79434620641106     61.70456831346080      n 
  107.08270688634656     74.40608150187710     61.99700743017567      h 
  109.73601999280922     78.20926320057669     59.98727806765544      h 
  105.31276212662652     77.85754623942080     59.18356852012122      h 
  104.69340570700261     78.25787834874083     62.15109885239589      h 
  103.96584077649142     84.56596860813710     61.61283006851050      h 
  103.18839811899704     82.03815667116913     62.95727822431373      h 
  109.84658710863729     78.04420430499981     65.84586943853182      n 
  110.73599836225011     79.16162778026403     68.14482124628712      c 
  113.61317916495506     79.27603135686519     68.24510543933805      c 
  114.74331989605903     79.28628671534375     70.22964276790731      o 
  109.71265897215615     77.90168813867777     70.47264022078349      c 
  109.44537815570534     79.60756007353756     72.67382472085063      c 
  108.11909268928149     82.06649308381090     72.04800567053846      c 
  105.99835578535631     81.99610029198912     71.09795817435541      o 
  109.27515418103945     84.03724835568332     72.50288704639350      n 
  109.55862931241604     76.31149101588380     65.97648017811650      h 
  110.07703608957046     80.98971368648759     68.14373241605281      h 
  107.99854639880029     77.10496742471511     70.07096379349332      h 
  110.85361595356537     76.40439610670346     70.91706209503410      h 
  108.50987122670389     78.70343238369691     74.10768322206440      h 
  111.19295280280942     79.98891458412254     73.40045862666132      h 
  110.91168269059786     84.11288990233632     73.23092798016303      h 
  108.63057822250336     85.67236323098994     72.15175426113360      h 
  114.75291263951894     79.32591172152787     66.01828310214994      n 
  117.42061055835998     79.40399981227463     65.59531464863022      c 
  118.10201858711767     81.49474586776461     63.71796383446258      c 
  119.64954860739860     83.09865045977222     64.25558528592101      o 
  118.40361944710172     76.90522706512370     64.77543348310168      c 
  113.84826414782071     79.29784027699905     64.50994163638097      h 
  118.27153308515186     79.83193735214549     67.29143726130637      h 
  120.30781094467288     76.93844492524113     64.53934779132422      h 
  117.99764966147639     75.53541785903650     66.05934512265323      h 
  117.61159462558918     76.39475264432187     63.10267836074438      h 
  116.91504723653470     81.44896510027661     61.50402674559373      n 
  117.29878883495485     83.27256197176727     59.49433483044982      c 
  116.49791550717806     82.47782237997151     56.81235573161251      c 
  117.10966779921723     80.40063726188839     56.00008234783180      o 
  120.00323803842214     84.15047579179800     59.37957174142366      c 
  120.53906992375298     86.13716471225541     57.40162613828116      c 
  119.47390259116577     88.19568170805375     57.55364431986364      o 
  122.03157214805489     85.56589567624277     55.71853488470008      n 
  115.73905795309497     80.20741383860674     61.09673794297208      h 
  116.12323150280494     84.72615612072977     59.99442503500624      h 
  120.54002503452246     84.79569265599207     61.12485091441761      h 
  121.13239216345011     82.61543085657158     59.06722284324916      h 
  122.47416692055134     86.65623488129479     54.36463681545953      h 
  122.86017738498440     83.98046484442661     55.58028525621075      h 
  115.16726813374407     84.16480706351592     55.43541481752259      n 
  114.30255636495038     83.74698562576178     52.82938525816473      c 
  116.38006073106770     84.11786934117313     50.86420984813294      c 
  118.55590115739290     83.53069820536129     51.28276898859940      o 
  112.14409261709395     85.55386873275697     52.52873272010971      c 
  111.36782954392260     86.16456117048568     55.10110168169359      c 
  113.74614070245573     86.26093045513710     56.48848724848835      c 
  113.76765570255232     81.88716330251984     52.57670099032600      h 
  112.70046525109565     87.14203698926896     51.56989956881367      h 
  110.69989211006536     84.82783330617798     51.46460355231440      h 
  110.35560914144347     87.80996428890388     55.21120814601898      h 
  110.17464229774349     84.81508074534419     55.82061822724582      h 
  114.66308727608590     87.95613143486173     56.25900350593297      h 
  113.52223798864675     86.10564887973456     58.40853123582824      h 
  115.67227409715225     85.17520893887239     48.68289816081666      n 
  117.30046146370690     85.76848974292660     46.58005501086725      c 
  115.93447334018096     86.39141820455400     44.12619161866480      c 
  113.88552082188869     85.47099866082681     43.65117481994596      o 
  119.28751680259276     83.71287962109332     46.08165773752258      c 
  121.55832666184484     84.25835716636804     47.34679461037310      o 
  119.80603087781967     83.38427975948929     43.32542315631628      c 
  113.99225372571755     85.59319786908456     48.38010903416372      h 
  118.22878665080961     87.37196932971005     47.15267384203169      h 
  118.52748244397350     82.04241851019827     46.72988174378469      h 
  121.28332117767117     84.19477087583091     49.02977753787077      h 
  121.07473105193523     81.97917226526324     43.01808140962067      h 
  118.20680557909840     82.95256558152178     42.35288661855954      h 
  120.52600259674803     85.00046130213532     42.58870955263649      h 
  114.19511754870193     80.01313859726324     40.32268675622985      n 
  112.60964126311853     78.59024007418611     42.01715343380402      c 
  109.91129803442423     79.53177483117850     42.39649617823714      c 
  108.15867135579484     78.03490148783038     42.51154387454216      o 
  113.82239336588273     78.25039170560731     44.56909613387393      c 
  112.20801677551300     77.22516969323286     46.61312821491990      c 
  113.24847611686867     77.56721216119529     49.26419823746772      c 
  115.28038222919859     76.49959481875695     49.78174524827466      o 
  112.04362402250619     78.93270594696379     50.75907520156856      o 
  115.82063456732816     80.22777464473813     40.95719255566652      h 
  112.38274679792552     76.89540624308006     41.09654193700614      h 
  115.38761026541465     77.12893222943859     44.39905049245692      h 
  114.51120826809527     79.96368079875542     45.14350887848054      h 
  110.46145160073583     78.04172261653875     46.51801047724538      h 
  111.88772629817842     75.34536859274716     46.30743333547628      h 
  101.43629793804821     78.04239086615326     39.39573361712483      n 
   99.36252350431688     77.63970563531019     41.11458093437349      c 
   97.25433818565826     79.61764493753945     40.78197327621372      c 
   95.02462834381811     79.05422204234551     40.90290225075054      o 
  100.23171358232590     77.52659797645121     43.79246497383505      c 
  102.99723280456156     78.11142548623499     40.20232989414549      h 
   98.57719493823299     75.92444126302782     40.63839117765567      h 
   98.77128714034312     77.21372849241482     44.99901421009663      h 
  101.51877447795093     76.12499417057340     44.06159970007026      h 
  101.06157787297965     79.18358449567543     44.29723113593354      h 
   93.48361429873235     77.30567397586208     34.40525547601951      n 
   91.72186857462469     75.28848919698477     34.80725541437665      c 
   89.34084702468130     76.12684120912527     36.17184022533394      c 
   87.24895704928818     75.54494643212749     35.38710887198744      o 
   92.87841127772573     73.12870854182208     36.22323777839585      c 
   95.47052239130608     72.31468557719204     35.58397962093080      c 
   96.25573747386652     70.39514744454439     37.40419304128828      c 
   94.29427950399834     68.55989278054012     37.69837649750860      n 
   93.81597293901103     67.11381346450905     39.73253751757965      c 
   95.08170987184900     67.28651954866693     41.51955559976255      n 
   91.98951248188557     65.65543682413715     39.60131162041998      n 
   95.09855282330159     76.94456329019127     35.00150470638138      h 
   91.20679494957891     74.72661827456457     33.02180687677320      h 
   92.84934552743253     73.57196895176486     38.10370662412818      h 
   91.71902646175688     71.58946768782167     36.06944904888771      h 
   95.55101161962251     71.62149603990920     33.78025816547748      h 
   96.67583322457961     73.82809315974765     35.56965138581351      h 
   97.91440451673982     69.54865939628623     36.87820502094138      h 
   96.64820743827882     71.20855511308253     39.11486168642244      h 
   93.24434640350948     68.38455326160462     36.28936452806003      h 
   96.53873512100652     68.39768158386096     41.74680087689331      h 
   94.89165704833954     66.33348422001355     43.06385274624235      h 
   90.86731309145826     65.42691942903971     38.18975234782387      h 
   91.50494853406967     64.55642260421395     40.94319581003916      h 
   89.60004562554333     77.43278676166094     38.26366456071828      n 
   87.47929355637845     78.30614530507226     39.72334696524942      c 
   85.40670785588935     79.43839478608737     38.10787096652642      c 
   83.26258635452325     78.60978502402011     38.21251751312973      o 
   88.15741165200485     80.08314560946931     41.88843818515558      c 
   85.96444414637168     81.69497665338076     42.59262992102117      c 
   89.09577289829122     78.64204016589829     44.11187871905153      c 
   91.16203570897964     77.90356384512820     38.92481391339454      h 
   86.74426664838168     76.68745242435399     40.50734541711033      h 
   89.57307035736949     81.25392449762487     41.25492519255268      h 
   86.41919219676976     82.92469349703349     43.99400131763032      h 
   85.33021112547429     82.72270795045124     41.09798953246782      h 
   84.51081869296500     80.60650233893271     43.21264246218744      h 
   89.59531341898555     79.81341570365288     45.54951619481911      h 
   87.73099913760468     77.46128069675557     44.76437116742319      h 
   90.62967665522891     77.57740296663542     43.66670259300258      h 
   77.69572615535293     77.80297796186481     51.00536651726116      h 
   74.92372075776650     74.88836893406948     55.51482620946335      h 
   81.69907028298987     64.12474579387633     40.96311900609637      h 
  116.72285811638996     87.57264229551362     42.87950671255224      h 
  114.31264288076174     79.19691401573077     38.83523013460556      h 
  109.56996355871377     81.38386477453699     42.55243777293076      h 
  101.49505875913867     76.76980147276170     38.26895707574434      h 
   97.69773080347407     81.42547134640668     40.45604256993205      h 
   93.61111138146791     77.62457220648521     32.73953929823062      h 
   85.79437974488927     80.87656947050220     36.94493148080475      h 
   0.2814940414524D-01   0.4061454067744D-01  -0.1152843310116D+00
   0.1082243540134D-01   0.8122054025135D-02  -0.1683616733840D-01
  -0.8715356499596D-01  -0.5932772192645D-01  -0.1272644036028D-02
   0.5518685663016D-01   0.1034603913323D+00   0.2910807684377D-01
   0.2817845163884D-01   0.9114070898265D-02  -0.1355148055018D-01
   0.1030084719373D-01   0.7347470371990D-02   0.2124329452234D-01
   0.3887635880798D-01  -0.9389104314078D-01   0.3553624835641D-02
   0.1884068419621D-01   0.8066687285697D-02   0.3332783306674D-01
  -0.2325606973994D-01   0.3853326285219D-01  -0.1371021214054D-01
  -0.8153693789636D-01  -0.3272454096886D-01  -0.9384925170285D-02
   0.5976941752336D-02   0.2041827417685D-01   0.6405046286765D-01
  -0.2549555231333D-01  -0.6173359143861D-03   0.4832339431802D-01
  -0.2004937110738D-01  -0.3650536683376D-01  -0.4398508522949D-01
  -0.5505707628511D-01   0.7371686803096D-02  -0.8546824067500D-02
   0.3570766653575D-01   0.1779336451992D-02  -0.4484394098956D-01
  -0.5379684648466D-01   0.2536348811597D-02  -0.4291599561244D-01
   0.3123556047584D-01   0.4695118719713D-01   0.4126464909380D-01
  -0.8411022102641D-01   0.4419929794427D-01  -0.7188674201533D-01
   0.8726123458354D-02  -0.1494598229573D-01  -0.6792559928602D-02
   0.9825501593718D-02  -0.4663284758715D-02   0.1342806379823D-01
   0.2007122119404D-01  -0.1707608910768D-01  -0.1356802516691D-01
  -0.1200992315300D-01   0.1485238109838D-01   0.8164778304908D-02
   0.4149366170652D-03   0.5821127964696D-01  -0.3342537046646D-01
   0.2055286987756D-01   0.1508993646473D-01   0.1617663492496D-02
   0.6462492169666D-01  -0.2539704454337D-01  -0.6265252164230D-01
  -0.4499363394375D-01   0.3368693923726D-01   0.1258112616527D-01
   0.4189978092669D-01  -0.3548586032957D-01  -0.1321034655280D-01
   0.9647240441192D-03  -0.5085720308461D-01   0.4320826271031D-01
   0.3608419924893D-02  -0.4693042047666D-01   0.3785930814943D-01
  -0.7706511185945D-02  -0.2110170156685D-01  -0.5691330791250D-01
  -0.4059909181340D-01   0.3844774552970D-01   0.1565580859138D-01
   0.4006172647821D-01  -0.3436829936336D-01  -0.2138834471009D-01
  -0.5682784028727D-02   0.9985742288156D-02  -0.4680670202298D-03
  -0.4429255401341D-02   0.8834175196960D-02   0.9716341241273D-02
  -0.1654282232275D-01   0.1253927711035D-01   0.1116706252913D-01
   0.3504369254690D-02  -0.1769397583975D-02   0.7878927110163D-02
  -0.9186616419319D-02  -0.2961791565341D-02  -0.3683274906879D-02
  -0.1568435673765D-01  -0.1626237202612D-01  -0.1182588540096D-01
  -0.4531613107826D-01   0.1595580817142D-01   0.3004649211814D-02
   0.1514831012408D+00   0.1239457344476D-01   0.9196784153951D-01
   0.3675934750657D-01  -0.7057673984948D-01  -0.1244033135805D+00
  -0.1641464099706D+00   0.7213331467851D-01   0.5798050155869D-01
  -0.5752483945466D-01   0.5248458191920D-01   0.3858171332958D-01
   0.2884510133361D-01  -0.4498633575158D-01  -0.6358010209583D-02
  -0.4022334694847D-01   0.4321564387809D-01   0.1402536391506D-01
  -0.2183706513991D-02  -0.2991063626474D-01  -0.4712358690523D-01
   0.3296089397294D-01  -0.4293846399217D-01   0.9020852560227D-02
  -0.2518287615852D-03   0.2932705914805D-01   0.4758700643320D-01
   0.4876979554033D-01   0.1171798293272D-01   0.1154221212189D-01
  -0.3593678969791D-01   0.4783586421475D-01  -0.2034396888064D-02
   0.7360034083037D-01  -0.2284895724906D-01  -0.2550748009749D-01
   0.4251122807749D-01  -0.1344381022769D-01  -0.9260142426846D-02
  -0.4462266946911D-01  -0.4536611038448D-02  -0.3567098825912D-01
  -0.1016857393565D-02   0.2226138245134D-01   0.3438594733491D-01
  -0.4320614030704D-01  -0.4885192072588D-02  -0.3878756214325D-01
  -0.3398265951326D-01   0.3965883186565D-01   0.1007299520124D-01
   0.1374045143919D-01   0.1462865671619D-02  -0.1077370244435D-01
   0.7599298455335D-02  -0.1742851622368D-01  -0.7014051589607D-02
  -0.4026233518461D-02  -0.2947119477137D-01  -0.6816740019942D-02
   0.2967286681732D-02   0.7815592675680D-02   0.1438522211080D-01
   0.9350190566659D-01   0.1199344817399D+00  -0.4435161459024D-01
   0.1049951871165D-01   0.1342269683511D-02   0.1418189606477D-01
  -0.6259578689774D-01  -0.8078562722059D-01   0.3934740370980D-01
   0.5604998086545D-01  -0.4997040777252D-01  -0.4159613869545D-01
  -0.2605603676441D-01   0.2506752496764D-01   0.4688573206645D-01
   0.3196796857647D-01  -0.2760364532425D-01  -0.3938325290525D-01
  -0.5729999742987D-01  -0.1145399195246D-01  -0.9219661118297D-02
   0.2029897441091D-01  -0.2421648016365D-01   0.5645955868602D-01
  -0.4467283066155D-01  -0.2293068645121D-01  -0.3381341181757D-01
  -0.4414450582490D-01  -0.2149201033968D-01  -0.2174007403886D-01
  -0.2734519617821D-01   0.4758942798385D-03   0.1463611126143D-01
  -0.3398871486086D-02  -0.1025917443945D-01  -0.6659679302853D-02
  -0.5517875788564D-02  -0.4971839621227D-03  -0.1198722779880D-01
  -0.4352967613082D-02  -0.1637515434310D-01  -0.7548094700755D-02
   0.1011057691972D-02  -0.8440962731220D-02  -0.7114418750556D-02
  -0.9526076048285D-02   0.2982594072966D-02  -0.1393649346901D-01
   0.3757258167125D-01  -0.5331745949479D-02  -0.1549405314308D-01
  -0.9720502382031D-01   0.2773622920801D-01   0.1685840556223D+00
   0.2032705343770D+00  -0.5545742861527D-01  -0.8008452540372D-01
  -0.8944052776826D-01   0.2788932094183D-01  -0.4585790440334D-01
   0.6343033769565D-01   0.4306856982190D-01   0.4249267694205D-01
   0.2184822794894D-01  -0.1312563179358D-01  -0.4660676888801D-01
   0.5325892647373D-01   0.1654092582655D-01  -0.9730276221045D-02
  -0.2155062955283D-01   0.1036938316674D-01   0.5155965037244D-01
   0.4338117080892D-02   0.5226830109257D-01   0.1587526226235D-01
  -0.5298174149342D-01  -0.2269285931551D-01   0.5472935399600D-02
   0.1091981408116D-01  -0.5892802891785D-01  -0.9868621476825D-02
   0.4455892244465D-01   0.4126821483913D-01  -0.8971919881223D-02
  -0.7201670577590D-01   0.2099678648927D-01   0.3109507384156D-01
   0.3121828607657D-01  -0.9551823189295D-02   0.2693607932184D-01
   0.2896030640817D-02  -0.2573483178320D-02  -0.5358894338250D-01
  -0.4459760302534D-01   0.1249239525104D-01   0.2374920952801D-01
   0.6330968059074D-02  -0.3183316320757D-02  -0.6097320739928D-01
  -0.3745121310286D-01   0.2549046259829D-03  -0.3704437560161D-01
   0.9926976531985D-02  -0.1505358598913D-01   0.3746374292381D-02
  -0.1971108523073D-02   0.3790241701314D-02  -0.1349629311204D-01
   0.2113092486801D-03   0.9830761910551D-02  -0.1763857424113D-01
  -0.2745573463336D-02   0.7959638509675D-02  -0.2901934442261D-01
   0.9134037456138D-02  -0.1226779135949D-01  -0.5819004468568D-03
   0.1303512473070D-01   0.2021425037931D-01  -0.4397022746175D-02
   0.9202306653154D-02   0.1708809825253D-02   0.1043728187128D-01
   0.3837115371042D-01   0.5623353121867D-02   0.7833762952164D-01
  -0.3528933412723D-01   0.2631845022778D-01  -0.4456161352547D-01
   0.3167640367376D-01   0.6844090319065D-02   0.3779118975615D-01
   0.4097719749267D-01   0.3745093379085D-01  -0.1424455596545D-01
  -0.2766041272474D-01   0.9463504881708D-02   0.4741422681615D-01
  -0.2972192248600D-01   0.1832164947557D-01   0.5143581594082D-01
   0.2172755076871D-01  -0.3899942660654D-01   0.4820832883935D-02
  -0.4147868215706D-01  -0.1065582238607D-01  -0.4161948796544D-01
  -0.2402941027469D-01   0.5325985789985D-01  -0.3629773171744D-02
  -0.4351650610509D-01  -0.3867547968985D-01   0.9420663785032D-02
   0.2448363787828D-01  -0.1502076400826D-01  -0.5225921101306D-01
  -0.2812318229849D-01  -0.1920467663889D-01  -0.3749168662442D-01
   0.3104721347532D-01   0.3128450833414D-02  -0.1348243231744D-02
  -0.9114386729380D-03  -0.6531075309340D-02   0.4633808669097D-02
  -0.1032533641270D-01  -0.1293084914096D-01  -0.6638235532586D-02
  -0.1218431426032D-01   0.2617069697591D-01   0.6287666160568D-02
  -0.6033276777740D-03  -0.1166442486704D-01  -0.1710786635571D-01
   0.1767467313160D-01   0.2040118256291D-01  -0.2377484275891D-02
   0.7609999955061D-02  -0.8539430472141D-02  -0.2221552647969D-03
   0.6372836151915D-01   0.1597355971214D-01   0.5361246046124D-01
  -0.5131959771792D-01  -0.3028904834567D-02  -0.1585197838119D-01
   0.4427428291775D-01  -0.2227516812819D-01  -0.1205275231091D-01
   0.4025155516702D-01   0.4048493525269D-01  -0.4522224628454D-02
   0.1568487596894D-01  -0.4334425093169D-01   0.3171387534178D-01
   0.1573418055470D-01  -0.3952364791793D-01   0.4242802822765D-01
  -0.2485647815521D-02  -0.2614070696189D-01  -0.5243360320579D-01
  -0.5541719398896D-01   0.2262952814748D-01   0.9084225337672D-02
   0.1093476401831D-01   0.2487421329787D-01   0.5303300192079D-01
  -0.4377290588232D-01  -0.4199547813658D-01   0.8204035915955D-02
  -0.2498233037263D-01   0.2551609913205D-01  -0.3372707683552D-01
   0.6031081368721D-03  -0.5196582459858D-01  -0.2422995276135D-01
  -0.4825139262918D-03   0.2354882399217D-01   0.7154757586139D-02
   0.1037227864450D-01  -0.2610443055049D-02   0.3033120152668D-02
   0.1431378217426D-01   0.2663979452489D-02  -0.1432572628284D-01
  -0.1664790236639D-01  -0.8562876394973D-02   0.5234659902710D-02
  -0.1898957882166D-01  -0.1244224889826D-01  -0.1039110515505D-01
  -0.9376533399668D-02  -0.2239633512389D-01  -0.6755314704184D-02
   0.5164791510311D-02   0.6661589565469D-03  -0.1034156890929D-01
   0.4106028942633D-02   0.8239334878988D-03   0.1343961611234D-01
  -0.1695226926251D-02   0.7972928588907D-01   0.3110735985543D-01
  -0.1025762210213D-01  -0.4982959912791D-01  -0.1631004947632D-01
   0.7710460970299D-02   0.5467606339663D-01   0.1822326547078D-01
   0.1856557646334D-01  -0.1561722026167D-01  -0.5120615576941D-01
  -0.2488510821330D-01   0.1158391086787D-01   0.5314381879498D-01
   0.5485045984661D-01   0.3071169806022D-02  -0.9170196921328D-02
   0.2546830447827D-01   0.2179545273110D-01  -0.4149796474711D-01
  -0.1750157773975D-01   0.1882845691411D-01   0.1773377389560D-01
   0.6508714816784D-02  -0.3688021390944D-02  -0.9634964523467D-02
  -0.2525213303950D-02  -0.1048970708452D-01  -0.1413012882564D-01
   0.2713863860674D-03  -0.1587769436022D-01  -0.1033153822571D-01
   0.1442613176466D-01  -0.1481547337893D-01   0.8649572001548D-02
  -0.1685048995043D-01  -0.1071765954154D-01  -0.2824579935730D-02
  -0.4442427989456D-01  -0.2979183126196D-01   0.7190760860192D-01
   0.2086473761475D-01  -0.9059655941568D-02  -0.4670558481719D-01
  -0.1308396157700D-01   0.1045662079714D-02   0.5195106918302D-01
   0.2772367802552D-02   0.5476653629427D-01   0.2190676140785D-01
  -0.5584380025177D-01  -0.1997468678650D-01   0.4596385913576D-02
   0.1565514795175D-01  -0.3100152582801D-02  -0.5970336341635D-01
  -0.4615709308085D-02   0.5228019705216D-01   0.2217957878491D-01
   0.1734924926429D-01  -0.4821148134021D-02  -0.5984779571209D-01
   0.3542541247643D-01  -0.3248183611755D-01   0.3234864941427D-01
  -0.1930863888245D-01  -0.2794949111456D-01  -0.4494405423121D-01
   0.1582977726260D-01  -0.1941400103469D-01   0.2848609678325D-01
  -0.4593694608256D-02   0.3348059563603D-02   0.1123375803044D-01
  -0.1557193772483D-01  -0.6735803335545D-02  -0.5392169619423D-02
   0.2067394223621D-01  -0.1614741844105D-01   0.2160891091843D-02
  -0.2403493680362D-02  -0.2376808661912D-01  -0.1319650750815D-01
  -0.2743190638675D-02  -0.2372289897882D-01   0.6555444273788D-02
  -0.1100065459998D-01   0.3045287949055D-02  -0.2170432988312D-02
   0.7858547749429D-02   0.2897942943256D-02  -0.5167222646703D-03
   0.2979960694009D-01   0.4311887635780D-01   0.7036241672002D-01
  -0.2310518638809D-01   0.5806623514487D-02  -0.4542381232186D-01
  -0.4928234348380D-01  -0.2863628211900D-01   0.1635047199682D-02
   0.1123470282836D-02   0.5321981890840D-01  -0.1708085629358D-01
  -0.3303613984491D-01   0.3208382081655D-01   0.2971888756091D-01
   0.5904529523307D-01   0.8131006901335D-02   0.2336821595791D-02
  -0.4301908082986D-01  -0.3186001358666D-01  -0.5427663633470D-03
   0.7132114629453D-02  -0.2408004643731D-02  -0.2347272677301D-01
   0.1397119774443D-02  -0.4655083752698D-02   0.3873910132234D-02
  -0.2365046718826D-02  -0.1268167488297D-01   0.2694281715049D-02
  -0.2216947256865D-01  -0.1723835051273D-01  -0.1124158692517D-01
  -0.8938629420426D-01   0.5952432560955D-01   0.7252803038809D-01
  -0.6864566142525D-02  -0.5201321666810D-02   0.1202124938951D-01
   0.4728660096465D-01  -0.2681979911554D-01  -0.4538915705394D-01
   0.7316518343566D-01   0.4179874863069D-01  -0.5252907156069D-02
  -0.3510804704690D-01  -0.1673357770779D-01   0.4102055033899D-01
   0.9958519648653D-02   0.1898290022264D-01   0.4902660870363D-01
   0.3570969056532D-01   0.1157333622335D-01  -0.4611402848448D-01
   0.3593902776401D-02  -0.6653558767526D-01   0.1114164508936D-01
   0.3602226310768D-01   0.3323225193454D-01  -0.4462707499910D-01
  -0.9196072904585D-02  -0.5470045590922D-01  -0.6626019225686D-02
  -0.1880609473072D-01   0.1715892790543D-01   0.3406883721799D-02
   0.1886947148954D-03   0.2549277917273D-02  -0.9410430346439D-03
  -0.7979386972105D-02  -0.1839161230724D-02  -0.1707848325632D-01
  -0.3133752247275D-02  -0.1406022834378D-01   0.1226788071885D-01
   0.5218817941037D-02  -0.2449584478465D-01   0.1600786560652D-01
   0.7197356738270D-01   0.1094022642221D+00   0.3141927005580D-01
   0.1038857719270D-01  -0.1983515068000D-02   0.4407841299108D-02
  -0.4178012963180D-01  -0.6249461981225D-01  -0.2012640625348D-01
   0.1617087922788D-01   0.8418088751173D-01  -0.1306455563112D-03
   0.1373016666112D-01  -0.5153881962822D-01   0.3952382002486D-02
   0.5310217123012D-01   0.1676103736501D-01   0.1611014452169D-01
  -0.3662365442956D-01   0.3933381245471D-01  -0.1593682624918D-01
   0.3319039572960D-01   0.2494391954011D-01  -0.3398342732426D-01
  -0.5381112951830D-01  -0.1480781591737D-01  -0.1613363197976D-01
  -0.6041520201666D-01   0.4452899609635D-02  -0.2625264872337D-01
   0.3192043503639D-01  -0.5810745603289D-01   0.1641426315859D-01
  -0.3399551585458D-01  -0.3246499493999D-02  -0.4514653879743D-01
   0.1030562114505D-01  -0.9891624688567D-02   0.2013504059794D-01
  -0.1386959876867D-02   0.4646394476814D-03  -0.1947033527229D-02
  -0.7760885716663D-02  -0.4359679170871D-02  -0.1755374094831D-01
   0.8819191930392D-02  -0.2104010392729D-01  -0.1014853376493D-02
   0.4970563720923D-01   0.3291309773366D-02   0.6885185643609D-01
  -0.2069260125503D-01  -0.1663435209567D-01  -0.4449915889816D-01
  -0.5958317991548D-01  -0.5689332221171D-02   0.6781331590992D-02
   0.1522407017416D-01   0.3861834708032D-01  -0.4227376412184D-01
   0.2713387293432D-01   0.1686119510121D-01   0.5437529153951D-01
  -0.4609517567878D-01  -0.3796143140280D-01  -0.1544877623033D-02
  -0.8436896285997D-02   0.9579535541235D-02   0.1102559350256D-01
   0.1051282400682D-01   0.9235013051371D-02   0.5235451040842D-02
  -0.5941594466532D-02   0.6933889302693D-02   0.3978361403738D-02
   0.1289284586377D-01  -0.1124115388422D-01   0.2884200869637D-01
   0.9851355029677D-01  -0.3861370635884D-01  -0.9152628980562D-01
   0.4118694779495D-02  -0.9666586107352D-02   0.1569756816082D-02
  -0.6036059405981D-01   0.2324388476596D-01   0.5456155511459D-01
   0.5533126934257D-01   0.6490152562261D-01   0.1812208953856D-01
   0.2521867440735D-01  -0.4749351182116D-01  -0.1334369321572D-01
  -0.9340082630779D-02  -0.2586839343674D-01  -0.4419446562702D-01
  -0.2983811062630D-01   0.4800231354167D-01   0.1501131877845D-01
  -0.1081395334544D-01  -0.4668985397420D-01   0.4694524311903D-01
  -0.2431620359739D-01   0.5938762084867D-01   0.5589630231260D-03
  -0.1260497573012D-01   0.3988523864043D-02  -0.8484517679614D-02
  -0.2571832525674D-01  -0.3042287075321D-01  -0.6142431803075D-02
   0.2106606901388D-02  -0.2911706195413D-03  -0.8801548870101D-02
  -0.1776212592521D-01   0.1658432877859D-02  -0.8564609324968D-02
  -0.1047961280129D-01   0.1385013598356D-01   0.3562399076454D-02
   0.5827023589591D-02  -0.5116294538632D-02  -0.1545644976662D-02
  -0.1464815674538D-01   0.2343916561503D-01   0.8161396509292D-02
   0.1391826997886D-01   0.4704796512929D-01   0.1771571887393D-02
  -0.2142361793378D-01  -0.4767830860228D-01   0.1896915439783D-01
   0.3964983292499D-01   0.2899336357315D-01   0.2502677969106D-01
   0.2340137946118D-01  -0.4914159426399D-01  -0.1437227284071D-02
   0.2798447781500D-01   0.4294297941941D-01  -0.2030744108771D-01
  -0.3061962743833D-01  -0.4408894637574D-01   0.1558705190726D-01
   0.1128726139015D-01   0.1106922889114D-01  -0.4807298967459D-01
  -0.5622405960548D-01   0.2092890355216D-01  -0.5035716307486D-02
   0.9332584910005D-02   0.1210378475690D-01   0.1556177245266D-01
   0.5586017457643D-01   0.5990723652250D-01  -0.5468994633060D-01
  -0.1168116455142D-02  -0.4410297170106D-02  -0.2019487882862D-02
  -0.1989522162101D-01  -0.2343915301618D-01   0.1661808997061D-02
  -0.1679628726311D-01  -0.6229858981757D-02   0.7558246607302D-01
   0.2616324967983D-02  -0.8740840422826D-02  -0.2460041052441D-01
   0.8481877242575D-01  -0.1432211468560D-01   0.1279317257248D-01
  -0.3270843401168D-01  -0.4619542862027D-01  -0.9686662540580D-02
   0.1947813360370D-01   0.4469662012205D-01  -0.2190850415896D-01
   0.1379154654631D-01   0.6139789775427D-02  -0.7011295650430D-01
  -0.4106761485015D-01   0.4470826208304D-01   0.3304676555897D-02
   0.5101938170517D-01   0.1353065394227D-01   0.2499997321814D-01
  -0.2600440310620D-01  -0.5232518383979D-01   0.2122865493620D-01
   0.7846204236086D-01  -0.6953968046042D-01  -0.7632980118377D-01
   0.1504046598660D-01  -0.2234283672479D-01  -0.3069922827337D-02
  -0.2999448522382D-02   0.7679192992071D-01   0.9283467828115D-02
  -0.9177651299498D-02  -0.8425409484534D-02   0.2331038387912D-02
   0.1739629457202D-01   0.7426370849729D-03   0.6524297977022D-02
  -0.1245238856826D-01  -0.9077868614091D-02  -0.4159385646985D-02
  -0.1356706981950D-01  -0.2366075222773D-02  -0.1727292836421D-01
  -0.1063153805386D-01   0.7036947608551D-02   0.4593272661131D-02
   0.1195791812597D-01  -0.7079095375222D-02   0.8369920115993D-03
  -0.7974552464809D-01  -0.1590826535430D-01  -0.3788848273570D-01
   0.1185427767532D-01   0.5634317302445D-01   0.1217645729982D-01
  -0.4405898943095D-01   0.3629019912299D-01   0.6886077689638D-02
  -0.1456966671213D-01  -0.5481208857982D-01  -0.1645723561841D-01
   0.5026195476022D-01  -0.2998726070934D-01  -0.5824347786549D-02
   0.3571124105263D-02   0.5871955272925D-01   0.4991913631748D-02
   0.6832714950588D-01  -0.9652524529367D-01  -0.3714133561746D-01
   0.1177173792388D-02  -0.3236560543602D-01   0.9475236051116D-02
   0.2899037136683D-01   0.7102762797153D-01  -0.1461699671224D-01
  -0.1005103160310D-01   0.5275652990444D-02  -0.1274226295548D-02
   0.1441623288970D-01  -0.5274856840097D-02   0.2341960850240D-01
  -0.7910375268972D-01  -0.1306439859183D-01  -0.4483209209200D-01
   0.2751062878436D-01   0.4403731809559D-01   0.8569417609494D-02
   0.4809453884440D-01   0.8484729923210D-02  -0.3450526058081D-01
  -0.4027286198513D-01   0.4294845231508D-01  -0.1821450505260D-02
  -0.2680800256743D-01  -0.5303758010692D-01  -0.1409581415258D-01
   0.7044992564224D-01  -0.1381956196617D-01  -0.9680191582371D-01
  -0.1230566840673D-01  -0.1216355175940D-01  -0.1996314744777D-01
   0.7262714598323D-02   0.4230056606362D-02   0.1226400197057D-01
   0.1274854444144D-01   0.5074494991779D-02   0.9112338018167D-02
   0.3633095888134D-02  -0.1462764697972D-01   0.8758808221673D-02
   0.1284711134922D-01  -0.3819545389189D-02   0.2658771151064D-02
   0.1606881792112D-01   0.1768181812228D-01  -0.5327232411876D-02
  -0.3056894689126D-01   0.3925622640723D-02  -0.4489691608751D-01
   0.5433949756162D-01  -0.5832573293537D-01   0.2077277794675D+00
  -0.1553917377994D+00  -0.2631238059388D-01  -0.2043822356931D+00
   0.7501774842015D-01   0.5576825110696D-01   0.1814910410598D-01
  -0.7831450950410D-01   0.1383264126304D-01  -0.3886976490759D-01
   0.2452956004181D-01   0.2203530111646D-01   0.4470092354698D-01
  -0.1636000253708D-02  -0.1892040902930D-01  -0.5649108496064D-01
   0.3942707302770D-01   0.3640778365620D-01   0.1068166025423D-01
   0.1609771311025D-02   0.2363839032207D-01   0.5257859220216D-01
  -0.3722393433490D-01  -0.3974822988874D-01  -0.6950911389560D-02
  -0.4718315124125D-01   0.2734344877970D-01   0.2243581005005D-01
  -0.4683064924493D-02  -0.2796484408263D-01  -0.5068120441307D-01
   0.4483413263497D-01   0.1291585950509D-01   0.6539377713330D-01
  -0.2753618717948D-01  -0.2417827226696D-01   0.3155973692453D-02
   0.1292134639035D-01   0.3028171032264D-01  -0.4000674468705D-01
   0.2491507861134D-01   0.1869898215539D-02   0.4393934914915D-01
   0.9956822521506D-02   0.3614453379401D-01  -0.4934396750155D-01
   0.4809499150045D-01  -0.1493347461505D-02   0.1188914449165D-01
  -0.3780914752383D-04  -0.1998538562284D-01   0.1477519420266D-01
   0.3188402730107D-01   0.6836498283738D-01  -0.3866529185686D-01
  -0.6482030884700D-02  -0.6047971042295D-02  -0.7066261039574D-03
   0.7120052610006D-02   0.1365665108436D-01   0.9198140694275D-02
  -0.1853371308834D-01   0.1723628002487D-01   0.7094440810216D-02
   0.9018880010922D-02  -0.1047545527044D-01   0.2276163454389D-01
  -0.8175579134835D-01  -0.2328427687168D-01  -0.2600570403743D-01
   0.2922485537382D-01   0.4227615323048D-01  -0.2255766872895D-01
  -0.3876721888698D-01  -0.3087894493359D-01   0.1737151176279D-01
  -0.1803933763399D-01  -0.3715150344564D-01  -0.4431397598199D-01
   0.1818005057537D-01  -0.3210269932991D-01   0.4659268013109D-01
   0.4688821499691D-01   0.3575244282238D-01  -0.1966587612459D-01
  -0.1460262377327D-01  -0.3964629254743D-01  -0.4202986183428D-01
   0.4467110397673D-01   0.3715872156310D-01  -0.2039958289298D-01
  -0.4750814478041D-01   0.3153261287688D-01   0.1759130748750D-01
   0.5981658390275D-01  -0.2768770353975D-01   0.1230291729561D+00
   0.3323342411819D-01  -0.6096299218533D-01  -0.5551196320969D-01
   0.4517961180233D-01  -0.6355877028562D-02   0.1347797189603D+00
  -0.3910006773242D-01  -0.4644583969456D-01   0.4337259621753D-01
  -0.5374150777580D-02   0.6208580930370D-01   0.1239962462201D+00
   0.6914578372363D-02  -0.7679752923543D-01  -0.6016315061720D-02
  -0.3789569814625D-02   0.9879111040682D-01   0.9738016183354D-01
  -0.2814244607508D-01  -0.7009386497192D-01   0.1333501060865D-01
  -0.6754002648910D-02  -0.3429186254607D-01   0.1337829457035D+00
  -0.2289473942267D-01  -0.5773332087604D-01   0.4642825278928D-01
$end                                                                            
