   -0.39229429
    0.03059633
    0.26174001
   -0.48062127
   -0.12260323
    0.16479925
    0.02966947
    0.05211420
    0.04968154
    0.05938452
   -0.16225951
    0.01780160
    0.26444782
   -0.46484111
   -0.12318758
    0.28982387
   -0.48736497
   -0.29236152
    0.21813652
    0.09980085
    0.09674200
    0.10885330
    0.22402008
    0.23589479
   -0.16736250
    0.00314065
    0.26863444
   -0.47993712
   -0.08475691
   -0.09437519
   -0.02924408
   -0.13754692
    0.23380199
   -0.24757587
   -0.25994351
    0.22051541
    0.10539014
    0.06831343
    0.07517695
    0.08174074
    0.08423773
    0.08720532
    0.08600071
    0.23752161
    0.24569928
    0.24581002
    0.24953222
    0.24596865
   -0.15786285
    0.01238949
    0.26839286
   -0.49731057
   -0.08372096
    0.01046321
   -0.04428606
   -0.04689261
   -0.03418420
   -0.03297417
   -0.03641460
    0.20695774
    0.09820014
    0.08914475
    0.06330352
    0.03487333
    0.05985834
    0.02584162
    0.03434101
    0.02318202
   -0.17132474
    0.00997240
    0.26334409
   -0.48505773
    0.09928124
   -0.46957751
   -0.15381136
    0.24099654
    0.08374703
    0.05456166
    0.33164564
    0.08181702
    0.06161108
    0.06810515
   -0.18169969
    0.01428059
    0.27331633
   -0.49912587
   -0.14727053
    0.24051929
    0.09393902
    0.07290037
    0.09526859
    0.07214430
   -0.19327591
    0.02741382
    0.27150222
   -0.50130392
   -0.11338652
    0.29214238
   -0.47187170
   -0.27873398
    0.24599845
    0.06324615
    0.09711578
    0.07238955
    0.23431192
    0.21440919
   -0.18412525
    0.02236936
    0.27586666
   -0.51550105
   -0.03341403
   -0.06634852
   -0.11985260
   -0.11588436
    0.24481569
    0.05231656
    0.07901407
    0.02611837
    0.05034898
    0.07234621
    0.03645117
    0.03581595
    0.04457844
    0.05350528
    0.04491490
   -0.18394762
    0.01676912
    0.27695473
   -0.51635445
   -0.08996218
   -0.08312577
   -0.09685860
   -0.05408127
   -0.14986472
    0.24744907
    0.07164848
    0.07893447
    0.06099675
    0.06392506
    0.07360963
    0.07583534
    0.07689161
    0.12621730
    0.12049118
    0.30914644
    0.30111929
    0.29384320
   -0.16691263
   -0.03146493
    0.27572118
   -0.51883665
    0.24934165
    0.10252710
    0.09358726
   -0.17825817
    0.02398742
    0.26694058
   -0.51615080
   -0.06855080
   -0.01658999
   -0.11393009
   -0.10954228
    0.25026363
    0.06779371
    0.06119711
    0.04837096
    0.05535508
    0.05255287
    0.04277442
    0.03811281
    0.04236416
    0.04278918
    0.02086054
   -0.17920830
    0.00631326
    0.27708064
   -0.50956503
    0.11560279
   -0.48987825
   -0.14386275
    0.24465207
    0.06707201
    0.04146731
    0.33676594
    0.07653395
    0.05327090
    0.07307980
   -0.18283609
    0.02295539
    0.27939984
   -0.51221674
   -0.07282991
   -0.10483880
    0.28965394
   -0.48362407
   -0.28749355
    0.23099759
    0.07055653
    0.07077199
    0.05678484
    0.06697452
    0.08253559
    0.22184106
    0.23885383
   -0.21867792
    0.03431126
    0.28491987
   -0.51374038
   -0.11907934
    0.24187006
    0.05916608
    0.06222737
    0.08023041
    0.05693884
   -0.19589702
    0.03667384
    0.22066345
   -0.36207730
    0.07399741
   -0.49238562
    0.23294191
    0.07922669
    0.06535319
    0.05336965
    0.36246925
   -0.39357174
    0.02767964
    0.27189961
   -0.48689688
   -0.01887270
   -0.11032053
   -0.11505348
    0.15628585
    0.04043126
    0.02949614
    0.04516017
    0.03114112
    0.04043534
    0.04741629
    0.04267387
    0.03961516
   -0.15748988
   -0.03917713
    0.27183585
   -0.48656800
    0.20346429
    0.10971764
    0.08518025
   -0.18217797
    0.02537519
    0.19997530
   -0.36258376
   -0.13507676
    0.22006845
    0.10049253
    0.08184920
    0.08652309
    0.07459640
   -0.39287025
    0.04093149
    0.19483338
   -0.36871507
   -0.06607382
   -0.00640372
   -0.10816765
   -0.11633023
    0.16164809
    0.05899789
    0.04477271
    0.04560890
    0.02972708
    0.04554142
    0.02611501
    0.03559510
    0.04290098
    0.04992888
    0.04122472
   -0.41066909
    0.03988755
    0.19889544
   -0.36700813
   -0.01546638
   -0.11945303
   -0.11378069
    0.19087265
    0.04784436
    0.03655211
    0.05135767
    0.03328626
    0.05671396
    0.03824794
    0.05277951
    0.04696813
   -0.39264433
    0.03373688
    0.26579908
   -0.49400716
   -0.07672184
   -0.00824462
   -0.11235278
   -0.11177648
    0.15379235
    0.03145247
    0.05674840
    0.05267849
    0.02123627
    0.03788005
    0.03270989
    0.04832164
    0.03549327
    0.04641746
    0.03106800
   -0.17203441
    0.00852473
    0.21027130
   -0.35501739
    0.11147066
   -0.48343223
   -0.14919847
    0.23975629
    0.09553125
    0.06877302
    0.32850011
    0.06903029
    0.07628670
    0.06914029
   -0.40879687
    0.04353564
    0.20246355
   -0.39360173
   -0.07103603
   -0.08435931
   -0.03453530
   -0.13255033
    0.23106278
   -0.23327391
   -0.25771057
    0.19075081
    0.04433985
    0.05274011
    0.05958913
    0.07122064
    0.05459209
    0.08481212
    0.10107949
    0.22354348
    0.24360448
    0.24996431
    0.24921382
    0.25361589
    0.17500374
    0.06894963
    0.18137573
    0.07588303
    0.18239905
    0.07294651
    0.17312832
    0.06238533
    0.17119447
    0.06025062
    0.16784648
    0.07401628
