           2           1  0.971786997150829     
           3           2  0.959087658799713     
           4           3   1.63365679443724     
           5           1  0.892702669885976     
           6           1  0.887953710219422     
           7           1  0.887352536281155     
           8           2  0.956996591823492     
           9           2  0.915355880530678     
          10           3   1.29505400196371     
          11          10  0.971494687442470     
          12          11  0.943982846452587     
          13          12   1.60328485400988     
          14          11  0.990877747455933     
          15          10  0.906172485414278     
          16          11  0.947282112946567     
          17          14  0.979639879915360     
          18          14  0.975741699180719     
          19          14  0.978454848882837     
          20          12   1.30692429573850     
          21          20  0.976615085078808     
          22          21  0.934925233147595     
          23          22   1.61424579993267     
          24          21  0.993712354607905     
          25          20  0.910589025621689     
          26          21  0.951650667774317     
          27          24  0.980399895825505     
          28          24  0.975824090677871     
          29          24  0.980464992893512     
          30          22   1.30104939687825     
          31          30  0.982730092314995     
          32          31  0.938545060254571     
          33          32   1.56463021594721     
          34          31  0.962852944075588     
          35          34   1.00853463525755     
          36          34   1.00675588905444     
          37          30  0.883670689093084     
          38          31  0.953153520161194     
          39          34  0.958524481278947     
          40          35  0.983220855054946     
          41          35  0.979709700463997     
          42          35  0.984859788655731     
          43          36  0.982322152091263     
          44          36  0.985036033643578     
          45          36  0.981423272611120     
          46          32   1.33238397569106     
          47          46  0.978564543401711     
          48          47  0.938579706657574     
          49          48   1.58789664232645     
          50          47  0.963630991061535     
          51          50   1.00703545272440     
          52          51   1.41485286269132     
          53          51   1.41244318732431     
          54          52   1.44298753281893     
          55          53   1.44493306687259     
          56          54   1.43871157264430     
          56          55   1.43842580057597     
          57          46  0.895089377686136     
          58          47  0.954822210174483     
          59          50  0.964095621122176     
          60          50  0.953334582210871     
          61          52  0.964560768261821     
          62          53  0.962436492850900     
          63          54  0.969164506367143     
          64          55  0.969296329557378     
          65          56  0.970604178982876     
          66          48   1.33112960998773     
          67          66  0.979426548799573     
          68          67  0.934876413749721     
          69          68   1.59663267789447     
          70          67  0.964495232953933     
          71          70   1.00673477324404     
          72          71   1.40791679330749     
          73          71   1.41747480224967     
          74          72   1.45082238519861     
          75          73   1.43753001769684     
          76          74   1.43364706881562     
          76          75   1.44284127369236     
          77          66  0.875243017408830     
          78          67  0.951198665887013     
          79          70  0.964746413794013     
          80          70  0.960451894141758     
          81          72  0.968182883725832     
          82          73  0.963048879192907     
          83          74  0.970867524884117     
          84          75  0.969230493535504     
          85          76  0.970888128429756     
          86          68   1.32615860188250     
          87          86  0.994044665648588     
          88          87  0.946972790595673     
          89          88   1.63563184233854     
          90          86  0.875754475592857     
          91          87  0.958618423777009     
          92          87  0.957085165860908     
          93          88   1.29143323992358     
          94          93  0.988848508292188     
          95          94  0.925072918678389     
          96          95   1.61900885356384     
          97          94  0.991058759754931     
          98          97  0.995847278597243     
          99          93  0.876065223088304     
         100          94  0.954275870939652     
         101          97  0.965995027023365     
         102          97  0.974466570636022     
         103          98  0.918310493133557     
         104          95   1.31892398812961     
         105         104  0.980010385010309     
         106         105  0.935689226294485     
         107         106   1.62615841346678     
         108         105  0.959710970642171     
         109         108  0.992920703500495     
         110         108   1.00572008732217     
         111         104  0.877735822068351     
         112         105  0.948008182058946     
         113         108  0.949568342275175     
         114         109  0.860867087712065     
         115         110  0.979929656137796     
         116         110  0.968994969646825     
         117         110  0.984171011300888     
         118         106   1.30947799955875     
         119         118  0.978465090033331     
         120         119  0.971368653771851     
         121         120   1.89592470960943     
         122         119  0.958770497832227     
         123         122   1.00241405176646     
         124         123   1.41058937989320     
         125         123   1.41508280521908     
         126         124   1.44857240124773     
         127         125   1.44065446269816     
         128         126   1.43493493301244     
         128         127   1.44062117441114     
         129         118  0.890619531300772     
         130         119  0.945872418215842     
         131         122  0.968468336353963     
         132         122  0.957385323985034     
         133         124  0.966501348501409     
         134         125  0.966929703612876     
         135         126  0.970035241540439     
         136         127  0.966627686338520     
         137         128  0.969658727024407     
         139         138   1.00897090676161     
         140         139  0.944809911234819     
         141         140   1.61558840187652     
         142         139  0.963694919289829     
         143         142  0.996493959055668     
         144         142   1.00930292367197     
         145         143   1.01919589645923     
         146         138  0.949205823858478     
         147         139  0.958530313260538     
         148         142  0.962439566863652     
         149         143  0.975758890353733     
         150         143  0.977273233915262     
         151         144  0.982280288407855     
         152         144  0.980768927267273     
         153         144  0.977408094782297     
         154         145  0.986246346669005     
         155         145  0.986277527152152     
         156         145  0.986479148387466     
         157         140   1.29545793439686     
         158         157  0.982730635537609     
         159         158  0.933106523436208     
         160         159   1.62765807027462     
         161         158  0.987315743846635     
         162         161  0.957151162696328     
         163         162   1.65114748388123     
         164         162   1.31540780122824     
         165         157  0.909291410824687     
         166         158  0.951412370991324     
         167         161  0.956363487438138     
         168         161  0.954580925085609     
         169         164  0.918309152886682     
         170         164  0.926926628528192     
         171         159   1.29324810272729     
         172         171  0.978331568336500     
         173         172  0.945486238278814     
         174         173   1.60513821768138     
         175         172  0.956696646059844     
         176         175  0.995620830973678     
         177         175   1.00552577067386     
         178         176   1.01795678623289     
         179         171  0.913542059111007     
         180         172  0.927312029274930     
         181         175  0.964121593966312     
         182         176  0.971844277709689     
         183         176  0.976388935710775     
         184         177  0.981732758209982     
         185         177  0.984697043297199     
         186         177  0.983139697725698     
         187         178  0.985740865449948     
         188         178  0.986916755436721     
         189         178  0.984793528090197     
         190         173   1.29958503384793     
         191         190  0.969767000993836     
         192         191  0.934808937428003     
         193         192   1.62855150509020     
         194         191  0.982289176854744     
         195         194  0.993348532550391     
         196         195   1.00955300315725     
         197         195   1.00753409621125     
         198         190  0.920289012446900     
         199         191  0.949833613841256     
         200         194  0.969868999393441     
         201         194  0.965228943439286     
         202         195  0.964128701516561     
         203         196  0.981073675287884     
         204         196  0.981876084455040     
         205         196  0.986489791419472     
         206         197  0.982441391237177     
         207         197  0.986181731814041     
         208         197  0.986212534564556     
         209         192   1.30289505735351     
         210         209  0.976728410459925     
         211         210  0.936542369865031     
         212         211   1.60072368285232     
         213         210  0.996838065756504     
         214         209  0.909080324193973     
         215         210  0.952906068387068     
         216         213  0.981238897864708     
         217         213  0.978351230079880     
         218         213  0.978763634598123     
         219         211   1.31840245620762     
         220         219  0.973596718820451     
         221         220  0.940164886235397     
         222         221   1.58442058903254     
         223         220  0.982956307846326     
         224         223  0.894019559728682     
         225         224   1.51905255057667     
         226         224   1.49692156976409     
         227         219  0.909298877540323     
         228         220  0.950296005000520     
         229         223  0.968882083395618     
         230         223  0.964909623657499     
         231         221   1.32652793476811     
         232         231  0.975783635124998     
         233         232  0.934147960097207     
         234         233   1.62590585628517     
         235         232  0.998383768778281     
         236         231  0.900046923620925     
         237         232  0.940458707503324     
         238         235  0.976695666239331     
         239         235  0.980989094397108     
         240         235  0.977822841102045     
         241         233   1.31463754002379     
         242         241  0.975222367073018     
         243         242  0.938765800855586     
         244         243   1.59648519418332     
         245         242  0.971146469255105     
         246         245  0.992408087703366     
         247         246   1.00783611372423     
         248         246   1.00892487730840     
         249         241  0.899312169870871     
         250         242  0.941852558683438     
         251         245  0.964037904164761     
         252         245  0.972488067298150     
         253         246  0.963894403050117     
         254         247  0.984704161159906     
         255         247  0.986998880373205     
         256         247  0.986261591150604     
         257         248  0.984685809334465     
         258         248  0.984794433011170     
         259         248  0.980466896314147     
         260         243   1.32506399986134     
         261         260  0.998263918086116     
         262         261  0.947846907123163     
         263         262   1.63737729244957     
         264         260  0.911699473942174     
         265         261  0.942535300639463     
         266         261  0.958758699182218     
         267         262   1.27878167040243     
         268         267  0.971308128976683     
         269         268  0.940334989334504     
         270         269   1.66282122744956     
         271         268  0.970721284426121     
         272         271   1.00552643121423     
         273         267  0.971455453247246     
         273         272   1.00420454152955     
         274         268  0.948058430897292     
         275         271  0.973337062738975     
         276         271  0.970475386023054     
         277         272  0.976619818807006     
         278         272  0.972520450754768     
         279         273  0.967298227291761     
         280         273  0.962243448825287     
         281         269   1.26332142825634     
         282         281   1.00545658472532     
         283         282  0.990226093342678     
         284         283   1.89859933197283     
         285         281  0.923748164072165     
         286         282  0.947527808455281     
         287         282  0.929017133637748     
         289         288   1.01381694902308     
         290         289  0.972851022679458     
         291         290   1.89092258387571     
         292         289  0.952021461552432     
         293         292   1.00850205394775     
         294         293   1.40275172308173     
         295         293   1.41811671312904     
         296         294   1.45300199492951     
         297         295   1.43637511519653     
         298         296   1.42941372755037     
         298         297   1.44504288971430     
         299         288  0.950293235909093     
         300         289  0.958251381745146     
         301         292  0.968935159074020     
         302         292  0.957417992410485     
         303         294  0.968418049025676     
         304         295  0.966430721737592     
         305         296  0.965067500932785     
         306         297  0.969875144351220     
         307         298  0.971674324486003     
         308         120  0.955688647205856     
         309         138  0.960533285956529     
         310         283  0.952058448092726     
         311         288  0.956544178176893     
         312         290  0.952134576652089     
