   -0.41502323
    0.03449812
    0.18674537
   -0.39909831
   -0.07638782
   -0.01208175
   -0.13392767
   -0.13150295
    0.17983389
    0.05622530
    0.06387242
    0.04304901
    0.04082446
    0.04898210
    0.04891918
    0.04192049
    0.03870759
    0.03405562
    0.05237152
   -0.41121729
    0.01447309
    0.26993246
   -0.51379698
   -0.08774678
   -0.00934528
   -0.13075652
   -0.12122003
    0.17422122
    0.06977074
    0.05321509
    0.05334932
    0.03196078
    0.04715189
    0.04720298
    0.04816349
    0.03231252
    0.04482694
    0.03137419
   -0.17280084
    0.03587046
    0.17239907
   -0.41532808
   -0.00249336
   -0.31049441
    0.22429554
    0.07343417
    0.06244072
    0.05420903
    0.20548087
   -0.42578830
    0.04266755
    0.18572617
   -0.41047588
   -0.12037317
    0.18958954
    0.06994065
    0.05294138
    0.06236966
    0.04679941
   -0.41165441
    0.03364102
    0.18194466
   -0.37962193
   -0.10319357
    0.30305052
   -0.55202725
   -0.23391025
    0.17678204
    0.09436867
    0.07685073
    0.05172624
    0.23853465
    0.21790051
   -0.39470307
    0.03524329
    0.17575892
   -0.40368136
   -0.08233908
    0.00056915
   -0.04964673
   -0.05444362
   -0.03414339
   -0.04305720
   -0.04134453
    0.16913514
    0.08122762
    0.04826824
    0.06940247
    0.03440018
    0.05509593
    0.02590145
    0.04819082
    0.02804797
   -0.42362349
    0.02615699
    0.33083232
   -0.63319070
   -0.08245706
   -0.11772855
    0.29387688
   -0.53335238
   -0.26618616
    0.18574493
    0.06305874
    0.06818538
    0.04754962
    0.07919134
    0.06236624
    0.23593427
    0.23202318
   -0.13039469
   -0.07276099
    0.27728336
   -0.48692453
   -0.14570355
    0.10437957
    0.08141310
    0.08583147
    0.07264183
    0.28603092
   -0.17996917
   -0.01134385
    0.27464682
   -0.51103565
   -0.10480828
   -0.09954200
   -0.03218883
   -0.19406231
    0.27226110
   -0.19896474
   -0.24558244
    0.21870549
    0.10880813
    0.08735249
    0.08382643
    0.07251221
    0.06390032
    0.07124644
    0.09078371
    0.19482395
    0.24549716
    0.26969323
    0.22723136
    0.26507214
   -0.17939936
    0.00022008
    0.26543807
   -0.49905143
    0.11270520
   -0.49965170
   -0.16435300
    0.22091341
    0.09698326
    0.05655375
    0.35846104
    0.08537101
    0.06422049
    0.07364263
   -0.18130508
    0.00501869
    0.27406381
   -0.48687494
   -0.02121520
   -0.15488281
   -0.13820233
    0.22723284
    0.09910909
    0.07130603
    0.06958857
    0.06014422
    0.08191147
    0.06780230
    0.05132763
    0.03723508
   -0.18037369
    0.00558580
    0.27376116
   -0.49016125
   -0.01526014
   -0.12800546
   -0.14105438
    0.19614788
    0.09353882
    0.05234015
    0.05558962
    0.04385353
    0.05237185
    0.06118706
    0.05305717
    0.06595578
   -0.19074051
    0.01776268
    0.27130778
   -0.49548667
   -0.08316233
   -0.11033525
    0.29570280
   -0.53341823
   -0.25907032
    0.21402815
    0.07740735
    0.07654862
    0.08054938
    0.05148557
    0.07708604
    0.21834686
    0.24837690
   -0.18979831
    0.01063196
    0.27435252
   -0.48761115
   -0.10427810
   -0.08656237
   -0.03166066
   -0.20253527
    0.26486937
   -0.22020015
   -0.24438717
    0.21891619
    0.09054988
    0.10694451
    0.06653172
    0.06349698
    0.06775958
    0.08810995
    0.09017608
    0.21250663
    0.25178451
    0.26628450
    0.24683027
    0.26651445
   -0.19065917
    0.01989810
    0.27428699
   -0.49255072
   -0.08154368
   -0.10720490
    0.29774072
   -0.55846290
   -0.25454667
    0.20941481
    0.08441882
    0.07843529
    0.07854866
    0.06043661
    0.06051005
    0.25410292
    0.24013406
   -0.17706657
    0.02378767
    0.26897168
   -0.47229902
   -0.08693660
    0.00386039
   -0.05092301
   -0.05100485
   -0.03323332
   -0.03513213
   -0.03626626
    0.19611340
    0.09840695
    0.08397958
    0.05483874
    0.05890493
    0.04208903
    0.04603300
    0.03486406
    0.04428951
   -0.19068285
    0.01718285
    0.28835086
   -0.46588834
    0.07823366
   -0.48658516
    0.21002879
    0.08693640
    0.05445534
    0.05146547
    0.35040698
   -0.19726820
    0.02394581
    0.27002856
   -0.46808011
   -0.05300705
   -0.09965752
    0.37227148
   -0.65009411
   -0.66255839
    0.18617492
    0.09387719
    0.04362489
    0.03760110
    0.04134367
    0.04168405
   -0.19629511
    0.00549860
    0.26918690
   -0.47313355
   -0.01335681
   -0.14434554
   -0.14048527
    0.19087619
    0.09808484
    0.03943865
    0.05615624
    0.07345667
    0.06973219
    0.06075282
    0.06576976
    0.04267497
   -0.16461822
    0.02078926
    0.26923835
   -0.50358748
   -0.07510229
   -0.05224998
   -0.00937709
   -0.03186710
   -0.09390813
    0.03257257
   -0.04615809
   -0.05947922
   -0.04900159
   -0.04454373
    0.18007989
    0.08367929
    0.05522473
    0.06843635
    0.02922647
    0.18628375
    0.03530549
    0.03779188
    0.04141315
    0.04325973
   -0.16252812
    0.01695472
    0.18047439
   -0.38988475
   -0.09199931
   -0.08533477
   -0.10507447
   -0.05758899
   -0.12707548
    0.21927677
    0.08139010
    0.07574581
    0.07276951
    0.06235483
    0.07437889
    0.09329506
    0.08847930
    0.10507380
    0.10598398
    0.28964125
    0.30006922
    0.29883634
   -0.41453346
    0.03733906
    0.27644981
   -0.49249535
   -0.09297881
   -0.01512601
   -0.12392310
   -0.12831660
    0.18853328
    0.03502965
    0.05144819
    0.05037080
    0.03240441
    0.05549182
    0.02805175
    0.03693979
    0.05158907
    0.03967676
    0.05078285
   -0.18457035
    0.02831797
    0.18755432
   -0.44448373
   -0.09243673
   -0.01676549
   -0.14027744
   -0.12991459
    0.21641584
    0.06764512
    0.06086460
    0.05948713
    0.04499124
    0.05729323
    0.05641056
    0.05185864
    0.04514041
    0.04816050
    0.03928824
   -0.43284364
    0.04069260
    0.26807188
   -0.50580344
   -0.12109434
    0.19678588
    0.04535712
    0.04911971
    0.05086796
    0.04493947
   -0.19745501
    0.02610149
    0.27102075
   -0.48465125
   -0.08536276
    0.00286541
   -0.04901151
   -0.04719219
   -0.03480718
   -0.04022026
   -0.04152366
    0.22116483
    0.09705427
    0.05375312
    0.09665691
    0.05989933
    0.03620076
    0.05555448
    0.03930933
    0.04278321
   -0.17844474
    0.03126002
    0.27791760
   -0.47039393
   -0.09968391
    0.37172769
   -0.65079307
   -0.65618107
    0.18769394
    0.07547801
    0.03531947
    0.05138377
   -0.17502549
    0.01441841
    0.15351270
   -0.40615910
    0.12370152
   -0.50953804
   -0.15883855
    0.20841183
    0.07342846
    0.03636255
    0.34137517
    0.07650071
    0.06876905
    0.06389091
   -0.45110917
    0.02124942
    0.09181587
   -0.66084863
   -0.04126349
   -0.09490665
   -0.15671641
   -0.14817162
    0.19529888
    0.07630998
    0.05261292
    0.06752424
    0.05963279
    0.08027901
    0.04633200
    0.02891301
    0.06640710
    0.03904272
    0.04711694
   -0.45121625
    0.04104755
    0.09494423
   -0.62985566
   -0.04048965
   -0.09268711
   -0.14852606
   -0.13522560
    0.18410616
    0.08021254
    0.06764366
    0.08688238
    0.04375245
    0.05779519
    0.04093744
    0.04035515
    0.07091657
    0.02352817
    0.04032311
   -0.40895478
    0.03699883
    0.20261098
   -0.40068756
   -0.08082252
   -0.01401953
   -0.13321116
   -0.11806310
    0.16335853
    0.07224961
    0.05392081
    0.04647717
    0.04897928
    0.05273241
    0.05037345
    0.04472018
    0.04704828
    0.03897256
    0.03061546
    0.18728477
    0.04586963
    0.18888488
    0.04745134
    0.18093537
    0.04722616
    0.18238980
    0.05715609
    0.16680567
    0.05849507
    0.19538912
    0.05449203
    0.18053199
    0.03123436
    0.16960718
    0.05138696
    0.16095465
    0.04035393
    0.15965699
    0.03331452
    0.18886360
    0.04968673
