           2           1   1.00661069293304     
           3           2  0.970920500170380     
           4           3   1.81402236427993     
           5           2  0.963191659009685     
           6           5  0.991476224419365     
           7           6   1.00948649204755     
           8           6   1.01064254005003     
           9           1  0.949899433915752     
          10           2  0.964208340210221     
          11           5  0.960452986211045     
          12           5  0.967485461136612     
          13           6  0.968778200009567     
          14           7  0.980660103334208     
          15           7  0.984309974567666     
          16           7  0.985524008520891     
          17           8  0.984256229208401     
          18           8  0.985744929047034     
          19           8  0.973800370926003     
          21          20   1.01406586557541     
          22          21  0.939544121336338     
          23          22   1.59552207831594     
          24          21  0.963496334599792     
          25          24  0.992604462939475     
          26          25   1.00831735328435     
          27          25   1.01041746263975     
          28          20  0.939568061123949     
          29          21  0.951273830046621     
          30          24  0.970680076604159     
          31          24  0.970477585078824     
          32          25  0.970974164994600     
          33          26  0.983512220633582     
          34          26  0.984391582729027     
          35          26  0.982277883293362     
          36          27  0.985299589696826     
          37          27  0.984095162987614     
          38          27  0.985436112964099     
          39          22   1.31266341459770     
          40          39  0.979871576952225     
          41          40  0.947315421179674     
          42          41   1.77118052508135     
          43          40  0.988344649277091     
          44          43  0.977429859587007     
          45          39  0.919956960379961     
          46          40  0.953541518639955     
          47          43  0.973821995370493     
          48          43  0.975881251591168     
          49          44  0.935663906890611     
          51          50   1.02153856509537     
          52          51  0.984776568245745     
          53          52   1.81609568830363     
          54          51  0.978099605397625     
          55          50  0.925887520202036     
          56          51  0.933426575041761     
          57          54  0.982682007885773     
          58          54  0.980900223541164     
          59          54  0.982365709648606     
          61          60   1.01430556085352     
          62          61  0.977623230694424     
          63          62   1.84145472790691     
          64          61  0.973805769058874     
          65          64  0.956833048354784     
          66          65   1.57220783354919     
          67          65   1.39547600855916     
          68          60  0.953492462689430     
          69          61  0.915820410204936     
          70          64  0.945513932827380     
          71          64  0.973820123730532     
          72          67  0.913944208769449     
          73          67  0.926238698151668     
          75          74   1.02405478997497     
          76          75  0.984360076964954     
          77          76   1.79691604218197     
          78          75  0.952678059550440     
          79          78   1.01529568645687     
          80          79   1.40429833836133     
          81          79   1.40378504199594     
          82          80   1.45959129696659     
          83          81   1.45682083829571     
          84          82   1.43296465374832     
          84          83   1.43623667960009     
          85          74  0.954555108385075     
          86          75  0.932234743336117     
          87          78  0.969958973024057     
          88          78  0.953557642960035     
          89          80  0.971959849655122     
          90          81  0.969504918136424     
          91          82  0.972293836281552     
          92          83  0.968680229539700     
          93          84  0.973348768853370     
          95          94   1.02429095698443     
          96          95  0.724942879929627     
          97          96   1.37272783403253     
          98          95  0.988891931959784     
          99          98  0.991766468002900     
         100          99  0.955194814819050     
         101         100   1.59580033881633     
         102         100   1.37437589980774     
         103          94  0.949812323071779     
         104          95  0.958399674957407     
         105          98  0.969307574465608     
         106          98  0.974187550957000     
         107          99  0.964850476062984     
         108          99  0.974274934317780     
         109         102  0.921110715568305     
         110         102  0.918724397574570     
         111          96   1.79354602276818     
         112         111  0.615558208073687     
         113         112  0.969156163665889     
         114         113   1.63055316537560     
         115         112   1.01781479718338     
         116         112  0.948366537654153     
         117         115  0.954036917928928     
         118         115  0.973265468779496     
         119         115  0.978318752559925     
         120         111  0.848469375045167     
         121         113   1.28279816636104     
         122         121  0.981568849854545     
         123         122  0.928943516379330     
         124         123   1.61424253841909     
         125         122  0.969836377754964     
         126         125   1.01153147270172     
         127         126  0.997876547289438     
         128         127  0.994457263688612     
         129         128   1.17932246327471     
         130         129   1.44739668287430     
         131         129   1.33370794709933     
         132         121  0.921941289921106     
         133         122  0.938743373176841     
         134         125  0.943135364755469     
         135         125  0.974453225248057     
         136         126  0.970923259752768     
         137         126  0.952080732318364     
         138         127  0.967700953005505     
         139         127  0.956073002420643     
         140         128  0.937613957651537     
         141         130  0.869180252688825     
         142         130  0.891106612737951     
         143         131  0.922603966724132     
         144         131  0.902910713708609     
         145         123   1.31561517409974     
         146         145  0.975997717287475     
         147         146  0.931043686838836     
         148         147   1.59814521068869     
         149         146  0.959079252199963     
         150         149  0.987723522061336     
         151         149   1.00073643846676     
         152         145  0.920827530458157     
         153         146  0.943327627475185     
         154         149  0.955065998007596     
         155         150  0.857238604173554     
         156         151  0.977042274546692     
         157         151  0.971172853067334     
         158         151  0.981210341946538     
         159         147   1.31723580562334     
         160         159  0.975183920785663     
         161         160  0.948276637484120     
         162         161   1.60988348519308     
         163         160  0.955302875167655     
         164         163   1.00951102849082     
         165         163   1.01217721095262     
         166         159  0.909248794343598     
         167         160  0.942410710718939     
         168         163  0.963197452074492     
         169         164  0.977799862388568     
         170         164  0.982840319947121     
         171         164  0.969557282773983     
         172         165  0.980691498037860     
         173         165  0.973474793830917     
         174         165  0.980176846259528     
         175         161   1.29127201742939     
         176         175  0.985354335023646     
         177         176  0.933252622582418     
         178         177   1.62101536545520     
         179         176  0.951025698082478     
         180         179   1.00474749512412     
         181         179   1.01040462348209     
         182         175  0.927639926568222     
         183         176  0.946491610554626     
         184         179  0.962022966205632     
         185         180  0.980979598461774     
         186         180  0.973061477849903     
         187         180  0.982373659079926     
         188         181  0.977440092415621     
         189         181  0.982739697771187     
         190         181  0.979025373385908     
         191         177   1.28796427517872     
         192         191  0.980709653168266     
         193         192  0.938563135189269     
         194         193   1.63081123007711     
         195         192  0.973428814464893     
         196         195   1.00781207927017     
         197         196  0.961612127787520     
         198         197   1.57588354296592     
         199         197   1.38868701926653     
         200         191  0.919873205609026     
         201         192  0.949296637266351     
         202         195  0.950354007291125     
         203         195  0.963922429730546     
         204         196  0.968715549063164     
         205         196  0.920416520114650     
         206         199  0.927636410159941     
         207         199  0.909796866097217     
         208         193   1.30114097218082     
         209         208  0.970735427012841     
         210         209  0.936427005317564     
         211         210   1.64567361593289     
         212         209  0.978662993630296     
         213         212   1.00801110197000     
         214         213   1.00962859319127     
         215         214  0.982977911225586     
         216         215   1.20044291907638     
         217         216   1.40027173125925     
         218         216   1.35909622433652     
         219         208  0.911523218949758     
         220         209  0.955010711603318     
         221         212  0.960040522747001     
         222         212  0.969919473971137     
         223         213  0.969157437993664     
         224         213  0.968224181539201     
         225         214  0.962969970224118     
         226         214  0.963678165013907     
         227         215  0.930528943240095     
         228         217  0.904371886562355     
         229         217  0.898339907119561     
         230         218  0.914121236319010     
         231         218  0.900346015232747     
         232         210   1.27792524790804     
         233         232  0.985497786255608     
         234         233  0.934344344467990     
         235         234   1.62155905858216     
         236         233  0.980754315754728     
         237         236   1.00384191264293     
         238         237  0.950471925223180     
         239         238   1.56314202033384     
         240         238   1.41873929098050     
         241         232  0.925139964544789     
         242         233  0.937875371704351     
         243         236  0.969231214841683     
         244         236  0.965123253443744     
         245         237  0.953741622453108     
         246         237  0.970053962059140     
         247         240  0.887804677059080     
         248         240  0.912416756373358     
         249         234   1.30241408497014     
         250         249  0.979993178386655     
         251         250  0.946007784743201     
         252         251   1.63790853072297     
         253         250  0.956879959735583     
         254         253   1.00891676804073     
         255         254   1.40972094918337     
         256         254   1.41064207043183     
         257         255   1.45570940538234     
         258         256   1.45261655520120     
         259         257   1.43557506677079     
         259         258   1.43680933045947     
         260         249  0.925646358779844     
         261         250  0.942323470455819     
         262         253  0.954910921764904     
         263         253  0.963713792199635     
         264         255  0.966761231035440     
         265         256  0.966563491889916     
         266         257  0.969878785603765     
         267         258  0.972123017115664     
         268         259  0.967726654627838     
         269         251   1.28062260572139     
         270         269  0.983939767706212     
         271         270  0.932147131132408     
         272         271   1.66981937883829     
         273         270  0.979354773044494     
         274         273   1.00168462764200     
         275         269  0.918290282822336     
         276         270  0.946091840904115     
         277         273  0.967776934835557     
         278         273  0.965551850513397     
         279         274  0.865499650709663     
         280         271   1.27020233903753     
         281         280  0.979615046165693     
         282         281  0.934283890004365     
         283         282   1.65957174509203     
         284         281  0.965498711303854     
         285         284   1.00315547157532     
         286         285  0.938081656237488     
         287         286   1.50190524416439     
         288         286   1.47774413298077     
         289         280  0.929112695502623     
         290         281  0.948660243514971     
         291         284  0.969890467692646     
         292         284  0.970291054708534     
         293         285  0.976287512272206     
         294         285  0.966327136207163     
         295         282   1.27565148443969     
         296         295  0.968976566786138     
         297         296  0.940521888889651     
         298         297   1.61879859795923     
         299         296  0.954430141471237     
         300         299   1.01038095704717     
         301         299   1.01136052094962     
         302         295  0.929397063083685     
         303         296  0.943737111445197     
         304         299  0.969174106812556     
         305         300  0.978706114364363     
         306         300  0.974823088352560     
         307         300  0.982725773202303     
         308         301  0.976157248858217     
         309         301  0.982168366330932     
         310         301  0.978648066162307     
         311         297   1.30778517322217     
         312         311  0.968909789149726     
         313         312  0.927778335821710     
         314         313   1.62790032960823     
         315         312  0.985906095824852     
         316         315   1.01325776791640     
         317         316   1.56305448603445     
         318         316   1.20824385186426     
         319         317   1.23932372564699     
         320         318   1.26164382768591     
         320         319   1.17024084760624     
         321         318   1.31518046875706     
         322         320   1.32022029170582     
         323         321   1.53224039719566     
         324         322   1.52169756637862     
         324         323   1.35032381447123     
         325         311  0.936275441695279     
         326         312  0.948294757840264     
         327         315  0.968081001554778     
         328         315  0.956721043473404     
         329         317  0.969587827911975     
         330         319  0.939145062469891     
         331         321  0.966480741323459     
         332         322  0.970424154151901     
         333         323  0.971377289299598     
         334         324  0.970137851535757     
         335         313   1.31767297914556     
         336         335  0.973195576091257     
         337         336  0.959314156774939     
         338         337   1.82395761614679     
         339         336  0.963340404318317     
         340         339   1.00896054159924     
         341         340   1.00676774734003     
         342         341   1.00128096103415     
         343         342  0.972233116838713     
         344         335  0.914879120054266     
         345         336  0.960291742426432     
         346         339  0.969645579744836     
         347         339  0.961615221880249     
         348         340  0.961489247047461     
         349         340  0.970819212550021     
         350         341  0.968446796888730     
         351         341  0.970238664265476     
         352         342  0.956313327281934     
         353         342  0.962360254922224     
         354         343  0.894092624823107     
         355         343  0.887366075902622     
         356         343  0.888205142027584     
         358         357   1.00350704720546     
         359         358  0.929422762326137     
         360         359   1.62036887122255     
         361         358  0.993613984714745     
         362         361  0.988937693851154     
         363         362   1.01275330847215     
         364         362   1.01091831904553     
         365         357  0.948283185890471     
         366         358  0.967561294012216     
         367         361  0.973077737549447     
         368         361  0.971540420145302     
         369         362  0.967183935305252     
         370         363  0.974917725559576     
         371         363  0.980106251318499     
         372         363  0.983474372780530     
         373         364  0.979523346167329     
         374         364  0.983614130757615     
         375         364  0.982657933978010     
         376         359   1.30560740071135     
         377         376  0.959451652632505     
         378         377  0.971400695463851     
         379         378   1.71781711708733     
         380         377  0.980567196354334     
         381         380  0.990014042539069     
         382         381   1.00839460433074     
         383         381   1.01013181890828     
         384         376  0.915256906319333     
         385         377  0.951419437407406     
         386         380  0.972510971678346     
         387         380  0.969971512545213     
         388         381  0.964370365652593     
         389         382  0.982442039531130     
         390         382  0.983237645654893     
         391         382  0.984712381966772     
         392         383  0.981785051790577     
         393         383  0.983048723484081     
         394         383  0.979453879714712     
         396         395   1.01855615122735     
         397         396  0.952722862200339     
         398         397   1.61827992490026     
         399         396  0.982933772576716     
         400         395  0.916010623567803     
         401         396  0.956273064507816     
         402         399  0.982936857347376     
         403         399  0.981459303550599     
         404         399  0.984871802688168     
         405         397   1.29880775523375     
         406         405  0.981098913640669     
         407         406  0.933650849314538     
         408         407   1.61765907399808     
         409         406  0.971512446940667     
         410         409   1.01151567764022     
         411         410   1.41349700146521     
         412         410   1.38473481583958     
         413         411   1.45056149660581     
         414         412   1.46687822162016     
         415         413   1.44177405951971     
         415         414   1.42390633099391     
         416         405  0.906133192754025     
         417         406  0.942695943600298     
         418         409  0.943076918317912     
         419         409  0.949995787913542     
         420         411  0.958094805195082     
         421         412  0.966201008549742     
         422         413  0.963603902456140     
         423         414  0.964960140054843     
         424         415  0.971520133931132     
         425         407   1.30832199568020     
         426         425  0.969936277306432     
         427         426  0.921386618412629     
         428         427   1.66151273143638     
         429         426  0.990891845908735     
         430         429  0.933796766766167     
         431         430   1.49121591326023     
         432         430   1.49252906573088     
         433         425  0.932598566628354     
         434         426  0.950889689189978     
         435         429  0.976111886450334     
         436         429  0.959629748206253     
         437         427   1.29048031305771     
         438         437  0.968260045607786     
         439         438  0.968262453272720     
         440         439   1.74245654897714     
         441         438  0.947351916607164     
         442         441  0.978461482269642     
         443         441   1.00221399488397     
         444         437  0.929902860504581     
         445         438  0.962087072553014     
         446         441  0.962837693609495     
         447         442  0.868389281293822     
         448         443  0.979218625519292     
         449         443  0.978398933997713     
         450         443  0.982798403457597     
         452         451  0.938784551093743     
         453         452   1.07889887059340     
         454         453   1.41685513022738     
         455         452  0.903846868047795     
         456         455   1.03133582745263     
         457         455   1.00115067665287     
         458         456  0.989481610639986     
         459         451  0.942937882403430     
         460         452  0.980216174193334     
         461         455  0.969020309364657     
         462         456  0.973724173762188     
         463         456  0.965069749396130     
         464         457  0.972920797911367     
         465         457  0.980338409655711     
         466         457  0.985859762682131     
         467         458  0.983760925247960     
         468         458  0.983438880212984     
         469         458  0.980632405271547     
         471         470  0.969304322431257     
         472         471   1.11065360909623     
         473         472   1.43666728514271     
         474         471  0.866293576915534     
         475         474   1.01372617631431     
         476         474  0.987058686803156     
         477         475  0.999741561085399     
         478         470  0.946530009464549     
         479         471  0.975977801997278     
         480         474  0.983756241097067     
         481         475  0.974469619390187     
         482         475  0.966882091835606     
         483         476  0.983900319358825     
         484         476  0.986017373054591     
         485         476  0.989352304882683     
         486         477  0.980940942643105     
         487         477  0.983138509233159     
         488         477  0.983220171769662     
         490         489   1.02371730845655     
         491         490  0.990795156413154     
         492         491   1.84097006069970     
         493         490  0.947063709003153     
         494         493  0.995723445259200     
         495         494   1.00670390455740     
         496         494   1.01275956759062     
         497         489  0.956359115653782     
         498         490  0.946661749421101     
         499         493  0.978211014741919     
         500         493  0.970621148609287     
         501         494  0.963106046387586     
         502         495  0.982190206669991     
         503         495  0.984567695745647     
         504         495  0.985688792492431     
         505         496  0.979536533025927     
         506         496  0.983232545658137     
         507         496  0.976196520970134     
         508           1  0.956940114112924     
         509           3  0.955679925709977     
         510          20  0.949711986485388     
         511          41  0.955860284729183     
         512          50  0.955184661135154     
         513          52  0.957215269637358     
         514          60  0.946286960279055     
         515          62  0.950545884883254     
         516          74  0.956709129150266     
         517          76  0.952769724838225     
         518          94  0.949910423120803     
         519         337  0.955428146821802     
         520         357  0.957948205498839     
         521         378  0.958820486516620     
         522         395  0.954422974833577     
         523         439  0.955380041322000     
         524         451  0.957798994853750     
         525         453  0.964447825428203     
         526         470  0.958041729658455     
         527         472  0.973042910330871     
         528         489  0.953834473436329     
         529         491  0.956170296274500     
