           2           1   1.01652013912103     
           3           2  0.932635320849741     
           4           3   1.63159414816513     
           5           2  0.963533562977541     
           6           5  0.977263129079065     
           7           5  0.991854655652987     
           8           1  0.952367453649316     
           9           2  0.973749441071487     
          10           5  0.975790405057554     
          11           6  0.876470771171909     
          12           7  0.983424304672997     
          13           7  0.979838099268237     
          14           7  0.986014756270204     
          15           3   1.30931946926543     
          16          15  0.959925752202248     
          17          16  0.930068188482761     
          18          17   1.64181300568507     
          19          16  0.984124978325679     
          20          19  0.987306012059915     
          21          20   1.00857967976724     
          22          20   1.00101037530645     
          23          15  0.926052785197718     
          24          16  0.964628160305252     
          25          19  0.970694531923919     
          26          19  0.970040339987577     
          27          20  0.979236925185394     
          28          21  0.982323388194105     
          29          21  0.983281931396108     
          30          21  0.985325591651358     
          31          22  0.983009470312451     
          32          22  0.986121904731123     
          33          22  0.985541694824904     
          34          17   1.29366177368725     
          35          34  0.964925708901977     
          36          35  0.938854830077410     
          37          36   1.61989331114332     
          38          35  0.954285659161366     
          39          38  0.985326493153191     
          40          38   1.00083741928494     
          41          34  0.927403757323819     
          42          35  0.963168153859336     
          43          38  0.973197341707548     
          44          39  0.854230703277227     
          45          40  0.978299362404683     
          46          40  0.979158542658335     
          47          40  0.982408442760562     
          48          36   1.32057982711652     
          49          48  0.944306825047308     
          50          49  0.939328277817289     
          51          50   1.63407323321305     
          52          49  0.969223130364295     
          53          52  0.984789958328447     
          54          52   1.00135399907699     
          55          53   1.01333903533453     
          56          48  0.940340763267688     
          57          49  0.959076366303912     
          58          52  0.974053264656221     
          59          53  0.981433614190620     
          60          53  0.976811464352358     
          61          54  0.980157322934896     
          62          54  0.982747905337058     
          63          54  0.982346594129292     
          64          55  0.983203044790929     
          65          55  0.984705274907430     
          66          55  0.984365122390479     
          67          50   1.29787199670030     
          68          67  0.958198471717054     
          69          68  0.970152577080296     
          70          69   1.91617862956593     
          71          68  0.969041235139897     
          72          71  0.996411535053210     
          73          72  0.979253004595072     
          74          73   1.65386266613850     
          75          73   1.28513339035462     
          76          67  0.926807574810105     
          77          68  0.940774287294959     
          78          71  0.969752831029541     
          79          71  0.971188682917774     
          80          72  0.945453713158249     
          81          72  0.966385412101770     
          82          75  0.931626269603045     
          83          75  0.929254131789556     
          85          84   1.02261311926556     
          86          85  0.999676248789772     
          87          86   1.87340796631332     
          88          85  0.938023789680483     
          89          88  0.969742582247114     
          90          88  0.987239722718514     
          91          84  0.954885015538256     
          92          85  0.939871671567916     
          93          88  0.970806111936302     
          94          89  0.887353482949419     
          95          90  0.980978633868435     
          96          90  0.954440689535362     
          97          90  0.981865769907566     
          99          98   1.00332382332928     
         100          99  0.986941754064099     
         101         100   1.87115189255384     
         102          99  0.956126403142636     
         103         102  0.902527536415891     
         104         103   1.49176443880895     
         105         103   1.50804093085151     
         106          98  0.958617735360730     
         107          99  0.968007022250851     
         108         102  0.970318074376439     
         109         102  0.961893215358640     
         110           1  0.947804915053666     
         111          69  0.953350475244700     
         112          84  0.945557203035413     
         113          86  0.956264109180874     
         114          98  0.950292466296074     
         115         100  0.955611510244903     
