           2           1   1.01837425480105     
           3           2  0.937297419922920     
           4           3   1.61133034939878     
           5           2  0.960738589379796     
           6           5  0.959628503925272     
           7           6   1.65404744170287     
           8           6   1.29670581093401     
           9           1  0.949958106446330     
          10           2  0.960156866919600     
          11           5  0.954917414018771     
          12           5  0.972074536783570     
          13           8  0.929660294335117     
          14           8  0.929142556310354     
          15           3   1.30804491411301     
          16          15  0.983147285695008     
          17          16  0.935991875943079     
          18          17   1.62330638189510     
          19          16  0.976480278892121     
          20          19   1.01061862998114     
          21          15  0.911153623615718     
          22          16  0.942660616998658     
          23          19  0.962220562843515     
          24          19  0.965921512959185     
          25          20  0.859930636231909     
          26          17   1.30348238743087     
          27          26  0.969973034562295     
          28          27  0.940789819677382     
          29          28   1.62353812234332     
          30          27  0.980436704542501     
          31          30  0.993549928328992     
          32          31   1.00996198181889     
          33          31   1.00982289378212     
          34          26  0.915075438729593     
          35          27  0.945664046297344     
          36          30  0.968668619363979     
          37          30  0.970131302486892     
          38          31  0.965911599301151     
          39          32  0.985403991144186     
          40          32  0.985460730930569     
          41          32  0.982309828827284     
          42          33  0.985636039396594     
          43          33  0.984342820411980     
          44          33  0.985357354150395     
          45          28   1.28702386638525     
          46          45  0.982509943949480     
          47          46  0.933803929404540     
          48          47   1.58468825856076     
          49          46  0.978507226418856     
          50          49   1.00565697135227     
          51          45  0.921611852051451     
          52          46  0.952280198339071     
          53          49  0.967067430354251     
          54          49  0.959885823058185     
          55          50  0.859479755132798     
          56          47   1.34257465969500     
          57          56  0.982356285931336     
          58          57  0.940928983523192     
          59          58   1.56633889904794     
          60          57  0.977041924556799     
          61          60  0.991374481880411     
          62          61   1.00719746562061     
          63          61   1.00911911365018     
          64          56  0.879821085112724     
          65          57  0.934082551493022     
          66          60  0.967596350797078     
          67          60  0.968993773475996     
          68          61  0.963857223898247     
          69          62  0.982535702754109     
          70          62  0.985528623350958     
          71          62  0.984803371828634     
          72          63  0.979503617900378     
          73          63  0.984834603621393     
          74          63  0.984534108159611     
          75          58   1.34448753441506     
          76          75  0.983573485771702     
          77          76  0.937842896677924     
          78          77   1.62564408276489     
          79          76  0.976754697061652     
          80          79  0.990704743591956     
          81          80   1.00749528538141     
          82          80   1.00980036649310     
          83          75  0.871774821929922     
          84          76  0.937115043127916     
          85          79  0.966837438426943     
          86          79  0.971375871892663     
          87          80  0.961165732454884     
          88          81  0.984939388156284     
          89          81  0.982595529342542     
          90          81  0.986097955153160     
          91          82  0.983488568426190     
          92          82  0.986408877497904     
          93          82  0.980936267997078     
          94          77   1.29659682576584     
          95          94  0.984703082518422     
          96          95  0.933742473089903     
          97          96   1.62291415525874     
          98          95  0.961861851541430     
          99          98  0.989780938864159     
         100          98   1.00549347352031     
         101          94  0.899961650079348     
         102          95  0.946553699084736     
         103          98  0.955066983087898     
         104          99  0.862446834461825     
         105         100  0.980764323085649     
         106         100  0.970753277224911     
         107         100  0.984380286772893     
         108          96   1.30519473790742     
         109         108  0.979274415983823     
         110         109  0.937069941643065     
         111         110   1.60556654205780     
         112         109  0.982017162825047     
         113         112  0.986030034241779     
         114         113  0.967998798364143     
         115         114   1.65486968764751     
         116         114   1.29362824427241     
         117         108  0.900423253295783     
         118         109  0.943364061745908     
         119         112  0.953107780365636     
         120         112  0.971678036118907     
         121         113  0.965131397191077     
         122         113  0.967778760076529     
         123         116  0.933141729574712     
         124         116  0.929939506528262     
         125         110   1.31290207480848     
         126         125  0.987488612786304     
         127         126  0.973546508765373     
         128         127   1.89842301767621     
         129         126  0.973993233637304     
         130         129  0.962204023231575     
         131         130   1.63716309987300     
         132         130   1.32121678825510     
         133         125  0.875648899914071     
         134         126  0.912702422751521     
         135         129  0.953347616269342     
         136         129  0.944622119717491     
         137         132  0.916290773549329     
         138         132  0.929411144316764     
         140         139   1.01406989711876     
         141         140  0.940978844967922     
         142         141   1.61494065152503     
         143         140  0.977795093721567     
         144         143  0.993143677499326     
         145         144   1.00965609314568     
         146         144   1.00995116727458     
         147         139  0.932236160231303     
         148         140  0.956036957214457     
         149         143  0.967615879432285     
         150         143  0.969836468652942     
         151         144  0.967128428667095     
         152         145  0.985833515173890     
         153         145  0.984875987515750     
         154         145  0.982436977375192     
         155         146  0.986118658937492     
         156         146  0.984891993639175     
         157         146  0.984479024977122     
         158         141   1.30225814148108     
         159         158  0.987678749645499     
         160         159  0.982656754488552     
         161         160   1.88417267161906     
         162         159  0.969627508698535     
         163         162  0.956800962267054     
         164         163   1.63925099524179     
         165         163   1.32725900282712     
         166         158  0.870559450419157     
         167         159  0.926178777502674     
         168         162  0.956935838320488     
         169         162  0.947177651340621     
         170         165  0.923467316297009     
         171         165  0.902641603149282     
         173         172   1.01924826680096     
         174         173  0.941758609495696     
         175         174   1.58394816345856     
         176         173  0.973522159920439     
         177         176  0.992095048505670     
         178         177   1.00629176256246     
         179         177   1.01063302668722     
         180         172  0.951977509686995     
         181         173  0.949157405737585     
         182         176  0.972033554338822     
         183         176  0.972666663323597     
         184         177  0.966421802857670     
         185         178  0.982569425156967     
         186         178  0.986061829471970     
         187         178  0.985014266286143     
         188         179  0.984977357539508     
         189         179  0.982893086218288     
         190         179  0.980954069753554     
         191         174   1.32529335402071     
         192         191  0.974759402695723     
         193         192  0.933429166318345     
         194         193   1.61748838446354     
         195         192  0.996697513241095     
         196         191  0.911680316186549     
         197         192  0.951685699349269     
         198         195  0.979398978707440     
         199         195  0.977602198783502     
         200         195  0.979511434037876     
         201         193   1.30897689726973     
         202         201  0.977975916688198     
         203         202  0.932694492784103     
         204         203   1.64585691072230     
         205         202  0.978812529217437     
         206         205  0.992132609546268     
         207         206  0.965410337788328     
         208         207   1.64662558018842     
         209         207   1.30812924601323     
         210         201  0.915329217871794     
         211         202  0.939475352559520     
         212         205  0.972432968005587     
         213         205  0.966973624184704     
         214         206  0.968056678928313     
         215         206  0.967860762884225     
         216         209  0.929866319602817     
         217         209  0.925629620780542     
         218         203   1.28863470127255     
         219         218  0.972648120829449     
         220         219  0.933069042399164     
         221         220   1.59683617792912     
         222         219   1.00009140321381     
         223         218  0.919852328710799     
         224         219  0.952595837792448     
         225         222  0.979744862847408     
         226         222  0.978474464351545     
         227         222  0.975597706387806     
         228         220   1.32968855748595     
         229         228  0.976451756794349     
         230         229  0.933539784419795     
         231         230   1.61908263815975     
         232         229  0.987442095260944     
         233         232  0.964037658068396     
         234         233   1.66690085551710     
         235         233   1.29353018654485     
         236         228  0.876865068857118     
         237         229  0.949694898035417     
         238         232  0.949167524398328     
         239         232  0.950510758035208     
         240         235  0.924590010510730     
         241         235  0.929841294093192     
         242         230   1.31182729664301     
         243         242  0.980941686037175     
         244         243  0.945173134344230     
         245         244   1.56523246238274     
         246         243  0.975827037996123     
         247         246   1.00652799716823     
         248         247  0.972784029599648     
         249         248   1.64175711796538     
         250         248   1.29702152589461     
         251         242  0.898850334102806     
         252         243  0.940486469491492     
         253         246  0.961566600420890     
         254         246  0.973845605554619     
         255         247  0.963250955339037     
         256         247  0.938470474863331     
         257         250  0.929185859923750     
         258         250  0.924221981674351     
         259         244   1.33808743027230     
         260         259  0.972389321073548     
         261         260  0.937893274400765     
         262         261   1.54634230800342     
         263         260  0.971686037454069     
         264         263   1.00796964486782     
         265         263   1.00738084500650     
         266         259  0.888320381177223     
         267         260  0.952544691233009     
         268         263  0.959131299234635     
         269         264  0.983420004712191     
         270         264  0.983368700747520     
         271         264  0.985718873420432     
         272         265  0.983055084542385     
         273         265  0.985748306251403     
         274         265  0.981117783632574     
         275         261   1.34128080689488     
         276         275  0.962718865345944     
         277         276  0.946227572881356     
         278         277   1.59523316615226     
         279         276  0.974106680668009     
         280         279   1.00420760498810     
         281         275  0.968216650913490     
         281         280   1.00377017376316     
         282         276  0.948011699826444     
         283         279  0.973240710936105     
         284         279  0.974477051881169     
         285         280  0.971108275218247     
         286         280  0.972641107133468     
         287         281  0.945603924509631     
         288         281  0.960418934969443     
         289         277   1.31138258056855     
         290         289  0.980936756885956     
         291         290  0.932059538729489     
         292         291   1.63992787319415     
         293         290  0.980618223708950     
         294         293  0.990296635435423     
         295         294  0.969962951121841     
         296         295   1.63851851546842     
         297         295   1.30770378591349     
         298         289  0.902465501665398     
         299         290  0.949579180783247     
         300         293  0.966305458943745     
         301         293  0.973069783729433     
         302         294  0.972927061680392     
         303         294  0.946218248062877     
         304         297  0.926288279081418     
         305         297  0.923876337646129     
         306         291   1.28619632550190     
         307         306  0.990006088118951     
         308         307  0.926911532330015     
         309         308   1.58681357785000     
         310         307  0.967285170057383     
         311         310  0.959324558653438     
         312         311   1.63477013244368     
         313         311   1.32964716227614     
         314         306  0.896100760829378     
         315         307  0.954489662523850     
         316         310  0.962912256895690     
         317         310  0.968283618943002     
         318         313  0.925353441855271     
         319         313  0.885460940683786     
         320         308   1.34392695173943     
         321         320  0.973173807956849     
         322         321  0.941336261982761     
         323         322   1.58948823120636     
         324         321  0.962766282012997     
         325         324   1.00752283343997     
         326         324   1.00769162157085     
         327         320  0.875867608529757     
         328         321  0.948161669391577     
         329         324  0.956281668898066     
         330         325  0.982895279212167     
         331         325  0.984262579200329     
         332         325  0.981715923119253     
         333         326  0.982185071374227     
         334         326  0.984732682747181     
         335         326  0.976363154484393     
         336         322   1.31838823434216     
         337         336  0.979862038191491     
         338         337  0.940513122460197     
         339         338   1.63364790656202     
         340         337  0.974482456054565     
         341         340  0.989689134945476     
         342         341   1.00610115930480     
         343         341   1.01012505777692     
         344         336  0.894485535368853     
         345         337  0.945061672838131     
         346         340  0.972219943909195     
         347         340  0.971270829641060     
         348         341  0.956120959276485     
         349         342  0.980421798249450     
         350         342  0.985059914498942     
         351         342  0.985668503126361     
         352         343  0.980572977515442     
         353         343  0.985719325698630     
         354         343  0.981743310444312     
         355         338   1.27985344962763     
         356         355  0.996647383421402     
         357         356  0.940951327549942     
         358         357   1.59656301106672     
         359         356  0.965005655467061     
         360         359   1.02027861887030     
         361         355  0.893489433360719     
         362         356  0.936028120841528     
         363         359  0.970456331408662     
         364         359  0.966894169019515     
         365         360  0.839222660287810     
         366         357   1.33003876828819     
         367         366  0.984273182279565     
         368         367  0.983572607805440     
         369         368   1.88042100279825     
         370         367  0.958809451824212     
         371         370  0.995504696684259     
         372         371   1.01120866189022     
         373         371   1.00481565402838     
         374         366  0.882464294790024     
         375         367  0.924005661451157     
         376         370  0.970040994660449     
         377         370  0.969535337027656     
         378         371  0.961196238407511     
         379         372  0.983966443707412     
         380         372  0.976205217534038     
         381         372  0.985067468164846     
         382         373  0.984105677761967     
         383         373  0.985850664222298     
         384         373  0.982057379853372     
         385           1  0.952461713017092     
         386         127  0.952494976597111     
         387         139  0.959375271326116     
         388         160  0.954168264901858     
         389         172  0.955951493432385     
         390         368  0.953515585501957     
