   -0.39690133
    0.03828518
    0.26838868
   -0.49971584
   -0.08049602
    0.00969416
   -0.03885874
   -0.04591622
   -0.03382793
   -0.03193452
   -0.03324615
    0.17283826
    0.03410937
    0.06115424
    0.06013686
    0.03347881
    0.04044288
    0.03977072
    0.01891111
    0.03241936
   -0.16184691
    0.02685120
    0.20308564
   -0.36109174
   -0.08790371
   -0.07807785
   -0.09460133
   -0.04041485
   -0.17033423
    0.22265729
    0.07476870
    0.06578389
    0.09462428
    0.06637064
    0.06003582
    0.08102831
    0.08172884
    0.10975001
    0.09562224
    0.27996583
    0.30181430
    0.28424567
   -0.40526048
    0.03606665
    0.25887422
   -0.51300999
   -0.10527429
    0.18430082
    0.05321666
    0.04507166
    0.04921623
    0.03671319
   -0.16373751
    0.00424055
    0.28040203
   -0.49547998
    0.11067656
   -0.48186355
   -0.15195997
    0.23871570
    0.07115159
    0.04602719
    0.34684406
    0.07394889
    0.06199091
    0.08144047
   -0.16834448
   -0.03521979
    0.27868013
   -0.49867255
    0.21785880
    0.09043796
    0.09889089
   -0.17842227
    0.01649361
    0.27384858
   -0.48642825
   -0.07129308
   -0.01108602
   -0.10751975
   -0.12741130
    0.21711465
    0.09074524
    0.04224296
    0.05670606
    0.03813724
    0.04621881
    0.02483626
    0.03422217
    0.07550932
    0.04189373
    0.03374772
   -0.17058323
   -0.03528054
    0.27835406
   -0.47086214
    0.21557770
    0.09028751
    0.10031912
   -0.16827811
   -0.03200972
    0.27724939
   -0.49208155
    0.21973678
    0.08462205
    0.08763332
   -0.18967903
    0.00189499
    0.27170685
   -0.47243332
    0.10930280
   -0.47307288
   -0.14068085
    0.22737275
    0.08054676
    0.04640736
    0.33652830
    0.07545381
    0.06037873
    0.05925049
   -0.17057740
    0.03198203
    0.28888314
   -0.50042987
   -0.11758961
    0.36131011
   -0.55197663
   -0.57376963
    0.19637805
    0.08140601
    0.07361217
    0.04625052
   -0.17350284
    0.02403696
    0.26361340
   -0.44995171
   -0.06169407
   -0.09651741
    0.28918276
   -0.52026355
   -0.29259947
    0.22042396
    0.05115615
    0.06984062
    0.04328182
    0.07379099
    0.06623765
    0.22509417
    0.22325592
   -0.16025345
    0.01519604
    0.27710501
   -0.49113256
   -0.07922059
   -0.06567548
   -0.09330747
   -0.04030134
   -0.16380219
    0.20059333
    0.08699902
    0.05806319
    0.08301104
    0.03800521
    0.03542449
    0.07986611
    0.09355642
    0.09705565
    0.12068163
    0.28414266
    0.30427963
    0.24858982
   -0.17470123
    0.02146203
    0.28094547
   -0.48803153
   -0.02167443
   -0.05911974
   -0.11994402
   -0.11386934
    0.21328357
    0.06927130
    0.05110052
    0.03323402
    0.03424709
    0.06846684
    0.03205102
    0.04522866
    0.04770059
    0.04784091
    0.04494843
   -0.18408743
    0.03639934
    0.19523960
   -0.34316405
   -0.10621304
    0.37243766
   -0.62006140
   -0.62820518
    0.21459062
    0.08403235
    0.05443764
    0.05202044
   -0.39138326
    0.02821097
    0.27868757
   -0.49947950
   -0.07742861
   -0.06902298
   -0.09052246
   -0.04284309
   -0.15012034
    0.15896116
    0.03692684
    0.06461651
    0.04057410
    0.02981080
    0.04640942
    0.07625352
    0.08694854
    0.11275958
    0.10226950
    0.30154962
    0.29467608
    0.30877014
   -0.16648128
    0.02502905
    0.27987036
   -0.50962659
   -0.00861828
   -0.10865857
   -0.10926129
    0.20092891
    0.07431588
    0.03506455
    0.05971386
    0.01439474
    0.04905570
    0.05862678
    0.04467796
    0.04302443
   -0.17350034
    0.01979559
    0.26862815
   -0.50145725
    0.13350967
   -0.49293640
   -0.12461242
    0.21430942
    0.06439611
    0.01545247
    0.32518084
    0.08060527
    0.04078573
    0.04468192
   -0.18324388
    0.02316198
    0.27690667
   -0.49888024
    0.00107795
   -0.10935856
   -0.11090089
    0.21916362
    0.08663871
    0.01971434
    0.06261230
    0.02156130
    0.05274938
    0.06306212
    0.03288576
    0.04140164
   -0.18362907
    0.00850124
    0.27278114
   -0.47749948
    0.10913985
   -0.46685423
   -0.14762990
    0.22983156
    0.06145266
    0.05457154
    0.34239576
    0.08598880
    0.05840949
    0.06269280
   -0.16582727
   -0.04201640
    0.26999599
   -0.47934944
    0.21582747
    0.10903332
    0.11147466
   -0.17269582
   -0.02644407
    0.27483946
   -0.49881631
    0.20981309
    0.09078377
    0.07421975
   -0.15586701
    0.01386279
    0.27139140
   -0.43372371
    0.11613078
   -0.47251062
   -0.14340921
    0.23909187
    0.05499152
    0.03791618
    0.35195471
    0.06949307
    0.05493962
    0.06102669
   -0.17731970
   -0.03807078
    0.27591994
   -0.47413235
    0.20127759
    0.08691768
    0.11488645
   -0.18416577
    0.01767018
    0.27380880
   -0.48438306
   -0.05700041
   -0.06725696
   -0.08977314
   -0.04817360
   -0.15879397
    0.20723179
    0.10708260
    0.02404166
    0.06493340
    0.03614994
    0.06182524
    0.07293885
    0.07311407
    0.11978284
    0.11399851
    0.30038852
    0.30261238
    0.28882474
   -0.17860746
    0.04674076
    0.19508596
   -0.36987094
   -0.09349807
    0.37987853
   -0.62027793
   -0.60622833
    0.19478620
    0.08144108
    0.03522950
    0.04353407
   -0.38169504
    0.03742763
    0.19795223
   -0.37386082
   -0.07040283
    0.00003685
   -0.04564067
   -0.04389213
   -0.05758361
   -0.06299069
    0.14625223
   -0.42771922
    0.16206080
    0.06901237
    0.04984642
    0.05482400
    0.03492166
    0.05134905
    0.03265083
    0.04811645
    0.33252845
   -0.38061370
    0.04165201
    0.20277720
   -0.36840736
   -0.06455216
   -0.01044621
   -0.11430085
   -0.11851473
    0.16148946
    0.04245854
    0.04648780
    0.04525483
    0.02147227
    0.05109543
    0.02935495
    0.04063690
    0.06026063
    0.04482769
    0.02947075
   -0.38164028
    0.03704147
    0.26685508
   -0.45656655
   -0.11762373
    0.15769943
    0.01189928
    0.04664931
    0.05194124
    0.06408946
   -0.18004009
    0.02036082
    0.20130185
   -0.34897640
    0.11495086
   -0.48213008
   -0.14322258
    0.21678593
    0.09944885
    0.05080102
    0.34898706
    0.06976557
    0.06431186
    0.05825345
    0.18135758
    0.08029845
    0.17214638
    0.07606152
    0.19340728
    0.07480872
    0.17769227
    0.06700313
    0.17871079
    0.06299219
    0.17562737
    0.08889391
