$grad                                                                           
  cycle =      1    SCF energy =  -664.39490559462   |dE/dxyz| =  0.544224
  417.32481730885416    122.81836345915546    230.89997848509213      n 
  418.77387716943849    124.53835191614245    229.34606226408900      c 
  421.58189009463484    124.08598981728733    229.79032019138540      c 
  423.04749560761553    123.63863023346848    228.04153719549478      o 
  418.08009335567442    127.29013267028898    229.91427708401531      c 
  419.80121271159692    129.03227972059872    228.46955812197979      c 
  419.53686524606144    129.28256588104335    225.86876736029816      c 
  421.71067834547540    130.35691897512754    229.68871501810190      c 
  421.14592951821101    130.83583407646807    224.51596790100166      c 
  423.31767978559782    131.91628135967144    228.33691168683251      c 
  423.04404563737302    132.14951677912237    225.74715867836045      c 
  415.94949679073517    123.55310007519978    232.01522572474107      h 
  418.39625820693811    124.10978814395766    227.35005205061154      h 
  416.11488949770825    127.57849255729546    229.35666290138775      h 
  418.21927129616267    127.63072559051388    231.94131282039598      h 
  418.06498378823011    128.25064037351115    224.89832226161798      h 
  421.95359858471625    130.15642244736671    231.70576626421931      h 
  420.90337119928398    131.02355453614919    222.50194181341050      h 
  424.78886050923660    132.94350906405163    229.30526524250118      h 
  424.31580732002732    133.34181582443659    224.69451067568551      h 
  422.39343861185574    124.27008600312872    232.16562579692106      n 
  425.08784526322995    124.24741507014116    232.67827338158864      c 
  426.31670316124320    121.73278780157712    231.97660507690750      c 
  428.46764210710791    121.66480562808009    231.12949500418821      o 
  425.72615463351548    125.04439843238919    235.38161385846399      c 
  424.71835568614574    123.30169518697761    237.45281387072453      c 
  425.34959942742063    124.37498953715435    240.06792447184901      c 
  428.10254920855823    123.91569059978124    240.80210729935752      c 
  428.78196022009718    125.49073029139612    243.02243624300863      n 
  421.16530104713877    124.52736627061412    233.60487801592231      h 
  425.96186676672392    125.62866756953993    231.39651037990561      h 
  427.78302387332366    125.12874416542390    235.47416201576766      h 
  425.01094503097136    126.95822556793162    235.66385834304370      h 
  422.67110392177477    123.11096070227960    237.29353644655859      h 
  425.53416835182981    121.41908084542409    237.25906177941209      h 
  424.98729657903294    126.40391634837069    240.04630344773321      h 
  424.10857199230372    123.49902820975340    241.45861060960937      h 
  428.39178658243935    121.92513328577272    241.25389156971713      h 
  429.35703500108832    124.43119644729254    239.25363292179262      h 
  430.54612207882860    125.03012417294727    243.68078387098492      h 
  428.82604351800762    127.43599165806937    242.49412376733653      h 
  427.48277546998145    125.25555233779320    244.44323625187525      h 
  427.83698371751655    123.20836854440799    225.63024725608958      n 
  429.33892618193761    125.46706524785287    225.34940903696432      c 
  431.91856539281378    125.28793531887595    226.61967548832317      c 
  433.42702180664384    127.04827177192006    226.41544190220873      o 
  427.86470318112310    127.78529571338724    226.19231328080878      c 
  426.31009782960064    123.30501297334661    226.78587509164700      h 
  429.81671996128483    125.65057310115708    223.33442020222111      h 
  429.00438613858807    129.46474306322236    225.89305273737577      h 
  426.12575685546278    127.92951113451097    225.11309437295171      h 
  427.38940034328010    127.64618370090206    228.18380869370694      h 
  432.49931461964184    123.13321122245503    227.77748193866080      n 
  435.07441687384681    122.53684197333047    228.44250166210847      c 
  436.85733440964566    123.22208952610700    226.27226144770469      c 
  438.97878850387491    124.03616347044088    226.71852853144145      o 
  435.35521519084176    119.66629340157210    228.99867896099693      c 
  434.35559444712351    118.25217362968320    226.97789576540006      o 
  434.19627376580775    118.93456165293271    231.52892979660541      c 
  431.17618125162829    121.78992670433345    228.08186822748206      h 
  435.69425571253765    123.63613792059019    230.08857356682336      h 
  437.39461831315282    119.28033221608956    229.03527722959979      h 
  432.62573889475146    117.76370916713240    227.36427924869639      h 
  434.29190681644184    116.89123372270382    231.72278332878477      h 
  435.24283396890490    119.80501257348058    233.06264978260785      h 
  432.22660166103890    119.51309788633020    231.61564160334478      h 
  435.94928691021232    122.88249777343040    223.93404065057521      n 
  437.43857996864796    123.43913967108111    221.71577918805508      c 
  438.75278404158939    126.01904667464358    221.70492030628830      c 
  440.56003806928521    126.36747261947728    220.29840285616206      o 
  434.27814546074791    121.98839638026018    223.66606412641391      h 
  438.93699389898200    122.03357624966726    221.44621531356054      h 
  436.19079804185088    123.37651688831076    220.07409406178942      h 
  437.75627811179947    127.84436613508298    223.13664271023288      n 
  438.78757278459022    130.37258293355237    223.14131916439496      c 
  441.05616621054355    130.76774352208560    224.89851118696976      c 
  442.27095915516105    132.73184434059016    224.78509142153993      o 
  436.72397204256282    132.28890585699017    223.80865234704154      c 
  434.57003718338160    132.33157318230192    221.87354840909074      c 
  432.43704424411584    134.06560373474855    222.74838333585990      c 
  435.52240414998181    133.19425063900138    219.30239811060667      c 
  436.25000150554473    127.52280580140575    224.28019138879856      h 
  439.52587389809611    130.74154944450939    221.24094356794546      h 
  435.97942653355898    131.81664412828320    225.67330190416726      h 
  437.59506013315843    134.15366329309012    223.93173199562659      h 
  433.80751322628646    130.41566672706233    221.70388467108356      h 
  430.88805305182620    134.00383690164617    221.39963566726206      h 
  431.73298829545325    133.49728002975789    224.59426699987071      h 
  433.07179017991064    136.01721070648426    222.87912796989804      h 
  433.96414598144298    133.28639512211845    217.97581590165080      h 
  436.34918922271908    135.06728246448080    219.46315238942807      h 
  436.93358558302373    131.89389729861028    218.57030868730075      h 
  441.65603735693406    128.84489583055782    226.43224528790222      n 
  443.52552289945345    129.18600297374834    228.38682874883929      c 
  442.54382538867981    131.07163501961520    230.35289121701868      c 
  440.44231455958635    132.00604439332861    230.17404594029608      o 
  440.53045886816830    127.29792789281989    226.52903947440976      h 
  443.92632064310550    127.36713075576982    229.26121379667754      h 
  445.24656548733788    129.97264446302927    227.55207222679979      h 
  444.19774907466734    131.70425406866499    232.16945664294042      n 
  443.45086369622157    133.27673469018680    234.26837705951311      c 
  442.71544238805728    131.68538562371333    236.57382258054704      c 
  443.11375778392289    129.41276595936870    236.68227111648753      o 
  445.76712272613531    130.64909117825661    232.41256735181705      h 
  444.99749620552484    134.54964672310373    234.77141353352940      h 
  441.82070007978047    134.39698124726675    233.67964263487059      h 
  441.66212274824511    133.04494598123887    238.42517519516997      n 
  440.93426041663241    131.99705400984161    240.83505781522058      c 
  438.11984238684033    131.34319633443812    240.99113525947809      c 
  437.37776687248430    129.52059705664601    242.20043507292814      o 
  441.58835334590913    133.92051264844602    242.95850944993364      c 
  443.92399956698824    135.09327147353233    242.48574060287478      o 
  441.50166665816289    132.67323303423885    245.55481531424837      c 
  441.46838126585413    134.93613377849985    238.18902336562991      h 
  441.98610272784589    130.23184102657774    241.10427726259439      h 
  440.20836729303147    135.46077289753532    242.85833945944694      h 
  445.26664677295474    133.88562066971662    242.75808672315210      h 
  441.82763059433057    134.08153846633547    247.01290259883805      h 
  439.67530618001234    131.78964002251345    245.85463235721809      h 
  442.95181168083457    131.22287094007027    245.69227939934535      h 
  436.54262303750545    133.01573212537517    239.92413931411190      n 
  433.85679524059674    132.50563333503788    239.82205188238817      c 
  432.74913923776694    133.73225726460731    237.45932277324238      c 
  433.64750181309762    135.68539060389708    236.60022404212910      o 
  432.47584113346068    133.53362726300824    242.15124375374708      c 
  429.77513749268064    132.43346638648080    242.32396592514198      c 
  428.11152622582460    133.77715010713047    243.30168670777729      o 
  429.46095368062493    130.24573786541774    241.50408225043535      o 
  437.18642122301327    134.26525591594773    238.62831517212211      h 
  433.59628230264474    130.45366596251699    239.75468232119422      h 
  433.47211629445303    132.90731958701326    243.84860589077471      h 
  432.43166902202114    135.59375195846474    242.13195635031636      h 
  430.64208891345788    132.62186590897727    236.60965227757521      n 
  429.32728122311988    133.24678677934878    234.28985138099097      c 
  426.49063183837495    133.23834276117611    234.90512205607627      c 
  425.41498470871562    131.27036310517198    235.45573193186723      o 
  429.80321295268811    131.29214217765139    232.14394193620493      c 
  431.65574077937515    129.15822284426960    232.79908261458553      c 
  434.38069561341320    130.08580826866978    232.78274334123881      c 
  435.47206394299712    130.81235143796619    234.69666103868488      o 
  435.46074401893236    130.05398241999291    230.50690709442051      n 
  429.96291835593996    131.12396563412418    237.59037215695929      h 
  429.93511798692941    135.13543843739620    233.71401626177209      h 
  427.99314658059950    130.41760434717094    231.67929086805432      h 
  430.47641644068381    132.28368450375211    230.46691286772227      h 
  431.21490590185226    128.38284070332125    234.65114985477646      h 
  431.46356552018131    127.67464751206430    231.38291758908915      h 
  434.59605981972851    129.27217968833358    228.98980941263426      h 
  437.24677533365667    130.72076215482124    230.30861429438599      h 
  425.29535951903910    135.46027411022916    234.78825696742905      n 
  422.61181131517259    135.59731077767782    235.34020855393524      c 
  421.33907666610622    137.64610262409991    233.74254687833715      c 
  422.54033938306424    139.22708362770541    232.56112295452758      o 
  422.14850315336685    135.85708543900773    238.20060674734967      c 
  423.62180921871061    138.00342683754022    239.45046980741390      c 
  423.40355402157684    137.75382084162121    242.32455518477875      c 
  425.10129708256932    139.55368604898101    243.79173114317123      c 
  427.81325234515941    138.87853610754175    243.46194302718149      n 
  426.21040024527889    137.08643714282056    234.36315299073888      h 
  421.81155414274605    133.78030335336027    234.73488161981868      h 
  420.13279428692761    136.10743448008330    238.54491673565113      h 
  422.74857547620246    134.07681610865140    239.05445961037708      h 
  425.59433741389421    137.87145809988132    238.86168045259544      h 
  422.89258318601981    139.82605240519973    238.80821245436741      h 
  421.45088384221197    138.11258103645648    242.86932373511291      h 
  423.88213871926399    135.82169845355790    242.86449905557168      h 
  424.79250193498490    141.49362341325855    243.16785479670841      h 
  424.65816398270783    139.39857191104545    245.79656355433715      h 
  428.90208189312597    139.76009954736151    244.80068055721065      h 
  428.03786131512908    136.85067235523312    243.57472318935248      h 
  428.44394860750441    139.43408805737420    241.71778627978082      h 
  418.81825338885500    137.37464683592034    233.61025430571226      n 
  417.14473404374939    139.00742989371841    232.20183630226290      c 
  415.97290811910551    140.93277321629429    234.00944354487191      c 
  415.22102442516143    140.33195414160465    236.11769850616790      o 
  415.09234442235862    137.43643878102395    230.86428647217380      c 
  416.35897581502280    135.65838689345799    228.95629878615722      c 
  413.16665594568445    139.20396493265793    229.64712066274356      c 
  414.54233983561579    133.83590509029054    227.66609555803666      c 
  417.94845031247183    136.16436733505896    234.79972497438763      h 
  418.28190693814020    140.01763654451065    230.80382738933267      h 
  414.12013072217053    136.29796633891641    232.29592895790725      h 
  417.32753530093117    136.79177284110810    227.52935575897575      h 
  417.80522819763650    134.56144574371925    229.94002249510876      h 
  411.88816701911946    138.15537879405477    228.43610655284019      h 
  412.02332232076640    140.15000135436659    231.06998568891640      h 
  414.12534890747196    140.64561594483482    228.53994992434107      h 
  415.62105884368503    132.43619687304781    226.61915622224583      h 
  413.36747698909062    132.87083254484517    229.04660569560380      h 
  413.30630782339364    134.81953217566453    226.35686634248043      h 
  415.81446471792839    143.28003534411135    233.08226656810612      n 
  415.34749962838544    145.44376849111015    234.69492221358868      c 
  412.79287771549366    146.68790875121886    234.06787073975931      c 
  412.64326782088108    148.80080042007097    233.15265160676029      o 
  417.46035917983329    147.37261890070636    234.39275849589609      c 
  420.18308056283450    146.23077555222233    234.40302357247930      c 
  420.68539764199244    144.51838838634146    235.91856422269547      o 
  421.67955499391644    147.25137567154721    232.87440788819990      o 
  416.63734297274982    143.62973531251134    231.38877851478352      h 
  415.27001928805487    144.70935126917587    236.63256400908082      h 
  417.19540864718942    148.35750763779987    232.60439729193956      h 
  417.34081717419224    148.73775316516813    235.93368344985197      h 
  416.15039699192670    145.22944611300946    223.70373224370982      n 
  418.35336901022544    146.53464736183111    224.71386155652269      c 
  419.60274859599974    144.68464863890787    226.55461281537308      c 
  418.32105530706292    143.57256079295621    228.14477133975862      o 
  417.71813218844665    149.01448928209805    226.04815099216472      c 
  420.18302865584212    150.46106192393830    226.49220152468382      c 
  419.81767720498800    153.11426491285738    227.57077290433833      c 
  418.87111129095001    153.03198424796258    230.29492781530334      c 
  419.31381411381886    155.51165316495272    231.55548294044232      n 
  414.79654342743299    144.85850193449357    225.00401695265592      h 
  419.62871537355932    146.89928490218949    223.13714990039446      h 
  416.48976664813603    150.12097181670279    224.82482408919083      h 
  416.78995537676735    148.60506154894111    227.84231752267664      h 
  421.39887436111673    149.37287790541114    227.75806311612862      h 
  421.17091857953233    150.60959262421821    224.68897528363181      h 
  421.66474620734834    154.02800544339340    227.52419273515270      h 
  418.53562473961938    154.18007175421712    226.36121899040032      h 
  416.85370151034084    152.62472048080829    230.36460177332643      h 
  419.89876988761762    151.56104054603557    231.31888233916177      h 
  418.62105283341162    155.49194274523438    233.37306210909367      h 
  421.22532703219338    155.87338568989151    231.63094937564023      h 
  418.44693629975711    156.93532702331163    230.54303785729570      h 
  422.03907219671532    144.29688323398477    226.13331785099763      n 
  423.58353119671096    142.60698064784569    227.59604492660930      c 
  425.78654875778301    144.09875588720499    228.69194563594817      c 
  426.98120255715452    145.62061116893042    227.41004507449924      o 
  424.65049740553860    140.46810657774674    225.93064575582861      c 
  426.25525037338156    138.67128466763671    227.51070381482378      c 
  422.49154999082918    139.05758680049857    224.63958057929401      c 
  422.96546810136931    145.37698221575130    224.84922281958981      h 
  422.43553393110659    141.82153397899222    229.12135318135176      h 
  425.86540284724254    141.35546977547750    224.50572385555648      h 
  426.91482531373327    137.10994480771907    226.35177425519004      h 
  427.90471744912094    139.64117792722234    228.26115987107988      h 
  425.15922247074639    137.93717646332723    229.08580089911652      h 
  423.23941626781169    137.57983036704942    223.42688393412826      h 
  421.28663797968193    138.18826265796079    226.05926557936371      h 
  421.36732289970286    140.34172462909689    223.49325515064652      h 
  426.26525838336295    143.54855697276184    231.10052416027855      n 
  428.48794022668324    144.38714331526643    232.42880809541967      c 
  430.05104099427859    142.04593407679690    233.04914118418469      c 
  429.10356119818908    140.21959449599177    234.13431948152873      o 
  427.78200607013991    145.83386649021918    234.86805089848346      c 
  426.50625990032148    148.08893483404788    234.31321989327358      o 
  430.19167478511832    146.47807283914656    236.31873966504156      c 
  425.16984156291977    142.25879532956500    231.99273882006949      h 
  429.54707979760883    145.65099410734317    231.18248111303953      h 
  426.55432222522188    144.59128220853634    236.00942204375906      h 
  424.79118763927988    147.69170530192474    233.67582803142375      h 
  429.73433228933538    147.70883153633625    237.89436741310467      h 
  431.08762498562390    144.75828835161965    236.98795936148127      h 
  431.48991809549796    147.45297601072278    235.05712341002712      h 
  432.44559419371120    142.14351571853260    232.28827534028957      n 
  434.24145049600207    140.16393238118360    232.85300114388892      c 
  436.26687102370954    141.28534714473560    234.55694228111767      c 
  437.94806895216925    142.69044308574408    233.79562344912554      o 
  435.47847714336785    139.00952067328063    230.50281682795668      c 
  437.24727146344122    136.89677193347273    231.35820697302830      c 
  433.48534512953188    137.99698204378626    228.69353701971247      c 
  433.11675717244543    143.73692267218738    231.44090208071299      h 
  433.21207025165825    138.69461094983561    233.87737281530201      h 
  436.55295674024245    140.51400643651999    229.56503749443050      h 
  438.13577663390151    135.98039991854526    229.75056663489281      h 
  438.72059408335122    137.62211399484551    232.59625076538629      h 
  436.19523388854617    135.47783832906956    232.40812947725684      h 
  434.37768470398754    136.84814705662146    227.24858210630595      h 
  432.12475296160687    136.84450331614781    229.71631962794473      h 
  432.49560720352952    139.53851362641697    227.76550813030025      h 
  436.03441803451648    140.69390213952127    237.00764716439255      n 
  437.98561890036626    141.49348181401447    238.76649109487434      c 
  440.50874878089058    140.49631100399137    237.75954320429418      c 
  440.82870951276328    138.22773399030788    237.44678746758694      o 
  437.39924709104093    140.40242777363488    241.40777475377533      c 
  434.94162364667750    141.05357860785628    242.16980562052123      o 
  439.39697922393719    141.23110816572128    243.31620367681714      c 
  434.94531455301012    139.19045513936106    237.48096164128447      h 
  437.99901299708159    143.56528629026880    238.81239726155280      h 
  437.38163855019013    138.33765220410265    241.24196569142072      h 
  434.90147037157266    142.84118840839838    242.55083176382149      h 
  438.86069924546649    140.58113420123158    245.18885403692519      h 
  441.21788981011770    140.41738554846441    242.82940941207488      h 
  439.56718470687878    143.27938500097304    243.34202141887201      h 
  442.30476349134881    142.21655128000023    237.28054088076274      n 
  444.76403019585541    141.48130700306359    236.35679322104659      c 
  444.99636002612817    140.90567845659129    233.52892869300547      c 
  447.02179808954753    140.20322611406243    232.66528130271510      o 
  441.83662443771681    144.06256114746884    237.19501956319894      h 
  446.13082661186161    142.95304619249890    236.82213987294165      h 
  445.31666637432608    139.74666718445158    237.34188558159133      h 
  442.90863470229243    141.15265975488063    232.12861799957165      n 
  442.89217189945015    140.48483063841405    229.47480621559589      c 
  443.54361639217075    142.77182796346918    227.83374102129787      c 
  441.95448362180190    144.31222592633705    227.14359112691275      o 
  441.28851233686805    141.89138325652922    232.83900968949422      h 
  444.27125169928888    138.97800820314919    229.17711574926710      h 
  441.00672708895314    139.82614497153565    228.97653872447202      h 
  445.98692635828684    142.98134546219919    227.26374713928564      n 
  446.97950895017675    144.99721841373156    225.69664052911119      c 
  445.52217458153814    145.06676806803833    223.17966593367979      c 
  445.70968231325742    143.41470086847647    221.59270865324035      o 
  449.82290129624994    144.52106687199674    225.22265053982102      c 
  450.12327938883845    141.90072885350367    224.83375575227856      o 
  451.40218225401446    145.46338187831429    227.44960542578872      c 
  447.23583211852304    141.61827208448074    227.75528940718277      h 
  446.73551839831515    146.81111349909480    226.66786622066869      h 
  450.36444374140342    145.56382747701593    223.50384939764797      h 
  451.87038072157526    141.54455794604630    224.48791827676044      h 
  453.39360942890863    145.07962301592477    227.10982752660234      h 
  451.16688711037966    147.48789535249495    227.69101346323916      h 
  450.83610620550854    144.50403608707603    229.17760922852204      h 
  444.08149912299712    147.13986087384026    222.85666044020863      n 
  442.59218740786412    147.43576432857301    220.58971655490262      c 
  440.42478210363765    145.54603799944090    220.25773489095130      c 
  439.70143819955535    144.98056716741760    218.13663588964499      o 
  443.63299219093432    148.19906276093573    224.37628625236090      h 
  441.80806590763177    149.34191584404061    220.54359081246236      h 
  443.83463682188460    147.19417345257810    218.95386107331976      h 
  439.39063036060924    144.62733163647283    222.37541216113485      n 
  437.40310226161273    142.75480270561891    222.33430141159127      c 
  434.96282432582234    143.70813146827209    223.57063471340399      c 
  433.29339098622648    142.26142360539075    224.24503555405991      o 
  438.21216370994478    140.26347226900870    223.58118974519050      c 
  440.78301467772826    139.27635063740269    222.71625205455729      c 
  440.98613811126353    138.89608488958879    219.86457700714504      c 
  443.62864827090266    137.99277470955576    219.16679589803238      c 
  443.95192880982830    138.08151675754172    216.37675357818665      n 
  440.16098415680227    144.98899826175449    224.09592951046309      h 
  436.90935039857914    142.41856355826778    220.34796299466839      h 
  438.26919772251745    140.57212047679451    225.62002795225936      h 
  436.72164517027812    138.89769462202514    223.18897861125023      h 
  442.24250285849399    140.60427599950157    223.31081716701132      h 
  441.15057709320314    137.48900166533991    223.67939356086467      h 
  439.57927903610221    137.53087165045602    219.23571476654158      h 
  440.61520962994518    140.68416763902516    218.91680578810210      h 
  445.02176406370904    139.22984705465234    220.05140576826753      h 
  443.90993793667553    136.06450533475305    219.83231740230110      h 
  445.57251131974192    137.16758155745393    215.83091883918067      h 
  442.37259930594905    137.28281621530752    215.49805734282688      h 
  444.03580845121729    139.93255687668818    215.79695365575611      h 
  434.77158615262499    146.22277702276929    223.76368500037211      n 
  432.54457168945623    147.49472080092787    224.69255271532268      c 
  431.22009554322119    148.77613569203635    222.47297807109098      c 
  432.38741789301383    149.51331720924668    220.61625380992376      o 
  433.22477289273542    149.51324580103841    226.64387606243702      c 
  434.88155846549415    148.33116552495096    228.79187162520932      c 
  433.77730529596079    146.81100522119942    230.22007512189774      o 
  437.11622446777096    149.01968512876007    228.90537176389631      o 
  436.17809909783352    147.32707566213259    223.10774433825824      h 
  431.32368931745106    146.06743704557525    225.55954531644088      h 
  434.28208845236475    151.04602592465901    225.75525548981452      h 
  431.49707268108989    150.24129850591086    227.49627927776035      h 
  421.64749322542696    142.22007151705651    215.93704370781165      n 
  422.00096497230436    139.84795891172647    214.64946201694309      c 
  419.40685812066079    138.76146394291396    213.99775598445029      c 
  417.51387908486475    139.38385861629808    215.16221547766432      o 
  423.37447265213177    137.97045574142777    216.41427601934370      c 
  426.09398141957195    138.69423505518736    216.80865019634444      c 
  426.95171619997433    139.75124696004514    219.05094100188660      c 
  427.83495031910479    138.25356882890244    214.89977647584479      c 
  429.49281150932296    140.22358040366285    219.44173105870047      c 
  430.37710037407885    138.67907030528866    215.27256444844210      c 
  431.23323065960926    139.61854666147221    217.56908426185964      c 
  433.74393452243208    139.98530382503588    218.01438147965769      o 
  420.29206294446590    142.22057677100486    217.29866462100054      h 
  423.11652538867605    140.18694112630615    212.94231119322853      h 
  422.37691604095011    137.94452114098780    218.21819995023975      h 
  423.28085836813926    136.08083911239873    215.59150236312121      h 
  425.61985372103862    140.18989610985932    220.52866498382792      h 
  427.20191809054683    137.55132265207314    213.09449904990251      h 
  430.17190374072385    141.00112581481676    221.20246083268961      h 
  431.70148598940176    138.23245212634421    213.79050916492520      h 
  434.70218700913188    139.14938427040499    216.70205450759545      h 
  419.68961460702224    124.71964810222573    220.11230552083816      n 
  421.11890254789108    126.36448586679633    218.43111157554279      c 
  421.09795922012978    125.20489018726920    215.78148100827312      c 
  421.91012971230100    123.07217597521105    215.37816303860072      o 
  423.81584518673390    126.57589164281171    219.44080817815188      c 
  425.58878330334903    128.16699593667346    217.79371005416976      c 
  424.75682913963465    130.92070396997028    217.59535443057402      c 
  428.25641766503725    128.04893329618889    218.90064940299968      c 
  420.74329469429586    123.58850529461527    221.26138508786264      h 
  420.17945366454336    128.20444337441862    218.36160872502344      h 
  423.73711563550557    127.36067112596638    221.34444051828683      h 
  424.57399215170364    124.66027424383279    219.57137750269163      h 
  425.59359709050989    127.35163159391998    215.89012959986226      h 
  426.23530836963783    132.00923462281807    216.67364019572574      h 
  423.03594017305284    131.10688985993087    216.48912167238632      h 
  424.45338112091213    131.71119198961802    219.46554278069320      h 
  429.61048042937449    128.94176169758316    217.63882438429044      h 
  428.30821708665263    129.03573937077343    220.69925433209281      h 
  428.84510001355693    126.09982581375473    219.20915065662498      h 
  429.74114714396461    129.21182033993676    212.72460928555398      n 
  430.56946858506353    131.25653308968720    211.06289887758973      c 
  432.77382746662244    132.56681026391800    212.37623765862503      c 
  432.52841040882976    133.58158859320599    214.42936598258211      o 
  428.35570227734280    133.01192581291193    210.56733444857403      c 
  427.84839976740500    128.92945705225503    212.67709881070854      h 
  431.23710236320437    130.42803626198904    209.28285831140971      h 
  428.94345312154951    134.58192030001442    209.38166470891059      h 
  426.86108431624598    131.96539054928400    209.62170429129930      h 
  427.65717391522077    133.72539356736530    212.35888552297203      h 
  434.97685683961555    132.52559091220209    211.11086088147476      n 
  437.36663554117956    133.03498349891302    212.33243436178645      c 
  437.93948255958696    135.84090245676845    212.65019348261490      c 
  439.40120972375121    136.55350923960717    214.29778991636942      o 
  439.50643588331820    131.78044574099803    210.79542676663772      c 
  439.07887366456379    132.45848988730168    208.24792205375567      o 
  439.53580020275251    128.92348871302596    211.20218903019381      c 
  435.11738719800621    131.64164591823166    209.42465543379549      h 
  437.33794064166705    132.22515139293779    214.23913634686420      h 
  441.31755264653663    132.57357856269184    211.43660530102900      h 
  440.31777689766943    131.63463800220745    207.19738478199159      h 
  440.89663643331920    128.03267016972725    209.94588603145948      h 
  440.06520417619612    128.49243521915511    213.13835194770084      h 
  437.68072371930725    128.10914470984639    210.86074049969571      h 
  416.53081894996774    121.68830338798006    229.90746006527192      h 
  425.36276995028095    120.11795173398042    232.20764634462941      h 
  427.22648986787527    122.74029959998660    224.11341809793566      h 
  411.18162269236586    145.76142510356550    234.40926415621112      h 
  415.43170188530024    146.18267784390434    222.49237408727657      h 
  429.34831653140196    149.03326809432440    222.51026643756384      h 
  423.09816131970598    142.67340591676219    216.70033393744094      h 
  419.23207879926662    137.51205164503858    212.59081417236260      h 
  418.71312933155900    125.66409771992093    221.13556179303700      h 
  420.40950667475778    126.19108243407891    214.32390695907833      h 
  430.49144810020749    127.75949996793135    212.25516708030881      h 
  437.12082372965165    137.10728607102280    211.51127538851537      h 
  -0.5140101252000D-01  -0.7105082363761D-01  -0.8324222734336D-01
   0.7081561787527D-02  -0.5486742131633D-03  -0.2633308343947D-02
  -0.5846379651802D-02  -0.1352793391628D-02   0.7868054729250D-02
   0.7371941508519D-02  -0.1176883526376D-02  -0.2509745608066D-02
  -0.2573128148568D-02  -0.4440998903519D-02   0.2980801137794D-02
   0.1961365589857D-02  -0.8509863048974D-03  -0.1686062884831D-02
  -0.7267531519207D-03  -0.5607258373642D-03  -0.7882695958433D-03
   0.3877225815913D-03   0.2724289577098D-03   0.7978954610059D-03
   0.8240764914887D-03   0.7553646294156D-03  -0.1037004401590D-02
   0.6451069594286D-03   0.9766436155485D-03  -0.1324277740438D-03
   0.4055482627471D-03   0.1658482631728D-03   0.9008416733716D-04
  -0.6373187644615D-02  -0.1127726189771D-01   0.2949426722271D-04
  -0.4021361321824D-02  -0.3484410399558D-02   0.1261472659498D-02
  -0.1980331593069D-05  -0.1224169474485D-02   0.1334151795442D-02
  -0.1924830225117D-02  -0.5236036620580D-03   0.9945726420154D-04
   0.4491463812616D-03  -0.6357840959079D-03  -0.5745342749644D-03
  -0.3973551133819D-03  -0.6119134318264D-03  -0.2215737039312D-03
  -0.3103752768174D-03  -0.8567354774358D-03   0.1007029025118D-02
  -0.6024033516810D-03  -0.8257785775312D-03  -0.1666854165449D-03
  -0.5320242552257D-03  -0.6237535020293D-03   0.2684544944548D-03
  -0.2577667741780D-02   0.1833215106419D-02  -0.7190713058523D-02
   0.4593605513440D-03   0.4690055149732D-02   0.4867021697017D-02
  -0.5704795765172D-01  -0.6644407804459D-01   0.1704474660075D-01
   0.1822573926501D-01  -0.2344191250831D-03  -0.9084374172855D-02
  -0.6330807547573D-03   0.4951714072109D-03  -0.1114412668932D-02
   0.1966223424508D-03   0.1064166122204D-02   0.2446101164227D-04
   0.7353045512211D-03   0.4296292809101D-06   0.3795284032778D-03
   0.6688139767405D-03  -0.5608686185162D-04   0.1807720571319D-03
   0.5058880576794D-03  -0.2507315573635D-03   0.5468068345264D-03
  -0.7078514034691D-03   0.3023150306145D-03   0.1921927132630D-02
  -0.5243755113556D-03  -0.1066216158847D-02  -0.5189859166095D-03
   0.4899860689511D-04  -0.4313797506092D-03  -0.4491755103756D-03
  -0.4035231916380D-03  -0.2287125399441D-03   0.8837583308340D-04
  -0.1218766724635D-02  -0.8016218523271D-03   0.2087200471585D-03
  -0.1619748662997D-03  -0.3006449985481D-04   0.7096532856258D-04
   0.8156221853757D-04  -0.3068977521574D-03   0.3511312784775D-04
  -0.3986482762553D-03  -0.1310225914547D-03  -0.4850298658983D-03
   0.1697118785314D-04  -0.9037647883281D-04  -0.2876208731081D-03
   0.3313865730088D-04  -0.3247163105401D-04  -0.1604770129698D-03
  -0.7678117292307D-04  -0.4575651640157D-03  -0.5565512169400D-05
   0.1945710756959D-04   0.1714959594901D-02  -0.8556553951417D-03
   0.2067653010231D-04  -0.1637961552479D-04  -0.1339710954377D-03
  -0.4974845755999D-01  -0.1571133548661D-01  -0.1115333356308D+00
   0.7055619614064D-02   0.1159006562448D-02  -0.2819226328575D-02
   0.7345111615437D-02  -0.2893166964394D-03  -0.1568410038016D-02
  -0.4721126049844D-02  -0.3260326361623D-02  -0.2276715171759D-03
  -0.5863901044209D-02  -0.7905560265916D-02   0.9161678964452D-03
  -0.5912026037027D-02  -0.8317306843410D-02  -0.4970390086603D-02
  -0.9471495311526D-03  -0.3456535791730D-02  -0.1586795677480D-02
   0.1149072374952D-02  -0.3201786764225D-02  -0.7145421873136D-03
   0.1829768816359D-03  -0.6473259659057D-03  -0.5049841215895D-03
   0.1340366840704D-03   0.4344344139013D-03   0.1922424201355D-03
  -0.2591158123526D-02   0.1552020103176D-02   0.1951380520505D-02
   0.5642717754263D-03   0.7211617237353D-03  -0.5119077166351D-03
  -0.5115824117386D-03  -0.1410832542690D-02  -0.3162936857102D-02
  -0.1937933265474D-03   0.1108648402873D-02   0.1028973571835D-02
  -0.1875471196606D-02  -0.9595491510099D-03  -0.1488354458557D-04
   0.3732074585702D-02   0.1041636882578D-02  -0.2497738541662D-03
   0.1160154872707D-02   0.9805083897283D-03   0.1956963077676D-02
   0.6219996589285D-02  -0.3773969631749D-02   0.2879366160189D-02
  -0.6919616482687D-03   0.1038657225291D-02  -0.2752401087132D-03
   0.4939674700113D-03   0.8409956792200D-03   0.7350957730609D-03
  -0.4656070116663D-02  -0.1800387997791D-02   0.6955497311890D-03
  -0.9998869749258D-03   0.4751512631159D-04  -0.1399569327785D-02
   0.8131692597308D-03  -0.1367493891941D-03  -0.3336099114954D-04
  -0.1632981119608D-05  -0.1523165393773D-02  -0.8305063931589D-03
  -0.9480875012658D-03  -0.2200780255583D-03  -0.5436532334316D-03
  -0.5187028880680D-03   0.3762576511444D-03   0.9764334259552D-03
  -0.7412073185188D-03  -0.1114482447391D-02   0.2353469439845D-02
   0.1296578917777D-02   0.7677905198067D-03  -0.8577322358455D-03
  -0.3474431812625D-02  -0.3842619068613D-03  -0.2977428811329D-02
   0.2576907866885D-03   0.1360084224400D-03  -0.3077936325663D-03
  -0.7050976851452D-03  -0.3600993727195D-03   0.4778918596759D-03
  -0.7350722954158D-04   0.1521876549143D-03  -0.1132832922456D-03
  -0.6757187032204D-06  -0.2640842552966D-05  -0.5733656642298D-04
  -0.6282587682982D-04  -0.2757234338148D-04   0.4379903317426D-04
  -0.1028536346952D-03   0.1853055854592D-03  -0.1376440956361D-05
  -0.4533506946005D-05  -0.3673060878492D-05  -0.6560707580681D-04
  -0.1862620566631D-04   0.3914496313408D-04  -0.5040369436459D-04
   0.1617830852015D-04   0.7424505385578D-04  -0.6101102218867D-04
  -0.3907599716577D-04  -0.5984027889208D-04  -0.7131148949351D-04
  -0.3003976287923D-03   0.9801173536429D-04  -0.3746265445004D-03
   0.1481232872354D-03  -0.1228113348303D-04  -0.7883040945545D-05
  -0.1401644199369D-04  -0.4643227818853D-04  -0.7807801786600D-04
   0.1291319950783D-04  -0.1114524983532D-04  -0.2794163700840D-04
  -0.9643360616114D-04   0.6372800793556D-04  -0.3705833630608D-04
   0.5924197559757D-04  -0.5162564926560D-05  -0.1055276673361D-03
  -0.3973514998015D-05   0.1240021362277D-03  -0.4992846020493D-04
  -0.2533161413147D-05   0.7673329446613D-04  -0.9860561799063D-04
  -0.4234094903529D-04  -0.1231971198099D-03  -0.5791384696774D-04
  -0.2189865104852D-04  -0.6826062609698D-04  -0.2009010002586D-03
  -0.4794752778363D-04  -0.1547163158528D-03   0.8196886962400D-05
   0.9245958415816D-04   0.9190377217077D-04  -0.4498272067305D-04
   0.1707485701141D-03  -0.1755497006867D-03   0.3559840370195D-04
   0.7271746690875D-04   0.1104378308298D-04   0.2110965295170D-04
   0.1210104141840D-04   0.6997652179667D-04  -0.1608392253913D-03
  -0.8856622771227D-04   0.1711146048005D-03   0.2480496050917D-03
   0.5227965762897D-04   0.1043983775671D-03  -0.2660025063148D-03
   0.3532545040970D-04   0.1170033782857D-03   0.1021093696370D-03
   0.8174486506835D-05   0.1358243164917D-03   0.8214824385912D-05
   0.2969947187790D-04   0.1704445231911D-03  -0.7456156822173D-05
   0.8364140638110D-04   0.1386941637991D-03   0.5066920432377D-05
   0.3268354324582D-04   0.9485034647535D-04  -0.1013877367203D-03
  -0.1605971689498D-03  -0.1009024279670D-03   0.1979061984039D-03
   0.5765611316933D-05   0.2022396997826D-03  -0.4941218192235D-05
   0.3849741303111D-04   0.1726641884717D-03   0.1224152765791D-04
   0.1681945965487D-03   0.9480528448674D-04   0.7927154832613D-04
  -0.4207885409605D-04  -0.3429709336989D-05   0.6179807926173D-05
  -0.1418873687126D-04  -0.4247747389317D-04  -0.8375424750435D-04
  -0.2447590354200D-04  -0.1402501887124D-03  -0.2611296342876D-03
  -0.6462171635441D-04  -0.3475718866919D-04   0.1830369622067D-04
  -0.5938356931950D-04  -0.1297395030660D-03  -0.2518995190886D-03
  -0.1025112544248D-04   0.5429477297681D-04   0.8723336924396D-04
   0.3478177479556D-03   0.1095356759494D-03   0.7864878290494D-04
  -0.7916589394872D-04   0.1214946250663D-04   0.1260621044502D-03
  -0.1437382289904D-04   0.3842307690550D-05  -0.7551858070762D-04
  -0.5184238636977D-05   0.7114762786916D-05   0.5717064436220D-04
  -0.3095019167495D-04   0.7614747828785D-04   0.8464056859242D-04
   0.4288812952299D-04  -0.2007350851455D-04   0.2832885759204D-03
  -0.4200814748881D-05   0.6837416977701D-04   0.1611449920959D-03
  -0.4396943359759D-05   0.1374589427236D-03   0.1409931736569D-03
   0.3671316499684D-04   0.1255422272505D-03   0.1758175503223D-03
   0.8833716943140D-04  -0.9570046242439D-05   0.6247219478336D-04
   0.5381521875336D-03   0.8184105306176D-04   0.2546498736228D-05
  -0.1295010395844D-03  -0.1333997653228D-03   0.1181765610418D-03
   0.3314109097414D-03  -0.1003113015074D-02   0.3400044574905D-04
   0.2964897622658D-03  -0.2033914440302D-02   0.4040780476151D-03
   0.1346590692561D-02  -0.1431614397972D-02  -0.3952062875504D-03
  -0.2225305722235D-03  -0.2057366577741D-03  -0.2854907222333D-03
  -0.2023365500843D-03   0.1391485478491D-03   0.1048932699360D-03
  -0.1071423625559D-02  -0.9742164737315D-04   0.7036753812556D-03
  -0.8086810022332D-03  -0.1218281776492D-03   0.3264372720242D-03
   0.2240067397674D-03   0.1759062707386D-03  -0.1574189276143D-03
  -0.7038453058430D-04  -0.1717726576127D-03  -0.1923252897381D-03
  -0.3072360967517D-04  -0.1468314668876D-03   0.1783788701821D-05
  -0.1301663770946D-03  -0.2544641491315D-03   0.8588593774811D-04
  -0.9836280079894D-04  -0.9043882606398D-04  -0.3157218129624D-03
   0.1215482215402D-04   0.1089132623921D-03  -0.1427913632751D-03
  -0.1382638920034D-03  -0.3444524063738D-04  -0.4916496324136D-03
   0.2117818997858D-03   0.2308372690024D-03   0.1533658171892D-03
   0.4306238935619D-04  -0.1687671941967D-03   0.8357277239650D-04
   0.2000445644875D-03   0.2776686816149D-03   0.5514967547546D-04
  -0.3306331605181D-03  -0.2053461878737D-03  -0.5474980547585D-03
  -0.4880794320255D-05  -0.2647613227854D-03  -0.4220434101612D-03
  -0.2346292141582D-03   0.2915691440365D-05  -0.3249557508042D-03
  -0.2201816227289D-03   0.3655248054480D-03  -0.9740450054763D-04
   0.1966885074524D-03  -0.6842397768489D-04  -0.5293772467794D-06
  -0.2790909278359D-03   0.3944230511857D-03  -0.1898146181044D-03
   0.1212058813725D-03  -0.3841498062169D-03  -0.8919212678430D-04
   0.3666164942491D-04  -0.2015324037386D-03   0.3688790581993D-04
   0.8884405113342D-05   0.1048811980887D-04  -0.9175002620414D-04
  -0.1569743619285D-03  -0.1632544423582D-03  -0.3520128164179D-04
  -0.6839492307945D-04   0.8485021752071D-05  -0.3418226765739D-03
   0.4003692680522D-04  -0.1147190399623D-04  -0.9157882244913D-04
   0.3343323048338D-05  -0.2215266396293D-04   0.4125776855699D-04
  -0.2090000129460D-04  -0.9594261515746D-04   0.1558350852801D-04
   0.4572663785384D-04  -0.6704922819279D-04  -0.9174861542943D-04
   0.2402891259882D-03   0.6699870079407D-03  -0.2459812423812D-04
   0.3192857887408D-03  -0.2246989180677D-03   0.4528645353490D-03
  -0.2512614373441D-04   0.4867235158944D-04  -0.1688725717424D-03
   0.3372735598816D-04  -0.1538515899409D-03  -0.6153683833919D-04
   0.1797334188110D-03   0.8847406914198D-05  -0.1672063375023D-03
   0.4802991113319D-04   0.1200909232630D-03   0.2037178933895D-03
  -0.3459906907296D-05   0.2686229253648D-04   0.1887617514979D-03
  -0.1636727454256D-04   0.2297405266591D-03  -0.8160442094428D-04
  -0.3481550330000D-03  -0.1600017608573D-03   0.1566845307360D-03
  -0.2290933070249D-03  -0.1509775622790D-03  -0.8490198990778D-04
   0.3517989237072D-03  -0.2106662517021D-03  -0.3145553689119D-04
  -0.2151038720678D-03   0.1532287804914D-02  -0.2106588781320D-03
   0.3574907350577D-03   0.9982997236164D-03   0.1402582346413D-04
   0.6216076160886D-03   0.7259745545157D-03   0.1692535489074D-03
  -0.2887836039564D-02   0.1383423510030D-02  -0.4575536940970D-03
  -0.3117812955905D-03  -0.1138780270076D-02   0.1375610187559D-02
  -0.7401626252844D-04   0.1451174207562D-02  -0.6228223609736D-02
  -0.1638410116792D-02  -0.7539887050430D-03   0.3660763262841D-02
   0.9376493442046D-03   0.6766263698870D-03  -0.3697695366913D-03
  -0.6059670762963D-03  -0.6165158925364D-03   0.1971719028764D-03
   0.1031995261118D-02  -0.1156095321307D-02   0.1113537733276D-02
   0.1195767578114D-02   0.2782965202390D-03   0.5752530793249D-05
   0.7228837935870D-04   0.1331072816297D-03  -0.1231934378072D-02
   0.2810972018636D-04   0.1176676443435D-03   0.1946273060141D-03
  -0.4593010307613D-03  -0.8503385646610D-05  -0.4016271957534D-03
   0.9373155014367D-03  -0.4729106285824D-03   0.2530621736405D-03
  -0.1166472298844D-03  -0.2802001689989D-03  -0.1632530106899D-03
  -0.5458392053586D-03   0.3469125352564D-03   0.1017494824584D-02
  -0.1575202814725D-02   0.1842708331861D-03  -0.1442663111804D-02
  -0.4443425195375D-03   0.1288411354745D-02   0.1359661377818D-02
   0.5510863436016D-03  -0.4914560920332D-03   0.3027251220433D-03
  -0.6992246095062D-03   0.2463723691305D-03  -0.1073939194438D-02
  -0.5205116678599D-03  -0.1106225662063D-04   0.7540174386263D-03
   0.3843276916972D-02  -0.2219638325882D-03   0.8850068889064D-03
   0.4913785668859D-02  -0.3934149848054D-02   0.1794677636731D-03
  -0.6405464468140D-01  -0.5576165434979D-01   0.2369127460751D-01
  -0.4903976893207D-02   0.1480631292067D-01  -0.7032578483981D-02
   0.9395669035566D-03  -0.3822579767032D-03  -0.4133747815609D-04
  -0.8982858322279D-03   0.1816544685408D-03  -0.1127117017511D-02
   0.9834347421253D-03   0.3408721820895D-03  -0.2356018426413D-03
  -0.1206033433411D-02  -0.1852762944734D-02   0.1696984416861D-02
  -0.4742883916600D-03  -0.6541514310107D-03   0.1087630295465D-02
   0.1149224171635D-02   0.5309940728092D-03  -0.6710433879853D-03
  -0.1167663374822D-02   0.2294368741096D-03   0.4701229585111D-03
  -0.1230554426877D-02  -0.1475237211129D-03   0.8770689461805D-04
  -0.5195647349571D-01   0.7275038767732D-01  -0.8600213529736D-01
   0.8973769329240D-02   0.9975885826944D-02  -0.5901090933262D-02
   0.1573031090572D-01  -0.1635362490398D-02   0.5160741692629D-03
  -0.6913728366561D-02  -0.2596421873783D-02  -0.8154407935980D-04
  -0.1046996052689D-01  -0.5387022294690D-02  -0.2581159172324D-02
   0.3733741507450D-03  -0.1482791548336D-02  -0.1225206562638D-02
  -0.1584398835365D-02  -0.4579421930372D-03  -0.4898806884009D-03
  -0.3891790936110D-03  -0.9823308191040D-03   0.2727735759617D-03
  -0.2857915233848D-03  -0.8666979749842D-03   0.3969357997414D-03
  -0.6109727850742D-02   0.1540192629050D-02  -0.7571499787451D-02
  -0.3061157928863D-03   0.2139985942882D-03   0.2383277212234D-02
   0.3153844650478D-02  -0.9611678331757D-03  -0.8919561782413D-03
   0.2089137043663D-02  -0.2282415272826D-03   0.1449417087474D-02
   0.3692222539166D-03   0.3408077437074D-03  -0.1042150710460D-02
  -0.2993136053446D-03  -0.1274688321622D-02   0.7187181414395D-03
  -0.4978207003458D-03  -0.4046749868815D-03  -0.3133811195331D-03
   0.1048980779143D-02   0.6135395635714D-03  -0.3953656728826D-03
   0.1375567641332D-03   0.1030126225468D-02   0.2208274458655D-03
   0.3809902915378D-03  -0.1271933741488D-03   0.9347802571262D-04
   0.5990731910883D-03   0.3283727513001D-04   0.6319302388607D-04
  -0.6071885753246D-03  -0.9570747539172D-04  -0.8321497724884D-05
   0.3632643892966D-03   0.1414865106401D-04  -0.5872863463095D-03
  -0.5461034328626D-02   0.3286811031407D-03   0.2946346111946D-02
  -0.2298248921861D-02   0.1697259051168D-02  -0.2134520419367D-03
  -0.8029141704445D-03  -0.7680398451014D-03  -0.7506932806100D-03
   0.1595101365067D-02   0.1121518964865D-02  -0.5520932360128D-03
   0.2846349082032D-03   0.3510979273672D-03   0.4732945280717D-03
  -0.6532116824172D-04   0.1581482310005D-03   0.5031539005909D-03
  -0.8113341627673D-03   0.3127697442960D-03   0.6302113376963D-03
  -0.2744524471488D-04   0.2373282768777D-02  -0.3477459371966D-02
   0.4541466907101D-03  -0.6042426936388D-03   0.8604399742494D-03
  -0.3326771496363D-03   0.4996549754563D-04  -0.2987595014278D-03
  -0.5902134514599D-04  -0.5162631399247D-04   0.4500601084659D-04
  -0.3562066761342D-04   0.2903655608602D-04  -0.1225259555593D-03
   0.1609614552775D-03  -0.3627547337794D-03   0.1233497950245D-03
  -0.3555434615528D-03   0.1875584521888D-03  -0.1838613304901D-03
   0.3519928304620D-03  -0.5578301065117D-03   0.3221496963450D-03
   0.1058396438782D-02   0.7333289087523D-03  -0.1307565396280D-02
  -0.1006824875635D-03   0.2050076494384D-03   0.9976831399086D-06
  -0.6053580183378D-04   0.9663364890942D-04  -0.2099560192463D-04
  -0.1569102659074D-03  -0.1309447550172D-03  -0.1086347483284D-04
   0.2182120573308D-03   0.2053856458237D-03  -0.8847547465429D-04
  -0.1151179115173D-03   0.1447812184302D-03   0.2604793459644D-04
   0.1201233027501D-03  -0.1364619011525D-03  -0.7933800114841D-04
   0.1763465957989D-05   0.8876693182322D-04  -0.7031846648874D-04
  -0.2651680921402D-04   0.1972199665564D-05  -0.2143973839986D-03
  -0.1923653459043D-03   0.2140186585286D-03   0.8018194503589D-04
  -0.4197777145273D-04   0.7574022127519D-04   0.2552414683031D-03
   0.1039563071192D-03   0.1202095115025D-03  -0.2312678819477D-03
   0.5510516851816D-04   0.1544252818310D-03  -0.1267462342525D-03
  -0.2454259445908D-04  -0.1455680520319D-04  -0.9200338187633D-04
  -0.7958451121833D-04  -0.2498935253056D-04  -0.2163524454584D-03
   0.3192548094876D-03   0.2679127305249D-03  -0.1171574263373D-03
   0.2140852881645D-05   0.8036294827059D-04  -0.1755740024843D-05
   0.1974075888042D-03   0.1758347551768D-03  -0.3770442461907D-04
  -0.1349422943901D-03  -0.1042403166036D-03   0.6374310599667D-04
   0.4165882936380D-04   0.1003002903980D-03  -0.1773769250737D-04
  -0.1184131995257D-04   0.1705315032621D-04  -0.8396448440333D-04
   0.1407897743833D-04   0.1132148917820D-03   0.1361552741212D-04
   0.1788633131964D-03   0.7989175580781D-05  -0.1656285389219D-03
  -0.6858294753555D-04   0.1293576510658D-03  -0.3915978944581D-04
   0.8260230213014D-04   0.6631593733541D-04  -0.6975877307208D-04
  -0.1112747025673D-03   0.3202690027188D-04  -0.1527311759994D-03
   0.6361837894582D-04  -0.8618124044237D-04  -0.1201556345934D-03
  -0.5508064424800D-04   0.5200928075841D-04  -0.8954300145242D-04
  -0.3181991150852D-04   0.1149980091271D-03  -0.2831475669642D-04
   0.7674338485621D-04   0.1098202456037D-03   0.8473688757623D-04
   0.6914413398751D-05   0.1249568995541D-03   0.4401912374553D-04
   0.5862637256418D-04   0.5261850841330D-04   0.9073375253196D-04
   0.1365535087033D-03   0.1003615451929D-03  -0.2696030057537D-04
  -0.1469039802731D-04   0.1564909431417D-03  -0.1245150631287D-03
  -0.1257484819831D-03  -0.1036296646805D-04  -0.3175946707657D-03
   0.2307619087252D-03   0.8759022547815D-04  -0.4302201473490D-04
  -0.3306240162029D-03   0.4286658747955D-04   0.2824399320536D-03
   0.7177909625673D-04   0.1120138128392D-03   0.3084569295276D-04
   0.1229344712050D-03   0.4650975220992D-04   0.2156895241696D-03
   0.7391025563846D-04   0.7085957772653D-04  -0.4088747610491D-04
   0.1275848159769D-03   0.5611666270568D-04   0.2432268530152D-03
   0.1135418206745D-04   0.1122556554598D-03  -0.2759514604938D-03
  -0.3196225204036D-04   0.6670222079874D-04  -0.3064658832940D-04
   0.3758971352903D-04   0.3666164964072D-05  -0.7051331628495D-04
   0.5131952778950D-04   0.8771398750297D-04   0.1684815591907D-04
   0.2628113048513D-04   0.4176911445860D-04  -0.1733953110873D-04
   0.1299855640978D-03  -0.1101713153487D-03   0.9915878959955D-04
   0.7642644033452D-04  -0.8807981465360D-04   0.2010686892316D-04
   0.1527303220623D-03  -0.1038711687251D-03   0.6143627612966D-04
   0.1006224881471D-03   0.5560027760199D-04  -0.2205587241010D-03
  -0.3424368588983D-04  -0.1484010235801D-04   0.3232913111343D-04
  -0.1734086911914D-03   0.6477998439898D-04   0.7138848218186D-04
   0.1312014008801D-03   0.6278716272486D-04  -0.1319457066951D-04
   0.9386044260577D-04  -0.2576109829283D-04  -0.4627011010470D-04
  -0.5614925733339D-04   0.6752536064590D-04  -0.1224687546545D-03
  -0.1497656066595D-03  -0.1196733695863D-03  -0.1162501367086D-03
   0.1428246622626D-03  -0.1157596162590D-03   0.7729455769354D-04
   0.3090203576351D-04  -0.5748135119355D-04   0.1110568827637D-04
   0.7931073036588D-04   0.7967398220273D-04  -0.8609082750199D-04
  -0.2311921251027D-02  -0.8735142893769D-03  -0.4406515634291D-03
  -0.5469542240456D-03  -0.2984793340789D-03   0.8200791049450D-03
   0.9051107015102D-03   0.2996229471600D-02  -0.7269100115032D-03
  -0.6664318737771D-03  -0.1917332894820D-02  -0.1979783518431D-03
   0.2120083804226D-03   0.1844146489362D-02  -0.2702697066451D-03
   0.3002507560725D-02  -0.2764939648282D-02  -0.1077643299054D-02
  -0.1178590180440D-02   0.5677602618185D-03  -0.4772567384515D-03
   0.4189105676677D-03   0.5332993770959D-03   0.4682659122464D-04
   0.4261921496335D-03   0.1481669462587D-03   0.1199181878101D-03
   0.6830529744107D-03   0.1367297575700D-03  -0.2759072575909D-03
  -0.3170761749365D-02   0.7049253188322D-03   0.7594925941985D-03
   0.5109064897660D-03  -0.1065810276927D-03  -0.1427123320404D-03
   0.4183810706013D-03   0.3237792364918D-03   0.2829092333976D-04
   0.3172938598771D-03  -0.1297027704776D-03   0.1982942140926D-03
   0.2352967665287D-04  -0.1197745409878D-03  -0.4671501164185D-03
  -0.3840566471911D-04  -0.1653759272846D-03   0.9886682978721D-04
   0.4267099757174D-03   0.3859828482129D-03   0.2213520673481D-02
  -0.3941265980420D-03  -0.9777792499595D-03  -0.1128042630926D-02
   0.1621939994797D-03  -0.1721785912080D-03   0.2952796559102D-03
   0.3398995257035D-03   0.2100483208539D-03   0.1118477663031D-03
   0.3476907342641D-03  -0.5400923997756D-04   0.2553054519645D-04
  -0.7265584893455D-05   0.1369205970973D-04  -0.1562953035805D-02
   0.1705010096825D-03  -0.2811793755034D-03   0.1468363518376D-03
   0.2505183673404D-03   0.2906127957456D-02  -0.2400249218908D-03
  -0.8338208528623D-03  -0.9316784776234D-03  -0.9232188700912D-04
   0.3891495970928D-04  -0.2317519234590D-03   0.5252489634399D-03
   0.1284685651143D-03   0.2977271888822D-03   0.6208782107396D-03
   0.3671724877742D-04  -0.5000788673760D-03   0.9926698378348D-03
  -0.2983289036342D-03   0.1578707133755D-03  -0.5443663471738D-03
   0.1343649144691D-02  -0.4606629906070D-05   0.2310495436411D-02
   0.2778712668574D-03   0.1443989045609D-03   0.4002893391884D-03
  -0.4323729133418D-03  -0.2107075212352D-03   0.3499261503599D-03
   0.6478318720000D-03   0.3599447376178D-03  -0.7843562467774D-04
  -0.2271675425013D-03   0.1989379386538D-03  -0.4975076847719D-03
  -0.1268869518731D-04  -0.8360582553460D-04   0.1547854605768D-03
   0.8905204644735D-06   0.4399991264196D-03  -0.2009365524222D-04
   0.1476195651493D-03   0.1955658543244D-03  -0.8497304820983D-03
   0.2152552924857D-03  -0.5084585638803D-03   0.5345313873122D-04
   0.8201218698197D-04   0.1461417512441D-03  -0.9274065482154D-04
   0.1936466069201D-03   0.1027278346396D-04  -0.5612355334252D-03
  -0.6433669140152D-03   0.4094079384282D-03  -0.2715086297116D-03
  -0.2588005591315D-02  -0.3109670086913D-03  -0.3211245286192D-02
  -0.1388127431549D-03  -0.1289961172791D-02  -0.7274810018079D-03
  -0.9128255593239D-03  -0.1771505283570D-02  -0.3153410652819D-03
   0.4240851156546D-02   0.5865284586073D-03   0.7649637513441D-02
  -0.8567309261412D-01   0.5558445208564D-02   0.1653746012053D-01
   0.4872764880302D-02   0.5462209910914D-02  -0.1359088640444D-01
   0.2230215171464D-02  -0.3294771223254D-02   0.2288593537321D-02
   0.6089861009098D-04   0.4458727117290D-02  -0.3749983619492D-02
  -0.9074652113022D-03  -0.3004361510277D-02   0.1952631634476D-02
   0.1300312416827D-02  -0.9387365898679D-03   0.8325522370988D-03
  -0.5245803747470D-03  -0.1448803675727D-03  -0.1202144497484D-03
   0.1627033818081D-02  -0.9146681838729D-03  -0.1295263261540D-04
  -0.2903857676819D-03   0.3981859168891D-04  -0.1873292507974D-03
   0.2735506663611D-03  -0.2254167499245D-03  -0.3891774257015D-04
   0.1093545117774D+00   0.1816552916372D-01   0.5644493048610D-01
   0.1712041081326D-01   0.1994205628765D-02  -0.5081545388753D-02
   0.3103305324357D-02  -0.5830601521549D-01  -0.6487709414316D-01
  -0.1109883345286D-01   0.4041262382874D-02   0.5284042883608D-02
  -0.1859647026653D-02   0.8443854048332D-02   0.1804992829999D-02
   0.8141077182206D-03   0.1311484990162D-02   0.1142229436898D-02
  -0.6693807136062D-04   0.2266518441696D-04   0.1693252912511D-03
  -0.1012781422749D-02   0.1940905901305D-03   0.1398635493520D-02
  -0.3036920219418D-04   0.2955767704968D-03  -0.1757164317826D-03
   0.7211495570202D-03  -0.8433432710816D-03   0.8684761350364D-03
  -0.1588492219325D-02  -0.2265391050598D-03  -0.1412098410228D-03
   0.1222595870939D-02   0.8422894167884D-03  -0.1785832408966D-02
   0.4904141563501D-02   0.8787077366405D-02   0.7094363237643D-02
   0.1486631078790D-02   0.1572329059666D-02   0.1041117407206D-03
   0.6293305818702D-03   0.2707990674837D-03  -0.2727069889422D-03
  -0.1114029238510D-02   0.6799220359818D-03  -0.4541136189200D-03
  -0.2165355160137D-05   0.2790935674411D-03  -0.7620922630348D-03
   0.6675847428637D-03  -0.3037767748513D-03  -0.5839452925212D-03
   0.1808934794443D-03   0.1425673103904D-03  -0.1051108253618D-03
  -0.1132197145310D-02  -0.7221635490598D-03   0.2163980916847D-03
  -0.1260226410320D-03  -0.1161445856964D-02   0.1150935247143D-02
  -0.6272664965998D-01   0.7631441346642D-01   0.6928286360551D-01
  -0.1293683586324D-02   0.5069975082261D-02   0.8786975498576D-03
  -0.4149950041510D-01   0.6641832497885D-01  -0.5722057202858D-01
   0.7444009671456D-02  -0.1933869363123D-01  -0.4666550119005D-02
  -0.6867691706442D-02  -0.5593078435209D-02   0.5533287889187D-02
  -0.2818927296126D-02   0.5949962889091D-03  -0.1797145928511D-02
  -0.5908319184699D-03   0.2958176857982D-03   0.9502426497647D-03
  -0.1200701882724D-02   0.3664888735018D-04   0.1353845630027D-02
  -0.4327258195031D-02  -0.1440438621321D-02   0.1096196355590D-01
  -0.1299661740957D-02   0.2750751004404D-03   0.1158580390617D-02
  -0.7747517531732D-05  -0.1346785963013D-02  -0.1210846401586D-02
   0.3900771295329D-03   0.6295809060580D-03   0.1320337748412D-02
  -0.1255593566836D-02   0.1343106856261D-02  -0.1097313902013D-02
  -0.4113186797478D-03  -0.3771995587948D-03  -0.3787401127713D-03
   0.9395357454467D-03  -0.1341813927896D-04  -0.9248898136294D-03
   0.2362974048699D-03  -0.7144721102963D-03  -0.6186440619220D-04
   0.1232073622373D-02  -0.2723325014353D-03   0.8134408830144D-03
   0.2953892664264D-03  -0.8926362793380D-03  -0.6598294277187D-03
   0.1051706174370D-02  -0.6207191065340D-03   0.2068653400471D-02
   0.5661482670146D-01  -0.1059497524740D+00  -0.3714610831237D-01
   0.6783167048880D-02   0.8912860450955D-02   0.3191970776186D-02
   0.7098770447034D-02  -0.5322836266356D-02  -0.4451554011038D-02
  -0.2556251105542D-02   0.2076952120495D-03   0.3121502730383D-02
  -0.2013251115607D-02  -0.3902814315606D-02   0.2277492850151D-02
   0.5004533049878D-03  -0.5986261629543D-02   0.4352446670518D-03
  -0.1285270260193D-02  -0.3844446801309D-02   0.5948070173300D-02
   0.1229900682720D-02  -0.9476315528437D-03   0.3567656864869D-03
   0.4865467420682D-03  -0.1148659196181D-02   0.7162588544605D-03
  -0.5887862751639D-03   0.4523504126667D-03  -0.3640302512938D-03
  -0.4556488717867D-02   0.3686682295974D-02  -0.9415082595928D-03
   0.2438951888137D-02  -0.8962494111629D-02  -0.1412773326920D-02
  -0.4194501468058D-01   0.4914161621989D-01  -0.6165186638145D-01
   0.1156200112331D-01   0.7533513510780D-02   0.1702198644276D-01
  -0.3295441580240D-02  -0.3659077420969D-03   0.2456577376827D-02
  -0.5377536012395D-04   0.8069605556600D-03  -0.1148459260800D-02
   0.1100092246820D-02   0.7804025438761D-03  -0.1540885951617D-02
   0.4010320343375D-03  -0.2360053792066D-02   0.1324327545311D-02
  -0.8055627848724D-03  -0.2080335045938D-03  -0.9740859734614D-03
   0.8884037762791D-04   0.3665370324220D-03  -0.3094283134877D-03
  -0.4934773775184D-03   0.1806079199041D-03   0.9468689447649D-03
   0.3213848903496D-03  -0.5041030061610D-03  -0.6515081141407D-04
  -0.6647484944621D-03  -0.3263330263250D-03  -0.2754117076877D-03
  -0.1314019078283D-03  -0.1144687669858D-03   0.1564548704123D-02
   0.5995155300393D-01   0.9719369126886D-01   0.7851328993830D-01
   0.4396898050803D-01   0.6102290652533D-01  -0.1146332200479D-01
   0.4759017443961D-01   0.4139984678168D-01   0.1225627771759D+00
   0.5938983389809D-01   0.4647832387249D-01  -0.1630260889574D-01
   0.5738233421167D-01  -0.7610721050338D-01   0.1021711353382D+00
   0.7543400625821D-01  -0.8539059007133D-02  -0.1163986270997D-01
  -0.1211513892602D+00  -0.4050197082200D-01  -0.5862233557037D-01
  -0.1338220029861D-02   0.5163854636075D-01   0.5713518231657D-01
   0.8256539587632D-01  -0.7527609409209D-01  -0.8052802427554D-01
   0.3004776234102D-01  -0.4558291652601D-01   0.5475491114268D-01
  -0.6304893070591D-01   0.1188748765923D+00   0.3202620976379D-01
   0.3535947510481D-01  -0.4536380728630D-01   0.4827413811438D-01
$end                                                                            
