           2           1   1.01568712311139     
           3           2  0.938011245658083     
           4           3   1.61065802897160     
           5           2  0.975576250355150     
           6           5  0.990327132541560     
           7           6   1.00699266948635     
           8           6   1.01013813198831     
           9           1  0.953839275836301     
          10           2  0.956650506798302     
          11           5  0.973943691145023     
          12           5  0.967489911374833     
          13           6  0.967217638891879     
          14           7  0.985029568546461     
          15           7  0.987378716145862     
          16           7  0.983776372128281     
          17           8  0.984194845445178     
          18           8  0.985083578730280     
          19           8  0.983896544764977     
          20           3   1.29832963684474     
          21          20  0.979349583208145     
          22          21  0.978498318974317     
          23          22   1.87456717129456     
          24          21  0.969737504370352     
          25          24  0.891641547686498     
          26          25   1.46855167883438     
          27          25   1.53776123263797     
          28          20  0.925448533302782     
          29          21  0.943021914720515     
          30          24  0.975307076939080     
          31          24  0.962306963221268     
          33          32   1.01648803839580     
          34          33  0.983219739861249     
          35          34   1.88103631252776     
          36          33  0.959436483858359     
          37          36   1.00247519119493     
          38          37  0.974073362924130     
          39          38   1.58636673875639     
          40          38   1.34703574933277     
          41          32  0.928571808035037     
          42          33  0.958270839346812     
          43          36  0.966360903247588     
          44          36  0.969277878705165     
          45          37  0.944983451059340     
          46          37  0.969299099141286     
          47          40  0.930203885757915     
          48          40  0.888491461122360     
          50          49   1.03066250038611     
          51          50  0.942528125761110     
          52          51   1.62092070234491     
          53          50  0.940111887841251     
          54          53  0.999213050199430     
          55          53   1.00460336241725     
          56          49  0.947536207222600     
          57          50  0.945809008311243     
          58          53  0.959046289992551     
          59          54  0.869553721051066     
          60          55  0.983515816597374     
          61          55  0.984685636053405     
          62          55  0.982509358562219     
          63          51   1.31231266194714     
          64          63  0.973373167035371     
          65          64  0.931815803473301     
          66          65   1.61960302127711     
          67          64  0.983185834099239     
          68          67  0.994141664855956     
          69          68   1.00885283687428     
          70          68   1.00781407916077     
          71          63  0.909059079730906     
          72          64  0.945440951050939     
          73          67  0.969066384265975     
          74          67  0.970180945140437     
          75          68  0.968116420442145     
          76          69  0.982695323925843     
          77          69  0.982323273152046     
          78          69  0.984214332918038     
          79          70  0.985827834907857     
          80          70  0.984901326315739     
          81          70  0.986439431309532     
          82          65   1.30400471780989     
          83          82  0.994970529667654     
          84          83  0.940890595176355     
          85          84   1.61271380078503     
          86          83  0.943829172495178     
          87          86  0.971354140899655     
          88          87   1.59517487320673     
          89          87   1.33742796585848     
          90          82  0.873092666774797     
          91          83  0.943480379387051     
          92          86  0.966225992251164     
          93          86  0.964690133986657     
          94          89  0.886296654603803     
          95          89  0.933595391608625     
          96          84   1.31620486355658     
          97          96  0.983140483078810     
          98          97  0.939461433316931     
          99          98   1.62639154944038     
         100          97  0.962256960690664     
         101         100   1.00862727930458     
         102         100   1.01008062689638     
         103          96  0.894820025990156     
         104          97  0.927958433579793     
         105         100  0.962555435984047     
         106         101  0.983945032635598     
         107         101  0.984416056163565     
         108         101  0.986147740200746     
         109         102  0.983928826062402     
         110         102  0.981211242091862     
         111         102  0.986031698530707     
         112          98   1.30131457500472     
         113         112  0.997299845713795     
         114         113  0.928146163056432     
         115         114   1.64924562058794     
         116         113  0.975824695205465     
         117         116  0.986708432132189     
         118         117  0.972455589812509     
         119         118   1.58700668571399     
         120         118   1.34632382352731     
         121         112  0.880890006963685     
         122         113  0.946900007401218     
         123         116  0.965865967986389     
         124         116  0.973870266597526     
         125         117  0.971293201770160     
         126         117  0.961284289611198     
         127         120  0.861754979952147     
         128         120  0.934699420220219     
         129         114   1.29302058927668     
         130         129  0.978482352620684     
         131         130  0.933167109381122     
         132         131   1.62346807788265     
         133         130  0.966861062317673     
         134         133   1.00758551031172     
         135         134  0.969283153734157     
         136         135   1.64669678693535     
         137         135   1.30050462415503     
         138         129  0.925495545670023     
         139         130  0.952046637578974     
         140         133  0.972720075659003     
         141         133  0.971587032903471     
         142         134  0.959538377577995     
         143         134  0.951407664310159     
         144         137  0.928319271576369     
         145         137  0.924471028910058     
         146         131   1.31907914168097     
         147         146  0.973778917438582     
         148         147  0.974610875600130     
         149         148   1.89939439138168     
         150         147  0.959025907015312     
         151         150   1.00080550156629     
         152         151   1.00172587392982     
         153         152   1.00979275940492     
         154         153  0.966145548595929     
         155         146  0.910391436939643     
         156         147  0.949437317873855     
         157         150  0.965483375408115     
         158         150  0.971743111166547     
         159         151  0.976173591437536     
         160         151  0.967362025385259     
         161         152  0.968845904090181     
         162         152  0.970355513355643     
         163         153  0.966086715045291     
         164         153  0.965040070796470     
         165         154  0.855383735996802     
         166         154  0.897695931168086     
         167         154  0.896787863528568     
         169         168   1.02048185244208     
         170         169  0.937915460784629     
         171         170   1.63032642889034     
         172         169  0.990644753282053     
         173         168  0.952440806098501     
         174         169  0.956682438276591     
         175         172  0.981763740715096     
         176         172  0.975825089260935     
         177         172  0.984708701329836     
         178         170   1.28779951163384     
         179         178  0.999333972264745     
         180         179  0.979372581632782     
         181         180   1.88362241992994     
         182         179  0.956944713400813     
         183         182  0.919180750507165     
         184         183   1.50324339511974     
         185         183   1.49507746140063     
         186         178  0.913936479263408     
         187         179  0.934777226974175     
         188         182  0.971542704572977     
         189         182  0.956497135901488     
         191         190   1.01487472963693     
         192         191  0.936254604184935     
         193         192   1.65431654506792     
         194         191  0.988457293329878     
         195         190  0.958571719090510     
         196         191  0.964481327876458     
         197         194  0.983452307723097     
         198         194  0.982015648732383     
         199         194  0.984881676128098     
         200         192   1.28053570422478     
         201         200  0.978005906437355     
         202         201  0.940584245489934     
         203         202   1.59606421801813     
         204         201  0.983965286759035     
         205         200  0.922724181383453     
         206         201  0.942721335028701     
         207         204  0.977492715245611     
         208         204  0.981389641678399     
         209         204  0.983079809208490     
         210         202   1.32613402905610     
         211         210  0.998336124958912     
         212         211  0.938616880381562     
         213         212   1.63748570758384     
         214         211  0.939092410922959     
         215         214  0.993405707995924     
         216         214  0.996924127994841     
         217         210  0.909942279319729     
         218         211  0.949425844256396     
         219         214  0.960432487131364     
         220         215  0.868756881289249     
         221         216  0.981329186246960     
         222         216  0.981976640904107     
         223         216  0.979969472382313     
         224         212   1.30196191410842     
         225         224  0.984974209830371     
         226         225  0.936822876400706     
         227         226   1.62229687106402     
         228         225  0.944727392416381     
         229         228   1.00438212713185     
         230         228   1.00259385841454     
         231         224  0.911839842892735     
         232         225  0.949947840758341     
         233         228  0.960018956497437     
         234         229  0.872064344843367     
         235         230  0.981027472842190     
         236         230  0.981942270270032     
         237         230  0.976645628615567     
         238         226   1.31744827070028     
         239         238  0.979936452294389     
         240         239  0.931402871335767     
         241         240   1.64966066613805     
         242         239  0.950451152390143     
         243         242  0.984845523457243     
         244         242  0.998836021311007     
         245         238  0.889838323493621     
         246         239  0.954134760812510     
         247         242  0.955601593628183     
         248         243  0.868044678653776     
         249         244  0.979048798267259     
         250         244  0.974651113526482     
         251         244  0.981325398429574     
         252         240   1.28983643970148     
         253         252  0.980775029476561     
         254         253  0.940677264880602     
         255         254   1.59707420338596     
         256         253  0.972601719296309     
         257         256   1.00864294460676     
         258         257  0.904025540719565     
         259         258   1.50126115256088     
         260         258   1.50411289417129     
         261         252  0.920442640571761     
         262         253  0.948899224973513     
         263         256  0.963549798336135     
         264         256  0.972417935525735     
         265         257  0.981282087350444     
         266         257  0.964353405901357     
         267         254   1.31657951323794     
         268         267  0.974332579588586     
         269         268  0.930881444211717     
         270         269   1.61876112310903     
         271         268  0.967946348593183     
         272         271  0.965431141388876     
         273         272   1.64121862676977     
         274         272   1.31128440548897     
         275         267  0.926249912687144     
         276         268  0.946251296689689     
         277         271  0.964227501381436     
         278         271  0.962114032117429     
         279         274  0.925283404729919     
         280         274  0.924872674365189     
         281         269   1.30443074142636     
         282         281  0.961543809453313     
         283         282  0.974695091943009     
         284         283   1.89594966269437     
         285         282  0.966821919566401     
         286         285   1.00397714375545     
         287         281  0.975000350380867     
         287         286   1.00390861052756     
         288         282  0.951754549849902     
         289         285  0.973437961886219     
         290         285  0.970120951396054     
         291         286  0.977038967526052     
         292         286  0.972846885209180     
         293         287  0.966112206411623     
         294         287  0.954793572050083     
         296         295   1.01512006781785     
         297         296  0.979005250839083     
         298         297   1.88330162494628     
         299         296  0.957717083775949     
         300         299   1.00286030743438     
         301         300   1.00239227840992     
         302         301   1.00899349173219     
         303         302  0.951930283238557     
         304         295  0.943294261194002     
         305         296  0.957848401052149     
         306         299  0.967977079276569     
         307         299  0.976731376288559     
         308         300  0.976339981668970     
         309         300  0.970386116143606     
         310         301  0.968645565062859     
         311         301  0.972464792664684     
         312         302  0.965706359330116     
         313         302  0.966469661619011     
         314         303  0.907302677749534     
         315         303  0.839394952333919     
         316         303  0.905125840459843     
         317           1  0.953349809630618     
         318          22  0.952667417385210     
         319          32  0.953728187781104     
         320          34  0.954748305587107     
         321          49  0.952632860559440     
         322         148  0.956216862374954     
         323         168  0.953417412386536     
         324         180  0.950954635458553     
         325         190  0.954403425830165     
         326         283  0.953305133043791     
         327         295  0.954704386375749     
         328         297  0.954490942531437     
