$grad                                                                           
  cycle =      1    SCF energy =  -541.78762512181   |dE/dxyz| =  0.388178
  132.69299178672190     74.40811099460321     78.77527409152087      n 
  132.63723525591405     72.42816060425575     76.88252501420791      c 
  130.03872367266877     72.34668927988328     75.61188382433517      c 
  129.82625979374095     72.54123713460400     73.31057707714047      o 
  133.41348281897072     69.94975575254311     78.12740568273853      c 
  136.02575493323351     70.09802977191424     79.26162116981369      c 
  136.62315483605627     68.58024973805564     81.32048730703207      c 
  137.88802020253101     71.66807735219008     78.27519914650149      c 
  138.98746762549851     68.70542160976457     82.42910129452652      c 
  140.25176824605049     71.79345093910497     79.38263323862405      c 
  140.79627580841247     70.33865736842132     81.48456620150307      c 
  133.27752421674356     73.94773035542005     80.53495378542911      h 
  133.95688987731634     72.90683025230526     75.35385982024248      h 
  132.03993736541136     69.45525200459295     79.59029077137593      h 
  133.38342256052348     68.45663302104100     76.70510680920039      h 
  135.23957298864281     67.24358348675074     82.00823897686006      h 
  137.53708127405176     72.79045872681679     76.60846601212607      h 
  139.43416801470266     67.48838745546247     84.00455017568216      h 
  141.66976828539458     73.02199601774272     78.57574756538102      h 
  142.64590221299380     70.43184579945859     82.33244278826344      h 
  128.04228028846140     72.08522199007569     77.12501514898808      n 
  125.53755438092712     71.92209167661512     76.01555741000662      c 
  125.01486511873168     74.32359101428509     74.48667895649939      c 
  124.17510401731926     74.23508874209750     72.33136183459585      o 
  123.52255097129459     71.43384524138472     78.05384579790901      c 
  124.07695992095353     68.89711988058595     79.34758969272414      c 
  120.89032404472559     71.44141078208841     76.87260715284704      c 
  122.46209433451469     68.40218613362185     81.68039797023781      c 
  128.22089311150674     72.00553102867649     79.02913367913807      h 
  125.51931863701022     70.36636375531329     74.63657725485029      h 
  123.65622818013760     72.95604802481498     79.44943129906981      h 
  123.79034710353957     67.38128771689850     77.97917356312703      h 
  126.04861061924694     68.86739411175758     79.94277141557444      h 
  119.45444669882453     71.14587950226735     78.30652622828124      h 
  120.49976085858263     73.22526513100733     75.93588062306381      h 
  120.74005641568952     69.94105732604611     75.47803010563983      h 
  123.04137239495138     66.63294873252867     82.54868983315723      h 
  122.72163220808089     69.90836870541263     83.05261348701946      h 
  120.46879337691118     68.25812104605554     81.21664848542434      h 
  128.65394237140879     74.78509396775667     68.28584618167456      n 
  127.69985701445296     73.12246199808361     66.32795730716019      c 
  125.23257110500177     74.20782942638162     65.30943879693545      c 
  124.80104780560677     74.27181527490430     63.03510892531551      o 
  127.16943685221848     70.43721432001821     67.22901438527423      c 
  129.49806870952847     68.82706537314171     67.83447194556319      c 
  128.58412126477242     66.17578036932275     68.52031499010370      c 
  131.34198103845205     68.66517323835873     65.62496922600189      c 
  128.90323203986506     74.09445937794077     70.05592728720052      h 
  129.02649988852508     73.12128542919626     64.73564674434422      h 
  125.97320958973181     70.55504010716560     68.90527865520903      h 
  126.09886716296161     69.49437674929570     65.73412487679460      h 
  130.46620008180244     69.67215003588778     69.45482325997908      h 
  130.16970353809234     64.93292981561603     68.90150430103516      h 
  127.38754660905118     66.24216485228409     70.18682079536070      h 
  127.51568474541027     65.37258358909830     66.95932404937432      h 
  132.90107825173743     67.41771342215273     66.10866974329170      h 
  130.41463367738064     67.89839288067670     63.95857209397093      h 
  132.11861268604022     70.50782223862001     65.15901177858625      h 
  134.75696542685904     61.21945633699377     33.97706272582462      n 
  136.97579228139926     60.09577090311856     35.13412089911044      c 
  138.03711125512083     61.88664032105235     37.13867827634922      c 
  138.93890576325973     61.04051181205330     39.10725720659274      o 
  138.99933037768855     59.46642928855258     33.15710206235998      c 
  138.35871669958001     57.11438001379727     31.62399965089203      c 
  140.68970818171590     56.79743744940968     29.09364691256764      s 
  140.08416065667674     53.59188663397970     28.05930592331197      c 
  134.73645914319903     61.36459562132357     32.05237505821773      h 
  136.44120155843433     58.35245457505110     36.13452727522721      h 
  139.20185715652255     61.06692626550128     31.87443267573516      h 
  140.81869402797091     59.17200085090580     34.08324089757750      h 
  138.45633058400887     55.41473085748243     32.78559370672882      h 
  136.49673370790725     57.27209398226977     30.75678751237346      h 
  141.36677609068087     53.23092548591374     26.50193439623615      h 
  140.46202915295342     52.29018517613550     29.60199944287100      h 
  138.13969819092378     53.43209073061833     27.41909983603604      h 
  137.96172332688676     64.33018307721689     36.59889286304555      n 
  138.94643646554277     66.27430500055880     38.24626470041437      c 
  136.85730082108969     67.27947945495617     40.04252355666228      c 
  137.00109545277891     69.33017805508121     41.01594083615763      o 
  140.05379833498515     68.50197885373987     36.75907434476682      c 
  141.26243928849098     70.51297677870738     38.38067135122171      c 
  141.17097001617191     73.02854639388700     37.62025996222891      c 
  142.54795148869400     69.93341192571276     40.59508961174938      c 
  142.25413308557515     74.90715242979262     39.08366964540389      c 
  143.64359408452285     71.80285415061110     42.05680353271416      c 
  143.48572132445753     74.30455591194529     41.31133801630101      c 
  137.35838543610132     64.95450460758650     34.88280167707887      h 
  140.45636761432266     65.37297338872801     39.35231894450642      h 
  141.44681900522332     67.80460908429815     35.40261287210263      h 
  138.51353494951766     69.34641342222453     35.68740804527391      h 
  140.26402696877037     73.53017915338994     35.85858214183278      h 
  142.69583006628062     67.99061465471891     41.19878528982897      h 
  142.13439436343128     76.85490929598903     38.48514205296728      h 
  144.64458463766945     71.30884103617757     43.76884924061174      h 
  144.35380010603632     75.76225025561378     42.44483290343958      h 
  134.98655795526815     65.61286054884521     40.46713212279757      n 
  132.96685653196815     65.94896473763821     42.28378448877414      c 
  132.92552043336102     63.62743046139209     44.00274213975106      c 
  132.59543227311016     63.77440056948026     46.27946676261183      o 
  130.34964678074036     66.32654271387248     41.04593855393560      c 
  129.76710759434374     69.15265108670769     40.81099700410407      c 
  128.30187206192497     64.94929411913884     42.51667239669369      c 
  127.67158607552412     69.78780725366015     38.94170636697427      c 
  134.64871062732362     64.32464384335034     39.09626077658741      h 
  133.45457113255398     67.57150224803689     43.47174466718393      h 
  130.45608379411468     65.49096055242435     39.16611576997848      h 
  129.23798352124959     69.85405479044962     42.67762800994132      h 
  131.49401932293918     70.10446572288461     40.21283978340264      h 
  126.52767421544155     65.11182398937551     41.51681463296439      h 
  128.72408088321862     62.94777141878697     42.70101480475559      h 
  128.09248687821545     65.76180798849899     44.39277074075330      h 
  127.39672703925335     71.82302350048073     38.88757870302288      h 
  128.16382910029051     69.12757081436190     37.05884223747635      h 
  125.90077954181177     68.92647691947307     39.50479147894602      h 
  133.40021514813392     61.44074628414683     42.81855261467585      n 
  133.65074209141187     59.11238969357829     44.21451278046226      c 
  136.28323844887063     59.05897353582428     45.40794244200895      c 
  136.53068702064030     58.50688372417969     47.64223861150043      o 
  133.01021657128655     56.81644716989540     42.55539134070123      c 
  130.23652192480833     57.04531714987149     41.73414358394766      c 
  133.47054414753197     54.39323500824658     44.04619857871445      c 
  129.40721701741302     55.18106421976636     39.70328634964397      c 
  133.24418058024639     61.32896190607284     40.91942009431774      h 
  132.34398139746219     59.16411207087773     45.83109143295387      h 
  134.23422100734263     56.85570248105522     40.88655959233774      h 
  129.05291209867937     56.80860722983449     43.40657139008582      h 
  129.93046235962598     58.94263208872581     40.98833786319540      h 
  132.97986461833224     52.73846112264916     42.93833345295299      h 
  135.44148311323886     54.24474561227367     44.60651152148904      h 
  132.31852958647545     54.39709572440812     45.74763712503444      h 
  127.44538303535569     55.54961060325986     39.21631040834975      h 
  130.54010177799401     55.42654451345850     38.00794587658586      h 
  129.55561778127051     53.23551225462712     40.33731040313410      h 
  138.23929834966833     59.76973023292800     43.98238641792734      n 
  140.73474438999892     59.95126628324883     45.09743409136667      c 
  140.69949711803565     61.65380116711742     47.41775144230499      c 
  141.60673638508203     60.80444421213413     49.38015229717166      o 
  142.78192567666269     60.77631891438419     43.16898703243598      c 
  143.10208088420129     58.92596749395468     41.29618359413253      o 
  145.33754553379714     61.14719033353777     44.45044052705516      c 
  138.10334726420407     60.15830817786842     42.10655070079920      h 
  141.29733058200574     58.08904030173179     45.83161150575518      h 
  142.16812011196399     62.55889927545262     42.30450506338840      h 
  141.73541588956411     59.08689919253144     40.08816967569619      h 
  146.70368692203442     61.76159147144758     43.04504952555974      h 
  145.23536405759387     62.53067813080253     45.96000391437833      h 
  145.96855013025316     59.35428353553968     45.22534637183767      h 
  139.81345115736832     64.01862748939740     47.31800220874949      n 
  140.09657208021372     65.67719417478371     49.50526345122994      c 
  138.25842428584329     64.98546034158763     51.60128677411421      c 
  138.90847638086339     65.12525623739009     53.82292930935846      o 
  139.58307418141894     68.32702268838990     48.46770820046198      c 
  137.63572526623690     67.81128365625537     46.41986522663503      c 
  138.52989227144795     65.32206762078174     45.26860410347187      c 
  142.00110586063354     65.53377468582079     50.30483451745451      h 
  138.90240031346019     69.61376994279762     49.91651400402202      h 
  141.30913344386721     69.09739631631186     47.64663154932244      h 
  135.75803052534798     67.57670221203384     47.23703305202496      h 
  137.59359384906298     69.28857213214340     44.99586649226008      h 
  136.95131075076810     64.22241001588013     44.55691836417915      h 
  139.82146898262408     65.69301132063008     43.70839330643195      h 
  135.92477261305598     64.27674700949925     50.96893960749561      n 
  134.25353282659952     63.47738785770954     52.99455637681785      c 
  135.42065089040298     61.15634080005631     54.24385884684463      c 
  135.36330983931549     60.81071376498681     56.53685454322055      o 
  131.55425184729216     62.95462772568875     52.07708105541043      c 
  129.97947629476749     61.77050549753404     54.18498142871824      c 
  130.32559940557539     65.40236725100395     51.18238729230353      c 
  135.33227430180958     64.10427922488581     49.16136197519145      h 
  134.22688194273505     64.98123432193591     54.42628531543476      h 
  131.66306121941068     61.63562126479132     50.48965289268099      h 
  128.08897736610982     61.35786786397436     53.49959661380763      h 
  130.82056093718012     60.02388319879808     54.86376588650087      h 
  129.82690650898340     63.06398278357615     55.77428503276955      h 
  128.42518591634115     65.01021972051483     50.51526382955307      h 
  130.22415705769367     66.75993757365916     52.71954156646867      h 
  131.39131572868419     66.21495166043226     49.63432746732163      h 
  136.56118672370769     59.54307341834757     52.68002431623763      n 
  137.83163181841942     57.37456885996954     53.74812005489427      c 
  140.02824753070456     58.28105449844916     55.37289503785556      c 
  140.32162653285593     57.45661002950127     57.53458676474497      o 
  138.77907221825822     55.50553185769926     51.76446086893455      c 
  139.41053935216340     52.95328458048254     52.93209661125650      c 
  136.59301309848425     51.38342121012532     54.19679394802415      s 
  136.91842978645758     52.00102391569132     57.55763203127814      c 
  136.39320890470617     59.63225245090842     50.77309099676732      h 
  136.49426326709505     56.42397474505991     55.01380696838712      h 
  137.30786254930911     55.22267998345205     50.35141681844001      h 
  140.44166254744204     56.29561496198836     50.83319986935947      h 
  140.16254406037783     51.68669400703273     51.49415476961350      h 
  140.74954828954671     53.09973975620193     54.48634492872956      h 
  135.58433431512157     50.77229508822810     58.51276455190082      h 
  138.84360497690321     51.58771445772254     58.13673893658999      h 
  136.45930486204190     53.95718191669839     57.97341262491136      h 
  141.59811337546893     59.93711668033506     54.35151649543671      n 
  143.85068525620321     60.74432371338104     55.68203465507948      c 
  143.11127891965728     62.01301545818504     58.16582090507820      c 
  144.22979357219546     61.45427972188375     60.12461214584316      o 
  145.47567987898799     62.48870295068991     54.02049899725472      c 
  147.51571523235899     63.78430068404678     55.58513217064543      c 
  146.74033329531204     61.02309352673243     51.88461914727780      c 
  141.41726309611266     60.45338834023216     52.50301945155391      h 
  144.95683590447555     59.06741272990454     56.22691709541714      h 
  144.20837576807440     63.92252129843978     53.23832646191184      h 
  148.65307947964357     65.00331966626835     54.38756099780252      h 
  146.68482444464831     64.90714394662386     57.08358825056088      h 
  148.74810883011114     62.37564940677912     56.43243352218121      h 
  147.79194322919321     62.32199681199454     50.68953336146757      h 
  148.05836084301885     59.65649538398532     52.66669104035196      h 
  145.36235853691068     60.04270208549779     50.72966802976379      h 
  141.26392991660299     63.71149945143146     58.09391043598511      n 
  140.47914402330895     65.03254396343486     60.35549414897383      c 
  139.08368237667659     63.26233847803664     62.14906350492083      c 
  139.38318947775647     63.41070033980674     64.44496959393153      o 
  138.79087207092007     67.30034077730400     59.77808280310458      c 
  140.04765862369067     69.31985151610634     58.12579606878799      c 
  138.18427595320330     71.47994904505155     57.70357349199019      c 
  142.47483039501736     70.34217101827089     59.29074650883524      c 
  140.39363412214652     64.18254824177441     56.45020065922712      h 
  142.17727888798549     65.66081425494362     61.36577723653507      h 
  137.09339569164405     66.61718723438720     58.82634264801931      h 
  138.23388267647783     68.13186271723013     61.58397756642075      h 
  140.49309620466306     68.46163910142322     56.30096907055303      h 
  138.99692952490062     72.89227620287387     56.45459728106987      h 
  136.44613464852969     70.77290651094872     56.87027082494059      h 
  137.73263550289369     72.38935639675825     59.49005282445432      h 
  143.22402497019618     71.84638842814221     58.11274326508286      h 
  142.12292818478255     71.10295305962316     61.16700739068040      h 
  143.90278452970563     68.87485153821613     59.43290344467939      h 
  137.55070761997598     61.58675865134493     61.07037492465192      n 
  136.35762438034470     59.60880215374334     62.51967969542002      c 
  138.35704952665580     58.11293299753660     63.95528297398872      c 
  138.05960940403978     57.53641335362748     66.17402482185270      o 
  137.15598059183421     61.61531315877028     59.19307542731523      h 
  135.01932517281639     60.37338830243764     63.90004128144130      h 
  135.36969223375169     58.35409999836350     61.21782808203059      h 
  140.39613787372497     57.53619079153175     62.59803241469598      n 
  142.51986874020250     56.10639326924215     63.54765974637686      c 
  143.96975171816717     57.63915255353188     65.50688787212815      c 
  144.78031939902331     56.61236143915179     67.42482364208168      o 
  144.28468098005573     55.31408061941286     61.34820359155268      c 
  143.01213587617127     53.69362448341035     59.66569911885481      o 
  146.61157707079099     53.90607432431999     62.29439179850624      c 
  140.44319395357238     58.03663040263673     60.74587920104504      h 
  141.84071163016341     54.38454372472468     64.48977845212019      h 
  144.86408792093599     57.05608753501615     60.37234941199099      h 
  141.84274701411019     54.71633735678665     58.68377695103528      h 
  147.79261069702807     53.40610657797352     60.69102297139526      h 
  147.69088702167588     55.05525159112091     63.60480964790513      h 
  146.02248048243797     52.17715576515892     63.23023740022388      h 
  144.26349200133811     60.08237087738804     64.99287057837671      n 
  145.63904479001991     61.77919773744625     66.64092765815371      c 
  144.14716893900544     62.13986486097306     69.08141217217081      c 
  145.26474529725635     62.33004105902057     71.10731192133993      o 
  146.23707722040061     64.29411383701560     65.29181560125997      c 
  148.45759475095360     63.93342713857356     63.46388494490485      c 
  146.79244869573571     66.37505890219093     67.20666231632858      c 
  148.91093617590448     66.21902964443333     61.76821682265788      c 
  143.90301853220225     60.74082125184292     63.21847304379633      h 
  147.41888385018660     60.88708389151114     67.23559023133383      h 
  144.55624709553848     64.81604086785589     64.20701729057670      h 
  150.16351485662858     63.54009330635258     64.55343492329960      h 
  148.05256103446322     62.30174884536800     62.27203087033635      h 
  147.24020891751852     68.13580099171307     66.25532995276478      h 
  145.16735025405288     66.69021655106646     68.42108405943218      h 
  148.38539732621922     65.84018916837054     68.38798760910474      h 
  150.33677880753984     65.77506431757857     60.35929876862056      h 
  147.17244729072448     66.72491547255829     60.79872459731169      h 
  149.55009087616503     67.85013573995981     62.83490256327342      h 
  141.64424989066993     62.18344650826455     68.87365734196516      n 
  140.00382703444214     62.26623713535990     71.07114523534136      c 
  140.15421032944616     59.71533749069263     72.41576321325674      c 
  140.62862276300385     59.55722202632064     74.68252702544324      o 
  137.32157090915058     62.94948798064377     70.25268817541404      c 
  135.45292436224491     63.42462157047338     72.35441922239819      c 
  133.74409816967571     65.40398691224941     72.09673735980266      c 
  135.26884918505380     61.90438577670552     74.49085855389932      c 
  131.84115870946533     65.77294622410645     73.85028457609837      c 
  133.41898852116208     62.32232130760873     76.29527050860047      c 
  131.66572025581752     64.22748120431328     75.95446397318737      c 
  140.82737122320790     62.14128401057899     67.13349749382655      h 
  140.70928414478735     63.69263408484333     72.40086109652557      h 
  137.46625002744827     64.64829235878352     69.08831353845402      h 
  136.62785668907995     61.41303749276755     69.05589169874760      h 
  133.88699559293232     66.68300187729156     70.51441967631035      h 
  136.59558496580146     60.39504584437358     74.77464245251204      h 
  130.50998327592535     67.29162401479610     73.56763640448195      h 
  133.32513604061523     61.15625537688449     77.96876913569567      h 
  130.21392826913993     64.55037616015474     77.34778380839721      h 
  139.73872549455356     57.68038389744866     71.00451431057337      n 
  140.02231112311969     55.21328965458569     72.15724375042119      c 
  142.44769214856285     55.28271787869343     73.70814188897687      c 
  142.52124711783725     54.45563680665341     75.86730219794403      o 
  140.07373481165840     53.09297883435128     70.18167117630868      c 
  137.39025072449257     52.60003046767354     69.21252415135905      c 
  141.21659166949090     50.69962025711384     71.31268581439045      c 
  137.31850421822736     50.96526238542450     66.84334781864965      c 
  139.36851373998951     57.78010648076602     69.12359034570004      h 
  138.47842509011065     54.87357503646321     73.50750721450126      h 
  141.27306424486193     53.73998728554587     68.62694500648044      h 
  136.31317645489906     51.68538077845598     70.71338751536679      h 
  136.50827406529146     54.41048384316439     68.78523980414427      h 
  141.20201410752233     49.18907272281504     69.92585887005046      h 
  143.15710291689408     51.02381466788652     71.90267912872901      h 
  140.14275819486275     50.10827305050864     72.96148585334147      h 
  135.37800553428920     50.73602206829523     66.21267330648335      h 
  138.38778087554255     51.86026710161356     65.33337402442426      h 
  138.10825042784342     49.10338486578203     67.19075953962951      h 
  144.44445504498813     56.27337100993343     72.52909385656520      n 
  146.85763343610043     56.46983103015425     73.78447339592786      c 
  146.66530892351648     58.28601285739301     76.00502435516599      c 
  147.76510778694458     57.81531577188333     78.00337535082291      o 
  148.89112221375501     57.33825146303528     71.90539334740120      c 
  151.48298952264125     57.13479148499314     73.04787861481425      c 
  152.86974329698145     54.91209465047686     72.83642337597803      c 
  152.50670793053351     59.14836438946753     74.38631486167793      c 
  155.21983486346335     54.69984698114201     73.96561329298240      c 
  154.85250829882600     58.93759460676750     75.52776305561582      c 
  156.20341285715870     56.70460439343142     75.33083067515034      c 
  144.43335069670229     56.57971106676051     70.63079586545349      h 
  147.37325190693193     54.63527336208665     74.61906231080300      h 
  148.75726516914202     56.15031222165518     70.22499441208038      h 
  148.46842433440924     59.28947700435957     71.38872277410410      h 
  152.12473154061837     53.34119295432310     71.76415566553257      h 
  151.46468144417241     60.90269650230246     74.50672625747373      h 
  156.28905092709391     52.97167572204444     73.76780395268686      h 
  155.62600785434356     60.51387648101130     76.56832528801408      h 
  158.02499292581092     56.53101449616335     76.22930730186705      h 
  145.29349240158203     60.35732276458744     75.76386462487069      n 
  145.01679212538346     62.04370749680363     77.90060581987217      c 
  144.10398454952505     60.58780925582479     80.23367411007042      c 
  145.06154664147888     60.94095735519701     82.31014897144296      o 
  143.32298480588528     64.31010394588763     77.17654565107352      c 
  140.75484677232731     64.29259691450082     78.47937986620968      c 
  144.69310933126644     66.79900427221683     77.64604620973321      c 
  144.78347955976039     61.05496765752935     74.04311174841489      h 
  146.90589964542318     62.70288580654430     78.44144709128281      h 
  143.00274340133208     64.18685088187652     75.14320940094818      h 
  139.70316770244435     65.97105437051472     77.94113602330532      h 
  139.65299158773377     62.65343037567411     77.93344431750526      h 
  140.98399861381046     64.29297998557232     80.51886166102452      h 
  143.46851780271132     68.36561972447569     77.13276270620548      h 
  145.17677630384193     66.97953049513126     79.63071314137724      h 
  146.39351626523029     66.88853257356523     76.49803094354432      h 
  142.18415393775612     58.98440994327686     79.85707066418539      n 
  141.09709425098879     57.52873462363065     81.89682829492710      c 
  142.78364563284524     55.26492139571531     82.56470705184876      c 
  142.97661711635155     54.53927335936545     84.75918106269344      o 
  138.33449682607301     56.79530114389269     81.29173564185280      c 
  137.63544754606423     54.06221300665868     81.88110101669902      c 
  138.81948700176574     51.89803672780648     79.44134118782807      s 
  136.83318706211980     49.17011443443356     80.07129006242634      c 
  141.48558056236203     58.73927513362914     78.09378712928822      h 
  141.13210257523161     58.71815061062904     83.59884896849121      h 
  137.08337354726845     58.01828756643852     82.38344545663206      h 
  137.98190140426669     57.15490029862583     79.28938369233781      h 
  138.39096682669245     53.48109067252815     83.70890120278412      h 
  135.58922346190764     53.82500782592208     81.89840788925812      h 
  137.48655103282405     47.69038630136904     78.81027740515532      h 
  137.06574800852175     48.58587197870143     82.02477993763377      h 
  134.87393634431686     49.63182169713793     79.66902589635089      h 
  144.09067339892874     54.27767148573240     80.65125770653864      n 
  145.58311577315322     52.00806699138962     80.94475743024181      c 
  148.06776903848819     52.56921314532677     82.32118117414949      c 
  148.90078330009874     51.15569061678880     83.96771251187174      o 
  143.55739716914519     54.72179585967092     78.85506534426669      h 
  144.50817512037460     50.59372186968125     82.01007292830384      h 
  146.00119012786001     51.25529312691933     79.07216756706440      h 
  133.74324227594360     75.64686249896680     78.27026855462384      h 
  125.35952163722986     76.01998020001842     75.24466297909325      h 
  130.18775625562594     75.36778089047138     67.83812652512695      h 
  123.93321147057605     74.88332420633495     66.50377355160727      h 
  133.38235527014143     60.30010544859770     34.37430677368865      h 
  149.05837213167476     54.11925867713968     81.88859762794796      h 
   0.8372984108183D-01   0.7296879953676D-01  -0.4174473871919D-01
  -0.3583938719276D-02   0.2320749489562D-03  -0.6701639404621D-02
  -0.5927554985771D-02  -0.3003900399995D-03   0.8334042428052D-03
  -0.9937005979427D-03   0.2343713672154D-02  -0.3411728739591D-02
  -0.8243862489637D-04   0.6070663212843D-02   0.5177955235947D-02
   0.1103331851765D-02   0.6454619787957D-03   0.1534129533800D-02
   0.4420920676314D-03  -0.1033848551818D-03   0.3896154853317D-03
  -0.3416310070038D-03   0.8193594840183D-03  -0.7095581851311D-03
   0.7221570828149D-03   0.9293526335248D-03  -0.3737280640305D-03
   0.6444031292894D-04  -0.2611946978207D-03   0.5347692246902D-03
  -0.1085392754350D-02  -0.3375671913718D-03   0.1021061773536D-03
   0.2933051135920D-02   0.1353240748912D-01   0.5266566504416D-03
   0.1980232555660D-02   0.3522585837603D-02   0.1765943627253D-02
  -0.1892927675838D-02  -0.3626298528393D-03   0.4563695009127D-03
  -0.1610470256183D-02   0.1342629537929D-02  -0.1186889682256D-02
  -0.2321444606300D-03  -0.1820627984761D-02  -0.1413217955532D-02
  -0.1701227878556D-03   0.4218489178877D-04  -0.7563724888674D-03
   0.8395340686000D-04  -0.6883663568979D-03  -0.1116257778430D-02
  -0.1980391201864D-03   0.1127875005880D-03  -0.1211171258887D-02
  -0.5196581784284D-03  -0.1840189944243D-03  -0.1461957543140D-02
   0.4609838678105D-02   0.7392855776470D-03  -0.2252775022386D-02
   0.9569864205993D-04  -0.4374962902349D-02   0.3042865875258D-02
   0.2421152307102D-01   0.7138896407575D-01   0.5718285029271D-01
  -0.5947403537169D-02   0.2004536555384D-02  -0.2166576428882D-01
   0.5291292075809D-03  -0.1094805363630D-02  -0.1343179762663D-02
   0.3954347780497D-03  -0.7132620260618D-04   0.1673152639391D-03
  -0.3273096639581D-03   0.1764558292735D-03  -0.4884847587769D-04
  -0.3859521820330D-03  -0.5005094779055D-03  -0.3805235907993D-03
  -0.2012532827260D-02  -0.2957267724924D-02   0.4298920413648D-02
   0.4950944604658D-04   0.1974948451536D-04  -0.9729314508563D-03
   0.9102877183271D-03  -0.4367312590762D-05  -0.2205177594496D-03
  -0.6105374298468D-03   0.2613268345533D-03  -0.8207104659515D-04
  -0.7903308012639D-03   0.2166560424324D-02   0.8627526156401D-03
  -0.2010279105194D-03  -0.1457738788208D-03  -0.4307487265397D-03
  -0.2279127314194D-03  -0.8599498690328D-03   0.3337637792990D-03
   0.2362678760021D-03   0.1484311840770D-03   0.5240707978241D-03
   0.2442702931161D-03   0.1300666322710D-03  -0.3217672202472D-03
   0.1079147967129D-02  -0.3029212538701D-03  -0.5492400518606D-03
  -0.1852078066264D-03  -0.3657155801242D-03   0.1599770483918D-03
   0.1072087849545D+00   0.3281301104487D-01  -0.3732781446044D-01
   0.3552439395486D-02  -0.5905445631136D-02  -0.6031498218559D-02
  -0.4994459002222D-01   0.2815178890863D-01   0.6862789504779D-01
  -0.2677217536124D-02   0.1093186755856D-02  -0.1342557051040D-01
   0.4618793368876D-02   0.6060949700694D-02   0.4449485328985D-02
   0.4049205478087D-03  -0.6117269314289D-03   0.8239952467653D-03
  -0.2443611335528D-03  -0.2191418116843D-03   0.3179975299168D-03
  -0.5109691920890D-03   0.3228092829855D-03   0.7755266620153D-03
   0.1209449360172D-01   0.9986458502526D-02   0.2757890197841D-02
   0.1951306813800D-02   0.2917789377945D-02   0.1238636363602D-02
  -0.1778182089840D-03  -0.1021049060172D-02   0.6071679765081D-04
   0.1226182284290D-02   0.1476046561054D-02  -0.1118394579499D-03
   0.1042063560864D-03   0.2101392129006D-03  -0.4111813806324D-03
  -0.5047897593924D-05   0.6612066642643D-03  -0.8890127894410D-03
   0.8771426019093D-03   0.1114549023587D-02   0.6403078055059D-03
   0.1205661873522D-02  -0.5071754886257D-03  -0.1174813626773D-03
  -0.8037768220423D-03   0.1667332792285D-03   0.1051342883512D-03
   0.8357857459889D-03  -0.6911815585068D-03   0.8098746233604D-04
  -0.6176271735918D-03   0.3076972592272D-03   0.1345950730306D-03
  -0.9221281781558D-01  -0.7402893225671D-01   0.3516379245289D-01
   0.1804118930007D-02   0.1757691888662D-02   0.6933149755815D-02
  -0.5119131011168D-02   0.8348123902350D-02   0.8960199618703D-02
   0.1853842773657D-02  -0.2612809769897D-02   0.5806841259105D-03
  -0.6122919733378D-02   0.4005945058846D-03  -0.2391254040959D-02
   0.1596288212561D-02  -0.6809300758431D-03  -0.3052498790658D-02
  -0.3677622073166D-02  -0.1917421567020D-02   0.2827492995814D-02
   0.1933629329460D-02   0.4226664097020D-03  -0.1116295040736D-02
  -0.1178128231813D-01  -0.8044424657663D-04  -0.5947444817764D-02
  -0.3243716109005D-02   0.1488321947092D-04  -0.1626108533249D-03
  -0.2561717172121D-03  -0.7988597833013D-03   0.1891490866458D-03
  -0.4479652557978D-03   0.2700952614309D-03   0.1121879383415D-03
   0.6026435921576D-03  -0.3153122670838D-03   0.7964348946140D-04
   0.6244604790719D-03   0.9610827113944D-03   0.4097746388962D-03
  -0.1317831030287D-03  -0.6668369537758D-04  -0.7917148740007D-04
   0.1099384334514D-03   0.9168367653147D-04   0.2362104606048D-03
  -0.1344341253321D-03   0.3204038990472D-03  -0.9734344389076D-04
  -0.1937947717298D-02  -0.1173726449994D-01   0.1036734055684D-01
   0.3736956296831D-03  -0.1635647485582D-02  -0.1157150056312D-02
  -0.5678378386608D-02   0.6418722193177D-02   0.6752661111929D-02
   0.5344767338211D-03  -0.1088327668150D-01  -0.8183888829998D-02
   0.1513611749249D-02   0.2359798783019D-02   0.2644641867491D-02
  -0.1362132230141D-02  -0.1046390316451D-02  -0.3853180112963D-03
   0.2547551684224D-03   0.1158214168036D-02  -0.4087639980999D-03
  -0.1541147858540D-03   0.9710016198347D-03   0.7579833390605D-04
  -0.3723511722708D-03   0.9824955165737D-04   0.2442680244734D-03
  -0.4244580931358D-03   0.4010427632478D-03   0.8624760430900D-03
  -0.7328244756238D-03   0.5092298144462D-03   0.1890078712006D-03
   0.2358484583241D-02   0.7106303674116D-02  -0.2970858828101D-02
   0.4200541825139D-02  -0.1413485678239D-02  -0.2678192315109D-02
  -0.1272037471316D-02   0.1396904374990D-02  -0.1016389323480D-02
   0.6794647578624D-03  -0.3262017053187D-02   0.1706842576286D-02
   0.1046125645135D-02   0.4855801064415D-03  -0.1452214114244D-02
  -0.1601107840337D-02  -0.5207875288983D-03  -0.1069811474477D-02
  -0.2614314723203D-03   0.2088669310518D-03   0.4452667667714D-03
   0.9124006642495D-03  -0.7932712977445D-04   0.8590082396464D-03
   0.9397672447554D-03  -0.4854827732744D-03   0.9458793904356D-04
   0.7552979755539D-02   0.3939310893587D-03   0.5624991109529D-02
   0.9643638629086D-03  -0.3300161378064D-04  -0.3379619130732D-02
   0.5195659482087D-03  -0.4902809330062D-02  -0.3180649580896D-02
  -0.6547909072137D-02   0.7811505593017D-03   0.1040585152650D-02
  -0.1392666736295D-02  -0.6385365226678D-03   0.1765015209731D-02
  -0.1618174380556D-02  -0.2793903889304D-03  -0.4526446593912D-03
   0.2914177413366D-02   0.2149620840464D-03  -0.7505751442845D-03
  -0.1482727679828D-02   0.1505672300110D-02  -0.3336381327620D-03
  -0.2268599292800D-02   0.2283776901596D-03  -0.5293025412639D-03
   0.1816363971114D-02  -0.2931644663611D-03   0.2408466253605D-02
   0.1026637392104D-02  -0.4161987795082D-05   0.4665046819604D-02
  -0.1606698207949D-02  -0.1336106851566D-02   0.4099176029234D-03
  -0.4779326489813D-03  -0.2339214481785D-02  -0.5731754229291D-03
   0.4073656023943D-02  -0.1152227417999D-02   0.2107996506273D-03
   0.1691638946549D-02  -0.2542684213120D-04  -0.1104881700894D-02
   0.3759396724233D-03   0.1194556541373D-02   0.2501992476494D-04
  -0.2680663083524D-03   0.5656462094778D-03   0.1100000699914D-02
   0.7788685728224D-03  -0.7570284457979D-03   0.2757103910795D-03
   0.1803542431444D-02   0.8133768991943D-03   0.7692169552491D-04
   0.2612256233809D-02   0.3031579204180D-02   0.4990114737228D-02
  -0.1551019455979D-03   0.2798292069760D-02  -0.1022219498163D-02
  -0.6552792571128D-03   0.1979863715229D-02   0.5481260826446D-03
   0.1376025658975D-03  -0.1436605247210D-02  -0.7786822968174D-03
   0.1405059550490D-03   0.2396544079648D-03   0.2019261329419D-03
   0.1087207221144D-03   0.1581113797931D-03  -0.4669909655474D-03
  -0.1671783907833D-03  -0.4148062242691D-03  -0.9767184498321D-04
  -0.6902010073777D-03  -0.1026214172946D-02   0.3821618102629D-03
  -0.2601290214094D-02   0.9243917137397D-03  -0.1687780362284D-02
   0.4340179314060D-03   0.1816978398224D-03   0.1317164385311D-02
  -0.6069741103328D-03   0.9494628885872D-03  -0.8229766333799D-04
   0.7708948927245D-03  -0.5552400206348D-03   0.5439508353302D-03
   0.2588893417994D-02  -0.6188918401339D-03  -0.8606906449506D-03
  -0.6373584459721D-03  -0.4515146521044D-03   0.5910603853443D-03
  -0.1140532889553D-03   0.6083123607442D-03   0.9147875422977D-04
  -0.2971727937132D-03   0.7437900095634D-03  -0.5249824463410D-03
   0.2249862099459D-04   0.8990793526738D-03   0.1536260204431D-04
  -0.8166673597701D-03   0.1806159754188D-02   0.4384185145054D-03
  -0.5385667239404D-03  -0.4074293932464D-03   0.3536569585433D-04
   0.5473622654361D-03  -0.3865835802021D-03   0.6674673538785D-04
   0.3178452359469D-03  -0.3828287542016D-03  -0.1775070880278D-03
  -0.8267340165407D-03  -0.3473020544417D-03  -0.3660051678317D-03
  -0.4709817127546D-04  -0.2309262026722D-02  -0.7801407266274D-03
   0.3611108200109D-03  -0.2007924382633D-03  -0.9551482779866D-04
   0.7982863725232D-03   0.1616887756959D-03  -0.3157450135723D-03
   0.3512551551301D-03   0.2197178622709D-03  -0.3606369122174D-03
   0.1472535968831D-02   0.4775585383134D-03   0.4243806234241D-03
   0.9533937889793D-03   0.2758317541308D-03   0.1063167591883D-02
  -0.4019913975101D-03  -0.3649745497911D-03   0.2839756566661D-03
   0.5692192431088D-03   0.3834663815728D-03  -0.1229848673873D-03
   0.2899893381151D-03   0.2069823248118D-03  -0.5979221682397D-03
   0.4228435762676D-03  -0.4828248036287D-03   0.2763856274110D-03
  -0.3715581453789D-03   0.3635945202388D-04  -0.3605282952256D-03
  -0.1231191611951D-02  -0.5112181951393D-03   0.4636115670777D-03
   0.2617188368960D-03   0.4777774063985D-03   0.5085419828960D-03
   0.3382530058321D-03  -0.3573615510437D-05  -0.2472255818034D-03
  -0.1835996892959D-03  -0.1421223635264D-02   0.2029778262677D-02
   0.2454921066121D-03   0.3086775544866D-03  -0.2436590181388D-03
  -0.5585983756012D-03  -0.5668999821575D-03   0.7622512079704D-03
  -0.1562215652430D-02  -0.2378124634151D-03   0.2522352135017D-03
   0.5846143513298D-03   0.2337306970736D-02   0.1349146049080D-02
  -0.1224542297395D-03   0.4125270831268D-03  -0.4684060923268D-03
   0.8916112925847D-03   0.2862501619913D-03  -0.2458054270584D-03
  -0.9192209677048D-03  -0.2183696446150D-02  -0.6254508956449D-04
   0.9096019791214D-03  -0.1797426948091D-02  -0.6682164240644D-03
  -0.3228234601186D-02   0.2583366194349D-02  -0.2361264149939D-03
  -0.2749966470133D-02   0.3050324973717D-03  -0.9020097772094D-03
   0.8463362862051D-03  -0.6357875878184D-03  -0.2587682810623D-03
   0.3959550412006D-03   0.3855709751230D-03   0.2728790892065D-03
  -0.1545987075721D-03   0.1427382332180D-03   0.5208390756324D-03
  -0.6793667643933D-03  -0.1701626692852D-02   0.2191066278160D-03
   0.2717972904480D-03  -0.1067213196108D-04   0.2470364140401D-03
   0.6211515397894D-04  -0.4138834190226D-04   0.1273099045089D-04
   0.1925521310463D-03  -0.3805869951645D-03  -0.7985514993256D-04
   0.2236281218844D-02   0.1062968989872D-02  -0.4228185266757D-03
   0.1061696471001D-02   0.1190067601181D-02  -0.4206539323301D-03
  -0.3484550666401D-03  -0.5128847358296D-04   0.2992532145713D-03
   0.6485110794368D-05  -0.1207346588667D-03   0.8526424171533D-04
   0.3575985559444D-03   0.2263604441116D-03   0.1845698307101D-03
  -0.1827999542429D-03   0.6734270916929D-04  -0.1973771443803D-03
   0.3415043042224D-03  -0.4747128516066D-03  -0.3958551659060D-03
   0.5017581189664D-03  -0.1815295512266D-03  -0.3287783637882D-03
   0.6114820948337D-03  -0.8718637180217D-03   0.1327068869545D-04
   0.1042714534907D-03   0.4708475475352D-03  -0.3169717975597D-03
  -0.1910073132918D-03   0.1981312786366D-03  -0.2620704720799D-03
  -0.1766478893043D-03   0.6275779196739D-03  -0.1922712030296D-03
   0.2520724823637D-03   0.9144929056590D-03  -0.2551802780870D-03
   0.1066542120021D-03   0.2317414379259D-04  -0.2179215257168D-03
   0.3663726789955D-03   0.3018328449716D-04  -0.3014730720012D-03
  -0.2181284803805D-03   0.1215706963934D-02  -0.2514194140463D-03
   0.2899769564266D-03  -0.4609670724621D-04  -0.1659314511550D-04
  -0.1203055418499D-02   0.7861645468725D-03   0.1869597886176D-03
   0.2918624447040D-04   0.2722075214090D-03   0.1728836336704D-03
   0.1956755515195D-03  -0.1420476266660D-02  -0.2076688748500D-03
   0.2984966149112D-03   0.5871837867600D-03   0.6913655503201D-03
   0.2257464295619D-05  -0.2948629186659D-03  -0.4175728889348D-03
  -0.8758141732417D-03  -0.3327389163306D-03   0.7436975701047D-03
  -0.8681364396148D-03   0.9165441046380D-03  -0.5328377518239D-05
   0.1014344161765D-02   0.1574194255938D-02  -0.7895654604468D-03
  -0.5247900337467D-03  -0.2029585163879D-03  -0.9609230834601D-03
  -0.1203613682344D-03   0.6905053087366D-03   0.1037360728413D-03
   0.2452829710963D-03  -0.3568934667999D-03   0.3102877165979D-03
  -0.4495232505257D-03   0.1227641426248D-03  -0.4122890658259D-03
   0.2773718084343D-03   0.1014041672138D-02   0.6973711238839D-03
  -0.2250931281544D-04  -0.1583243955853D-03   0.3889739329686D-04
  -0.2701880872913D-04  -0.9748230768310D-04  -0.3500661626790D-03
   0.2239733433478D-04   0.4552061250280D-03  -0.1110321377680D-03
   0.6004956129428D-03  -0.1482689779772D-03  -0.3969628707662D-03
  -0.2004554520444D-03  -0.8413080337108D-03   0.8001758050014D-03
  -0.4572579038733D-04  -0.2807901887395D-03  -0.1675443986621D-04
   0.3463683733975D-03  -0.3974547775084D-03  -0.3528183429120D-03
  -0.5801756975900D-03  -0.9591832025405D-03  -0.2308098410134D-04
   0.1561416347959D-04  -0.3377858790488D-03  -0.1027383470401D-02
   0.5544886755774D-04   0.4258004891105D-03  -0.1554978358663D-03
   0.2851642645700D-04   0.8573266406846D-03   0.4004426942071D-03
  -0.1066640866818D-03   0.3999432737760D-03   0.1886660283421D-03
  -0.9726061148911D-03  -0.6611473532754D-03  -0.3753019127673D-04
   0.1546062739129D-03  -0.1687701169813D-03   0.1359815034088D-03
  -0.1476952750708D-04  -0.1825173428498D-03  -0.9433122876068D-03
   0.1472466012911D-03   0.1124993747669D-02   0.1054150415728D-02
   0.3183804520641D-04  -0.8623107569411D-04   0.4909185776061D-03
  -0.1469542009752D-03  -0.2688057985847D-03   0.3167398237658D-03
   0.2684385397258D-03  -0.1453592199180D-03   0.8406564248033D-04
  -0.3027386740005D-03  -0.2880156649439D-03   0.5812391502536D-04
  -0.2487655923179D-03   0.1384897769766D-02   0.4861098361166D-03
   0.6771096783744D-03   0.4117062927143D-04  -0.6049746363233D-03
   0.3347661666523D-03  -0.2078087735669D-05  -0.6884910348163D-04
   0.1336430563861D-03   0.1736790829848D-03   0.5229266637167D-03
  -0.1533400429863D-03  -0.5566540250392D-03   0.4312144121115D-03
   0.4356582466451D-03   0.1397852509985D-03   0.4967673771732D-03
   0.4418036771992D-03  -0.7397946945804D-03   0.3348237753303D-03
   0.5276782133999D-03   0.2015700163451D-03  -0.9191120817431D-04
  -0.7031176793767D-03  -0.3574790373142D-03  -0.1073878521218D-03
   0.2559852018690D-03   0.3812564534372D-03  -0.1708823989705D-03
  -0.6962345271101D-03  -0.5403989690710D-03   0.8083078951198D-04
   0.2053794942465D-03  -0.2107368863390D-03   0.4489284497869D-03
  -0.4956102419461D-03  -0.3416286322070D-03   0.1397264789308D-03
  -0.3992087507227D-03  -0.2745482810321D-03   0.4924447290815D-04
  -0.1692249329460D-03  -0.3962139385608D-03  -0.4065701924761D-03
  -0.2973258757687D-03  -0.5103464434750D-03   0.6332693951899D-03
  -0.1705384997613D-03  -0.1830282603617D-03   0.4138583891058D-03
   0.4123391803131D-03  -0.1211301932222D-02   0.7429110541334D-04
  -0.2661843170014D-03   0.3896564321024D-03   0.2856571911727D-03
  -0.6750173426972D-03  -0.1093537144253D-03   0.6965577869473D-04
  -0.1509489452640D-02   0.2817438069322D-03  -0.6947677237977D-04
  -0.6168132756137D-03  -0.1273998465722D-02  -0.6357381298024D-03
  -0.8008698001281D-04   0.3673153048176D-03   0.1268271492078D-03
   0.4268465992788D-04  -0.2174631127622D-03   0.6567664391836D-03
   0.1225084217971D-03   0.2042144231882D-03  -0.3926813301868D-03
   0.6262844092053D-03   0.9174725935554D-03   0.1906168831293D-03
   0.1658008674112D-03  -0.6444040127335D-03   0.1253331996463D-03
  -0.2389120715713D-03   0.2357118539350D-03  -0.2481301822721D-03
   0.7892949536474D-03  -0.1194593248113D-02  -0.1164183600195D-02
   0.2717878682253D-03  -0.2816208289307D-03  -0.2253393286126D-03
   0.2403146979348D-03  -0.1846417947010D-03  -0.1834882365433D-03
  -0.1931167357682D-03   0.1511221603433D-03  -0.7850210721421D-03
  -0.2186842567786D-02   0.6865790592067D-04   0.1164009190044D-02
  -0.3195655275406D-03   0.9671180558300D-04  -0.1704438702898D-03
  -0.5060413300943D-03  -0.4798347952148D-04  -0.7390597931897D-03
  -0.2914246251349D-04  -0.1486354025499D-02  -0.3866365435212D-04
   0.1357435080282D-04  -0.1829159488973D-04  -0.5831431609390D-03
   0.7374895671945D-04   0.1451128127891D-03  -0.2764057910466D-03
  -0.3101239035975D-04  -0.5255366295246D-04  -0.6740330904832D-03
   0.2820153889560D-04   0.1166594709138D-04  -0.3999028864057D-03
   0.1409273198070D-02   0.8201704975697D-03   0.3884825059603D-03
  -0.4133689736358D-03   0.3855152718411D-03   0.7922088639899D-03
   0.4354863810971D-03   0.1784393953953D-05  -0.1153010038843D-02
  -0.7382998150676D-04   0.7285884653877D-03   0.3416723841512D-04
  -0.4898416169757D-03   0.1743899142501D-03  -0.2917987288922D-04
   0.4533956934463D-03   0.3181473175265D-03   0.2108777553999D-03
   0.4823841746899D-04  -0.7446227694564D-03  -0.5097165499123D-03
  -0.2631858124758D-04   0.4230655625123D-05  -0.7959272317455D-03
   0.3702248389738D-04   0.4529585146668D-04  -0.3909755280078D-03
  -0.1816788621372D-03  -0.3110566401845D-03  -0.1046202679398D-03
  -0.3415074239427D-03   0.3354158158373D-03  -0.7195268495206D-03
   0.1412169271743D-03   0.1045738549807D-02  -0.6014794306438D-03
   0.4609178323623D-03   0.4024883029693D-03  -0.1370784178302D-03
   0.1649131636924D-02   0.2960868018988D-03  -0.5309377953219D-03
   0.2976879619293D-02  -0.1663129192247D-03  -0.6006607625823D-03
   0.3416422678870D-03   0.3813245760896D-03   0.1919982513085D-03
   0.6774252169462D-04  -0.5680385115265D-04  -0.2087178595773D-03
  -0.2560052141258D-03   0.2279164022102D-03  -0.5079609792199D-03
   0.6900511954704D-03  -0.3888102592107D-04   0.5324529335826D-03
   0.3202052644168D-04  -0.4767018520432D-03  -0.8756633458548D-05
   0.4373114483689D-03  -0.2577887509514D-03   0.4981501152385D-03
   0.4278010612750D-03  -0.4891658106680D-03  -0.1579433470420D-03
   0.2949930199891D-03  -0.1748679509370D-02  -0.1383990972541D-02
  -0.7971913791708D-04   0.9697552164939D-04   0.6061490291005D-03
   0.9544687231971D-03   0.9890088922773D-03   0.8553239040489D-03
   0.1246000962664D-02  -0.1617685768919D-03   0.2425176747217D-03
  -0.1085373360626D-02   0.9615943378511D-03   0.2172284314371D-03
   0.2141753541751D-02   0.1061776275063D-02  -0.3903205685385D-03
   0.3849079361384D-03  -0.1812672174463D-03  -0.1881801147182D-03
  -0.1248631263859D-02   0.7252561899943D-03   0.1543067634721D-02
   0.9479620180446D-03   0.7778540722095D-03   0.2756716269119D-03
   0.4076857466390D-03   0.3687686474819D-03   0.1734326790765D-03
  -0.5970273194634D-03   0.2579050061168D-03   0.1695331740433D-03
  -0.6067911803673D-03   0.9376616358952D-03  -0.3148744285296D-03
  -0.7427615931388D-03   0.3606003190782D-03   0.1497324442922D-03
  -0.3100198954886D-04   0.3227534072450D-03   0.7241399807953D-04
   0.2327282538028D-03   0.4960775840473D-04  -0.7869887132628D-04
  -0.9330478729233D-04   0.3040229211213D-03  -0.2057709749531D-03
   0.2482917925930D-04   0.1321948775533D-04   0.8570677161609D-04
   0.1449844846299D-02   0.6135665506291D-03  -0.8210135193206D-05
  -0.5156609972768D-03  -0.2288889747395D-03   0.4205783108886D-03
   0.3006870289016D-04   0.5410878579418D-03   0.2250152739595D-03
   0.5591220454749D-03  -0.2838618232118D-03  -0.1762268280051D-03
   0.7592191103391D-03   0.2618760915615D-03   0.8690284635308D-04
  -0.5154131932589D-03   0.4343740479276D-03  -0.3229610519142D-03
  -0.3412293415225D-03   0.4658608478426D-03   0.3257614080171D-03
  -0.3050502575824D-04  -0.2698178586503D-03  -0.4319481019813D-03
   0.2414888376497D-05  -0.5297710289634D-04   0.1264630486174D-03
   0.2040319867610D-03   0.2317332081689D-03   0.4388946804152D-03
   0.7920500913292D-04   0.6264450821366D-04   0.1358433862401D-03
  -0.1772811745610D-02   0.3114608288949D-02   0.1033396167830D-02
  -0.1257615449588D-03  -0.1174412862574D-02   0.2464730866047D-02
  -0.1095511989943D-01   0.3503602661201D-02  -0.1447510989570D-01
  -0.1825518678610D-02   0.7253199854302D-02  -0.2002832710414D-02
  -0.4579395143193D-03   0.4683926903247D-03  -0.7271322140732D-03
  -0.4660399876807D-04  -0.6734205120203D-04  -0.6655172158538D-03
  -0.4007063042666D-03  -0.9358538832970D-03  -0.3175820085925D-03
  -0.1223401132898D-02  -0.2533271996702D-03   0.7772527110241D-03
   0.1849505671067D-03  -0.7928271873927D-03   0.2192346122914D-03
   0.1017545848976D-02   0.1075406317382D-02   0.9831603256482D-03
   0.9820170756938D-04   0.1327519384447D-03   0.3241833772169D-03
   0.1686881513732D-02  -0.8636246833537D-03  -0.1827345328360D-02
  -0.8513417882781D-03   0.1792981445255D-03   0.1160834638128D-02
   0.5124473588619D-03   0.1298088340811D-03   0.2557097960275D-03
  -0.5294898581941D-03  -0.9113652789016D-04   0.4099018319998D-04
   0.1166883196649D-02  -0.6875014679170D-03  -0.5305244423639D-03
   0.4716022465263D-03   0.7456457587031D-03  -0.8394159985962D-03
   0.5339976512267D-03  -0.4134406187152D-03  -0.6252888033304D-03
   0.4613128340367D-03   0.1596708839260D-03   0.4347752287964D-04
  -0.4925814117701D-03  -0.1201421359579D-03  -0.1226965423335D-03
   0.4956805444789D-02  -0.5804353108112D-02   0.2159211815682D-02
   0.5890810570678D-03  -0.4872292736454D-03   0.1539519633969D-02
  -0.1057661434939D-02   0.2701771172114D-02   0.1053989940857D-02
   0.1015609467164D-02  -0.2602691803991D-02  -0.2244725886109D-02
  -0.3187978450940D-03   0.1670565518967D-03  -0.7686166295386D-03
   0.6683194357435D-03  -0.7730090110794D-03  -0.4830583481939D-04
   0.7767573776734D-03  -0.6984726387614D-03  -0.2829870393667D-03
  -0.1369124229735D-02   0.3620021088887D-02  -0.7673908512631D-03
  -0.1937318363719D-02  -0.2658290292285D-02  -0.7998081691385D-03
  -0.3945054906986D-03   0.1200966131052D-02   0.5503964863211D-03
   0.1984206554741D-03  -0.7522805668499D-03   0.1863201297819D-03
  -0.1022408864179D-02   0.4303240893168D-03   0.4731018228276D-03
  -0.5857930430247D-04   0.2059207593803D-03  -0.3253542027120D-03
  -0.2389625423093D-03  -0.3955006767481D-03   0.1857553456064D-03
  -0.1694017150465D-02   0.1664405751271D-03  -0.6221742982298D-03
  -0.1125890786506D-02  -0.2938889291963D-03  -0.1625265852097D-02
   0.3029704630757D-02  -0.1565944235505D-02  -0.1326825530464D-03
   0.1037408288417D-02   0.4994758105021D-03   0.1642570360593D-02
  -0.5842540107017D-02  -0.1037778787433D-03  -0.3517565119383D-02
   0.1449342710631D-02   0.1242890970747D-02  -0.1075879569165D-02
  -0.2136729450468D-03   0.1296140074610D-02  -0.3168402286717D-04
  -0.1228979162832D-03   0.1305029373048D-02   0.8076944006341D-04
  -0.2131749318024D-02  -0.3649033329168D-02   0.1597302644613D-02
   0.2336656220565D-02   0.1869363501279D-02  -0.1733789066850D-02
  -0.3168750257228D-02  -0.1545297054276D-03   0.1003255939685D-02
  -0.1177987572752D-02   0.1231772383220D-03   0.3435192371729D-03
  -0.7117081832332D-05  -0.1792375642853D-03   0.4782806081790D-03
  -0.1138008065532D-02   0.7334630429999D-03   0.2666240124895D-03
  -0.9198891693186D-03   0.1991937689999D-03   0.2891603016512D-03
   0.1931340891701D-03  -0.1565249946348D-02   0.7520651365802D-03
   0.4734817258001D-03  -0.3567555991787D-03  -0.6164067294013D-03
   0.4558965597230D-04   0.1012068555389D-03   0.9798449174260D-04
  -0.1595277911268D-04   0.4135870532751D-03  -0.4435862098070D-03
   0.2904555867515D-02   0.3155614967371D-02   0.1995031656509D-02
  -0.6796850938913D-02  -0.7316089319043D-02  -0.6699516551757D-02
   0.3366798238347D-01   0.8582393915321D-01  -0.3950134482933D-01
   0.1137409089649D-01  -0.1400999720422D-01   0.2022368218412D-01
  -0.2773753612154D-02  -0.1309312594493D-02  -0.1177838294412D-02
  -0.2815933940847D-02   0.1834235495478D-03  -0.1749236272591D-02
  -0.1120993280694D-02  -0.1652256846547D-02   0.1938389986553D-03
  -0.7960165269738D-01  -0.1050213858281D+00   0.4212804148909D-01
  -0.1771097995709D-01  -0.6428606012779D-01  -0.3838168567230D-01
  -0.1222829471045D+00  -0.5236035492104D-01   0.3863964263004D-01
   0.4639509954752D-01  -0.2531762459697D-01  -0.5514158657286D-01
   0.1146898688572D+00   0.7074696865587D-01  -0.3455848333016D-01
  -0.3110075306588D-01  -0.6571147561490D-01   0.2449460299135D-01
$end                                                                            
