   -0.42525870
    0.01029019
    0.26006877
   -0.50429096
   -0.15624514
    0.19765596
    0.06378204
    0.05867290
    0.08026548
    0.06963078
   -0.18930753
   -0.00272384
    0.27511172
   -0.48733853
    0.05299335
   -0.50363357
    0.23622966
    0.10956039
    0.07771816
    0.07091202
    0.35939179
   -0.19740527
    0.00478854
    0.28380001
   -0.50429620
   -0.10497394
   -0.11169633
   -0.04522074
   -0.15568553
    0.22274029
   -0.24536036
   -0.27267446
    0.23644896
    0.08811836
    0.08250549
    0.07977109
    0.09313909
    0.09232867
    0.10560533
    0.09507062
    0.24306828
    0.24944110
    0.26175448
    0.25380486
    0.25706363
   -0.18374916
    0.02319904
    0.27392800
   -0.51241589
   -0.13843705
    0.28515681
   -0.48415242
   -0.30197744
    0.22427819
    0.10916406
    0.10332334
    0.09607950
    0.25195029
    0.24198151
   -0.20182431
    0.01044701
    0.27399949
   -0.49850714
   -0.16145653
    0.24926125
    0.09125933
    0.08200974
    0.09370101
    0.08126544
   -0.19095293
    0.03109823
    0.27522728
   -0.51289884
   -0.12594445
    0.29092472
   -0.48979617
   -0.29317368
    0.23141059
    0.10094445
    0.09976422
    0.08734865
    0.25112421
    0.22628111
   -0.19710122
    0.04231752
    0.27614842
   -0.50040558
   -0.11576925
    0.37709032
   -0.66450021
   -0.61598038
    0.23810362
    0.06553343
    0.06585124
    0.04708861
   -0.19107117
   -0.03577194
    0.28039009
   -0.49490770
    0.22642312
    0.10033024
    0.10143582
   -0.20088485
    0.01274487
    0.28450430
   -0.50050242
   -0.03730999
   -0.09151196
   -0.15331097
   -0.14740248
    0.23527598
    0.08039740
    0.06399882
    0.05294463
    0.06103877
    0.07965595
    0.04830022
    0.05593340
    0.05771660
    0.05272731
    0.06418133
   -0.19961597
    0.01360395
    0.28023761
   -0.49371884
    0.06394261
   -0.48978278
    0.22773887
    0.10874992
    0.05406736
    0.05115816
    0.34694086
   -0.19421545
    0.00717274
    0.28089016
   -0.51984909
   -0.03952545
   -0.09510316
   -0.15680410
   -0.14575796
    0.22889653
    0.10259938
    0.07088292
    0.05368995
    0.05581420
    0.08059981
    0.05261059
    0.06918368
    0.05241541
    0.04477920
    0.07041035
   -0.19115079
    0.02646728
    0.27273284
   -0.49048396
   -0.15737896
    0.22744115
    0.08995095
    0.08394283
    0.08685346
    0.06806634
   -0.20018653
    0.01724159
    0.26428052
   -0.49377878
   -0.09165626
   -0.12891772
    0.28079631
   -0.51522121
   -0.29666106
    0.23045894
    0.08938515
    0.07843085
    0.08916806
    0.07583061
    0.09426165
    0.24441970
    0.24877657
   -0.20080791
   -0.00399071
    0.26494507
   -0.48151916
    0.09637729
   -0.48824337
   -0.17102941
    0.23443720
    0.10435047
    0.07387307
    0.31957943
    0.08509405
    0.07832722
    0.07350455
   -0.20129123
   -0.00394532
    0.26110937
   -0.47310649
    0.09864019
   -0.46666855
   -0.16342078
    0.22540938
    0.10900994
    0.04660858
    0.31251494
    0.09255688
    0.07404532
    0.08586680
   -0.20124659
    0.01661255
    0.26293002
   -0.49296463
   -0.07161086
   -0.11258024
    0.37140926
   -0.66127372
   -0.64678091
    0.21685704
    0.09860479
    0.05343707
    0.06667256
    0.04946270
    0.05224353
   -0.17304075
   -0.04228606
    0.26682409
   -0.50335763
    0.21270556
    0.09928499
    0.10640058
   -0.18838863
    0.00988862
    0.27323949
   -0.51641451
   -0.16676818
    0.23619775
    0.09291987
    0.08796336
    0.08651670
    0.08250103
   -0.18805459
    0.00821799
    0.27884288
   -0.48487163
   -0.10309259
   -0.03234013
   -0.15460898
   -0.16080007
    0.22836416
    0.09743905
    0.06896120
    0.08181214
    0.05497937
    0.06529796
    0.04100339
    0.06613594
    0.06462563
    0.06370574
    0.04965623
   -0.18635665
    0.02562437
    0.21268113
   -0.36074029
   -0.12686758
    0.28294555
   -0.48761176
   -0.28266649
    0.21967599
    0.11885240
    0.09808516
    0.10755511
    0.24753020
    0.21840659
   -0.40158164
    0.03064746
    0.20077676
   -0.37272957
   -0.09601828
   -0.00348070
   -0.06640301
   -0.05943025
   -0.05403988
   -0.05396317
   -0.05310783
    0.18595366
    0.07480773
    0.07509598
    0.07332494
    0.06584555
    0.06740873
    0.05327009
    0.04435419
    0.03241227
   -0.42476538
    0.01056708
    0.26553952
   -0.51218841
   -0.03071587
   -0.14854940
   -0.15722477
    0.18772830
    0.05686598
    0.06144086
    0.05978862
    0.05448476
    0.05140746
    0.05842476
    0.06077905
    0.05726943
   -0.18718608
    0.01405827
    0.19783210
   -0.37422862
   -0.09948839
   -0.03099293
   -0.15527795
   -0.15955375
    0.22364362
    0.11858086
    0.07035760
    0.08248252
    0.05427862
    0.05922319
    0.05455525
    0.06029663
    0.06201238
    0.06102031
    0.05143134
   -0.40312887
    0.03122636
    0.19394800
   -0.36025367
   -0.08853482
   -0.02896720
   -0.14606227
   -0.15220696
    0.18516590
    0.05566057
    0.06332262
    0.04879733
    0.04793133
    0.05155279
    0.04790874
    0.05479207
    0.05855016
    0.05513076
    0.04772915
   -0.40466638
    0.01927016
    0.19790993
   -0.37014116
   -0.03449554
   -0.08419960
   -0.15097419
   -0.14640748
    0.18367950
    0.07429352
    0.05667232
    0.05212299
    0.04776299
    0.05538079
    0.05313051
    0.05434480
    0.04742822
    0.05231478
    0.05228134
   -0.41051229
    0.01709441
    0.20500336
   -0.38157074
   -0.02965855
   -0.14726187
   -0.14699202
    0.18035191
    0.08306226
    0.05406688
    0.06021694
    0.05234650
    0.05724032
    0.05845160
    0.06141679
    0.04490302
   -0.41306047
    0.02117661
    0.19012317
   -0.35969829
   -0.03254254
   -0.08423457
   -0.15361297
   -0.14538659
    0.19610883
    0.06448042
    0.05344087
    0.04985119
    0.05265046
    0.06702544
    0.05123976
    0.05088128
    0.04721275
    0.05132498
    0.05024925
   -0.40303119
    0.03029559
    0.19291773
   -0.38225256
   -0.09086333
   -0.01998789
   -0.15477512
   -0.15490634
    0.18319894
    0.07596403
    0.04926920
    0.06013990
    0.04186753
    0.06198158
    0.05569063
    0.04910313
    0.05555719
    0.05995786
    0.04895747
   -0.42270263
    0.02869592
    0.19152161
   -0.39004373
   -0.10955150
   -0.09868203
   -0.04592340
   -0.14346475
    0.22194531
   -0.25654205
   -0.26373112
    0.20105219
    0.06447525
    0.08567447
    0.09062762
    0.06931358
    0.06820454
    0.10814345
    0.09720766
    0.23223110
    0.25126483
    0.25934621
    0.23951988
    0.25643886
   -0.42338770
    0.02580204
    0.26949986
   -0.52407874
   -0.09116657
   -0.02728946
   -0.15238343
   -0.15254052
    0.18622848
    0.05375026
    0.05760959
    0.04382819
    0.05134806
    0.07077851
    0.04939149
    0.04098725
    0.06069356
    0.04618198
    0.05111371
   -0.17324312
    0.03407673
    0.18920027
   -0.36277030
   -0.15668027
    0.23422383
    0.08471281
    0.07895100
    0.08279024
    0.08608418
   -0.42127436
    0.01436306
    0.26662802
   -0.49297430
   -0.03393977
   -0.15079798
   -0.14442064
    0.17472770
    0.05779067
    0.06077527
    0.06740581
    0.04162113
    0.05500878
    0.05433806
    0.05862382
    0.04845836
   -0.18448531
    0.02596402
    0.19970642
   -0.35517967
   -0.09219188
   -0.11665378
    0.28359465
   -0.48890055
   -0.29111332
    0.23098976
    0.08951501
    0.10135821
    0.08350019
    0.07658009
    0.09144602
    0.20785244
    0.21925145
   -0.43074111
    0.02473553
    0.26188794
   -0.50282307
   -0.09916908
    0.01112537
   -0.06129464
   -0.06751882
   -0.05479519
   -0.05858690
   -0.06533549
    0.19628759
    0.06699296
    0.08302573
    0.06053476
    0.05083986
    0.06027290
    0.04006194
    0.06843772
    0.06027662
   -0.18102853
    0.01728638
    0.20021050
   -0.34149071
   -0.12817948
    0.29154803
   -0.49002041
   -0.29262261
    0.22690760
    0.10371830
    0.10490798
    0.11259437
    0.23820148
    0.23017201
   -0.41784876
    0.01853382
    0.20174034
   -0.38149108
   -0.03589070
   -0.08585674
   -0.15282423
   -0.14421349
    0.18416963
    0.06840693
    0.05622647
    0.05125651
    0.05652562
    0.06765609
    0.04349691
    0.06174086
    0.04960363
    0.03940072
    0.06217299
    0.18652900
    0.06930001
    0.19128677
    0.06837436
    0.17211409
    0.07378771
    0.17794466
    0.06675822
    0.17425594
    0.07214434
    0.17819396
    0.06313339
    0.17682238
    0.06205696
    0.17260366
    0.06585962
    0.18319310
    0.08841764
    0.17780141
    0.08717036
    0.18268092
    0.07971706
    0.17844501
    0.08061763
    0.18079614
    0.06986975
