           2           1   1.01479244059228     
           3           2  0.973795782452801     
           4           3   1.90156008460700     
           5           2  0.941601766124096     
           6           5   1.01061341449518     
           7           6   1.40851966920546     
           8           6   1.41365760695439     
           9           7   1.44790868814158     
          10           8   1.44437551672518     
          11           9   1.43514636281981     
          11          10   1.43615153263938     
          12           1  0.953381288754287     
          13           2  0.960812650513246     
          14           5  0.965909664869057     
          15           5  0.973190009213152     
          16           7  0.968773110821911     
          17           8  0.968980162649825     
          18           9  0.970356860448342     
          19          10  0.969898695567138     
          20          11  0.966521766646358     
          22          21   1.01458548672559     
          23          22  0.938884477844105     
          24          23   1.58906414493703     
          25          22  0.974701271640050     
          26          25  0.991807510755363     
          27          26   1.00767862463052     
          28          26   1.01050445266385     
          29          21  0.950894197423321     
          30          22  0.959247871972942     
          31          25  0.973249918072747     
          32          25  0.974714151467545     
          33          26  0.965246816229781     
          34          27  0.984935087851559     
          35          27  0.986233747100539     
          36          27  0.986519521589805     
          37          28  0.984690647481070     
          38          28  0.986308729353362     
          39          28  0.984101676227550     
          40          23   1.32013280245738     
          41          40  0.985101300797955     
          42          41  0.946742788614930     
          43          42   1.56275544907199     
          44          41  0.956670572925202     
          45          44  0.995832149675363     
          46          44   1.00574019122536     
          47          45   1.02027817675010     
          48          40  0.910264222423413     
          49          41  0.938924989055179     
          50          44  0.963614667037768     
          51          45  0.972866983039181     
          52          45  0.967579038341943     
          53          46  0.981848216577287     
          54          46  0.976504928989323     
          55          46  0.980283214923740     
          56          47  0.984994486441551     
          57          47  0.980717346253499     
          58          47  0.984760618964826     
          59          42   1.30936925096337     
          60          59  0.959965640265998     
          61          60  0.947263046553614     
          62          61   1.59193136553029     
          63          60  0.977088778829535     
          64          63   1.00299894884608     
          65          59  0.969331346798158     
          65          64   1.00123179238319     
          66          60  0.947927420147902     
          67          63  0.973458953325089     
          68          63  0.973221647511556     
          69          64  0.974965714477890     
          70          64  0.972494204701785     
          71          65  0.958337427164390     
          72          65  0.955051380661028     
          73          61   1.30869062663843     
          74          73  0.979941253133899     
          75          74  0.932419617913178     
          76          75   1.63209508362070     
          77          74  0.967045458671007     
          78          77   1.01716999344695     
          79          73  0.909347674719655     
          80          74  0.950094040687317     
          81          77  0.967954088749750     
          82          77  0.959495987859506     
          83          78  0.859055656983852     
          84          75   1.29565629418093     
          85          84  0.982518426627064     
          86          85  0.934867696016361     
          87          86   1.60729914419589     
          88          85  0.961173909096926     
          89          88  0.990901788851710     
          90          88   1.00663621053552     
          91          84  0.892254782999201     
          92          85  0.946976785542944     
          93          88  0.951894105431166     
          94          89  0.862359607152574     
          95          90  0.980775377586734     
          96          90  0.963769354260233     
          97          90  0.984128498667151     
          98          86   1.31007495676451     
          99          98  0.983002612417821     
         100          99  0.933889605952244     
         101         100   1.63825008449088     
         102          99  0.972140413065091     
         103         102   1.00766198732350     
         104          98  0.863352112803737     
         105          99  0.945764886575009     
         106         102  0.969452575645205     
         107         102  0.959925500998636     
         108         103  0.858708208932953     
         109         100   1.29693648301554     
         110         109  0.990986233067534     
         111         110  0.927368928602226     
         112         111   1.63004555635263     
         113         110  0.975003263854169     
         114         113   1.00756287845325     
         115         109  0.876775848369792     
         116         110  0.945271427219184     
         117         113  0.959809547620787     
         118         113  0.968940931346699     
         119         114  0.857459620588138     
         120         111   1.31259907259211     
         121         120  0.975763566045925     
         122         121  0.926803882266642     
         123         122   1.61751264995021     
         124         121  0.996393212867183     
         125         120  0.899103315333799     
         126         121  0.956304643860287     
         127         124  0.981935078472610     
         128         124  0.977897370898964     
         129         124  0.978730812767631     
         130         122   1.32354351148038     
         131         130  0.974630195782656     
         132         131  0.932891515700263     
         133         132   1.60768338751141     
         134         131  0.963912196154272     
         135         134   1.00712384184761     
         136         134   1.01099051666092     
         137         130  0.876096936910759     
         138         131  0.954660003471042     
         139         134  0.966763558664519     
         140         135  0.983869005034724     
         141         135  0.986322146218557     
         142         135  0.985153436196845     
         143         136  0.984639080834904     
         144         136  0.976173407723896     
         145         136  0.977767424618540     
         146         132   1.30445429251685     
         147         146  0.972032293602655     
         148         147  0.931917740987850     
         149         148   1.64872584474407     
         150         147  0.978563807175380     
         151         150   1.00110195425437     
         152         146  0.976069713282269     
         152         151   1.00088862534935     
         153         147  0.954920721876673     
         154         150  0.977256212920609     
         155         150  0.978832709770525     
         156         151  0.980553021822197     
         157         151  0.978744106121565     
         158         152  0.967164010236771     
         159         152  0.966051078638431     
         160         148   1.29153272995398     
         161         160  0.985879067026695     
         162         161  0.999049717366822     
         163         162   1.88372907252045     
         164         161  0.939800259614585     
         165         164  0.993901047451770     
         166         165   1.01100986899024     
         167         165   1.00508680323360     
         168         160  0.914840294961142     
         169         161  0.927417621137269     
         170         164  0.966817033142331     
         171         164  0.975340836644632     
         172         165  0.968585319187813     
         173         166  0.984545710033557     
         174         166  0.981419999514672     
         175         166  0.985887208973513     
         176         167  0.984415025947702     
         177         167  0.986679637313442     
         178         167  0.986165544388691     
         180         179   1.01740504809781     
         181         180  0.982021546509992     
         182         181   1.88628954202577     
         183         180  0.957296660889891     
         184         183   1.00935037428816     
         185         184  0.990332638592996     
         186         185   1.01116473110489     
         187         179  0.953023664963847     
         188         180  0.954238951108381     
         189         183  0.966203433714812     
         190         183  0.972295366194275     
         191         184  0.967580098283935     
         192         184  0.971600785240498     
         193         186  0.978613689725723     
         194         186  0.983435860454844     
         195         186  0.981768034721447     
         196           1  0.951702987465840     
         197           3  0.953208133324821     
         198          21  0.952859753443087     
         199         162  0.951779642375922     
         200         179  0.952335608626328     
         201         181  0.953830648804860     
