$grad                                                                           
  cycle =      1    SCF energy =  -828.58582553901   |dE/dxyz| =  0.669336
  252.61898916177918    121.64020621199786    247.94493094204390      n 
  251.57291235454827    121.73393098467611    245.41751745719384      c 
  252.57232530513500    124.06746486952217    244.04916184890487      c 
  253.26134946539466    123.98361405457975    241.83556152016058      o 
  248.70232404695548    121.85693295739881    245.55290513163777      c 
  251.35867823118480    121.57260316136789    249.39945633926149      h 
  252.18693510110396    120.07543049487803    244.33072220866029      h 
  247.92599126198283    121.80855146307685    243.65446238676248      h 
  247.98817085299549    120.25695401385919    246.62269917758749      h 
  248.12803474623985    123.60942668360315    246.45821291357080      h 
  258.87459540249336    123.59273926415510    242.37212055257251      n 
  258.73814096905829    122.16929791711004    240.04747518837073      c 
  258.34512799869742    123.90071931416708    237.76917113407330      c 
  259.73487146896679    123.81103957452746    235.91268755010373      o 
  257.80428751511357    123.00134275025349    243.85127895688490      h 
  260.48174329921136    121.09849150982038    239.73767488383760      h 
  257.12521875618768    120.89492274668039    240.18489280038227      h 
  256.38276981138608    125.45020352065015    237.97853453377797      n 
  255.76659436745260    127.29681452071468    236.05808940524014      c 
  258.14114604905734    128.81494325455333    235.43075986693006      c 
  258.80249573403813    129.17415256468126    233.23567500840835      o 
  253.57960593072349    128.99465947913180    236.95136461494963      c 
  251.09570808617136    127.49774831386367    236.87979435529789      c 
  253.42403351988330    131.38392223335524    235.34425506587340      c 
  248.88491487294829    128.83638623001298    238.15441743849689      c 
  255.21468341553452    125.27537341816237    239.50067802252124      h 
  255.22439336112063    126.32061642255753    234.30234313923469      h 
  254.00881163978968    129.54322984967268    238.89945208756706      h 
  250.61176304684747    127.14165301226285    234.90373317628956      h 
  251.38270564744224    125.67646610986270    237.80654852081136      h 
  251.89340713091110    132.57583645601099    236.00575368129012      h 
  255.17283231766234    132.45425576998531    235.48428723543412      h 
  253.09821761577587    130.93007444537582    233.36519049987143      h 
  247.19251883178052    127.69166439861760    237.95646888511422      h 
  249.23343959526909    129.10612190383995    240.16147149312502      h 
  248.53079909650691    130.66364986923284    237.29466988547466      h 
  263.15168093353066    125.22303143128261    231.94411648830112      n 
  262.39689943025900    125.26182830380884    229.31432941657397      c 
  263.16315085742730    127.78020526996946    228.11702652491152      c 
  264.51773344455506    127.81706396132743    226.23787609807727      o 
  259.57673610143416    124.81747046027640    229.03478224876861      c 
  261.82658040105503    124.84565177555061    233.27779898176277      h 
  263.46726391039556    123.79978950833981    228.29246703684888      h 
  259.01177448006746    125.10668777962985    227.07895295576384      h 
  259.09185410026879    122.90436898667944    229.59914585105187      h 
  258.55070062704510    126.14563461173674    230.21592785827571      h 
  262.30032803393709    129.84496453570210    229.25603002630916      n 
  262.55543555688695    132.33805836195609    228.14633777328226      c 
  265.31084891648595    133.02760876383843    227.69651290552434      c 
  266.01772609900132    133.98957869126878    225.70677602888682      o 
  261.35933775347792    134.31460772312855    229.87370836097531      c 
  258.48824508539917    134.13492681620522    229.82382649398050      c 
  257.24400566815740    135.58134313500167    231.96471084320592      c 
  258.38829897301332    136.29745464686070    233.84389370718614      o 
  254.77791951169635    136.02641451902150    231.57876623666709      n 
  261.14623057838884    129.67257927485394    230.77728939070437      h 
  261.61469086615705    132.36453991428129    226.29216339889589      h 
  262.03779990149235    134.02308362948176    231.80001001535859      h 
  261.94787043759214    136.19491977414148    229.26640594306718      h 
  257.75839854172875    134.80210339140424    228.01781853135566      h 
  257.90799674952018    132.16694769707226    230.04944116873051      h 
  253.83825892537408    134.94984426957427    230.30119015696181      h 
  253.76875721870587    136.76065117140524    233.01808506567346      h 
  270.17593046061728    129.26841841994496    227.43175822407790      n 
  271.18983033208951    127.56040678316373    225.55460247611546      c 
  270.42710336343629    128.44186961510781    222.91322375889700      c 
  271.97132582870250    128.50783069249803    221.18528193426150      o 
  270.30001166792391    124.82568914318051    226.07302339163252      c 
  271.02531402936705    124.04475871374369    228.50583273041627      o 
  271.48441007102235    123.00530946719064    224.18155868281264      c 
  268.98180936157388    128.57518681698454    228.75600600751440      h 
  273.26388025082559    127.61753136822246    225.64029942745464      h 
  268.22668381063846    124.80629888933626    225.90108104720903      h 
  269.93332107316934    124.85079664836694    229.73498442091034      h 
  270.77286067318920    121.11306880552655    224.52918577604791      h 
  271.03910537557874    123.57096325907884    222.26236530420829      h 
  273.51981202990470    122.99454261583350    224.44295697778097      h 
  268.01315929127418    129.08597653364771    222.63925927108056      n 
  267.00606562496660    130.02615357772555    220.28031833246197      c 
  268.41520694861305    132.40199856603815    219.45383842041892      c 
  268.98694687107303    132.73440915450524    217.23395693855025      o 
  264.20250243217180    130.69000559434471    220.51277812788103      c 
  262.47235720144135    128.43041877612052    220.95624823277555      c 
  260.07638144560485    129.17420372882236    222.47865111720790      c 
  259.69487639548231    131.44854041025877    222.93900156575137      o 
  258.66729063017561    127.39036845139567    223.16097000653431      o 
  266.79608482552709    128.95203733735650    224.11135194868353      h 
  267.29492040663274    128.59883633737400    218.79853331112528      h 
  263.97891646194324    131.99858765491928    222.09413951461181      h 
  263.61958381072537    131.69099904198455    218.80705796031373      h 
  261.85249123176607    127.56193649383196    219.19221686717984      h 
  263.42045006884837    126.98650149290239    222.07546492266130      h 
  274.57635925077352    130.41810118239019    216.94708255131749      n 
  274.14407738136748    129.24811770294136    214.51294568893607      c 
  273.66786232651043    131.24870725548564    212.49633770222857      c 
  274.53110440157616    130.99919178877795    210.35677648790124      o 
  271.88630035028336    127.44834580552461    214.55474794589625      c 
  272.33278846033562    125.00139067011308    216.04249392368069      c 
  269.88021047881011    123.47510993594094    216.08233514418214      c 
  274.44821316206975    123.40809928019205    214.89774855801630      c 
  273.44631129387534    129.91403095703700    218.41308241287618      h 
  275.85770974871446    128.23763844463005    213.92851437437051      h 
  270.28235885306185    128.47141091474717    215.35234253622312      h 
  271.42517005379256    126.96828188308774    212.60129667174286      h 
  272.83550951150096    125.49633571933913    217.98563590846669      h 
  270.10831889601604    121.76546751895575    217.19711045708959      h 
  268.34728237264011    124.57146058203637    216.90405608755754      h 
  269.33356485650955    122.92752286653436    214.17709208271725      h 
  274.50161362224827    121.57446809808118    215.81953365909942      h 
  274.11323610542144    123.11649994049253    212.89121834619274      h 
  276.28288729470353    124.29564979625165    215.14161522889327      h 
  257.09753545192024    107.24349132065880    243.40174316825329      n 
  256.30324875675876    109.22927042707769    245.12307580922885      c 
  253.72535110295556    108.55166988978324    246.25272794488563      c 
  251.74076969237117    108.76451717067360    245.08240358193021      o 
  256.12869061436993    111.80896908722043    243.80515266623513      c 
  258.58706694633855    112.50898297500540    242.44112183940032      c 
  255.34613387317515    113.81368942894485    245.73414944871215      c 
  260.86397542044796    112.89917656722439    244.16206064655918      c 
  256.48342456136533    107.36770627955555    241.59174424464123      h 
  257.70479759598896    109.27824176533966    246.64598133298475      h 
  254.65183121474269    111.63495323362913    242.36796422053362      h 
  259.01275517451376    111.03929795925094    241.05395189260403      h 
  258.24759939873456    114.25433352275947    241.39669287754353      h 
  255.35427297499518    115.67364457289794    244.86176267589431      h 
  253.45974766753960    113.42597185827675    246.44986026175803      h 
  256.64505881299584    113.82980176245668    247.32510761630235      h 
  262.48953696819854    113.43781315980962    243.02699902486364      h 
  260.51239556287811    114.40168482938969    245.51470155085653      h 
  261.33465199128176    111.17359020718314    245.17511559567018      h 
  247.50627320266935    109.23763336674747    249.25251324877419      n 
  245.63317960715091    111.21761800988955    249.28165309503285      c 
  243.29716824774371    110.58872880875495    250.86699169140414      c 
  242.03384898852232    112.28657694436832    251.78833983493550      o 
  244.76268964070755    112.02274922471159    246.60874739912293      c 
  246.99089994437782    113.07368154292949    245.11487696863622      c 
  243.49734178826964    109.87351579544442    245.16018644206292      c 
  247.00921152658753    107.55936276418983    248.48035161393744      h 
  246.53368039851148    112.85696910407678    250.17418052053108      h 
  243.37032172943339    113.52550787858875    246.90439270784239      h 
  246.35577128559908    113.66481353148095    243.25587973734929      h 
  247.82047689294134    114.68027647900063    246.09123001506148      h 
  248.43695680139396    111.63049992737784    244.88178053078096      h 
  242.80729398273843    110.57052480146257    243.35596294878582      h 
  244.82608037144306    108.35171552080678    244.78062395519416      h 
  241.90851224691701    109.10310575080268    246.21036824862810      h 
  249.06535632105582    107.49904688667084    240.33672709027596      n 
  249.54342688667310    108.30080648684715    237.76401303109662      c 
  252.40008796636502    108.12251204653050    237.41522580826700      c 
  253.84652596315269    108.81737474886960    239.08147055355329      o 
  248.49690303358841    110.97554625060798    237.28666607593834      c 
  245.60540582771833    110.80657494428237    237.27808402689112      c 
  249.54703369150823    112.05596659595690    234.82852886686780      c 
  244.30949855101485    113.37162358941880    237.37567987029527      c 
  250.37167649116293    108.11544107299699    241.59890695019664      h 
  248.60569820536128    106.94107625127354    236.51585672369976      h 
  249.11360123959224    112.17411173299473    238.85259970014587      h 
  245.01286911667367    109.77540193431594    235.59426029398921      h 
  245.02497076064836    109.68376254848896    238.90817984563435      h 
  248.77546112657981    113.92684399628209    234.48461859680066      h 
  251.59512164789547    112.21594878717956    234.92633947687020      h 
  249.10010359288680    110.82512348584291    233.24325898546738      h 
  242.27162703363331    113.12787825746709    237.31153918291957      h 
  244.79149439773738    114.34282888535309    239.11773984826937      h 
  244.87111132326439    114.55321000528255    235.79563188429526      h 
  253.17724454694070    107.14596937952322    235.21984212983756      n 
  255.81661633249320    106.68374650679435    234.72963803830120      c 
  256.78572455966838    108.56108389993932    232.77264260278307      c 
  255.47869895883281    109.29831223492107    231.01311695007456      o 
  256.29610054804704    103.98170512712508    233.86826800871981      c 
  255.84709924062119    102.02433253840123    236.03171518802606      c 
  255.09197090479665    102.86627882441510    238.11069818400739      o 
  256.28833742383415     99.78009183538991    235.52807898283461      o 
  251.93178981424867    106.55890637288535    233.90713527542738      h 
  256.80814920599573    106.98109988985544    236.51702361152104      h 
  255.08991224131589    103.47182601780736    232.27053266310045      h 
  258.25237182603047    103.77151998689438    233.23741120943106      h 
  259.10518373106208    109.42399846433311    233.28946223728511      n 
  260.44476459664952    111.14000971527008    231.64395586707562      c 
  262.75539878716631    109.79161757782261    230.59571135123988      c 
  264.23086891451084    108.69504885036066    232.01642274669928      o 
  261.35256475552256    113.54000438454214    233.04647628603695      c 
  259.34574057245015    114.43440286738701    234.92961159971236      c 
  262.03424319423704    115.56073022846824    231.10326215038040      c 
  260.16228069985476    116.76933583276048    236.40279728516680      c 
  260.08717786323626    108.58545852253742    234.70440838935519      h 
  259.12834360059236    111.62469685318678    230.12509788780420      h 
  263.05956447656121    113.01850078799683    234.09804976256916      h 
  257.59004667358533    114.79777418383398    233.91202873910342      h 
  258.96648149657835    112.89637090187891    236.25218571221296      h 
  262.90707815675984    117.17476118588316    232.01810738976198      h 
  263.35792066121661    114.81256594302636    229.71854953215490      h 
  260.34631961717326    116.18280526340078    230.10949039533560      h 
  258.79881649203895    117.12711794645145    237.89184689738937      h 
  262.00588607114378    116.45442906106737    237.25200118784394      h 
  260.25635204789415    118.42113500738864    235.18933234243667      h 
  263.19415605972938    110.07771000552822    228.13015525345895      n 
  265.22816408569787    108.74649045236752    226.88728896910652      c 
  267.08450752985874    110.68207533672178    225.79800346466138      c 
  266.40096602148020    112.50530881258958    224.54763040290132      o 
  264.21378505323526    106.92664937472937    224.89228211752715      c 
  262.76371599376739    104.79102818779477    226.32937677707469      c 
  260.74311564899824    105.38167136263566    227.38308223977731      o 
  263.79717560765937    102.67090004982452    226.35371554552441      o 
  261.82610224766654    110.77084963004647    227.00072988812863      h 
  266.19772266253466    107.63963705091939    228.34015404063283      h 
  262.94933728992817    107.90494369807199    223.58563016766820      h 
  265.77888972439973    106.07818475060702    223.85828287046954      h 
  269.46891822203395    110.21911161110741    226.45957555848113      n 
  271.61911789576902    111.75704449488251    225.76022130864052      c 
  273.36959773536000    110.12207636964597    224.14555318344557      c 
  273.26006237116087    107.80648678365357    224.26822634763255      o 
  273.00026030861568    112.67747059463591    228.14075905548174      c 
  271.22956713861817    113.95845404505856    230.04882503794664      c 
  272.70714777690944    114.61093140151186    232.43719367230557      c 
  270.03898050834613    116.34485424808315    228.94857396952395      c 
  269.86240430172683    108.58288585624410    227.37599532357078      h 
  270.90394187252116    113.34520348209975    224.64926041908907      h 
  273.90062760331011    111.04017906589563    229.02373210273626      h 
  274.48784220546440    113.99119649529158    227.58323065734157      h 
  269.71791763822205    112.62377131492764    230.53565365847356      h 
  271.44860670978193    115.37972447757865    233.86496263048039      h 
  273.63645006042020    112.94179549646560    233.19184083136906      h 
  274.13659873838873    116.01142159642311    231.98228655781620      h 
  268.97631534658160    117.33968298694468    230.39653737237313      h 
  271.49897804981265    117.60206086274380    228.23431541238187      h 
  268.74794623261022    115.88462288232114    227.41817271456452      h 
  267.59294208503974    120.53234605678257    204.58249014838623      n 
  265.00783474633812    121.39207519952768    204.57002954681010      c 
  263.17184941563818    119.38478979349945    205.53278387529352      c 
  261.35371864013962    119.98813770663540    206.84694547210893      o 
  264.32408492137398    122.26713610785166    201.91516659578303      c 
  265.97985435466370    124.58204667373653    201.05112457194403      c 
  266.54822601296212    124.68850375316580    198.78968113047793      o 
  266.54787030474444    126.17114924137142    202.70451455888335      o 
  268.50121522776698    120.42779565395536    202.90033772369583      h 
  264.85095107922820    123.00173928373266    205.87931445712539      h 
  264.60709297561277    120.72908017268165    200.57171571374781      h 
  262.34015027440898    122.83084434240429    201.84945324124476      h 
  263.68862748977534    117.01208140028542    204.84202106322559      n 
  262.13245606339927    114.91517680861797    205.60720250526262      c 
  262.56348148104479    114.06172871392850    208.34249927595152      c 
  261.42743948804605    112.22131287179650    209.16906908679334      o 
  262.38896770280718    112.61375680183234    203.83048829554770      c 
  260.22453981355892    111.07966543630391    204.04529436960311      o 
  264.79703026165561    111.11508004784636    204.36675277240752      c 
  265.19393853545409    116.63273512433244    203.71643392329446      h 
  260.14469067510578    115.52773759382632    205.58608317258381      h 
  262.40891452648594    113.29395986762546    201.87162846831325      h 
  260.01721882777048    110.70212518901512    205.83027561275028      h 
  265.06143946453784    109.69057018871145    202.91315523270976      h 
  266.40858426493992    112.38055239883136    204.41223517786838      h 
  264.63791972504640    110.17606738619116    206.18939366196500      h 
  264.17285328417177    115.46593801101734    209.68370568606824      n 
  264.48484678536641    115.23312974314128    212.38487544381633      c 
  263.28400055059058    117.52974382912826    213.66246701738470      c 
  261.93862123648319    117.31453681569764    215.54516327024334      o 
  267.27854858823679    114.96023707254541    213.06281715223366      c 
  268.44579015999290    112.56701993827173    211.91834782261810      c 
  271.31823463975002    112.74765713288588    212.08538277268377      c 
  267.48442673330300    110.18158431600028    213.22618439556533      c 
  265.34343810673198    116.69183730646326    208.80011082260037      h 
  263.40510132616055    113.57665102767267    213.00387671703808      h 
  268.26856793052673    116.61545484229613    212.32942430954046      h 
  267.45908124755778    114.91891755231509    215.11660053740786      h 
  267.91803280757000    112.48466085730895    209.92090202591095      h 
  272.18915960277661    111.03190907334152    211.36836674897938      h 
  271.97262212835830    114.32721296130526    210.94972747430609      h 
  271.88793558513834    113.03029720891635    214.03789047775788      h 
  268.37876049889223    108.51689309778732    212.42034688886673      h 
  267.88716480409607    110.24368021426318    215.24180951199605      h 
  265.44944060918266    109.96604492774313    213.00255862789720      h 
  263.73911674209131    119.76507259249954    212.57858206832245      n 
  262.45570109720893    122.02326708294306    213.44971993297673      c 
  259.63796777113970    121.43491424159082    213.79874814613163      c 
  258.49154913100386    122.03664614518773    215.72293632288736      o 
  262.75658353951189    124.22708832669794    211.59335612191651      c 
  261.52854203787973    126.61604559727301    212.68942464761241      c 
  260.83506737458828    128.62996680053865    210.72543815204759      c 
  262.99994243044387    130.05728064939905    209.85606196362255      n 
  264.09263979068186    130.00787435178148    207.59107785583987      c 
  263.15049229023941    128.72395072059598    205.64071753914749      n 
  266.14921179398374    131.41754130156690    207.26216419881686      n 
  264.94888496191243    119.89203354203090    211.09643506960219      h 
  263.18370899100995    122.55842109541895    215.32105558201803      h 
  264.76484925958459    124.52791499865280    211.23942148666782      h 
  261.84985230506692    123.68781350770819    209.82132475590507      h 
  259.78969426936447    126.07086495893644    213.65241557658771      h 
  262.77882833778608    127.44539368415039    214.10305955475110      h 
  259.87127927983909    127.73491904659699    209.14189098167219      h 
  259.51652179744082    129.95817029798297    211.59716021584148      h 
  263.86265504568360    131.16291250326969    211.16751504136820      h 
  261.66623853300126    127.57055893936183    205.93523557909501      h 
  264.36962177550868    128.13451434893480    204.25078893148205      h 
  266.75777377565322    132.50202267856332    208.72095383388168      h 
  266.93403484344742    131.59057539207186    205.53239253251360      h 
  258.53230266149382    120.40225067588884    211.78146261424766      n 
  255.90808735639928    119.62958152245621    211.76030713980418      c 
  255.08930571355239    118.47619910235751    214.26973614493565      c 
  253.10088557206714    119.07233766866702    215.30070141506084      o 
  255.56011493710068    117.63606564688740    209.64429540528633      c 
  257.43188714685135    115.75800848282861    209.71189288897261      o 
  259.55637836875303    119.90635287313745    210.23067432489447      h 
  254.67718463242358    121.25817517517666    211.39000205413211      h 
  253.65565553213685    116.83953928160103    209.76444810175707      h 
  255.79590594671436    118.59260794464222    207.82551880366140      h 
  256.98147726208038    114.38032567839367    210.85551383141447      h 
  256.62672230019865    116.68731505129303    215.13683425682351      n 
  255.98405500701222    115.09710015316985    217.25200281773257      c 
  255.98410763304531    116.62711204710497    219.68431426682997      c 
  254.34394231925233    116.34052286411553    221.30028359740930      o 
  257.86801486443312    112.93503308135351    217.43596372092787      c 
  257.92501877102580    111.27784193485564    214.96446311374001      c 
  256.48431034829429    111.92095928082776    213.21421650015725      o 
  259.41986423887528    109.47675283117798    214.99800290473556      o 
  258.23051734271428    116.25356648167384    214.20537771464330      h 
  254.07380200955726    114.33180435002065    216.96769310136267      h 
  259.77561214932030    113.66586749532662    217.73070605830645      h 
  257.41249755271042    111.69110797939427    219.01734270100724      h 
  257.88176291248800    118.25942102784236    219.90298237985510      n 
  258.15557623734628    119.90544793610368    222.07207821817590      c 
  255.85938047451245    121.65631842003188    222.27254442150445      c 
  254.76502240742545    122.00190200519954    224.28811858544339      o 
  260.60426791204145    121.40322373999972    221.85188486387341      c 
  262.97376823996558    119.73656918326385    221.96805836535759      c 
  265.29071244406839    121.32185017663080    221.31010314861226      c 
  263.31738935777400    118.51561981026926    224.55741584133833      c 
  259.15364771267764    118.40784884369371    218.48416572265407      h 
  258.15004697972091    118.74798240876791    223.79416596586182      h 
  260.55274403287854    122.40664975569811    220.04941244829757      h 
  260.65217663226872    122.82413085324188    223.34618426007196      h 
  262.79123997561805    118.22691409075289    220.55985727258954      h 
  266.98378230160534    120.16493979900044    221.38670564339822      h 
  265.10948997165906    122.10190620719418    219.41968888081095      h 
  265.48987262888056    122.87582099200560    222.64088828401282      h 
  264.93842334513772    117.25376713372000    224.54302041455827      h 
  263.59548943259585    119.95415111204893    225.99877196858384      h 
  261.68273190253865    117.38524142798578    225.07823693331042      h 
  255.08805870890976    122.66697301883305    220.10422850312955      n 
  252.85788172246859    124.26244528383553    220.01808658198956      c 
  250.59544016403882    122.74880626011785    221.00506578721848      c 
  249.20528545141946    123.52052138748367    222.68843338147224      o 
  252.40067267591962    125.17090191214946    217.32982351150162      c 
  256.11116277710045    122.42124068180860    218.50626730502367      h 
  253.13266332287219    125.86765058763108    221.30636077975083      h 
  250.68577042312816    126.29438814585494    217.26137918152418      h 
  253.98890481291656    126.32410874779464    216.72887576083676      h 
  252.22259164991328    123.55571992209188    216.07166676190886      h 
  250.22497873340211    120.53230719154486    219.85746374702495      n 
  248.15181323966945    118.90465053109048    220.60295193372446      c 
  248.13101174453340    118.53667689839885    223.47321182055330      c 
  246.15675355815554    118.68020213151260    224.68159953774281      o 
  248.34257948177893    116.36785935264869    219.25826272920344      c 
  251.39465300738738    119.92244351486306    218.46756429499638      h 
  246.36384597818889    119.84331993555431    220.11514176251640      h 
  246.70348547838208    115.21704274707497    219.69868625911855      h 
  248.43923763863177    116.67319417523724    217.22954769655070      h 
  250.05217508477219    115.39105465113902    219.84998494209674      h 
  250.34620139780765    117.94230002532612    224.50134869476440      n 
  250.65757687735865    117.57613812751516    227.19603283274117      c 
  249.53618689548375    119.81706270390380    228.62784030364421      c 
  248.00516222522486    119.48454061858214    230.33586062088156      o 
  253.45839129727531    117.21280023786359    227.86221553945839      c 
  253.91245979163961    117.60258252631644    230.68035046385026      c 
  254.36202477219072    114.58931987194613    227.06983831693751      c 
  251.90382869173177    117.76919763899151    223.40269096578339      h 
  249.58659817014816    115.90106054935166    227.79788106484398      h 
  254.52593719749029    118.64257651472023    226.81660182752373      h 
  255.89578931906487    117.27613203692842    231.10169661844503      h 
  253.44780060163583    119.52050124376093    231.24383073433657      h 
  252.78601022443783    116.28797522440779    231.78867822173615      h 
  256.40130021176651    114.44516800608552    227.30713325814494      h 
  253.51160742583687    113.11965214038109    228.22884936892416      h 
  253.94877071191607    114.22384646328152    225.09254136222708      h 
  250.33409563687601    122.10027962010309    227.93597517644656      n 
  249.37560430790248    124.32654376588290    229.21640575144897      c 
  246.48442061814978    124.23315001479847    229.29883202218480      c 
  245.32477916586970    124.46313575738309    231.29298781357312      o 
  250.22171375088945    126.76478566085777    227.94048554505159      c 
  253.07040779605688    127.20419730318723    228.16750479300643      c 
  253.66277065080234    129.93670174810612    227.51403030319182      c 
  252.79306354263980    131.68374717027712    228.77669517204879      o 
  255.07309896876524    130.28934640521024    225.46988486806862      n 
  251.60177944210980    122.31560190908432    226.52133292991465      h 
  250.03468348904485    124.29708309518062    231.18988753579475      h 
  249.68474209719446    126.70961600031720    225.95122016184143      h 
  249.23194682212912    128.34321856498522    228.83102761823139      h 
  253.66556065296533    126.89059652147564    230.12061475374057      h 
  254.12617896562676    125.93134176721803    226.94334337458116      h 
  256.16407664947661    128.89227810733971    224.66382062316890      h 
  255.64931066425643    132.05170396796717    225.01628209534175      h 
  245.38289318838079    123.85204664746934    227.07642244736670      n 
  242.65687812964603    123.90822360771891    226.82058795856045      c 
  241.45560940921766    121.92685127021521    228.54174664893955      c 
  239.43827491094385    122.31024959009009    229.64480126545877      o 
  241.89732683089971    123.34576847708838    224.09216487590567      c 
  242.69757702041090    125.44738276659886    222.28729002584126      c 
  244.32053486916655    127.00481972770334    222.77400657012362      o 
  241.44802452924753    125.42083026262317    220.07832804002200      n 
  246.43778191300211    123.86777338315709    225.48087742508059      h 
  241.96769999659472    125.78122353991553    227.39983716004727      h 
  242.83423935091241    121.59786949650861    223.50774128332728      h 
  239.85550354053385    123.09156599340645    223.99479779894551      h 
  241.89870304801082    126.71728593080512    218.75748754075337      h 
  240.11842108389163    124.11998827311666    219.69315533248727      h 
  242.66209906978997    119.73344381880658    228.65356201662939      n 
  241.74081533473304    117.67340775641041    230.19616257943511      c 
  241.83136025251730    118.37728952052854    233.00290023252325      c 
  240.07160166727499    117.81555942577729    234.40888533796786      o 
  243.21510650911193    115.24961171800921    229.64391014723498      c 
  241.73490939708938    112.93576186059092    230.54330368410012      c 
  243.22208834786287    110.48092672368423    230.16890245208197      c 
  243.67577882617258    109.90973126018304    227.52331583144749      n 
  242.01373740133886    108.87309176437401    225.94460527933498      c 
  242.67693578423987    108.48414406393806    223.54470591423373      n 
  239.70495679349489    108.24892439992604    226.69699956570318      n 
  244.28774539423708    119.47987148729710    227.66788190614994      h 
  239.73441235040977    117.38049801327443    229.74283375706662      h 
  243.52494837873419    115.16505923931804    227.60686894368820      h 
  245.05865625801835    115.35962728273698    230.56342972428558      h 
  241.31213836380650    113.14084299332893    232.54782500933621      h 
  239.95231992149476    112.85689742242515    229.51373451610525      h 
  245.06257408150913    110.65829558832517    231.07682049659505      h 
  242.23017818736201    108.90309404187171    231.05764092678513      h 
  245.36214897594053    110.44575284508636    226.81385580665355      h 
  244.44872915722038    108.83257433189779    222.94165515823565      h 
  241.48023149312957    107.62768006282055    222.33809506742600      h 
  239.14420048227319    108.53201733763089    228.49230711671171      h 
  238.50875856173411    107.38199065564534    225.49604031076470      h 
  243.87147313038361    119.61583521559487    233.79390709608347      n 
  243.95639286597464    120.59068968477597    236.35073838093498      c 
  241.77454155116192    122.44042638982637    236.77423805777295      c 
  240.49016838951093    122.34898501572046    238.69773168597609      o 
  246.44287125565450    121.94946267381181    236.94212092749413      c 
  248.60551453666019    120.21914159614494    237.59624912718283      c 
  250.87279065487436    120.37083638684702    236.28998985973058      c 
  248.42571609823148    118.53837605323405    239.60765983424912      c 
  252.91228929867472    118.87542592230815    236.95869259404685      c 
  250.45194689318285    117.02536222059128    240.26953305476508      c 
  252.70001308994270    117.18437825673008    238.94067249507285      c 
  245.32474122055055    119.99382511807103    232.60253544927463      h 
  243.65178004455447    119.01774383200065    237.66767549969930      h 
  246.93348304384813    123.12836482977369    235.32452551286880      h 
  246.10148250399121    123.18458338742674    238.56455342676668      h 
  251.05208697894540    121.67328832894295    234.72880152616537      h 
  246.69181884062820    118.42345621635367    240.67740592141095      h 
  254.66809697982868    119.03350839471069    235.93063749621442      h 
  250.29765976281749    115.72199259469313    241.83093816975432      h 
  254.27147566923040    115.97863166323512    239.43756764359074      h 
  241.39739708694211    124.15893777446145    234.96687478936644      n 
  239.32010546503832    125.93140026916502    235.20618852348267      c 
  236.85574789457129    124.47900589265684    235.69356421135711      c 
  235.31970327712119    125.20413815438708    237.27560079924828      o 
  238.98552771315229    127.51568425351461    232.81306535091852      c 
  241.24551073793310    129.17987449007163    232.14052626788992      c 
  242.21241029555955    129.11154618643289    230.04928492977950      o 
  242.01722271436986    130.76305396645353    233.95860350707437      n 
  242.57762050602855    124.28682157090424    233.45656795324123      h 
  239.62785729965043    127.13309233903968    236.87110766456595      h 
  238.65290968757807    126.25917813059465    231.21186063002784      h 
  237.33729591706191    128.73401683624877    233.04938132923550      h 
  243.48766588609649    131.91916798824650    233.60117000492426      h 
  241.14128695647278    130.87491791805263    235.64140900442322      h 
  236.52394504291436    122.46612928681026    234.22999207259966      n 
  234.26664375506235    120.91263005878220    234.36367588849154      c 
  234.02385390143183    119.78789570077143    237.01641929757147      c 
  232.03563527635333    119.91454831335723    238.22059479615586      o 
  234.42984154496739    118.81183558530087    232.35348820374483      c 
  234.48088265414128    119.75647275395016    229.87770038304370      o 
  237.76587451565854    122.13397318055578    232.79771599236901      h 
  232.59076099226186    122.08608426862487    234.01731992281756      h 
  236.10389341257789    117.65738777739620    232.75391287051906      h 
  232.74187834337403    117.63212161818898    232.48193609150931      h 
  235.99369425643877    120.76328351618889    229.62142910902861      h 
  236.08940404959958    118.67211466210775    237.89937527417561      n 
  236.15867027732827    117.57152786402803    240.41454136880336      c 
  235.30185940510748    119.52985113003534    242.36404544915629      c 
  233.57720459416569    119.07199366049856    243.84263297954266      o 
  238.81247512185237    116.63970340089823    241.01265950959422      c 
  237.67863554189762    118.52612883327602    236.82138914170275      h 
  234.79905335331304    116.00707098789545    240.51443688509971      h 
  238.86063285693723    115.85417407845530    242.90922226079783      h 
  239.34225366373454    115.18286936744033    239.66964654206797      h 
  240.14380617300148    118.19848181458138    240.89853225004418      h 
  236.58725322607401    121.69389937088378    242.33599335749992      n 
  236.04559246498991    123.72714532291128    244.08937806926929      c 
  233.22690092465425    124.33607791120882    244.04194696121294      c 
  231.99138594031803    124.56907181310096    245.98489981372214      o 
  237.62538199373876    126.08540310065479    243.44928034171389      c 
  240.41727148120464    125.62893680654381    244.09873652526190      c 
  236.59924152730980    128.37635559604357    244.87632550064609      c 
  242.17733880911663    127.48738900477321    242.77507617825455      c 
  237.95259530237564    121.99469537220855    241.02132471584287      h 
  236.47373616583602    123.10626965924423    246.02492805038528      h 
  237.43948126625853    126.41970806001756    241.41604252363376      h 
  240.65326021511206    125.77876687350474    246.14146884051672      h 
  240.94741710802163    123.71845566096320    243.53822080846786      h 
  237.81998046023369    130.00260145154385    244.60446929673435      h 
  234.71480012198560    128.87884219628035    244.22817709381539      h 
  236.48938632208046    127.97391521736971    246.88964316493875      h 
  244.10692770320478    127.26289569963758    243.44256797504866      h 
  242.14510292694740    127.16291339540933    240.74617650142412      h 
  241.62139463192355    129.43004157170321    243.13574417351191      h 
  232.22285633381151    124.62429987222052    241.74483019905279      n 
  229.58638801542608    125.31330864104024    241.44269150416631      c 
  227.92980987372741    123.46671635001853    242.91627828754395      c 
  226.25652937637571    124.16510896896817    244.36462376709085      o 
  228.88200654313832    125.32293551238389    238.60402992921505      c 
  230.26567840235614    127.17724422379753    237.29660968727191      o 
  226.08001638656961    125.88745868936243    238.24623644258637      c 
  233.33812952053157    124.53334335360519    240.18778065161004      h 
  229.25774616921370    127.20650474360899    242.22963616161437      h 
  229.31655302327241    123.43840720971268    237.84276681333588      h 
  232.04306763465235    126.72064592514803    237.26796078142135      h 
  225.66399050216182    125.98670801594915    236.23955269052948      h 
  224.92981575285378    124.42496045880733    239.11027795525456      h 
  225.62441507048132    127.69955261040508    239.09662728496687      h 
  253.58687227735371    120.25121422281072    248.10761314970335      h 
  252.67923891098422    125.72154451364749    244.95671580086417      h 
  260.47383767567794    123.58288240957293    242.95081647140316      h 
  259.19381132779591    129.54051839623645    236.82234194795143      h 
  264.34501073628905    124.03335678955668    232.17476817654639      h 
  266.59853282962308    132.69907589415314    229.04001595986949      h 
  271.45178407515095    129.95676091334690    228.32110862662543      h 
  268.88495055569848    133.71404492589119    220.73013754540401      h 
  276.15533869199140    130.06769473994407    217.47301146462721      h 
  272.64406720576011    132.78227041766687    212.90997007770139      h 
  258.79553618649453    107.21885472213981    243.30820966739958      h 
  253.61103618341426    107.90205549856772    248.02360270205114      h 
  248.86370869526783    109.75326339646568    248.36704358327870      h 
  242.80402378798365    108.78645013846590    251.14924034018395      h 
  247.55531553642351    108.09369785239828    240.84538122651003      h 
  274.61418283639023    110.93643872206452    222.97984050505119      h 
  268.53504896374420    121.57993524646166    205.53514616765656      h 
  228.18648597428395    121.60465703779485    242.72155627851433      h 
   0.6434657592942D-01  -0.1026110026656D+00  -0.1269374482447D-02
   0.7760046390703D-03  -0.5113586102368D-02  -0.2500627954537D-02
  -0.8047072197937D-03   0.6839854108150D-01   0.5837991675794D-01
   0.1092905090821D-01   0.4101257768691D-02  -0.1959420409539D-01
   0.4784780382504D-02  -0.4086325089495D-02   0.8407260539710D-02
   0.4352598246763D-02  -0.6334442461006D-02   0.9778471498880D-02
   0.2835026627444D-02  -0.8729460703016D-03   0.2684533352773D-02
   0.2422177772747D-02   0.4939544544394D-03   0.4213931913218D-03
   0.3311589311724D-03  -0.1985712676138D-03   0.5953794272308D-03
   0.4590925180947D-03   0.9136088068779D-03  -0.1333507458261D-02
   0.1152080877996D+00  -0.1161435600570D-01   0.2832916065613D-01
   0.6108087472058D-02   0.5603406171965D-02  -0.4356799670226D-02
  -0.2938562357278D-03   0.5291692754272D-02  -0.1962736528633D-02
   0.4713612371958D-03  -0.1016017913235D-02  -0.3855370031747D-03
   0.6735784565411D-02   0.4888505339660D-02   0.1001845285173D-01
   0.2286100319460D-02   0.2081453756538D-02   0.3345576412889D-02
   0.1350905442966D-02   0.3629332177633D-02   0.7036206987768D-02
   0.4801816338101D-03  -0.5202305028874D-02  -0.1328546571473D-02
  -0.6796495921940D-02  -0.9377883735331D-03   0.3101849711676D-02
   0.3857484122671D-01   0.2780938939589D-01   0.8002720565709D-01
   0.1075140799039D-01   0.2894182053128D-02  -0.2100941143691D-01
   0.5475698068187D-03  -0.1907793313387D-02  -0.2622721036953D-02
  -0.4606102780919D-03   0.5588386959675D-03  -0.3496019620914D-03
  -0.3553153847835D-03  -0.1353519284023D-04  -0.5031995757273D-03
   0.2833591994368D-03  -0.3757159838588D-03  -0.1733148589877D-02
  -0.2697098456164D-02  -0.3765255219904D-03   0.2956234392362D-03
   0.2659639705151D-03  -0.5662803077102D-03   0.4140760740322D-03
   0.1221859790749D-02   0.3322779734216D-03  -0.3877318310373D-03
   0.7497430719958D-04   0.1046670132051D-03  -0.1317939916100D-04
   0.1609352534561D-03   0.1429972341584D-03   0.7098371820639D-03
   0.1749732206865D-03   0.2767621309592D-04   0.2706493826842D-03
  -0.2864735544044D-03  -0.2288951944717D-03   0.2352029801597D-03
   0.5280086035845D-04  -0.2987819017520D-03   0.5443270144009D-04
   0.1686583379293D-03  -0.1218178737198D-03   0.6905387569484D-03
  -0.1826035153181D-02  -0.1961930683937D-03   0.8291244929070D-03
   0.9459008202599D-04   0.2973510979368D-03   0.8639373666944D-04
   0.7517177253947D-01  -0.9156999392315D-01   0.5193147592666D-02
   0.3677728994397D-02   0.2658719261076D-02  -0.6096473392285D-02
   0.7845697311142D-02   0.9535389198371D-03  -0.3499212357223D-02
  -0.3641969425912D-02   0.1755158946713D-03   0.1305753717624D-02
   0.3395177448184D-02  -0.1965060544427D-02   0.6754266401062D-02
   0.9168954762090D-02  -0.5098033478045D-02   0.9581926579766D-02
   0.2515067179066D-02   0.2346823005260D-03   0.3993329470361D-02
   0.1945217738194D-02   0.6791091447465D-03   0.7915233028394D-03
   0.5219498278746D-04   0.7265857758496D-03   0.6498822720214D-04
  -0.7515136242462D-03   0.3436151866611D-03  -0.1677943014736D-03
  -0.2857145529446D-02  -0.2041604547317D-02  -0.1736770672554D-03
  -0.6038706170565D-02  -0.4643197400677D-03   0.2755539127598D-02
   0.4306479279245D-01  -0.2074241819674D-01   0.8106246036717D-01
   0.9502450216623D-02   0.8244096389224D-02  -0.2087843942026D-01
  -0.1235372457301D-02  -0.1704165153324D-02  -0.2705168292034D-02
  -0.3175400866470D-03   0.5669006137365D-03   0.3446879577082D-03
  -0.2673702633782D-02  -0.1366310173661D-02  -0.1443926983193D-02
   0.2083933721868D-02  -0.4847338686040D-04   0.2092234222242D-02
   0.1149663806708D-02   0.9452853002524D-03   0.8952108427896D-05
  -0.2209569847580D-02   0.1959978476740D-02   0.5127068460510D-03
   0.1779446057273D-03  -0.4277817032675D-03  -0.2539025807506D-03
   0.8022252283035D-03  -0.2913027523045D-03  -0.5621732824869D-03
   0.4701945120851D-03   0.4473245135680D-04   0.1184105105856D-03
   0.9312628959166D-04   0.2011147803281D-03  -0.2078345707072D-03
   0.2314512748052D-03  -0.1854433086654D-04   0.7466515391364D-03
  -0.8759043584099D-05  -0.7326152228577D-03  -0.5294305167662D-04
   0.1113742289107D-03  -0.4616221722928D-03  -0.6920759810658D-04
   0.9350524909015D-01   0.3815442880909D-01   0.5484048397828D-01
   0.4672222462563D-02   0.4745983394027D-02  -0.4508414829491D-02
   0.3558134502515D-02   0.2331826787838D-02  -0.1698242092126D-02
  -0.1565244992281D-03   0.1080516327830D-02  -0.1379458927530D-02
  -0.1085691607179D-02   0.6458603826821D-03   0.1127179182083D-01
   0.2802708845556D-02  -0.7850705451451D-03  -0.7145675710598D-02
   0.3631929153546D-03   0.1743960289332D-02  -0.1506645150192D-02
   0.7373595999152D-02   0.1009502451453D-01   0.9737699160649D-02
   0.8996872708311D-03   0.2291718473229D-02   0.2342639507917D-02
  -0.1950964804414D-03   0.7058052891592D-03   0.7489378839382D-03
  -0.3919321961538D-02   0.1985376033287D-02   0.2088616881382D-02
   0.6947805617084D-03   0.9422617765474D-03   0.6778647449798D-03
   0.1994980384419D-03  -0.6510296333259D-04  -0.3932967259749D-03
  -0.3223723669622D-03  -0.4807741658391D-03   0.2608260417140D-03
   0.5492114242128D-03  -0.1979738425770D-02   0.1005489542820D-02
  -0.6526853013385D-02  -0.3487716475373D-02   0.1224291508670D-03
   0.8832854868319D-02   0.5200484026633D-01   0.7946351803419D-01
   0.9449903196218D-02   0.3176988597886D-02  -0.1923505380066D-01
   0.9889263634305D-03  -0.2986511086268D-02  -0.2424072466760D-04
  -0.1202457374152D-02  -0.7309861509698D-03  -0.1636798934569D-03
  -0.5309882779344D-04  -0.2646689909002D-02  -0.1743667337995D-03
   0.6629463287121D-04   0.2226701358762D-02   0.9852080606074D-03
   0.6934129941188D-03   0.2058772652766D-02   0.1265783227185D-02
  -0.1459179196502D-02  -0.8199154206753D-03  -0.1342747554025D-02
   0.7217181747128D-03   0.5662564521697D-03   0.3140002164311D-03
  -0.5348545977447D-03   0.2912939924365D-03  -0.3738922311794D-05
   0.6966024405216D-03  -0.8226868116054D-04   0.1525285065389D-04
   0.2630582270019D-03   0.7235723586192D-03   0.1135888684630D-03
   0.1573925183817D-03   0.4039317845350D-03   0.5177937976065D-04
   0.1101321645276D+00  -0.3577817898128D-01   0.3328824131335D-01
   0.2453634012869D-02  -0.3687484769938D-02  -0.4889885746387D-02
  -0.5153383271598D-01   0.6734031033504D-01   0.3652444019957D-01
   0.7804686657468D-02  -0.2248002708882D-02  -0.1598838164310D-01
   0.4640596963920D-02   0.3603230813419D-02   0.7979591861882D-02
   0.2296006765723D-03  -0.1485202913737D-02   0.5406830354129D-03
   0.5897758889147D-03  -0.1635994304235D-04   0.4055717896972D-03
   0.7772848376622D-03   0.7142219324239D-03   0.3415048437640D-04
   0.8252459440626D-02   0.1015582075666D-02   0.1116393709695D-01
   0.2005225880779D-02   0.1766250739664D-02   0.3453049000994D-02
  -0.1473190774304D-02  -0.5138835334358D-03  -0.1345377750613D-02
   0.1035487546923D-02   0.1939272732631D-02   0.1598109508522D-02
   0.6221381384620D-03  -0.1273662178999D-03  -0.2486603561334D-03
   0.9768066070837D-04   0.2009644113469D-03  -0.6624344820689D-03
  -0.3040473879849D-03  -0.1263806655043D-03  -0.7538798175986D-03
  -0.6922880415031D-03  -0.4345939420085D-03   0.4214233047270D-03
  -0.6741278218196D-03   0.6368579874397D-03  -0.3985198824314D-03
  -0.3749148553071D-03  -0.9210184169349D-04   0.3918690746200D-03
   0.4249428315034D-03  -0.1799539981009D-04   0.1487227000866D-03
   0.1220103168546D+00   0.9470254972324D-02  -0.9270918781997D-02
   0.4730205394750D-02  -0.9362044485838D-03   0.1963913376732D-02
   0.1305081662123D-01  -0.2627116877005D-01   0.8764497619467D-01
  -0.1686832741741D-01  -0.1146694179474D-02  -0.8620411449982D-02
   0.2673879550936D-02  -0.7932567488682D-02  -0.5007023662846D-02
   0.8472361406790D-03  -0.1251756648879D-02  -0.2111832945854D-02
  -0.1072864363890D-02  -0.2879932169372D-02   0.2035539402223D-04
  -0.9821500910368D-03  -0.1566271432547D-03  -0.2037134758853D-03
   0.1501713088216D-01  -0.2735642680250D-02  -0.5023740978374D-02
   0.2581879897640D-02  -0.1215723955772D-03  -0.1266574437873D-02
  -0.5158303864365D-03   0.6475186579236D-03   0.3622066533945D-03
   0.1128665505776D-03  -0.8411671225407D-03   0.1039553608254D-02
  -0.1701543541253D-03  -0.6544706259558D-04   0.1310929853207D-02
   0.5613684329385D-03  -0.5194050518992D-03   0.6385703470141D-03
  -0.2190220589096D-04   0.8663435771737D-04   0.7245588339252D-03
   0.1082884807685D-03   0.1863177801573D-03  -0.1841418140388D-03
  -0.6389336355070D-03   0.6636058876646D-03   0.3698418977174D-03
   0.1321906188054D-03   0.4769355988599D-03  -0.2702770118741D-03
  -0.1204163582779D-03  -0.7731696475122D-03   0.6607860300016D-04
   0.9666055117282D-01   0.4681854030290D-01  -0.7594000869801D-01
   0.7572760951367D-02   0.1154669952242D-01  -0.3314129106245D-02
  -0.2169138547516D-01  -0.8946109739759D-01   0.8992690524806D-02
  -0.4478287296160D-02   0.9892624439335D-02   0.5233291081613D-02
   0.7484445970776D-02  -0.6191834476673D-02   0.1961373263119D-02
   0.3645189792766D-03   0.4397350581809D-03  -0.9806299235569D-03
  -0.1383980894754D-03   0.1325922322483D-02  -0.2121167339206D-03
   0.1194840520140D-01  -0.1128306957985D-02  -0.1568555614268D-02
   0.1369013869026D-02  -0.2496328082669D-03   0.1246818834211D-03
   0.7961975372366D-03  -0.1388188569423D-02   0.1938827522269D-02
  -0.3357619058230D-03  -0.4796767326539D-03   0.2180245809069D-03
   0.3251433922787D-04  -0.6907683303282D-03   0.5472783194416D-03
  -0.6292945756717D-03  -0.3843139637494D-03   0.2186478088435D-02
   0.3073029743320D-03  -0.4327836035434D-03   0.9428573032098D-04
  -0.1149367102405D-02   0.4127324120750D-03  -0.2299733946560D-03
   0.4422032215510D-03  -0.5621041033325D-03  -0.2341245529263D-03
  -0.1090859705977D+00   0.5116766859138D-01   0.3183330952271D-01
  -0.8010707624987D-02   0.2968849848121D-02  -0.9105727613551D-02
   0.3839378059837D-02  -0.9811282085955D-03  -0.7345841469538D-02
   0.1865392424248D-03  -0.4249530818653D-02   0.7783911114163D-02
  -0.9804081378176D-03  -0.1093323753509D-02   0.5347764983254D-02
  -0.1650581701033D-03  -0.8410311598646D-03   0.2088647107435D-02
   0.1720908112498D-02  -0.9255499548665D-03  -0.2081370765356D-03
   0.1248491163807D-02   0.4579509396228D-03  -0.2810522395217D-03
  -0.6342013757901D-02   0.1588728379732D-02   0.6962512818912D-02
  -0.1122918313779D-02   0.3767079051630D-03   0.2780402128857D-02
  -0.9106379053302D-03  -0.8125982007611D-03   0.1031229019981D-03
  -0.3339715884290D-03  -0.4747997815857D-03   0.3487497444691D-03
   0.2487381844873D-02  -0.1646777129697D-02   0.5283507454812D-03
  -0.5104276318017D-03  -0.1093262931227D-02   0.1043237270463D-02
  -0.2497013508653D-03  -0.1337702975495D-03  -0.9240241354144D-05
  -0.2387208394559D-03  -0.7558034997179D-04  -0.5457014286284D-04
   0.2100882996151D-03  -0.6240453284254D-04   0.6374084132290D-04
  -0.3762530708422D-03  -0.4198175276834D-03   0.6939433426820D-04
  -0.5787007479545D-03  -0.1429486083654D-03  -0.2130567351694D-03
  -0.2665284615226D-02   0.3171979305885D-03   0.3620210039098D-02
   0.1473864729533D-02   0.8613565037680D-03   0.1981741882387D-02
   0.5683794529902D-02   0.1733858236241D-02   0.1413709785741D-02
  -0.2025578283165D-02  -0.2748047987500D-03  -0.1491779232988D-02
  -0.1400598916538D-02  -0.2934088199338D-03   0.4146755722196D-02
   0.6101702503638D-02  -0.6633060262005D-02  -0.1923731353356D-01
  -0.4868182463298D-02   0.3983567887014D-02   0.1133280299608D-01
  -0.1625343379684D-02   0.5496440850841D-02   0.5423674097661D-02
  -0.7898095513275D-03   0.3976562706963D-03  -0.4084200199785D-03
   0.5815133391292D-03   0.3777933070808D-03  -0.2414128250718D-02
  -0.2990008133006D-03  -0.9885197868405D-03   0.1009353151813D-03
  -0.5432929094448D-03  -0.8788779946344D-04   0.1246709291270D-02
  -0.2857450080151D-02  -0.1433232848012D-02  -0.2580470663600D-02
  -0.2786384278949D-03  -0.5017847776288D-03   0.4752167470358D-03
  -0.5708987210885D-02   0.4582758417993D-02  -0.7430620313073D-02
   0.4086571033220D-02  -0.1750622482813D-02   0.1853120406562D-02
  -0.4656799000489D-03   0.8613232334293D-03  -0.3401099373702D-03
  -0.4957702117423D-03   0.2902069259360D-03   0.7628679827551D-03
  -0.3988010440010D-03   0.1154129326445D-02  -0.4108404994391D-03
   0.5346144829543D-03   0.1815843362342D-02   0.3405088816752D-03
  -0.1226758167078D-02  -0.1937633120490D-02   0.5654041394015D-02
   0.3928526590627D-03   0.6948594258285D-04  -0.5131709646904D-03
   0.9430878368665D-04   0.1930371364073D-03  -0.1381935648335D-03
   0.2404942781733D-03  -0.4115357919415D-03  -0.1137518694286D-03
   0.1567577544507D-03  -0.6571495307213D-03  -0.1977658394622D-03
   0.4738215535270D-03  -0.2100721536519D-03   0.1143737544037D-03
   0.1695142951559D-03  -0.6693980370171D-05  -0.1106674464439D-03
  -0.1468227682907D-04  -0.7845284636305D-03   0.2212216894210D-03
  -0.1393645115040D-03  -0.8309684236156D-03  -0.8282842741415D-04
   0.7358637564071D-04  -0.2583942710323D-03   0.2303923872812D-04
   0.1951489601873D-03  -0.7560322162065D-03  -0.7757391295392D-03
  -0.6619350256680D-03  -0.1900182837085D-02   0.3474620028352D-02
  -0.4934470488149D-04  -0.3245711529942D-03   0.1482140435400D-02
   0.5168925649112D-02  -0.1543504681400D-02   0.1034425950609D-02
  -0.2308714398140D-02   0.1236593702272D-02  -0.1027952132490D-02
  -0.1235085573673D-02  -0.1710105453794D-02   0.3848536331022D-03
   0.2528656706346D-03   0.7134127812034D-02  -0.1545443912143D-02
   0.7004668361065D-03  -0.2166971107057D-02   0.1382236200104D-02
   0.1065026412644D-02  -0.4235166238944D-02   0.6156960151623D-03
  -0.1282878527978D-03   0.5191010180614D-03   0.1757995280151D-03
   0.1520311215992D-02   0.1000228328283D-02  -0.2639768828597D-02
  -0.3366630553448D-03   0.2128854090178D-03  -0.3965380844934D-03
   0.7849100315676D-04   0.5062750960183D-03   0.1011081077963D-02
  -0.2147697527167D-02   0.1627348410929D-02  -0.2533425479521D-02
  -0.1445887526526D-02   0.4652016978149D-02   0.8509060521100D-02
   0.5385067518549D-01   0.6011524819353D-01  -0.5091028579846D-01
  -0.1977166767350D-02  -0.2547281799631D-01   0.2102799695411D-02
  -0.4613455545609D-02   0.1216809345711D-03  -0.5606624227966D-03
   0.1422238291603D-02   0.1205765793984D-02   0.1414706787868D-03
  -0.2208802679566D-02   0.3541589828101D-03   0.1419383246133D-02
  -0.1151518902987D-02   0.7463137700774D-03   0.9273826529426D-03
  -0.7575990720620D-03  -0.3256698897237D-02   0.1978370572994D-02
  -0.2451867729017D-03   0.5806244442481D-04   0.2156462052123D-03
   0.1541181354849D-02  -0.5566343146287D-03  -0.9186684619583D-03
   0.7590005544196D-03  -0.6568691515486D-03   0.3854757258949D-03
  -0.1546037823897D-03  -0.8674694534406D-03  -0.2453176033188D-03
  -0.3864525513289D-03   0.4438030219233D-03   0.1690317748594D-03
   0.8560955538028D-03  -0.1239128735247D-03  -0.8650787859286D-03
  -0.6465003416042D-03  -0.9942903971241D-03  -0.1242157393399D-02
   0.4031517983414D-03   0.2271881459927D-03   0.4038140116936D-03
   0.4150214518423D-03  -0.9341462763381D-03  -0.3023816367480D-03
   0.8094006429692D-03  -0.3965237198803D-03  -0.7690540766560D-04
   0.5256125378262D-01   0.9276270201131D-01   0.5955370412980D-01
  -0.1039148409968D-02  -0.7884571745394D-02   0.5606027503812D-02
   0.8263536942035D-03  -0.8579310287688D-02   0.2830461613247D-02
  -0.2042098285712D-02   0.2811870133387D-02  -0.6078615975350D-03
   0.8095253535621D-02  -0.1266335958200D-02   0.1604054660291D-02
   0.2621165453114D-02  -0.2859328023990D-02  -0.3985729232794D-02
  -0.8748396458567D-03   0.3579519517905D-02   0.3974471579094D-02
   0.2267663477910D-02   0.5369613342769D-03  -0.7339223758791D-03
   0.1124468381630D-01   0.4079531074325D-03   0.6291699151178D-02
   0.3097773533038D-02  -0.1510693398611D-03   0.2811393331029D-02
   0.2100164965535D-03  -0.5905644243592D-03   0.9865169538212D-03
   0.5638272888778D-03  -0.1691339430930D-02   0.2316628285974D-02
  -0.2314973061291D-02   0.5429347854497D-02   0.2626200617305D-02
   0.1520336474079D-02   0.6134865374982D-03  -0.6155781013225D-03
   0.9745799503046D-02   0.8716880502399D-02   0.2095317815642D-02
  -0.3482560808791D-02  -0.5428566027420D-02   0.7771901547937D-03
   0.2649994283540D-02   0.2005439836447D-02   0.1122632618229D-02
  -0.1115081604702D-02  -0.1222648630259D-02  -0.3742448766104D-03
  -0.1237245755588D-02  -0.1410468094636D-02  -0.1430357042891D-03
   0.1290722565668D-02  -0.4457697452232D-02  -0.3316486939279D-02
  -0.5838555771254D-03   0.2872031090767D-04  -0.8844697981497D-04
   0.1448203205038D-02   0.4735966663890D-03  -0.3224598400115D-04
   0.4697361049761D-03   0.7767881165275D-03   0.1187614885915D-02
  -0.3469757504964D-03  -0.3255961932136D-03  -0.6499022087626D-03
  -0.2550310114971D-02   0.6869801791559D-03   0.1028305720238D-02
  -0.1993364125676D-03   0.3394463625199D-03   0.3163340744393D-03
  -0.5667303265194D-02  -0.2212528539568D-02  -0.3383228681795D-02
   0.1464637290498D-02  -0.3207698381707D-03  -0.1164822023729D-02
   0.1337662793387D-02   0.5734443412402D-02  -0.5781162062526D-02
  -0.1618253744181D-02  -0.1956713605885D-02   0.3894115021409D-02
   0.1003603839316D-02   0.2375760251070D-04   0.9911410339740D-06
  -0.8945363562173D-03   0.6625874799073D-06  -0.3286466046644D-03
  -0.5157638520091D-03  -0.2824251302626D-03   0.1095609034724D-02
   0.4223509813771D-03  -0.9458528440097D-03   0.1212969408750D-02
   0.2534012608074D-02   0.8386664333376D-03   0.2547263938310D-02
  -0.5631939602891D-03  -0.2720822269382D-03   0.2856554569301D-03
  -0.1628197038998D-02  -0.5277749407019D-03  -0.1553854418650D-02
  -0.4006479173533D-03  -0.3539064938658D-03   0.4155590108221D-03
   0.1078439520810D-02   0.1393657800277D-02   0.2641436213095D-03
   0.3816644718184D-03  -0.5611270325403D-04  -0.1133783432809D-02
  -0.1694854459404D-02  -0.7258261341699D-03  -0.9904106095628D-03
  -0.1006684638396D-02   0.6645060729744D-03   0.3858731077744D-03
  -0.7441029291653D-04  -0.1103099438878D-03  -0.7610516375278D-03
  -0.3974263089143D-03   0.5695211251080D-03  -0.7152732997855D-04
   0.1570395284666D-03   0.2948682648639D-03  -0.3272116333509D-03
  -0.2960007127819D-02  -0.1611911127438D-02   0.3510466873727D-02
   0.5285660205349D-03  -0.3502473394073D-02  -0.1612016817320D-02
   0.9648161086860D-03  -0.9189757038128D-03  -0.9118975642099D-03
  -0.2648073791531D-03   0.1675633850337D-02   0.1346950016053D-02
  -0.2994350160717D-04   0.3882312506577D-03   0.8155746109490D-03
  -0.1510688530610D-03  -0.5201935920730D-03  -0.2153482897259D-03
   0.4445794592633D-03   0.9538237364181D-04  -0.7950723825860D-03
  -0.6669225736401D-03  -0.1747622266958D-02  -0.2303917116289D-02
  -0.1178935715099D-02   0.2368622243742D-02   0.4429587090178D-02
  -0.7602232570966D-03  -0.1088665100955D-02  -0.2802858656659D-02
   0.2179586736412D-03  -0.4207768050586D-02  -0.3134438885789D-02
   0.4372587451075D-02  -0.1666642799495D-02  -0.3333191002833D-02
  -0.2001504812241D-03   0.4961401356347D-03   0.2544912137907D-03
  -0.1306807245402D-03  -0.1086713322493D-02  -0.5691267646961D-03
   0.4790356080215D-03  -0.8792006100096D-04   0.7640219152630D-03
  -0.3301275499598D-03  -0.4428791860804D-03  -0.1335771830329D-03
   0.7144211204653D-04   0.3306325230949D-03  -0.5387940491620D-03
  -0.1053248785979D-03  -0.4344183933579D-03   0.2193295841106D-03
  -0.1244422591334D-03  -0.1822612422079D-03  -0.4005906123558D-03
   0.3947585278195D-02   0.3379537773248D-02  -0.1669885209267D-03
  -0.1618561790703D-03   0.7088839930879D-03   0.2824021625981D-04
  -0.8308750043998D-03   0.5983597387099D-03   0.3994038096543D-04
  -0.1949109569104D-02   0.2437326639106D-02   0.7244324382524D-02
  -0.2052692161476D-03   0.2136852792722D-02  -0.3176644743385D-02
  -0.8370183978601D-05  -0.2792981362208D-04   0.2230612506776D-04
   0.3334217932305D-04  -0.5292544222050D-04  -0.5945055494048D-05
  -0.4279574327213D-05  -0.1713661471391D-04   0.2469864289001D-04
  -0.2671178362969D-04  -0.4715108468346D-04   0.2388126295704D-04
  -0.6089113380470D-04  -0.1220401074583D-03   0.2168170249855D-03
  -0.1025445718103D-03  -0.5773854863957D-04  -0.9072676666430D-04
  -0.7870174728444D-05  -0.3675361395886D-04   0.4128252126167D-04
   0.1444846664105D-04   0.3197798923606D-04   0.3447844049445D-04
   0.3896508936742D-04  -0.1753544159882D-04  -0.1711502426474D-04
   0.8923564001539D-04  -0.1352067363791D-03   0.1156036488729D-03
  -0.1377469656022D-03  -0.1066432342363D-03   0.1877636501148D-03
   0.1982840774068D-04  -0.1277273156664D-05   0.7044570227431D-05
  -0.8939776440069D-05   0.1905686472981D-04   0.4565192504821D-04
  -0.6862122353203D-05  -0.6120968366578D-05   0.6539119321427D-04
  -0.2805781313125D-04   0.1591879655335D-04   0.3706158926125D-04
   0.1615820868224D-06  -0.1796397086582D-04   0.5244045548130D-04
  -0.5430214045850D-03   0.2634543201221D-03  -0.4990536670257D-03
   0.3348888977448D-03  -0.3191105349677D-03   0.6423190599286D-03
   0.3983038914771D-03  -0.2599494438292D-04  -0.5439849034883D-04
  -0.8179230854032D-06  -0.3241787102338D-04   0.5683835770308D-04
  -0.5729480697587D-04  -0.5540042514787D-04   0.7179854176830D-04
   0.1567327790576D-04   0.1440883015050D-04   0.1091527144843D-03
  -0.4562660781278D-04  -0.5869717534617D-04   0.8316962157819D-04
  -0.4645294989319D-05  -0.2096938317821D-04   0.5355629898834D-04
  -0.1321950839450D-04   0.3966577370996D-05   0.2908248491373D-04
  -0.1298877331138D-04  -0.2415564972665D-05   0.2231161062146D-04
   0.5482248501822D-07  -0.9553245322393D-05  -0.5194640250406D-06
  -0.2302319273176D-04  -0.3198905993634D-05   0.2283014585734D-04
  -0.2811590483240D-04  -0.3456061906415D-04  -0.8425835245025D-05
  -0.9962032248056D-05  -0.1481180914450D-04   0.1390689807714D-04
   0.4268430347877D-04  -0.1939602833896D-04   0.8568423923645D-05
  -0.1421685445642D-04  -0.2637101854471D-04   0.2938346311505D-04
  -0.1039232972634D-04  -0.8840889028588D-05   0.2371422271890D-04
  -0.1172600869251D-04  -0.2277813285051D-04   0.1384424376115D-04
  -0.1495274321844D-04   0.4272638509182D-05   0.2587927632816D-04
  -0.1345930928492D-04  -0.1865550950538D-04  -0.1228071534392D-04
  -0.8119905947135D-05  -0.1020428279231D-04   0.2949496774490D-05
  -0.1923296355941D-04  -0.5750530661975D-05   0.1074998605907D-04
  -0.7011317623925D-05   0.3848480343500D-05   0.1776012476730D-04
  -0.4184941862373D-04   0.1834650965536D-04   0.1557457653896D-04
  -0.1730567378420D-04  -0.3156451144884D-04   0.2014666683551D-04
  -0.1097855224722D-04   0.8742524354336D-06   0.9879273216144D-05
  -0.2379064858717D-04  -0.3249977733545D-04   0.1405838947941D-04
  -0.1388299927102D-04  -0.3878859540555D-04   0.9267104964697D-04
   0.7100238792777D-04  -0.3709252125882D-04  -0.1170745149098D-04
  -0.4024532055859D-04   0.8698110861332D-04  -0.3975413210955D-04
  -0.1415547633952D-03   0.1100944994510D-03  -0.5607930226556D-04
   0.5068277761906D-05  -0.6196916899113D-05   0.2539657603725D-04
  -0.8657214304362D-05  -0.4995596664012D-04  -0.3477109115734D-04
   0.1146259641649D-03  -0.4782985142012D-04  -0.5395463843756D-04
  -0.1974367585184D-04  -0.4215660273220D-04  -0.6778560514575D-05
   0.1987427149331D-04   0.3342862540656D-04   0.2713264987846D-04
  -0.6046715211051D-05   0.4353760353264D-04  -0.2639429029451D-04
  -0.1985865665158D-04   0.9244399389310D-04   0.5049563732481D-05
   0.1920535943528D-05  -0.4345547224002D-04  -0.6227431950643D-06
  -0.5764284945471D-04   0.7639593267766D-04  -0.6417802267869D-06
  -0.7274953950486D-05   0.5911566385318D-05   0.1536889941483D-04
   0.1078683606037D-04  -0.2109295953395D-04   0.2411125059097D-04
  -0.2337548968447D-04   0.4280161897634D-06   0.2873918060364D-04
  -0.1275728649388D-03  -0.9392673631465D-04   0.7377201987443D-04
  -0.4646365006199D-04  -0.1058571684363D-04  -0.1298497602774D-04
   0.9728478115612D-05   0.1394020836916D-04   0.7888189285692D-05
  -0.2739566446872D-04   0.1350739264065D-04   0.2275138137616D-04
  -0.7491253635201D-04  -0.4268621802994D-04  -0.1478663721133D-04
  -0.4008146443575D-04  -0.3775372986776D-04   0.4241386801708D-05
  -0.4072903724817D-04   0.4703751215956D-04   0.8608842857781D-05
  -0.6984087251210D-04   0.1429815915627D-05   0.2209395139540D-04
  -0.6390774074408D-04  -0.8018690255256D-05   0.1064719884551D-04
  -0.7015930513274D-04   0.3249621666729D-05   0.4795670615458D-04
  -0.5530483709477D-04   0.1037099319202D-04   0.2530535669897D-04
   0.5495857282527D-05   0.1530757455998D-03  -0.2343123518318D-04
  -0.4493959894196D-04  -0.2742224057553D-04   0.2330871224811D-04
  -0.6306337401512D-04  -0.2288274446713D-04   0.3285424235007D-04
  -0.5069252117349D-04   0.3083122956547D-05   0.1468312609691D-04
  -0.7901955603089D-04   0.1190834438491D-04   0.1834446894637D-04
  -0.9180419377955D-04  -0.2528326084636D-04   0.6091694536686D-04
  -0.1024004631573D-03  -0.5341061131172D-04   0.3197347636781D-04
  -0.7770397995107D-04  -0.2902955961508D-04  -0.5170087130516D-04
  -0.1940700286919D-04  -0.2671565161317D-04  -0.1001527046675D-04
  -0.5685051890272D-04  -0.7077244276532D-05   0.2564372896127D-06
   0.2923584824037D-05   0.1687008267667D-04  -0.6076911211054D-04
  -0.3853548755462D-04   0.2598625431400D-04   0.1727324760082D-04
  -0.1496520756980D-03   0.8729138518526D-04   0.9391250662975D-04
  -0.1214460539817D-03  -0.2288139504823D-04   0.6695093561249D-05
   0.1591586437855D-03  -0.1560114317087D-03  -0.2558000130169D-03
   0.1206752998911D-03   0.1223586507242D-03   0.3897777036100D-04
   0.2092897803607D-04  -0.9723967780495D-04   0.2079266836400D-03
  -0.2727552056575D-04   0.1221036027408D-04   0.1023615644321D-05
  -0.2627268479319D-04   0.2252990810502D-04  -0.8697018864187D-05
  -0.1120162663763D-04   0.3294956529171D-04   0.1060102981417D-04
  -0.3362782240725D-04  -0.2178552510127D-05  -0.6260088130177D-04
  -0.5291334665824D-05  -0.2870304994510D-04   0.3846640855871D-04
   0.1982253327962D-05   0.4819878314922D-04   0.3460943788221D-04
  -0.6501981974752D-04  -0.4338688562297D-04   0.1578212880489D-04
  -0.3810919779102D-04   0.3826607754692D-03  -0.3269974009580D-03
   0.2468227599547D-04   0.2371586803962D-04   0.3896260344335D-04
   0.3806613974605D-04   0.9852491533301D-04   0.2804672033046D-03
   0.3343396529022D-03  -0.1172906159825D-03  -0.1218286380744D-03
  -0.2691263761546D-03   0.6308345986368D-04   0.2014767924655D-03
   0.2763521213856D-05   0.1736277737579D-03  -0.7420012723974D-04
  -0.2644008665917D-03   0.1203009981971D-03  -0.5503792483860D-03
  -0.5072352577296D-03  -0.4623576253311D-03  -0.1617898093822D-03
   0.4893234110419D-03  -0.3137889198179D-03   0.1524254536909D-02
  -0.3695978181465D-04   0.1198007529362D-04   0.1133265840054D-04
  -0.6574811117079D-04   0.6902492455222D-04  -0.2290478503807D-04
  -0.3078208173439D-04  -0.3444812733768D-04  -0.4568919020049D-04
   0.5535467701744D-04   0.6124747486775D-04  -0.7881729768886D-04
   0.3054028306295D-03   0.8970444363813D-03  -0.7350897890626D-03
  -0.3488728559362D-03  -0.2523461678584D-03   0.1661113456776D-04
  -0.4402443200767D-04   0.7269903577914D-05  -0.6277428916220D-05
  -0.1188774082845D-05   0.3616316994439D-04  -0.3659675369818D-04
   0.3519995253893D-04   0.4155745960435D-05  -0.2463904965249D-04
  -0.3270245894182D-04  -0.1060032370029D-04   0.2353981647667D-05
   0.1054081178148D-04   0.3274204222614D-04   0.4689935035600D-04
  -0.1049409454952D-03  -0.1389364516383D-04  -0.8696628611110D-04
   0.1106418024567D-03  -0.9433762423303D-04  -0.6229361144458D-04
  -0.1440346519976D-04   0.1656200625440D-03   0.1941489380076D-03
  -0.6428350412568D-03  -0.1543261640173D-03   0.7172995088009D-03
  -0.5792893330129D-03  -0.2321571539658D-03  -0.4109737991668D-03
  -0.3206282381075D-03  -0.7850249217077D-04   0.3467141573264D-03
  -0.4813579481144D-04   0.1314918738534D-04  -0.3123793028022D-05
  -0.6524064692600D-05  -0.2515720105541D-04   0.1936281186534D-04
  -0.4074136660674D-04   0.7312058469673D-04  -0.1526523213154D-04
  -0.1152897259353D-04   0.1756706810834D-04   0.1779655188416D-04
  -0.2909515044724D-04   0.3862471180047D-04   0.1227007470468D-04
  -0.2606606323167D-04   0.1038241008357D-04  -0.3947347045396D-04
  -0.1541252519249D-03   0.1888680031283D-04  -0.9054863724856D-04
  -0.1138635535556D-03   0.2368996843640D-04   0.1303314603442D-03
   0.1458390484427D-03   0.1696814920462D-03  -0.5663298627004D-04
   0.1451449790270D-02   0.1481665681958D-03  -0.5623696317558D-03
  -0.4960542527052D-04   0.1177189886163D-03   0.6409222517626D-03
   0.1990814308870D-04   0.1844501612536D-05   0.6533923247043D-04
  -0.9871653056567D-04  -0.2547366445783D-03  -0.6889755301919D-03
  -0.4628455229077D-04   0.8278805150357D-05   0.1425491300130D-04
  -0.2959305346637D-04  -0.2532860291566D-05  -0.1588004999224D-04
  -0.7668184069680D-05   0.1505220234331D-05  -0.6114093725530D-05
  -0.2883838997460D-04   0.1077717764247D-04   0.1826656154638D-04
  -0.3057908344354D-04   0.1086230629635D-06   0.5441992142669D-05
  -0.3148251275579D-04   0.1706427912762D-05   0.9744834295511D-06
  -0.2904697799999D-04   0.2343030962121D-04   0.6341789789369D-05
  -0.3907175190069D-04  -0.2161672150345D-04  -0.1893751857441D-04
  -0.1595205585798D-04   0.2018300559015D-04  -0.6193518505209D-05
  -0.4351141523861D-04  -0.2396164738914D-04  -0.2262157826533D-04
  -0.2914813523361D-04  -0.8367881096471D-05  -0.9657972672572D-05
  -0.4398895230269D-04   0.1506103443516D-04   0.5488955290955D-05
  -0.3117319991050D-04  -0.1364322811251D-05   0.1526334363456D-05
  -0.2871418856657D-04   0.1654100090236D-04   0.1243502798776D-04
  -0.2280201067600D-04  -0.1563813609224D-05   0.3942065008628D-05
  -0.2083872268334D-04   0.3491947633776D-04   0.2687329566864D-04
  -0.2745789376410D-04  -0.4318186635581D-04  -0.3806009850084D-04
  -0.1899470953490D-04   0.2741286663799D-04   0.1358883815681D-04
  -0.3417642442192D-04  -0.4124454678943D-04  -0.3954051356542D-04
  -0.2332524011823D-04  -0.8006805899036D-05  -0.2127094022416D-04
  -0.2677423885166D-04   0.4377094212543D-04   0.1641134342395D-04
  -0.1068005639711D-04   0.6848783733669D-04  -0.6498163470214D-04
  -0.6833214200592D-04   0.1969017051370D-05   0.6584918279240D-04
  -0.6286834691714D-04   0.5735217444419D-04   0.4066978553766D-04
  -0.1576979890789D-03   0.5311287126901D-04   0.5338767695423D-04
   0.1943625594079D-03   0.8497049077646D-04  -0.3860432853332D-03
  -0.2499021482063D-03  -0.2962749620368D-04   0.2201336253934D-03
  -0.2521339669300D-04   0.2295530866022D-03  -0.1796168923308D-03
  -0.3451200097530D-04   0.1166441566804D-04   0.2641580015450D-04
  -0.2065651165478D-04  -0.8433697026719D-04  -0.8229762673909D-04
   0.4696037533962D-04  -0.5669652757796D-05   0.1039543953531D-03
  -0.4777372448252D-04  -0.4669289676672D-04   0.4245191043923D-04
   0.2445331706203D-03   0.1454251597460D-03  -0.5371385476970D-04
  -0.4640517395580D-03   0.2164679400969D-03   0.5837071228272D-03
   0.1206768623781D-02  -0.1359728152254D-02   0.2113543373282D-02
  -0.2635179231319D-02   0.3979048075895D-03   0.2463262416757D-02
   0.1286435762548D-01  -0.6971785932919D-03  -0.6970936206957D-02
  -0.5589639015822D-02  -0.5744874782977D-03   0.6700994476525D-02
  -0.1005202413403D-03  -0.9942619009127D-03  -0.1104451638147D-02
   0.5394160785964D-03  -0.3968554363188D-03   0.9962393278607D-03
  -0.4191679487382D-03   0.3187587282903D-04  -0.2106273196088D-02
  -0.1250684600396D-03   0.7806882554458D-04  -0.1265019520676D-03
  -0.8867529410757D-04  -0.1963411261063D-03  -0.4937180291669D-04
   0.9895169341784D-04  -0.2639866729998D-03  -0.2165455125220D-03
  -0.1081494002094D-03   0.7188646426723D-04   0.1831945532907D-03
  -0.6737143932597D-02   0.2695262012777D-02   0.1004994716916D-05
  -0.1896199629801D-02  -0.3563356553684D-03   0.2135679870133D-02
   0.8353625662555D-02   0.2863193242810D-02  -0.2542550888874D-02
  -0.2568418121174D-02  -0.7852390092684D-03  -0.1709680964972D-02
   0.3973233437743D-03   0.1522263903266D-03  -0.3776592916747D-03
   0.1251846619683D-02  -0.4660109999226D-03  -0.9937883932639D-03
   0.5271894563866D-03  -0.7507238938857D-03  -0.2993933356572D-03
   0.2187275394139D-03  -0.5831572334256D-04   0.4228449390171D-04
  -0.6580196845086D-03  -0.1967724150585D-03   0.2437662511333D-03
   0.1313695774838D-03   0.1658001652691D-03   0.6565273142170D-03
  -0.3912766435313D-02  -0.3072203861167D-02   0.1910718522051D-03
  -0.1570023060195D-02  -0.1604614395359D-02   0.1777204247021D-02
   0.3325925232325D-02   0.3471325147859D-02  -0.4553607987371D-02
   0.1094406190069D-02   0.3837884543455D-05  -0.2767386257549D-03
   0.3581150784839D-04  -0.3118371642472D-04  -0.5777589652537D-04
  -0.4485339790765D-03  -0.3909327702325D-03  -0.8711588699886D-04
  -0.3619655204320D-03  -0.1154719865447D-02  -0.4431184151000D-03
  -0.5513144233698D-03  -0.1625537614322D-02   0.9048159145233D-05
   0.1380810201589D-02   0.4108177383941D-03  -0.1138691147705D-03
   0.8696088501180D-03   0.4518837671108D-03   0.9645739321351D-04
  -0.1644139997679D-03   0.5551339903527D-03   0.9704164872559D-04
   0.2950571315805D-03   0.4954975354098D-04  -0.1165511969281D-03
   0.4238253446183D-03   0.1202944538234D-04   0.2675394991085D-03
  -0.3546650015720D-03  -0.1184315656935D-04   0.3278635878528D-03
  -0.1522691486097D-03   0.8231902363370D-03  -0.6620481799394D-04
   0.3347460855587D-03   0.5544298805008D-03   0.3040811310952D-03
   0.2718220878266D-03   0.1694918846175D-02   0.4790931188573D-03
  -0.3095563293280D-03   0.3996488952495D-03  -0.4007584149671D-04
   0.6019044760144D-03   0.8184010113579D-04   0.6801463936818D-04
   0.9804167351201D-03  -0.3374939514282D-02   0.3061881229047D-02
   0.2540159591403D-02   0.7339555046459D-02  -0.4273687747803D-02
   0.2884930648826D-01  -0.8403034138119D-01  -0.2882089298894D-01
  -0.1599008896172D-01   0.1574662316141D-02   0.1699986170664D-01
   0.8556756675399D-03   0.2541269791915D-02   0.1971764818790D-02
  -0.2413549373716D-03  -0.9307061882271D-03  -0.3578250930652D-03
   0.5496157581511D-03  -0.1412601148060D-02   0.5157987360870D-03
   0.1268512953041D-02   0.2281965470167D-02  -0.1055972336848D-02
  -0.2669361844944D-04  -0.3761899186225D-03  -0.1818310100554D-03
  -0.6668168222458D-03   0.9170419846741D-03  -0.1207989649380D-02
   0.5700676839118D-03  -0.2373032734540D-04   0.6080226559482D-04
  -0.4219842115128D-03   0.1583848949116D-03   0.2953405650461D-03
  -0.7380990537135D-03   0.3952548257446D-04  -0.3963269304634D-03
   0.2711002828147D-04   0.5819317482748D-04  -0.3745640434404D-03
  -0.8423459566290D-01   0.1089713189878D+00  -0.1396650159923D-01
  -0.1542786281304D-02  -0.6199045651042D-01  -0.4406060952160D-01
  -0.1314990004885D+00  -0.6741923568328D-02  -0.4419015330264D-01
  -0.3756412490902D-01  -0.2505167799919D-01  -0.6094636631607D-01
  -0.1004093473926D+00   0.9331505996128D-01  -0.1931644220086D-01
  -0.4569780742936D-01   0.1606223746820D-01  -0.5856955423194D-01
  -0.1040837736476D+00  -0.6209144584823D-01  -0.6848266298691D-01
  -0.1406528786417D-01  -0.4693251907549D-01  -0.5774853508893D-01
  -0.1296624120748D+00   0.2313404914842D-01  -0.4133822500951D-01
   0.4172674143609D-01  -0.5824328790295D-01  -0.2476231101099D-01
  -0.1377218715024D+00   0.5078207104896D-02   0.4225321837973D-02
  -0.4623867520174D-02   0.2740825487465D-01  -0.7260344641603D-01
  -0.1126466282025D+00  -0.4355888547136D-01   0.6863352984275D-01
   0.1486591175187D-01   0.7423706477719D-01  -0.7419847808056D-02
   0.1240973109243D+00  -0.4486665058612D-01  -0.4242227448638D-01
  -0.4865685223588D-01  -0.3789858286975D-01   0.4307754884462D-01
  -0.7772532137474D-01  -0.8252177780716D-01  -0.7982222669596D-01
  -0.2066131542479D-01   0.7339884201369D-01   0.1553938571170D-01
$end                                                                            
