           2           1   1.00149586872169     
           3           2  0.963656253867885     
           4           3   1.90592214911850     
           5           2  0.953318103620785     
           6           5   1.01176911872863     
           7           6   1.40605020477822     
           8           6   1.41902824320510     
           9           7   1.45805610549265     
          10           8   1.43586046388660     
          11           9   1.42392072274619     
          11          10   1.45447136459585     
          12           1  0.947151557049558     
          13           2  0.974554839094637     
          14           5  0.961335626112567     
          15           5  0.974185519819897     
          16           7  0.976017918445413     
          17           8  0.974367647257705     
          18           9  0.975492715597589     
          19          10  0.974626485465255     
          20          11  0.972170965071512     
          22          21   1.01839979374998     
          23          22  0.957081000740432     
          24          23   1.64019740562364     
          25          21  0.956293611151189     
          26          22  0.960869578007928     
          27          22  0.960173795924426     
          28          23   1.28548643337532     
          29          28  0.984778567770690     
          30          29  0.969874341680586     
          31          30   1.90761590907501     
          32          29  0.950225137116138     
          33          32  0.988092132287350     
          34          33   1.00468926301715     
          35          33   1.00226040635417     
          36          28  0.925494955961771     
          37          29  0.940446244419289     
          38          32  0.964852031097364     
          39          32  0.970516595225489     
          40          33  0.977693388241587     
          41          34  0.980819667161566     
          42          34  0.983017516337237     
          43          34  0.983316773320417     
          44          35  0.981148962352117     
          45          35  0.978033049947107     
          46          35  0.978225194434247     
          48          47   1.01413505280851     
          49          48  0.940616465883203     
          50          49   1.63062726030807     
          51          48  0.967475108470031     
          52          51  0.981028327751360     
          53          52  0.966753672611898     
          54          53   1.63974375102636     
          55          53   1.30669868393919     
          56          47  0.950017025260428     
          57          48  0.976488372638395     
          58          51  0.973595636916086     
          59          51  0.976698769243651     
          60          52  0.962219223094950     
          61          52  0.971543312114454     
          62          55  0.923490618106191     
          63          55  0.930596924599677     
          64          49   1.30559728959150     
          65          64  0.966554767746850     
          66          65  0.943207888584336     
          67          66   1.64390704033211     
          68          65  0.961790891806856     
          69          68   1.00637395747800     
          70          69  0.999252452302919     
          71          70   1.00836991481167     
          72          71  0.928208161568770     
          73          64  0.936500316013654     
          74          65  0.960534114440858     
          75          68  0.972377709096109     
          76          68  0.970238241244627     
          77          69  0.973958109518926     
          78          69  0.978946382765448     
          79          70  0.966426535381721     
          80          70  0.972485522690402     
          81          71  0.969323838672366     
          82          71  0.965461848720669     
          83          72  0.894589605927732     
          84          72  0.894280056582865     
          85          72  0.905078842701413     
          86          66   1.29665024293309     
          87          86  0.958123626368772     
          88          87  0.939525838138128     
          89          88   1.61692549382816     
          90          87  0.959930821528590     
          91          90  0.992116596656302     
          92          90   1.00189702896009     
          93          91   1.00587052794245     
          94          86  0.932562702034926     
          95          87  0.960384680246590     
          96          90  0.975163160303838     
          97          91  0.980474032902700     
          98          91  0.978145994848759     
          99          92  0.971592784676681     
         100          92  0.982708712289003     
         101          92  0.964173882125263     
         102          93  0.982542218722430     
         103          93  0.987816037625722     
         104          93  0.981810558119155     
         105          88   1.31500474273308     
         106         105  0.965619215256800     
         107         106  0.963161676171329     
         108         107   1.90425461971359     
         109         106  0.956629427154575     
         110         109  0.930438135611207     
         111         110   1.49235039064117     
         112         110   1.49223449071034     
         113         105  0.915678756508431     
         114         106  0.970331169814217     
         115         109  0.969394403758519     
         116         109  0.973957761190096     
         118         117   1.00623576774723     
         119         118  0.953215500379545     
         120         119   1.60711981629567     
         121         118  0.966865651948889     
         122         121  0.989746751543029     
         123         122   1.00630106582259     
         124         122  0.999654768889953     
         125         117  0.957342913414080     
         126         118  0.968139464319927     
         127         121  0.976192732928866     
         128         121  0.973264120960569     
         129         122  0.975466248704724     
         130         123  0.980220155487855     
         131         123  0.975901589135530     
         132         123  0.985592267556715     
         133         124  0.983408984624694     
         134         124  0.986516697207075     
         135         124  0.985518796612250     
         136         119   1.30488420965377     
         137         136  0.967810541568943     
         138         137  0.965263996339622     
         139         138   1.89911363798282     
         140         137  0.966793963512237     
         141         140   1.00095875323412     
         142         141  0.994880061178377     
         143         142   1.00916677810108     
         144         143  0.921968332679545     
         145         136  0.909196403056265     
         146         137  0.964644882807801     
         147         140  0.971559429736725     
         148         140  0.970649886324303     
         149         141  0.968962084764953     
         150         141  0.974950568297736     
         151         142  0.967646484241899     
         152         142  0.971616724674070     
         153         143  0.964151908169580     
         154         143  0.964438017638560     
         155         144  0.895841040809553     
         156         144  0.900949185749730     
         157         144  0.905371817938271     
         159         158   1.01825958969697     
         160         159  0.949284853624021     
         161         160   1.62634858382560     
         162         159  0.942517580638891     
         163         162   1.00795801926639     
         164         163   1.40249686219462     
         165         163   1.40674051711729     
         166         164   1.46753959064158     
         167         165   1.43963534823148     
         168         166   1.35627660009496     
         168         167   1.39717874598892     
         169         168   1.03381432450870     
         170         158  0.944169245349767     
         171         159  0.965330715868840     
         172         162  0.973085282379510     
         173         162  0.966962212306041     
         174         164  0.971153797426465     
         175         165  0.976853261237797     
         176         166  0.973739799344703     
         177         167  0.973727955706629     
         178         169  0.877747067361519     
         179         160   1.30683445725665     
         180         179  0.969574079142805     
         181         180  0.959972418006727     
         182         181   1.62169864109827     
         183         180  0.971294735432724     
         184         179  0.930268481499254     
         185         180  0.956562698120188     
         186         183  0.951503775723483     
         187         183  0.970102054209438     
         188         183  0.982145366417860     
         189         181   1.30037404039080     
         190         189  0.965906677295362     
         191         190  0.949373641711086     
         192         191   1.62169173867436     
         193         190  0.971776692783291     
         194         193   1.00778021740645     
         195         194  0.993940270732587     
         196         195   1.00639029400674     
         197         196  0.923574361725907     
         198         189  0.926534546742123     
         199         190  0.962225378805321     
         200         193  0.966943794275355     
         201         193  0.972006334151121     
         202         194  0.976361312790541     
         203         194  0.973823437391900     
         204         195  0.970045442293566     
         205         195  0.970972506003774     
         206         196  0.966977022384202     
         207         196  0.969399236207758     
         208         197  0.901094169844351     
         209         197  0.901607627155177     
         210         197  0.893109239004318     
         211         191   1.29778597080805     
         212         211  0.982340927436619     
         213         212  0.918514325880160     
         214         213   1.65555552232756     
         215         212  0.952553862538025     
         216         215   1.01244979736450     
         217         215  0.995711917127178     
         218         211  0.924109706600659     
         219         212  0.965894841043974     
         220         215  0.974450954071182     
         221         216  0.978154325345952     
         222         216  0.975092261150301     
         223         216  0.983587150923855     
         224         217  0.977988516856008     
         225         217  0.985825321698912     
         226         217  0.985438269569246     
         227         213   1.28460889589165     
         228         227  0.963459661517593     
         229         228  0.935746368467742     
         230         229   1.64506546158719     
         231         228  0.955776353809422     
         232         231  0.983008655103498     
         233         231   1.00693763026350     
         234         227  0.930742476401450     
         235         228  0.965200714498294     
         236         231  0.973035181468864     
         237         232  0.867407037763414     
         238         233  0.977871140453406     
         239         233  0.980122529148668     
         240         233  0.984046549764060     
         241         229   1.28936081554464     
         242         241  0.962158048417493     
         243         242  0.957165118916209     
         244         243   1.91017927125318     
         245         242  0.960817645258857     
         246         245   1.00511807516816     
         247         245  0.999064229206765     
         248         241  0.940079350350283     
         249         242  0.962879616908522     
         250         245  0.974237940970283     
         251         246  0.979663382246706     
         252         246  0.978242191089886     
         253         246  0.983369528544315     
         254         247  0.977019676277197     
         255         247  0.980468187636926     
         256         247  0.978228058412291     
         258         257   1.00468983036971     
         259         258  0.954472037379303     
         260         259   1.60743747297600     
         261         257  0.952832690035238     
         262         258  0.976329163052340     
         263         258  0.968374480193338     
         264         259   1.32047170197251     
         265         264  0.972058649689939     
         266         265  0.941366043393382     
         267         266   1.64727928896504     
         268         265  0.965661200815695     
         269         268  0.976090522409189     
         270         268   1.00203949472322     
         271         264  0.919636640264561     
         272         265  0.963211964647703     
         273         268  0.972543545977610     
         274         269  0.869697301668853     
         275         270  0.978498007828828     
         276         270  0.978821149526599     
         277         270  0.982828185598081     
         278         266   1.29018063741727     
         279         278  0.982855451953378     
         280         279  0.950984726657448     
         281         280   1.61708308392294     
         282         278  0.935110522642995     
         283         279  0.955124529458386     
         284         279  0.957941901100824     
         285         280   1.32278536505875     
         286         285  0.968164895094685     
         287         286  0.941981384346026     
         288         287   1.64812818026828     
         289         286  0.974385584749381     
         290         289  0.997653231819338     
         291         290   1.00235598749911     
         292         291   1.00159009542098     
         293         292  0.927099312029620     
         294         285  0.919976392467493     
         295         286  0.937641078956732     
         296         289  0.973899869497800     
         297         289  0.969290476454273     
         298         290  0.976565790948052     
         299         290  0.973353256037772     
         300         291  0.967488603762345     
         301         291  0.966457859105877     
         302         292  0.968412991861222     
         303         292  0.968355578726107     
         304         293  0.904366836463446     
         305         293  0.885725427172015     
         306         293  0.898744247589651     
         307         287   1.27447577168473     
         308         307  0.974642258501672     
         309         308  0.935599757742263     
         310         309   1.62245678623917     
         311         308  0.958869262005581     
         312         311  0.934823840708386     
         313         312   1.49561491854204     
         314         312   1.48980965642231     
         315         307  0.936419546855163     
         316         308  0.969325964851023     
         317         311  0.969835521471124     
         318         311  0.976084451010322     
         319         309   1.31917049074289     
         320         319  0.977785951847720     
         321         320  0.960678972692380     
         322         321   1.62835402250080     
         323         319  0.926526175070318     
         324         320  0.941505171190650     
         325         320  0.961433073994564     
         326         321   1.30854842023053     
         327         326  0.971296917900828     
         328         327  0.947428089746874     
         329         328   1.61829158734673     
         330         327  0.951292195770559     
         331         330  0.998383664519120     
         332         331   1.41523566726801     
         333         331   1.41409289197243     
         334         332   1.44114957627028     
         335         333   1.43767531448139     
         336         334   1.37483359347414     
         336         335   1.36941914747816     
         337         336   1.08143182835152     
         338         326  0.934976950726752     
         339         327  0.953556683138372     
         340         330  0.965149321274757     
         341         330  0.968714675303144     
         342         332  0.977848925991035     
         343         333  0.971827773005190     
         344         334  0.973115285034112     
         345         335  0.961837269281830     
         346         337  0.858577823098314     
         347         328   1.31171536022959     
         348         347  0.980689470395451     
         349         348  0.946099776767800     
         350         349   1.64217048142505     
         351         348  0.944061848985435     
         352         351   1.01291531550523     
         353         352   1.42381797578210     
         354         352   1.38990173015816     
         355         353   1.45137144179224     
         356         354   1.45359057293668     
         357         355   1.36716210470440     
         357         356   1.39697727828462     
         358         357   1.04458894042327     
         359         347  0.917584624284653     
         360         348  0.961822510659477     
         361         351  0.970288147524622     
         362         351  0.961891659706420     
         363         353  0.968955118000335     
         364         354  0.976144828140093     
         365         355  0.970604467738742     
         366         356  0.970562920301537     
         367         358  0.855413191810314     
         368         349   1.28743836777022     
         369         368  0.973482314005382     
         370         369  0.940853516741372     
         371         370   1.64210439738263     
         372         369  0.970625018235835     
         373         372  0.989507159663244     
         374         373  0.934834287262571     
         375         374   1.49789598071669     
         376         374   1.48050659422742     
         377         368  0.936008174732776     
         378         369  0.961483421119568     
         379         372  0.974563036757472     
         380         372  0.981618291046121     
         381         373  0.979182739373606     
         382         373  0.970356508464096     
         383         370   1.29467252032248     
         384         383  0.967213587072255     
         385         384  0.989250455248760     
         386         385   1.89244663824454     
         387         384  0.925396230715712     
         388         387  0.999098244300549     
         389         387   1.00143311838621     
         390         383  0.934513938380569     
         391         384  0.960173565182241     
         392         387  0.974191362412748     
         393         388  0.976695409215363     
         394         388  0.982304057771981     
         395         388  0.984140392105229     
         396         389  0.977429953107567     
         397         389  0.984895294335649     
         398         389  0.983486101426243     
         400         399  0.999154476056633     
         401         400  0.967919118050364     
         402         401   1.90073435104227     
         403         400  0.965463844066104     
         404         403  0.995210317475221     
         405         404   1.00389213009081     
         406         404   1.00163013742546     
         407         399  0.948079355858907     
         408         400  0.975723494974548     
         409         403  0.971873002363683     
         410         403  0.975684890011759     
         411         404  0.977951339401401     
         412         405  0.985008687283868     
         413         405  0.983565817218846     
         414         405  0.985418964694512     
         415         406  0.983839684313216     
         416         406  0.985429837808840     
         417         406  0.985073945037831     
         419         418   1.00959786761332     
         420         419  0.959201611425430     
         421         420   1.61455566153870     
         422         418  0.958055238414937     
         423         419  0.953850260519537     
         424         419  0.968308084304101     
         425         420   1.30639169916862     
         426         425  0.960430490493362     
         427         426  0.937659334542211     
         428         427   1.64932500839005     
         429         426  0.993098835389309     
         430         425  0.931222899279820     
         431         426  0.968347333074878     
         432         429  0.977339439969220     
         433         429  0.979361913253985     
         434         429  0.980219560763741     
         435         427   1.29915587069625     
         436         435  0.967876360658510     
         437         436  0.938483485273452     
         438         437   1.59484381439496     
         439         436  0.966374993647235     
         440         439  0.976923553837912     
         441         439  0.999313342940238     
         442         435  0.929048038905026     
         443         436  0.954718033007516     
         444         439  0.967070442355272     
         445         440  0.864425570399796     
         446         441  0.977284121548310     
         447         441  0.976830456812652     
         448         441  0.982288727941766     
         449         437   1.33193742092800     
         450         449  0.975102430541415     
         451         450  0.924736311670270     
         452         451   1.59775759708267     
         453         450  0.973117753147550     
         454         453  0.993637023303842     
         455         449  0.929273265815579     
         456         450  0.953382227808925     
         457         453  0.974144713556259     
         458         453  0.971112941597774     
         459         454  0.864404170941885     
         460         451   1.33327790818193     
         461         460  0.967622123443968     
         462         461  0.947090328177668     
         463         462   1.61021961766335     
         464         461  0.968243884319722     
         465         464  0.999288554674663     
         466         460  0.953766219417714     
         466         465   1.01298779197037     
         467         461  0.960281880930003     
         468         464  0.978562145325542     
         469         464  0.977366433367035     
         470         465  0.968501180714904     
         471         465  0.974995881886237     
         472         466  0.966329243734248     
         473         466  0.957727284607859     
         474         462   1.31456424761509     
         475         474  0.974901138763041     
         476         475  0.942403277761938     
         477         476   1.61180700210934     
         478         475  0.966268442943381     
         479         478  0.991285230384966     
         480         479   1.00237549900747     
         481         479   1.00384119487165     
         482         474  0.925552645749439     
         483         475  0.956742600151931     
         484         478  0.974032314415767     
         485         478  0.973854934893055     
         486         479  0.976792650493869     
         487         480  0.984189536990684     
         488         480  0.982678491092097     
         489         480  0.986431206301437     
         490         481  0.985146845555633     
         491         481  0.986482498685665     
         492         481  0.981343155765278     
         493         476   1.31052360225153     
         494         493  0.955216296148250     
         495         494  0.946612018102522     
         496         495   1.62611651171849     
         497         494  0.968989829579274     
         498         497  0.976917133348329     
         499         497  0.994540715702368     
         500         493  0.928763759662779     
         501         494  0.964562548999329     
         502         497  0.974482551768051     
         503         498  0.868115720611159     
         504         499  0.979345169896028     
         505         499  0.980138301028096     
         506         499  0.982996752778622     
         507         495   1.30471752647026     
         508         507  0.980707691460511     
         509         508  0.962821394163675     
         510         509   1.61076206222906     
         511         507  0.928379344430537     
         512         508  0.952722307260224     
         513         508  0.944980279552018     
         514         509   1.31701632989278     
         515         514  0.977795576397990     
         516         515  0.945288990367509     
         517         516   1.62459109606606     
         518         514  0.923020626553300     
         519         515  0.965403338727259     
         520         515  0.964319786447453     
         521         516   1.32332705293045     
         522         521  0.962212129738567     
         523         522  0.946593846930304     
         524         523   1.60490072729714     
         525         522  0.959066319625745     
         526         525  0.986483022289818     
         527         526   1.00558313058675     
         528         526   1.00143755880586     
         529         521  0.931338951648366     
         530         522  0.960587612607599     
         531         525  0.971489366760186     
         532         525  0.976871992740398     
         533         526  0.978680813966131     
         534         527  0.980877306649724     
         535         527  0.964698125812397     
         536         527  0.981208921721359     
         537         528  0.977979185707516     
         538         528  0.977536847801288     
         539         528  0.984416895263644     
         540         523   1.30376488681115     
         541         540  0.959903453318210     
         542         541  0.967165246007258     
         543         542   1.91807574087898     
         544         541  0.964355235694800     
         545         544   1.00648938599342     
         546         540  0.963705635596462     
         546         545   1.00178411922793     
         547         541  0.966396781528330     
         548         544  0.972032671070979     
         549         544  0.973767149697482     
         550         545  0.975871981398721     
         551         545  0.969208451095372     
         552         546  0.949760250672922     
         553         546  0.969757939418521     
         554           1  0.955554596873930     
         555           3  0.954046012941945     
         556          21  0.956733691971879     
         557          30  0.952361922615827     
         558          47  0.923724563413629     
         559         107  0.954270021513627     
         560         117  0.947218173101900     
         561         138  0.956251233476517     
         562         158  0.955535006504000     
         563         243  0.952302360536003     
         564         257  0.951705263876959     
         565         385  0.954482479797678     
         566         399  0.954974874681383     
         567         401  0.958891006504797     
         568         418  0.954077590840645     
         569         542  0.953443563130035     
