$grad                                                                           
  cycle =      1    SCF energy =  -734.99322272058   |dE/dxyz| =  0.770658
   64.96325938703413     46.59051345006776     83.67651096042941      n 
   63.29150883713333     47.35563611463576     81.63238339304301      c 
   64.70045303647402     49.19865130466869     79.90270227465935      c 
   64.98909449623743     48.80600013481305     77.63877204114931      o 
   60.82159175963079     48.47553705161103     82.67543905873809      c 
   59.28449324126287     49.62630681333511     80.52442629564241      c 
   59.27988443040807     46.40894013246147     83.96956465419545      c 
   64.33479236522749     46.80443853426355     85.46763809692050      h 
   62.85383845613472     45.70428787737402     80.44682568464866      h 
   61.28777333837058     49.95574850967709     84.04723265054889      h 
   57.47986131225669     50.32290272563867     81.21417148839691      h 
   60.29707127003152     51.18133895341610     79.64761054755074      h 
   58.91148137922632     48.20132042767673     79.09131242525426      h 
   57.49480853088812     47.17858390986038     84.62966146126537      h 
   58.86385255575797     44.91103280231656     82.62617478063967      h 
   60.28336539253407     45.62535442792837     85.57705766872901      h 
   65.59272063466976     51.27399236429774     81.04740453189542      n 
   66.71402090823025     53.29208059261655     79.60302054438243      c 
   69.46520239002712     52.80919352789272     78.75859209369655      c 
   70.65437445138893     54.54339944520670     77.80450852026409      o 
   66.60413580961510     55.84137003562852     80.96378245580698      c 
   66.98194368858557     57.93825770158756     79.01068582671145      c 
   65.74277950643609     57.99135029196077     77.06479088576104      o 
   68.62887586307092     59.75369522133283     79.62750674169182      n 
   65.34166744674555     51.57013096859075     82.91622696050848      h 
   65.61632888363343     53.45559329628035     77.83312590057253      h 
   64.74986894674954     56.14571505056737     81.82456927098492      h 
   68.04440527829938     55.89066526611518     82.42926603081925      h 
   68.88758505911612     61.18735659540624     78.39765073824223      h 
   69.77211912299481     59.62703023349870     81.13538413668796      h 
   70.33884950574030     50.43890121601220     78.97829850455025      n 
   72.70095115330541     49.60042020815483     77.86409182170829      c 
   72.25145384138389     47.68116173132610     75.76016406751872      c 
   73.80928869052310     47.38134230938041     74.06230270495750      o 
   74.58495134503701     48.44496725407286     79.76996106465347      c 
   73.81101251724235     45.77853460161913     80.54117795613516      c 
   77.24905655847722     48.38177947612488     78.66270425358037      c 
   69.54028497388569     49.31999733189593     80.30421219309387      h 
   73.57095497092979     51.26488261702705     76.99590241689523      h 
   74.55068507894690     49.66585494849117     81.43822811225864      h 
   74.83742559818236     45.24152740255695     82.23568646695060      h 
   71.79625190602485     45.69517726215219     80.89287963299859      h 
   74.24940578550182     44.41382210546992     79.06592361602992      h 
   78.54292177010781     47.53648038749814     80.01446878990984      h 
   77.29112426656430     47.23513126452183     76.95650311409830      h 
   77.91082039711986     50.26629066638276     78.19353833798527      h 
   70.10019664469331     46.37038915050885     75.85959462865053      n 
   69.35573044559777     44.70791593652380     73.82015180452011      c 
   68.40140918338025     46.36183343554861     71.65287552908075      c 
   69.31762027415918     46.19469610334352     69.52732417281121      o 
   67.43368992216332     42.72995735247581     74.70761688814822      c 
   68.72284715031027     40.96478821765697     76.60434363959631      c 
   66.45343491952016     41.27129335451792     72.42529755057880      c 
   66.87829508206759     39.21706899669120     77.95201417120607      c 
   68.87455985580334     46.60624450661391     77.30523756481902      h 
   71.04853611151016     43.73592891727812     73.11195304499668      h 
   65.87213134725404     43.71818308027824     75.63839226311427      h 
   70.14300417028502     39.85251045519228     75.60406951084785      h 
   69.67426411784966     42.11784428246218     78.02039471801945      h 
   65.06189706715666     39.87284561037261     72.98358345897176      h 
   65.58796767778722     42.54740045953600     71.07414406091449      h 
   68.00795276104645     40.30120131239200     71.49202859472837      h 
   67.89244805303993     38.04817275235902     79.30102374089167      h 
   65.48398793043374     40.34551668074324     78.95316113772539      h 
   65.90191783373308     37.97540998983970     76.64258698096741      h 
   66.65306849825708     48.07969988827563     72.24213566130942      n 
   65.69875870440843     49.82984558236686     70.36025275235751      c 
   67.83566094695755     50.95781924982945     68.78854775637940      c 
   67.73323925313798     50.77868043044783     66.46844431032430      o 
   64.06265513771322     51.91344111536464     71.55056758561395      c 
   61.71075112997109     50.76492350105899     72.78755624400792      c 
   63.31276061843625     53.82894549361399     69.52939517676933      c 
   60.22554642313995     52.70257132307613     74.31128976517245      c 
   65.96640460816475     48.24641585902615     74.02396613546850      h 
   64.53210206557252     48.80180395468997     68.97578462063922      h 
   65.19398791588286     52.86643386339013     72.99527466694242      h 
   60.49338714120104     49.96660821668716     71.32749787717636      h 
   62.27455848461818     49.24793474515515     74.06088169831787      h 
   62.20647887118204     55.33556068981498     70.37054090910860      h 
   64.97216926932953     54.66051934487889     68.65708469067624      h 
   62.18991513977755     52.92561010369192     68.06268286055982      h 
   58.70578005789591     51.76797111387591     75.32480499029758      h 
   61.46028457496455     53.64266091932976     75.66037525346422      h 
   59.39659777784102     54.13253019829310     73.09834992474923      h 
   69.71472613486831     52.25502260074441     69.87740230863284      n 
   71.51495373950875     53.47954612373178     68.20215502344149      c 
   72.68320072710608     51.54476733996469     66.43872467006614      c 
   73.14144763476799     52.06267191432224     64.23343788941347      o 
   73.54452671889189     54.68084319571858     69.87643290756674      c 
   73.18766745815948     53.45249916483562     72.46982764735583      c 
   70.50148996425131     52.36992393588493     72.49691317102327      c 
   70.56660388165584     54.87498680309884     67.00171531066925      h 
   75.40805404015282     54.29605585810698     69.08741504047245      h 
   73.30576403075219     56.72147028029890     69.97175697874849      h 
   74.56313902434131     51.94165734275884     72.73824351617074      h 
   73.36076026774091     54.82678942420920     73.98774038551846      h 
   70.47905423997244     50.49685988982218     73.34597432342426      h 
   69.24923296533944     53.57307914459515     73.60859207990156      h 
   73.30727582360589     49.34392135293191     67.49773972657103      n 
   74.46899906583288     47.34741462851220     66.05615940186092      c 
   72.78886477756055     46.44187199975298     63.89306746098652      c 
   73.77291076415491     45.78942354949267     61.88491557724910      o 
   75.10886163230069     45.10231973800235     67.73606894672685      c 
   77.71900168404818     45.87356954000632     69.87114464688071      s 
   72.84691092187144     48.96940439504147     69.30898130788916      h 
   76.21397265558993     48.08044069429590     65.19270198742100      h 
   73.47677192818151     44.54418098483673     68.85244652103910      h 
   75.70354153124418     43.52207343376774     66.55972138107371      h 
   76.24975271310790     46.70316421325437     71.72425057720734      h 
   70.32113141218503     46.36785319459873     64.30676038894794      n 
   68.54506798024542     45.54313985411996     62.38567821999759      c 
   68.32757593514128     47.55292311124632     60.31607327571106      c 
   68.33486612444382     47.00139242944793     58.05920250957119      o 
   65.92433544593356     45.05599912210891     63.50957795484258      c 
   65.84529000414720     42.96609723781404     65.51763824601987      c 
   63.14655959252672     42.77534342084163     66.53246480527149      c 
   66.70429054377735     40.41668473395853     64.48360349554703      c 
   69.64366577619001     46.73514299253902     66.06494317726352      h 
   69.27261019436096     43.82298550980819     61.48536845517511      h 
   65.24198026782179     46.81019743856719     64.35671466608372      h 
   64.65443971212974     44.54884314945809     61.96310757722281      h 
   67.11381589035024     43.50245941804076     67.05631454477087      h 
   62.97465559461116     41.23300218493894     67.87645706544534      h 
   62.59257065600287     44.52162865123872     67.46543391414818      h 
   61.84059275468488     42.41861040344025     64.98774075155838      h 
   66.51985537530469     38.97397108144821     65.93308414707768      h 
   65.55758508783994     39.86114856277082     62.87169301303688      h 
   68.67269462240309     40.47394287955609     63.89997553579683      h 
   68.10549866825343     49.91668796123250     61.14762570598745      n 
   67.85691365063570     52.00620409652524     59.40162580134302      c 
   70.30016923686404     52.34473701817799     57.90325565010107      c 
   70.26578723772070     53.01307225163077     55.68968247482895      o 
   67.29919753411173     54.51352651567076     60.72404653499284      c 
   65.09956656829887     54.48977238137557     62.60378562525533      c 
   65.02889047518784     57.06391720309372     63.90847395124273      c 
   62.60651094757927     53.91544141031306     61.29366255704186      c 
   68.08155414633653     50.27749127504081     63.02971447450332      h 
   66.37805175207265     51.56305279009911     58.01597793714719      h 
   69.00956698725112     55.10126719485263     61.71599936966302      h 
   66.89166461102278     55.89093373891388     59.24176809109296      h 
   65.44534454258296     53.04657320516758     64.03334597522201      h 
   63.38145090248209     57.22280897312179     65.12134072144370      h 
   66.71491525731851     57.30919491381773     65.05827336231341      h 
   64.97460546566192     58.57495183107453     62.51763224576204      h 
   61.05516439557512     53.93768445945693     62.63971860468834      h 
   62.24783066623083     55.32375265558463     59.84686763921035      h 
   62.66131491591306     52.06255648589284     60.41139485396633      h 
   72.40846151552317     51.88923851943298     59.19922090888789      n 
   74.92525327732338     51.93743975563122     58.13088178392247      c 
   75.25151735034873     49.68406047266657     56.38301123880493      c 
   76.33906339909618     49.86700432346620     54.34365714505571      o 
   76.85855581643852     51.79938505615302     60.27493454442846      c 
   79.44999098600722     50.94988955591176     59.51068363028298      c 
   80.81253407090848     49.37175834653213     61.10373043070671      c 
   80.58993903139375     51.81367817676066     57.31751504987195      c 
   83.30896146879024     48.82032796023775     60.59628942577768      c 
   83.10808490315704     51.30511153559396     56.82067084023981      c 
   84.48301319561617     49.86200968820921     58.49930771552807      c 
   72.33640578244047     51.65194990672880     61.10111781844141      h 
   75.17495365201447     53.64486137178306     56.98639692321624      h 
   76.98958604929472     53.65828554367586     61.17145276650778      h 
   76.14362176749621     50.47876192091097     61.67823767691757      h 
   79.92714293788816     48.58562438208324     62.76623482252431      h 
   79.49555265961352     52.90404489452174     55.99059395995210      h 
   84.34513246657652     47.59565606352775     61.84746164791737      h 
   83.98719429289157     52.07033286294276     55.15069786445472      h 
   86.47110711049829     49.55894471882635     58.17120188346718      h 
   74.22947354918463     47.52504261143043     57.14884367196731      n 
   74.15654958548295     45.44242014821272     55.39764885267368      c 
   72.56010541609442     46.19782688470023     53.11848156608242      c 
   73.01289372959829     45.30832032313709     51.02728635693832      o 
   73.07899116829019     43.02191924535835     56.56777083977494      c 
   74.63835576513625     41.94996302297646     58.40791306678598      o 
   73.57908957595797     47.26842079608636     58.93461286337210      h 
   76.07434881404390     45.04336880764680     54.70304951047972      h 
   71.19230853343925     43.45123788822672     57.31380227733142      h 
   72.92399272051108     41.63081394238294     55.04968239678327      h 
   74.69260512838365     43.08230376207020     59.85408961016201      h 
   70.74653419234228     47.90193957143963     53.50709364816621      n 
   69.36907864086979     48.92015566296254     51.38125896396229      c 
   71.01923722610455     50.80350362655417     49.94402268098217      c 
   70.84867642611854     50.96372292150271     47.64348037631095      o 
   66.89179860109635     50.20985418439938     52.17700016134480      c 
   64.90269328882349     49.80178266390359     50.19962438748786      c 
   64.74936355107172     51.35088036152574     48.09312558517727      c 
   63.23421604359947     47.79039062978632     50.44521467929291      c 
   62.86813547959337     50.97085769860935     46.31633711206714      c 
   61.36328043215614     47.40113496090139     48.66465277514003      c 
   61.15209391518450     49.02311299582299     46.62314805137319      c 
   70.01173282427141     48.17665945679526     55.25937778070812      h 
   68.96074811113388     47.38161242151638     50.04286857810180      h 
   66.25515986042183     49.37605885653515     53.95166718577439      h 
   67.24770853003020     52.21888685617368     52.46983641851882      h 
   66.10810377188166     52.85479542129229     47.84828406420941      h 
   63.41257336209043     46.53676626410591     52.04822262657319      h 
   62.71779978773086     52.22632386433234     44.71325144489391      h 
   60.06266681395191     45.84468565996204     48.87137733847445      h 
   59.65005270729132     48.77574216076481     45.26837757181781      h 
   72.61681222356380     52.22397352694257     51.28138170563112      n 
   74.27021705694609     54.00374669501105     50.04246198202092      c 
   76.39814117201483     52.70204243867168     48.60856275570118      c 
   77.33357956349069     53.81078711375466     46.80112101377902      o 
   75.62656511147135     55.80839419460315     51.84474001679513      c 
   73.94386516249773     57.62884963065117     53.32515663503757      c 
   75.55575844642304     59.00912177235281     55.28114174029323      c 
   72.71005688056211     59.54790129927353     51.56558548377533      c 
   72.40567061706318     52.35139294817771     53.18469352405658      h 
   73.19493951025031     55.08305154269101     48.63192689043365      h 
   76.73622274585269     54.64632177618518     53.13432532172679      h 
   76.92998223374148     56.91341686847996     50.68199837215228      h 
   72.45827477393870     56.55956771763020     54.28291669090240      h 
   74.38038848154586     60.28019050365090     56.38021903756787      h 
   76.47911610827722     57.70602364262592     56.57414760963085      h 
   77.01058551325505     60.10823588035511     54.32939404368963      h 
   71.56321297649865     60.86296687257499     52.64600850119675      h 
   74.14912346516931     60.60948272153644     50.55266151686111      h 
   71.50294751705697     58.61875613910545     50.19026708706267      h 
   77.22374368940193     50.47679370765101     49.45714011973985      n 
   79.09831350500588     49.05140237507560     48.05991171389338      c 
   77.75935442293950     47.35326772620577     46.16781202332844      c 
   78.48125714717976     47.23288606562573     43.97727415176533      o 
   80.93695634861558     47.43308439255308     49.63498933533161      c 
   79.71290683522568     45.39686310726958     50.82860350764128      o 
   82.45410251396669     49.04657997454388     51.46654093072707      c 
   76.67169130377975     49.88282782200430     51.20103516088353      h 
   80.23462828145715     50.36314143978901     46.94405397219828      h 
   82.23128121624123     46.57305008268875     48.27406678435124      h 
   78.21313122922176     46.02113580485300     51.65376484034859      h 
   83.68937886522184     47.84560026861321     52.58403392277287      h 
   83.59803422958879     50.37936859890767     50.40668242660314      h 
   81.18193388090789     50.03966607673202     52.72396995101415      h 
   75.77194846071050     46.08815068697397     47.02270953158494      n 
   74.14537034149956     44.65716415743186     45.36695554812768      c 
   73.65771244081803     46.32409434203579     43.09009635542540      c 
   74.14014723440687     45.59928504675352     40.94604951939922      o 
   75.24991563035042     46.07901595242396     48.86224652057044      h 
   75.02208255509694     42.89773296947794     44.71604386401638      h 
   72.43031275739249     44.20904841451426     46.41019171005195      h 
   72.86362212087496     48.65706375780396     43.57781437225780      n 
   72.54891704908107     50.46708184096951     41.56699875482177      c 
   75.08617932580852     51.41149711591916     40.63321916950854      c 
   75.38875978060736     51.72504731193476     38.34585113899264      o 
   70.82301594611228     52.63026612122373     42.34212925494947      c 
   67.97622908304866     51.99756527179569     42.25146920901325      c 
   66.76797605966667     53.17123335175061     39.91863948481082      c 
   67.25214356300950     49.20573812771168     42.32572675855346      c 
   72.23194406199542     49.21165912552630     45.30569649005704      h 
   71.70704866456281     49.55489943634389     39.90187733785084      h 
   71.36443083287442     53.21509419263406     44.23472016635787      h 
   71.17633213396208     54.19570157757724     41.04899140148238      h 
   67.11597482703621     52.88638617294326     43.89810871540475      h 
   64.72812927713484     53.05434491516132     40.09568004755155      h 
   67.32157194283064     55.13349937542668     39.74649930308797      h 
   67.31917036873429     52.21717037765380     38.18045908378603      h 
   65.20723044977406     49.07780080912774     42.46415338614513      h 
   67.77542969835855     48.26611077373204     40.57514190840325      h 
   68.06493688183049     48.20709761243331     43.92154544622723      h 
   77.06237779983215     51.79398850169790     42.17153601460502      n 
   79.33564656028493     52.66803222099907     40.88038349474806      c 
   80.07258662191947     50.83258704654089     38.74936438009449      c 
   81.17344747901677     51.58407132063838     36.84535483497534      o 
   81.50482989764149     53.16380243644635     42.74994651829900      c 
   83.30626059876421     50.93071439558835     42.96024748021108      c 
   82.92117068069025     55.53435483716742     41.95069380400057      c 
   76.89598532843230     52.31461299584189     44.00418759169659      h 
   78.85036795213007     54.43946311978712     39.91160427452986      h 
   80.63864925318221     53.51962495043721     44.58355809166857      h 
   84.76786630079305     51.33062786579303     44.34549665531735      h 
   82.31024451598695     49.22616969652098     43.50389358189731      h 
   84.19337387419104     50.56923812126772     41.14368771534136      h 
   84.56314171890153     55.84860325819746     43.13785566995075      h 
   83.54047067423117     55.35366786962842     40.00740282301624      h 
   81.68766872956711     57.16644600922572     42.06745033771860      h 
   83.48721547199516     67.63412402963046     45.07524468549537      n 
   82.43661495034765     65.74809191479619     46.75280910899308      c 
   84.55464162802461     64.64126255444158     48.36026085115600      c 
   84.42036686856122     64.73164573284953     50.69017761874348      o 
   80.98262492118425     63.66257311321352     45.34944268032228      c 
   79.89482993165656     61.78193241750411     47.25099960701260      c 
   78.89602458087485     64.81665296067332     43.73026294591722      c 
   83.45237967198364     67.32795032953608     43.19056628604941      h 
   81.17639733763315     66.71893297436856     48.08397997790004      h 
   82.31360326764609     62.67041434263446     44.12393910067111      h 
   78.72901518557318     60.39353637720563     46.28479995077642      h 
   81.40204461317934     60.78532125360036     48.22853463733495      h 
   78.74356604004488     62.74848885891280     48.65432850402529      h 
   77.86534513916943     63.34095775638583     42.74437014356967      h 
   77.56584263730457     65.84633803425341     44.90442259801565      h 
   79.68471418443039     66.12302971767910     42.35780163493799      h 
   84.15837919395857     65.03357342036958     55.90517856171673      n 
   83.81091280471878     62.55063851477670     56.99035560031434      c 
   85.85991071007096     62.15323874990396     58.96363028675874      c 
   85.37426693656488     61.54571339837998     61.14726492064305      o 
   83.95650561118217     60.65355919696928     54.81522256814286      c 
   83.51160291789560     57.86557335267960     55.49280660246059      c 
   81.74467827434611     57.63491100732485     57.75362976292671      c 
   82.49484792260348     56.57527912745154     53.11232020249699      c 
   84.29348028749384     65.06286704458918     54.00102646512059      h 
   81.97390905591826     62.45288500851303     57.94118279912482      h 
   82.51274608474296     61.23051083166347     53.45775766384973      h 
   85.79138334553529     60.87016058097433     53.90683845579457      h 
   85.30612315483852     56.98457627619902     56.02613628862284      h 
   81.26504752660763     55.68319375855267     58.12748196643975      h 
   82.68232923198552     58.36362153317019     59.42145767544887      h 
   80.02758750045307     58.70420378986051     57.45232011991597      h 
   81.77441996940685     54.70063646990425     53.47488227498665      h 
   80.94502497046076     57.67259161136289     52.33331038828086      h 
   83.99661733593769     56.42600052693118     51.71957173405373      h 
   85.42488675193640     61.31672564954889     66.48763698462781      n 
   86.38825473263913     59.11179411828846     67.78314687218419      c 
   88.39137481380058     59.86752239259110     69.70803025190463      c 
   88.40235270710613     58.93302547203181     71.83872230394027      o 
   87.53383958392318     57.17250144649073     65.97634314822977      c 
   85.67209459151741     56.10916228883305     64.02969164056672      c 
   87.05247043211948     54.26253989088647     62.30048139086703      c 
   83.43083909425738     54.79834338856512     65.27699302101530      c 
   85.69553955247434     61.47975923133961     64.59788864774727      h 
   84.84149114287338     58.25530386056272     68.86771586519043      h 
   89.10990419259514     58.06809071822172     64.99298297719747      h 
   88.27883775221180     55.62064213095628     67.11605106292738      h 
   84.97252068994801     57.67684551316510     62.88621621703851      h 
   85.76655984669486     53.54717735867941     60.87034829784636      h 
   88.63546859912312     55.17934173324078     61.36809057006720      h 
   87.76351403176319     52.66968923626840     63.38436922743052      h 
   82.27320675079650     53.88033953178563     63.85082414255670      h 
   84.07617021487282     53.36803359596367     66.60351070301094      h 
   82.25885232823498     56.15014128460471     66.28176097740860      h 
   91.20184925198789     37.32768810133678     68.77836129126183      n 
   89.30504889042285     38.02743441564363     66.92833395089578      c 
   89.97399986065162     40.64541037931222     65.93729570049931      c 
   90.56137197637706     40.87158662562334     63.69252736427109      o 
   86.67657431179111     37.77695598597718     68.08222072581124      c 
   84.55335598699008     39.25834630006588     66.88821864775520      c 
   82.30444961977392     39.43273501812984     68.24022905897355      c 
   84.71590849406492     40.48556726209286     64.57372451340785      c 
   80.35462892056248     40.93673228116416     67.38292045145705      c 
   82.79425608424671     42.06874002862481     63.75520380826645      c 
   80.63185484425389     42.33639772672771     65.18872446144039      c 
   90.72532989229356     37.36040739902543     70.63683389720866      h 
   89.52607182421255     36.77282650713298     65.28526740850504      h 
   86.21068716425948     35.76559926384592     68.07490881032946      h 
   86.79758537961364     38.37593757014427     70.05572883328358      h 
   82.06804671028381     38.37507163743204     69.97189860955099      h 
   86.33765054775786     40.19278411283207     63.38633780484068      h 
   78.64838194634440     41.02697883257493     68.48901151931585      h 
   82.95551462037504     43.11932799644489     62.01035415694167      h 
   79.18561534163430     43.61933488449598     64.54133153416305      h 
   91.10205385412820     41.80716564937050     58.76194179413530      n 
   89.67610115823950     43.51115208200746     57.18806930441418      c 
   91.39518990933209     45.61100071382508     56.20337886174474      c 
   91.07369188766729     46.40767123987906     54.04539259623515      o 
   87.37328182015986     44.44405898110588     58.67866849474976      c 
   88.04384274467878     45.68814254508971     60.91426220317934      o 
   90.78463636891729     41.84265223849566     60.65123247642955      h 
   88.99057161734426     42.52681508801040     55.48997330648714      h 
   86.17525527211808     45.61635954273621     57.46260173500275      h 
   86.29573143071191     42.77931802719566     59.25270509488636      h 
   88.66731558495164     47.37026455048353     60.56968980224131      h 
   93.37227705173878     46.89821852889144     49.60521701745083      n 
   93.51323845076034     49.31919776409138     48.32713623143973      c 
   96.08663617952897     49.48298662191191     47.01737900793394      c 
   96.20887126536769     49.93644831299063     44.73870470189895      o 
   92.86072157522416     51.68630061125454     49.88908429681956      c 
   94.70471654261939     52.41073281663691     51.65018251294472      o 
   90.25404607049819     51.44582035327822     51.13601081535514      c 
   92.75086258109428     46.76328081066825     51.41851338415412      h 
   92.15909458996784     49.29295833214753     46.76773934805891      h 
   92.79743584030803     53.23934810653051     48.50596713604058      h 
   95.53719107733390     50.92520379787295     52.36692800367121      h 
   89.92154009679102     53.09020455168463     52.32287737024074      h 
   88.78951853562265     51.33233599229113     49.70501681497047      h 
   90.19040953914008     49.77838475901251     52.32223357670358      h 
   49.16924508585271     63.27462106894011     76.26481417209803      n 
   50.85883287539605     61.42702915163060     75.17357607600145      c 
   49.80768732730503     60.41964604393621     72.68863283694390      c 
   51.24682008803629     60.10338548580111     70.89478483523649      o 
   51.47910584366380     59.30834394376659     77.04897075112412      c 
   54.26513137299211     58.57582865937966     76.94330888538181      c 
   56.40707700875129     61.26252806743812     77.25443334828863      s 
   55.57494423173060     62.38869807784258     80.40196735154494      c 
   48.62585587502381     63.03285144244482     78.09048672442954      h 
   52.63892395262790     62.37559046528190     74.65189139060890      h 
   51.01788896408738     59.98499777276900     78.94001397131086      h 
   50.33929231804103     57.62795536924622     76.67847644775968      h 
   54.72109663574735     57.23026326698166     78.43250857642674      h 
   54.76034395090976     57.75324274308386     75.11867357130954      h 
   56.83251703654084     63.96228088183533     80.77794715007218      h 
   53.62477712402079     63.02204096411853     80.41258754467265      h 
   55.88741045240682     60.89077103199786     81.76650901627934      h 
   52.24722399749377     61.54687109306248     66.18563930694981      n 
   53.05361877095778     59.33144153529953     64.81649116649496      c 
   51.81826811378857     59.19925375119105     62.22767212823922      c 
   52.97031055000360     58.16751558787693     60.48644169252473      o 
   52.41366351040860     56.85199311814722     66.16721628741190      c 
   54.39331122864198     56.11080987531475     68.11301865446751      c 
   53.77743927979823     53.05244364525415     69.56825852153965      s 
   51.14757221464883     53.89221775194951     71.60940739233580      c 
   51.67823763420976     61.27909433939018     68.00060897817114      h 
   55.10443571876085     59.46706865483979     64.49020022647989      h 
   50.55456985887867     57.06471068692559     67.02447291253597      h 
   52.29767866706895     55.36021012014009     64.74369021053550      h 
   56.21553597938053     55.86606271252094     67.18990759126726      h 
   54.53839247570843     57.51168190201522     69.61243294335814      h 
   50.88022727167075     52.34744977798177     72.92707699155478      h 
   51.64052163579365     55.62083059653774     72.59127465492377      h 
   49.45739243481476     54.14789984153892     70.47624331060636      h 
   54.23626902316249     64.06788184265515     57.96237692734567      n 
   56.67467698649788     62.97048540823543     57.40034595949947      c 
   56.40284159810647     60.86508157493390     55.46396235677248      c 
   57.87123706184956     60.72905826603358     53.66895354705908      o 
   57.94840325546113     62.03256175974003     59.84554237326827      c 
   59.89376098492971     59.98148902713621     59.29392540280359      c 
   59.19763049228533     64.24954452464567     61.20522263636197      c 
   53.77434464209593     64.05100616511754     59.82347191600788      h 
   57.90788801015373     64.39616221150547     56.52284195583159      h 
   56.47195694350132     61.23759124324427     61.04466746946004      h 
   60.76702042582102     59.38096991563848     61.05119895873833      h 
   59.04433255937717     58.33249967090423     58.41133115980834      h 
   61.32588154128165     60.69879581446867     58.00772545347093      h 
   60.11489608283621     63.62355606002419     62.93213771903199      h 
   60.61525404304033     65.09554429341881     59.98097821323615      h 
   57.80973930021105     65.67378699266102     61.70480192988641      h 
   54.49918825820293     59.25293005447740     55.81102035355790      n 
   54.20593261358208     57.19021376201994     54.03156284191048      c 
   53.28884942826153     58.31242154018486     51.56113849015357      c 
   54.28976894944427     57.77887947188056     49.53906300149784      o 
   52.43381244915929     55.10219762617918     54.91356725872915      c 
   53.59634772476807     53.46696069630808     56.97214200776504      c 
   56.05758996314393     51.35204803433920     55.77990100632820      s 
   58.86946049949312     53.28101210452619     56.19753268158198      c 
   53.62847540349712     59.10386384006750     57.52710528925601      h 
   56.08012905297556     56.40322320520728     53.65234512647048      h 
   50.66649943839235     55.92573666808737     55.58386243146579      h 
   51.99798801029357     53.90336276468116     53.28954136445697      h 
   54.40637976960689     54.60585304326948     58.47940484970953      h 
   52.15959530857392     52.21264910570799     57.74051612554175      h 
   60.44729661626049     51.99253303628354     56.41418409041236      h 
   59.18497943524633     54.46905142617051     54.55904890754377      h 
   58.64486314661367     54.40807952953232     57.89209014215766      h 
   59.02006095311050     60.53012556038406     48.60081653848844      n 
   60.58832868101703     58.69313009368543     47.34080410862704      c 
   59.21755502778030     57.63715950738322     45.02437537074061      c 
   60.41904882137226     56.73720112387294     43.24745574271276      o 
   61.51474185436464     56.50653078100900     49.00639293570551      c 
   62.65433160544352     57.49906705212541     51.45765655368487      c 
   59.41545067053713     54.59313019421886     49.47470057745868      c 
   58.19419698798093     60.16947516622313     50.28933995595352      h 
   62.25154114275432     59.71800844560101     46.62463422823573      h 
   62.99865566540029     55.60377144229516     47.89456698309372      h 
   63.39338631709155     55.96376151877728     52.60559508811849      h 
   64.20270285763981     58.77687614921322     51.02725408930081      h 
   61.22819726758479     58.50540469331582     52.53495980004885      h 
   60.02480504831217     53.12646654431069     50.77492290957477      h 
   57.74947903203551     55.52878378881964     50.21323771565694      h 
   58.89741990311526     53.67330605891870     47.71437642294002      h 
   59.50445355210464     62.53509643158136     39.78139713221994      n 
   62.00478081994681     62.03112646847297     38.80338016149825      c 
   61.77856597503832     59.74533252449283     37.05707169276322      c 
   62.37343827057119     59.83596256838399     34.83065400750591      o 
   63.72847026117486     61.64026108000181     41.08553980985502      c 
   66.00266092424305     59.94425883020749     40.62890628898150      c 
   67.64633378822816     61.15625736619900     38.61915152570993      c 
   67.54400618783203     59.67494265664402     43.04994318595626      c 
   59.33063432468735     62.54424487136882     41.68481429663097      h 
   62.61882377731047     63.60090381170198     37.59323982818159      h 
   64.41012061138078     63.47630872970620     41.66805975128258      h 
   62.60542621748335     60.87538116074754     42.62686611533534      h 
   65.33349884970492     58.09838364860955     40.00719436375630      h 
   69.41038269577193     60.15701203090246     38.40212935075858      h 
   66.65377259427210     61.22794035197205     36.82330115734754      h 
   68.11139287315559     63.03556322771693     39.25021484634468      h 
   69.25729023862439     58.61289788642846     42.66496143655153      h 
   68.08560576941647     61.53793962990776     43.72099321936094      h 
   66.49998706766047     58.71197705585460     44.53236365202088      h 
   60.72929277440986     57.69368003473922     38.10054829132303      n 
   60.49566519468353     55.38823362383335     36.65029439832694      c 
   58.95135068143330     55.82590257941168     34.23110267644532      c 
   59.33138530499213     54.56227096606533     32.31518485053572      o 
   59.32679750259867     53.29972686524739     38.27434257001142      c 
   60.18666971479463     50.71349783416619     37.33314861885788      c 
   62.35409374828389     50.33252817742017     36.66079222924281      o 
   58.43674166932268     48.87860882570805     37.42034686978047      n 
   60.59848230515423     57.52557227780348     40.01516520929112      h 
   62.38067197218565     54.72430266240088     36.06546075713836      h 
   60.07892848853709     53.53643403289855     40.18705307934056      h 
   57.27762001677851     53.46019795106086     38.32291552607533      h 
   58.91879938302716     47.14908051944636     36.77452048808749      h 
   56.61035004187444     49.24196887919938     37.78010155500635      h 
   65.32308231631117     44.93507163346361     83.52617193093295      h 
   79.65703121029804     48.99520744315431     38.89907762703182      h 
   82.65496741564444     69.10309682335934     45.28029120809160      h 
   86.05227384959815     63.84228441845745     47.52972136973536      h 
   82.83829681551320     66.02333164297347     56.31788081199861      h 
   87.67678152326501     62.38681097332112     58.49942276015413      h 
   83.73734669380919     61.39786561236589     66.68305149506992      h 
   89.71514403793542     61.13457780101889     69.24621882278161      h 
   91.71397387729776     35.73161019863174     68.49056679986590      h 
   89.93128754909084     42.13497640185824     67.09937697417308      h 
   90.78606460319176     40.20298761628570     58.29361967878211      h 
   92.75564338800199     46.31514052134440     57.30991292199518      h 
   92.32110654414741     45.86720602563308     48.75397336574894      h 
   97.67168059678151     49.22154976311718     48.01254187283104      h 
   49.90187051575119     64.80890169467979     76.22232989792495      h 
   47.96633942471376     60.02446332066499     72.53264347753719      h 
   53.52768032284683     62.66353890055669     66.26339905781288      h 
   50.10104442394218     59.94166850177954     61.96116265294545      h 
   54.21528862672596     65.69242645630690     57.45940914184408      h 
   51.83458838518496     59.51912515023794     51.55369676240434      h 
   59.92917852176793     61.93278172761998     48.91485936224849      h 
   57.32986330667347     57.67447440825406     44.94505495946670      h 
   58.98736246527298     64.06759668811165     39.25544870900159      h 
   57.60988925903581     57.15638546467397     34.19421490579547      h 
   0.1358011624177D-01  -0.1196946959616D+00  -0.1348950438487D-01
   0.2191629431804D-02   0.1345699906588D-02  -0.4953134065169D-02
   0.6975260106840D-02  -0.6616856274632D-03  -0.5027415565587D-02
  -0.3098950371595D-02   0.2614276632223D-02  -0.3160899102410D-03
   0.3623776272786D-02  -0.2330179909542D-02   0.6566673195082D-02
   0.1244653803523D-02  -0.7272750988194D-03  -0.3770473433905D-05
   0.3318251610197D-03  -0.1840856460364D-02   0.8350340568851D-03
   0.7928596270034D-02  -0.1004289657940D-01   0.2021045730320D-02
   0.2566385577726D-02  -0.2065396339726D-02   0.3250973623080D-03
  -0.8845024138646D-05   0.1117486511223D-02   0.2906268829514D-03
  -0.2118418189936D-03  -0.4623153229972D-03  -0.4972833508868D-03
   0.3925489002820D-03  -0.4382356488511D-03   0.2651064679674D-03
   0.6082869098960D-04  -0.2125690335289D-03   0.6015943256757D-03
  -0.1558088738443D-03  -0.1695012658232D-03  -0.1220879574164D-02
  -0.8702780337403D-04   0.1308140661666D-02  -0.8174378074401D-03
   0.5083921788167D-03   0.1785263447480D-02  -0.8689371037470D-03
  -0.2139729287535D-02  -0.1536721299365D-02  -0.6531006398110D-03
  -0.1289759667127D-02   0.4842499619564D-04   0.1589529401443D-03
   0.5008850776823D-03  -0.9851197209530D-02   0.3255976713505D-02
   0.1057378533179D-02   0.4919402529432D-02   0.6869653031290D-05
  -0.1243077066331D-02   0.1018040402839D-02  -0.7638690006491D-03
   0.7117292384519D-03  -0.7455305672253D-03   0.1245039300284D-02
  -0.2608409290014D-03   0.1735071935865D-02  -0.2682726202540D-03
   0.1857723214436D-02  -0.1160924320948D-02  -0.5208980704555D-03
   0.3376931636050D-03   0.4014899163714D-02   0.6390083841964D-03
  -0.3025705852560D-02  -0.3812209662776D-03  -0.2859276183073D-03
  -0.4945875431383D-03   0.1904007292811D-02   0.2144195494727D-02
  -0.9330681698316D-03  -0.2512211473934D-02  -0.6208788827058D-03
  -0.1032285005511D-02   0.1297706098966D-02  -0.3611467379954D-03
  -0.5280520905623D-03   0.1152997666574D-03  -0.6930268460284D-03
  -0.2498854601630D-02   0.3956477038384D-02  -0.5068417569201D-02
  -0.1363660894157D-02   0.8069182125184D-03   0.9853831594015D-03
  -0.6054501952867D-02  -0.2371719884353D-02   0.3067119278592D-02
   0.6583913809228D-02  -0.2406089601120D-02  -0.2932073148688D-02
  -0.5368629232410D-03  -0.4929555791995D-03  -0.1237954358845D-02
   0.8158519013784D-03   0.6685022112703D-03  -0.4382127166289D-03
   0.4341788833281D-03  -0.3381072166620D-03  -0.4452180853985D-03
   0.1579378442355D-02   0.1258755651172D-02   0.1082187824574D-02
  -0.1078704687888D-03  -0.7601116484870D-04  -0.1459388759823D-02
  -0.1712550322797D-02  -0.3252555810689D-03  -0.3027993164491D-03
   0.1664158021813D-02   0.1342248093016D-02  -0.1740078769093D-03
   0.2285899538346D-02   0.1965767543729D-02  -0.4815395726185D-02
  -0.1110691084412D-02  -0.1303638181477D-02   0.4711068588458D-03
  -0.1209910892773D-03  -0.1129852723905D-02  -0.4837817009794D-03
   0.2928850795826D-03  -0.1184558552175D-02  -0.1019855916636D-03
  -0.4556103960336D-03  -0.6179467150282D-03  -0.3988989896587D-03
   0.1794124221964D-02   0.4259459568041D-02  -0.4259284878685D-02
   0.6521368433039D-04   0.6795536634892D-03   0.1403038782515D-02
   0.8557948592864D-03  -0.1081860595176D-02   0.5002108393246D-03
  -0.9846765714349D-04  -0.2449237665124D-03  -0.3842075704205D-03
  -0.6658841520629D-04  -0.1471793314065D-03   0.3442047276705D-03
   0.4045157813124D-03  -0.8543210809952D-04   0.5162577822370D-03
  -0.7774144626472D-04  -0.8543055608204D-04   0.3672734034583D-03
   0.6815040127029D-05  -0.1080977803195D-02  -0.5455301971886D-03
   0.1549519202527D-02  -0.2004529490863D-02   0.2907641593709D-02
   0.7558983385879D-04  -0.1049310741471D-02  -0.7858107724187D-03
   0.9626742368758D-03   0.2112758533347D-03   0.7112891952295D-03
  -0.3158015501066D-03   0.1426311721796D-03  -0.1210730884884D-02
  -0.2425500101939D-02   0.9892654045337D-03  -0.9189096249590D-03
   0.3272386798609D-03  -0.5007919386355D-03  -0.4187716946197D-03
   0.7643662264318D-03   0.2022403511866D-04  -0.4576161226881D-03
   0.2995358037418D-03   0.1044717978178D-03   0.2737298766045D-03
   0.7478111871827D-03  -0.1021889436047D-03  -0.7621181244870D-03
   0.1246685160676D-02   0.1729213962972D-02  -0.1010405794718D-02
  -0.4236972826257D-03  -0.1899040081471D-03   0.1376199601946D-03
   0.2767499910026D-04   0.8385995455923D-04  -0.6531247362262D-03
  -0.3009723140539D-03   0.9173698185470D-05  -0.3746549692037D-03
  -0.2749864802855D-04  -0.2719369205892D-03   0.3817987293525D-04
  -0.1486452560078D-02  -0.5196645930932D-03   0.2455148182195D-04
   0.9292142769243D-04  -0.2125211162318D-05  -0.2526475194544D-03
   0.2371793592664D-03   0.9208131058458D-04  -0.1169669074473D-03
  -0.1238836099132D-03  -0.7461514877912D-04  -0.1500678068207D-03
   0.1955809095517D-03  -0.2739927059740D-03   0.4106011718326D-04
  -0.4647714122570D-03   0.6462488618922D-03  -0.8070233059299D-03
  -0.6104991777893D-03   0.1455179779402D-02  -0.1457947550588D-02
   0.1135797691511D-02  -0.7665603228513D-03  -0.5516674765053D-03
   0.8194527439447D-04   0.2809720160831D-03  -0.3522063097867D-04
   0.7276124601267D-03   0.3100574124723D-03  -0.1875015020364D-03
  -0.5547619434920D-03  -0.5653421548547D-03   0.9616723034855D-04
  -0.1318122923548D-03  -0.4420328670177D-03  -0.4480202558410D-03
  -0.1162857453831D-03   0.3590185393417D-03  -0.4406959970065D-03
   0.2720377066453D-03  -0.4718999242843D-03   0.3318905513632D-04
   0.6479078256102D-03  -0.6156272759877D-03  -0.2140639823010D-03
   0.6174333669475D-03   0.3287072037473D-04   0.1557583422835D-03
   0.9848916068753D-03  -0.5884111723519D-03   0.3874137158749D-03
   0.6598210456928D-03   0.2670323778514D-03   0.5332699158290D-03
  -0.1048986796456D-02  -0.1742823971752D-02  -0.2435184753634D-04
   0.1945238178240D-02   0.2157914726295D-02  -0.1443735230972D-02
   0.4646432012182D-03   0.7954262207404D-04  -0.1835643652057D-03
   0.6407609449351D-03   0.5213633327140D-03  -0.1814165813963D-03
   0.1667859276794D-02  -0.2072719661559D-02   0.1989382486752D-03
   0.1329692756909D-02   0.4798216978195D-03  -0.7490232564419D-03
  -0.2875958845321D-03  -0.1092136379406D-02  -0.1958250405024D-02
   0.1840369016326D-02   0.6533228185310D-03  -0.4559258703195D-04
   0.4465054660218D-04  -0.3551440190493D-03  -0.2150297197107D-03
  -0.2872883676353D-02   0.5081035976138D-03   0.1132564896930D-03
   0.2042234296256D-02  -0.1410417168583D-02   0.1790669923543D-02
   0.1334565891898D-02  -0.2801533879404D-02   0.2401991005070D-02
  -0.1455364891259D-03   0.4110565571273D-03  -0.6835458649678D-03
   0.6814756656148D-03   0.3245025422221D-03  -0.3407856145093D-03
   0.1549168049768D-03   0.4548465637503D-03   0.3643098511363D-03
   0.1114989118812D-02  -0.7188463236810D-03  -0.2952449891896D-03
   0.4782871780592D-03  -0.1248668618569D-03  -0.6218443513391D-03
  -0.6059170891903D-03   0.1052166621754D-03   0.6532523391759D-03
  -0.1614142039050D-03   0.7005404480164D-03  -0.6683726081861D-03
   0.6568520270179D-03   0.1163428170407D-02  -0.2871364779453D-03
   0.1000694738608D-02  -0.6747217243361D-03   0.3573231731784D-04
  -0.3814805710248D-03  -0.2886190376714D-03  -0.1093711649778D-02
  -0.1694155619935D-02   0.3200230953012D-04  -0.1438606768821D-03
   0.4319462128372D-03   0.1150484068475D-02  -0.8556194448486D-03
   0.1274639611011D-04  -0.6221007539507D-04  -0.4455963070914D-03
   0.3252065230525D-03  -0.1455427884818D-03  -0.4309924843998D-03
  -0.2874264223441D-03   0.7169304271316D-04  -0.1297592360136D-02
  -0.2213640755136D-03  -0.4851329113831D-04  -0.9859330152294D-04
  -0.3762633197862D-04   0.1315100761175D-03   0.1472607285331D-03
   0.9004300122472D-04  -0.8915857582118D-05   0.3870160804288D-03
   0.1644669939946D-04   0.2677319079717D-03   0.1837174494555D-03
   0.6506363873555D-03  -0.9188820122519D-03  -0.2708085096073D-03
  -0.1095394677768D-03  -0.5985662536399D-03   0.2590424740910D-03
  -0.5751584533941D-03  -0.5383592901181D-03   0.7427022678927D-03
  -0.5756867153893D-03  -0.6210264093047D-03   0.2778130367155D-03
  -0.4913573350044D-04   0.5702934841280D-03  -0.5015625683324D-04
  -0.4156128760832D-03   0.5440712070453D-04   0.4205623606699D-03
   0.4189817813986D-03   0.2831402529039D-04   0.5146938591451D-03
   0.4700434196234D-03  -0.2231165242135D-03   0.1433445391686D-03
   0.1493927566893D-03   0.1531887600441D-03  -0.2991838138752D-04
   0.3700412767819D-04  -0.1996127184363D-03   0.3549757126116D-03
  -0.2686029843772D-04   0.4809220127272D-03   0.1753640086663D-03
   0.1207685650339D-02  -0.3800313950702D-03  -0.7761231981791D-03
  -0.2495124409529D-03  -0.2833216799499D-03  -0.3583059665474D-03
  -0.6881541111440D-03  -0.2344025080168D-03  -0.1322020892293D-02
  -0.1019098167391D-02  -0.1173487663573D-02   0.1951612971028D-03
  -0.5331793307561D-03  -0.2174919953770D-03  -0.4895662629828D-03
  -0.2316972585432D-03  -0.4553412381940D-04  -0.2045696105853D-03
   0.8955912722801D-04  -0.2095276150245D-03  -0.6218885940237D-05
  -0.2398719068589D-03  -0.5122931920384D-04   0.4769627307922D-04
  -0.3308773121898D-03  -0.6451522423919D-03  -0.6187672849474D-03
   0.7254576917975D-04   0.2441958985345D-04  -0.1057718726658D-02
  -0.4556266331330D-03  -0.3660083813980D-03  -0.3369953178510D-03
  -0.1601800615551D-02  -0.5984877382105D-03  -0.6379566381992D-03
   0.1454842223859D-03   0.4170657280026D-04  -0.3698065463075D-03
   0.3027242109170D-04   0.4616947443007D-04  -0.1080481848369D-03
   0.3278584938359D-03  -0.1331126629352D-02  -0.1128953286409D-03
   0.4932650130966D-04  -0.3567941497527D-04   0.1965248650374D-03
  -0.3810793541411D-03  -0.6306560157515D-04  -0.1392748581320D-03
  -0.7109192702550D-03   0.2152080996049D-03   0.4813620681014D-03
   0.3002098918312D-03   0.2694069084644D-03  -0.6566845144256D-03
   0.2281596336606D-03  -0.8292968955639D-03  -0.4061321503702D-03
   0.1640440411054D-03   0.4373300978630D-03  -0.3974618921483D-03
   0.1719067883272D-03   0.5447902463215D-03  -0.3180192872497D-03
  -0.1151104852832D-02   0.4436988846990D-03  -0.4944771206319D-03
  -0.1837120044222D-04   0.5333601321063D-03   0.5210746797725D-05
  -0.1738372550098D-03   0.5176772474297D-03   0.7934764396062D-04
  -0.2896805922270D-03  -0.1878199929788D-03   0.9639973986714D-04
   0.3034840022664D-03   0.4940071985508D-03  -0.1611776639867D-03
  -0.5195188133206D-03   0.3381989767388D-03  -0.9578936614008D-03
   0.1236668747480D-03   0.7650099089969D-03  -0.9168975392703D-03
  -0.1288886583588D-03   0.5871403821306D-03  -0.7550601983037D-03
   0.1332003348082D-02  -0.9948506927928D-05  -0.8282820348706D-03
   0.3606526249783D-03   0.1599152842725D-03  -0.7060210611625D-03
   0.3161206579687D-03   0.7056669010300D-03  -0.1615763543790D-03
   0.5238413549521D-04   0.6427640696947D-04  -0.2893160642224D-03
  -0.2926780468689D-03  -0.7192219698702D-03  -0.1574568544220D-03
   0.6601899136720D-03   0.8906793233817D-03  -0.9553813577653D-04
  -0.1669901826219D-03  -0.5584525171643D-03  -0.1730592551316D-02
  -0.2443977083892D-02   0.1018736478730D-02  -0.2845664395045D-02
   0.1887677103161D-03  -0.1628686753231D-02   0.1680290328639D-02
   0.5598242484538D-03   0.2385696974716D-03   0.2103304847251D-03
   0.7384512773716D-03   0.8263664695753D-03  -0.3204943843056D-03
   0.5836502715160D-03   0.5532285355447D-03  -0.5461553924831D-03
   0.1365043724111D-03   0.3379596761567D-03   0.1939875616860D-03
   0.5860669571082D-03   0.7491568000830D-03  -0.3508881732659D-03
   0.4540560758943D-04   0.1960994035000D-03  -0.2180781199951D-03
  -0.7781803371798D-03   0.1108790359624D-02  -0.6756693374218D-03
   0.5227811429339D-03   0.1150493281740D-02  -0.1226606779359D-02
   0.6952142015033D-03   0.7075772410842D-03   0.1038630293389D-03
   0.1389814693109D-02   0.8819436573716D-03  -0.6051846688800D-03
  -0.1605894923726D-03  -0.5354978410151D-03   0.7810600693610D-03
   0.9100603785246D-05   0.4792172304439D-03  -0.2383223888534D-03
  -0.3715575223572D-03  -0.5606135869232D-03  -0.2246134635278D-03
  -0.1081326540852D-02  -0.4972617146262D-03  -0.2457764582904D-02
  -0.1489731680464D-02   0.1015163526181D-03   0.2467178433296D-02
  -0.1701884727638D-03   0.3120246165887D-03  -0.2495118180062D-03
   0.1348479356883D-03   0.6625084307389D-03   0.6271955379142D-04
   0.4255602451413D-03   0.7800961142468D-03  -0.3952028695399D-03
   0.5585269200435D-03  -0.3053787485730D-03   0.2081107963328D-03
   0.1266149705158D-03   0.3471021726505D-03   0.1702905075253D-03
   0.4798089482223D-03   0.7110365784813D-04   0.2551590383766D-03
   0.1275001759138D-03   0.6739898883388D-03   0.8627505322961D-03
  -0.1110748645753D-02   0.1342636048777D-02  -0.1012605937622D-02
   0.7376592927377D-04  -0.4302901265517D-03  -0.9199509331664D-03
  -0.1479800951366D-02   0.7151794419863D-03  -0.3821719538205D-03
   0.8057206082783D-03   0.3993231023095D-03  -0.7180317293783D-03
  -0.1636057232313D-03   0.1032753440111D-02  -0.1466219982856D-02
   0.9178460225843D-03  -0.3346655984964D-03   0.1851757791730D-03
   0.2571233673252D-03   0.3341571474476D-03  -0.2132442930035D-04
   0.3080839207831D-03  -0.1106378766749D-03  -0.3435538859419D-03
  -0.5441254836328D-04   0.1083430220375D-02   0.7498246148473D-03
  -0.2700677181534D-03   0.1192705010913D-02   0.1514473831289D-03
  -0.5387249553394D-03   0.2865416312548D-03  -0.5799845840334D-03
   0.9877047228572D-03   0.8753787203088D-03  -0.1247904763955D-02
   0.6373045813027D-03  -0.1092014830425D-02   0.3507121823507D-02
   0.1723566393118D-03   0.2411991227747D-03  -0.8227951925251D-03
   0.8089299796115D-03  -0.3875727743777D-03   0.5503522562423D-04
   0.1334804069164D-02  -0.8305259055523D-03   0.1245999237747D-03
   0.5380670446123D-03  -0.3753029773612D-03   0.2612964403958D-03
   0.2199777944653D-02   0.4816808187691D-03  -0.5203586952383D-03
  -0.4624024621295D-03   0.1157823236029D-02   0.9686880408446D-04
  -0.4129560797361D-03  -0.3130880374253D-03  -0.8035054552539D-03
  -0.2231594978866D-03   0.1011329924174D-02  -0.1058226323301D-02
   0.3037866622461D-03   0.5140608784648D-04  -0.3935348974855D-03
   0.1195782926947D-03  -0.1385723312855D-02  -0.7363410333841D-03
   0.2716328838771D-02   0.1018588069523D-02   0.1219133877913D-02
   0.7404004927359D-03  -0.2770401772329D-03  -0.2006145232870D-03
   0.4949024383493D-03  -0.4010903798823D-03   0.5778267852895D-04
   0.1656607944410D-03  -0.7242365311227D-04   0.2931015703217D-03
   0.5216784125955D-03  -0.1673874146503D-03   0.1226242990031D-03
  -0.2770316073304D-02  -0.1035871244010D-02  -0.1071531184662D-02
   0.8109525009901D-04  -0.1184062772977D-02  -0.2130349320380D-02
  -0.2285804569513D-02   0.1509014352075D-02   0.1053961032954D-01
  -0.5385031980721D-02   0.3956514483978D-02   0.2953037070874D-02
   0.1650444246751D-02  -0.8730434800985D-03   0.1120779021734D-02
   0.8932976827227D-03   0.8379347783053D-03  -0.2288264100354D-03
  -0.1509716215345D-04   0.4913070120960D-04  -0.1452789845422D-03
   0.1292355150351D-02  -0.6372436519908D-03   0.3477811126812D-02
   0.4773834511503D-03  -0.2184896197388D-02  -0.1206148463519D-02
  -0.8730086630137D-03   0.3118344036052D-02   0.1325508614969D-02
  -0.1421181047342D-02  -0.1225752260009D-02  -0.3205861484261D-02
   0.3914657910292D-03   0.4152825591637D-03   0.6155558786462D-03
   0.7609024587497D-03  -0.9930507404210D-03  -0.8672238685098D-03
   0.1727365323722D-02   0.4692053928455D-04   0.4168541352130D-03
   0.1903036820230D-02   0.4217605352527D-02  -0.6019659216486D-02
  -0.4646237630209D-04  -0.5608104088664D-03  -0.3747781747303D-02
  -0.6186229347824D-02   0.4398465090445D-02   0.1453889705366D-01
   0.4256283804262D-02   0.4122473327689D-02   0.4958750215419D-02
   0.5782271907869D-04  -0.2187832902514D-03  -0.4081575487263D-03
  -0.1319428852305D-02  -0.1960230013657D-02  -0.1033832746525D-03
   0.1220028633026D-02  -0.1173201349735D-02   0.1392573540804D-03
   0.4973321399883D-02  -0.3887807894400D-02  -0.1959432886998D-02
   0.2288223115380D-02  -0.1231473141855D-03  -0.4141474728031D-03
  -0.9256901326712D-02   0.7863246913570D-03   0.7201322464380D-02
   0.1855553651092D-02   0.2032270958870D-02   0.1013272613527D-01
   0.5926381542960D-03   0.3706808337587D-03  -0.2993694437781D-03
   0.2482313914490D-03  -0.3625483675176D-03   0.1044536864642D-02
   0.4981973991089D-03  -0.1299451544550D-03   0.1446668872561D-02
   0.6833969611181D-03   0.3905781062977D-04   0.1473647860932D-02
  -0.1365186858087D-02   0.6809785173347D-03   0.5298927099154D-03
  -0.2950441550617D-02   0.3130377133962D-02  -0.9381893645858D-03
   0.7865934962873D-04  -0.7071066595585D-03  -0.6529496098647D-03
  -0.1212944180963D-02  -0.6468815678209D-03  -0.1269530942814D-03
  -0.1078611146982D-02  -0.1316600225068D-02  -0.8124296062148D-03
   0.3607012115006D-03  -0.1793239823296D-03   0.2811211754224D-02
   0.4328503064362D-04  -0.2769475318748D-03   0.8808894955649D-03
  -0.1380584298811D-03   0.1730240454074D-02  -0.2051360939223D-02
   0.3599608146309D-03   0.5405605330331D-03  -0.6509912416429D-03
  -0.2903875498962D-02   0.1188806962967D-02  -0.1105129962915D-02
  -0.1179241636764D-02  -0.1375780633116D-02  -0.1477470443695D-04
   0.2483895193051D-02   0.4116220724830D-03   0.1138863350419D-01
   0.1489925035388D-02   0.5573255224871D-02   0.2797641724951D-02
  -0.2163863009093D-01  -0.8942259538666D-01   0.2466106460613D-01
   0.9971542552014D-02   0.5252316056874D-02  -0.2069610970080D-01
  -0.2188894497324D-02  -0.5568413635041D-03   0.6191863324619D-03
  -0.1999737441785D-02   0.1818817126911D-02   0.1329794554484D-02
  -0.1390449445957D-02  -0.2776394528636D-02   0.2033094820958D-02
   0.2425867380129D-03   0.2457173849948D-02  -0.2378105850355D-02
  -0.1866964910363D-02  -0.1594826227224D-02   0.1098235804057D-02
  -0.2490028656134D-03  -0.9422635542280D-03  -0.5302335403316D-03
  -0.6429272867044D-03   0.8322266809474D-04  -0.2207068728031D-03
   0.1814298086860D-02   0.1531191010543D-02   0.1838638841034D-03
  -0.2057864898218D-02  -0.6927020791022D-03   0.5161920992030D-03
  -0.2052221104137D-03   0.4368733545006D-03  -0.1125057163805D-02
  -0.2155054224661D-02   0.9827105641064D-03   0.2759573798038D-02
   0.7697990066566D-03  -0.1758927567325D-02  -0.1071653361789D-02
  -0.6899735059775D-01   0.9513996194145D-01   0.1913614445596D-01
  -0.2494921208022D-02   0.2074093710536D-02   0.1192628577250D-02
   0.6702761720183D-01  -0.3374368317380D-01  -0.6436203415542D-01
  -0.3992371471881D-02   0.2804338858549D-02   0.4089871351053D-01
   0.2406899773911D-02   0.5715960664831D-02  -0.4174675747573D-02
   0.4837573133305D-03   0.1170189278015D-02   0.7395079133021D-03
   0.3892523905656D-03  -0.5794454532481D-03  -0.1870580401414D-02
  -0.2843250759533D-02   0.1635983585747D-01  -0.3811135207652D-03
   0.1973824665306D-02   0.2884688421052D-02  -0.1713044395563D-03
  -0.1259764729138D-02   0.7757084177886D-03   0.1624326371331D-02
   0.2614077604383D-03   0.9223251974697D-03  -0.2552088443813D-03
  -0.4923235393088D-03   0.2658671881680D-03  -0.2524658723472D-03
   0.3835703577920D-03  -0.5124105671403D-03   0.7831452553162D-03
  -0.9632415676223D-03   0.4913473404701D-04   0.1380106220450D-02
   0.1439763843449D-02  -0.7068117658687D-03  -0.1610376401203D-02
   0.1643747929986D-02   0.9823070496305D-03   0.2343432270888D-02
  -0.1002593442318D+00   0.5618364522030D-01   0.2456021014758D-01
  -0.5403696842624D-02   0.1831193762330D-02   0.3174887585985D-02
   0.7664578682695D-01   0.1805408751114D-01  -0.3498548769736D-01
   0.3799615507816D-03  -0.4868148437713D-02   0.2022378848301D-01
  -0.1831975233143D-02   0.9180225786791D-02  -0.3561532629906D-02
   0.3280728753775D-03  -0.8304299987637D-03   0.5193532538947D-03
  -0.1472961245874D-03  -0.1150992601780D-02  -0.1529103047547D-02
  -0.3531671273609D-03  -0.5814885249104D-03  -0.1425798322515D-02
  -0.5718939143417D-02   0.6178661714309D-02  -0.3502870371367D-02
  -0.1174688750582D-02   0.2724710551074D-02  -0.1414695967228D-02
  -0.7005795614858D-03  -0.1113064499932D-02  -0.5446987830872D-03
  -0.2620701266290D-03  -0.5961425960762D-03   0.9009444497809D-03
  -0.2561235550978D-03  -0.1671981159011D-03   0.6629272558420D-03
  -0.9337067091293D-03  -0.1027559441049D-02  -0.1860849259390D-03
   0.7197635310144D-03  -0.2809961837805D-03  -0.1476338611707D-02
   0.1497621992687D-03  -0.2167194872890D-03   0.4453620665557D-03
  -0.9799851068004D-03   0.4668969247394D-03   0.2378475050628D-03
  -0.7292572205639D-03  -0.3874729848575D-03   0.1905337226971D-02
   0.1428848061823D-02  -0.1283094945955D-02   0.2012787940519D-02
  -0.1193643488485D+00  -0.8521404321899D-02   0.1262876999584D-01
  -0.7830317186251D-03  -0.3947606232269D-02   0.2313653944519D-02
   0.5657385977908D-01   0.6445019676181D-01  -0.4204468771238D-01
  -0.1381487227873D-02  -0.9201925990322D-02   0.2083167694290D-01
  -0.5337012820541D-02   0.7686146505093D-02  -0.2573695842130D-02
  -0.4353934048504D-03  -0.2009729788900D-03  -0.1208904621382D-02
  -0.2095561024062D-03  -0.6045247899653D-03  -0.1524755743949D-03
   0.7591026966928D-03   0.2624859450015D-03  -0.3530969953244D-03
  -0.1306304062296D-01   0.7151477893219D-02  -0.4318912691859D-02
  -0.3075954955546D-02   0.2819042008541D-02  -0.7656548364614D-03
  -0.3787555689445D-05  -0.1347548371537D-03   0.7094371797164D-03
  -0.1462547634885D-02   0.1623460930494D-02   0.7962852189503D-03
   0.4187867719395D-03  -0.3580661237832D-03   0.8079177572848D-03
  -0.3432702797596D-03  -0.9952674433815D-03   0.3191352490302D-03
  -0.4399184064164D-03  -0.4072312271958D-03   0.3270762284084D-03
  -0.2786490530532D-03   0.2912671684886D-03  -0.7243923925278D-03
   0.2180781510895D-03   0.2092084915516D-03   0.6658685926507D-03
  -0.2952098785905D-03   0.1712844539792D-03  -0.1492716622426D-03
   0.7590820731958D-03   0.2198301853588D-03  -0.3983751961214D-03
   0.2320106079169D-01  -0.1117578602087D+00  -0.2724500695868D-01
  -0.2393807860664D-03  -0.2816942121624D-02  -0.5478263879169D-03
  -0.3093299100573D-02   0.6015950562073D-01   0.7466887443021D-01
   0.1131236877774D-02   0.1428138313365D-02  -0.4227851270173D-01
   0.8431011370305D-02  -0.1994762243645D-02   0.3476607259950D-02
   0.1273152090921D-02   0.1247284883979D-02  -0.4491224652084D-03
   0.1618875513363D-03  -0.1114257946346D-02   0.1451238187932D-02
   0.3226415107294D-03   0.6835897817706D-03   0.8023887712697D-04
   0.4413253282465D-03   0.5011144072910D-03  -0.4429083363427D-03
  -0.3007067094419D-03   0.1615106317009D-02  -0.9162104303335D-03
   0.2882478834565D-03   0.6253388361809D-03  -0.1179485010766D-03
   0.8697231608642D-02  -0.1166654970784D-01   0.3737003368616D-02
   0.2231705118422D-02  -0.8208154044507D-03  -0.1703115064130D-02
   0.2411677871345D-02   0.7829979906321D-03  -0.8882783223672D-03
   0.6397734816500D-03  -0.9200545312560D-03  -0.3179079351295D-03
  -0.1369937966756D-02  -0.1254474210643D-02  -0.2744857177135D-04
   0.7812460309724D-03  -0.1547565508301D-02   0.7257090663984D-03
   0.1313045734890D-02  -0.1574872511051D-03   0.4956068144725D-03
  -0.1459682851186D-02   0.2563563933281D-02  -0.6884492258704D-03
   0.9605077153394D-03   0.9892440989750D-03  -0.2563542639495D-03
  -0.3815196336454D-01  -0.1071696523771D+00  -0.2859977481876D-01
  -0.8742421426605D-02  -0.6011638507100D-03  -0.1762671539215D-02
   0.6987191921674D-01   0.2662891263745D-01   0.5841057868528D-01
   0.5883214325445D-03   0.4191219778461D-02  -0.2757994951452D-01
   0.5235309757259D-02  -0.8958993225187D-02   0.2711842862418D-02
  -0.1595295922743D-03   0.1066975230981D-02  -0.2448332872462D-02
   0.1570337536290D-02  -0.1643433885868D-01   0.6469658931022D-02
   0.1081366220308D-02  -0.1560340416839D-02  -0.1686688866649D-02
   0.1637308305783D-02   0.1582719538183D-03  -0.6667529569817D-04
  -0.1397117513785D-03   0.1799048976960D-03   0.9313508515943D-04
  -0.1323681052600D-02   0.2827348343575D-02   0.8689908566723D-03
  -0.8616970767349D-01  -0.6546056405000D-01  -0.6442340981863D-01
   0.1440474542863D-02   0.5740177028829D-02   0.1861557719228D-02
   0.6691086419513D-01  -0.2263375128957D-01   0.6328153422558D-01
  -0.7281682452035D-03   0.5414725128541D-02  -0.2538757387323D-01
   0.1466072782930D-02  -0.6398961362529D-02   0.3765317582860D-02
  -0.1155158425744D-01   0.8745501836805D-02  -0.4876384940489D-02
  -0.1695100333963D-02  -0.2193967202838D-03   0.1605463975407D-03
  -0.8273206856339D-02  -0.1571497389452D-01   0.2062021563235D-02
   0.3992295694095D-02  -0.3581497938880D-02   0.3803501325650D-02
   0.3585819458759D-03  -0.2322881448762D-02  -0.1930149879003D-02
   0.8115548598817D-02  -0.6071688874994D-02   0.2868789167903D-02
  -0.7757590517036D-03  -0.5491232574868D-03   0.1618403209938D-02
  -0.1677487001635D-04   0.6218438284573D-03   0.9700316403429D-04
   0.1728276963889D-02   0.3080573590237D-03   0.8835847521938D-04
   0.6484971596023D-01   0.1029213715255D+00  -0.6224795785836D-02
   0.1268367229382D-02  -0.1748542610533D-02   0.2424614255085D-03
  -0.8960155830122D-01  -0.1438529134139D-01   0.1944924867071D-02
   0.1558672670667D-01   0.2892465791566D-02  -0.2453148199449D-01
  -0.5143622343142D-02   0.6824120603039D-02   0.2895133771359D-02
   0.3078363010845D-03   0.1728074339029D-02  -0.6738717085910D-03
  -0.1536208961284D-02  -0.6511363466467D-03  -0.1519389473327D-02
  -0.1115886224279D-02   0.1134365451488D-02   0.2557388469442D-02
   0.9207747885779D-04   0.1245575178091D-01   0.4105629503146D-02
  -0.7873002643077D-03   0.2375045206800D-02  -0.6326053240089D-03
  -0.6594561991015D-04   0.1758053205143D-02  -0.4056995893645D-03
   0.6637613040177D-03  -0.1800053266044D-03  -0.7013193790766D-03
  -0.2048060691451D-03   0.5823326696687D-03   0.4783929797232D-04
   0.3702573991156D-03  -0.4101255946547D-03  -0.1090552551890D-02
   0.4059606717743D-03  -0.2159366951729D-03  -0.5420527899080D-03
  -0.9795962280525D-03  -0.5440642195715D-03  -0.1156776526544D-02
   0.5752142811926D-03   0.2029642424570D-03  -0.2134225771682D-03
   0.1001662467008D+00   0.7109206471839D-01   0.7765994759770D-02
   0.1305158675628D-02  -0.4597654303220D-02  -0.1677484096677D-02
  -0.8536157254281D-01   0.4046780637192D-01   0.2713307587929D-02
   0.1628219058642D-01  -0.8761593578597D-02  -0.1981767703642D-01
   0.1217620606685D-02   0.8669529001097D-02   0.3429238873804D-02
  -0.4718346568551D-03  -0.5508643993524D-03   0.1532136646719D-02
   0.3902952858847D-03  -0.3635852278957D-03  -0.5205933551028D-03
  -0.6330353611777D-03   0.9721102000268D-03   0.1976905875653D-02
   0.2494015812580D-02   0.8485824354927D-02   0.8833368697812D-02
  -0.3244525540908D-03   0.7454742847782D-02   0.1300716505739D-02
  -0.4084769458048D-03  -0.1480422288490D-03  -0.1407584103138D-02
   0.4829267691307D-04   0.2593477061423D-02  -0.1110318281367D-02
  -0.1414259702326D-02  -0.1096878709256D-02  -0.7814548097298D-03
  -0.4016932589746D-03  -0.1747513619516D-04   0.2030229052506D-03
  -0.4691141498179D-03   0.1587468172925D-04  -0.2678787303521D-03
   0.8386103839600D-03   0.8524627030672D-03  -0.9398046744950D-03
   0.6135647880368D-03  -0.1806758265478D-03  -0.3492633883007D-03
   0.9385136650311D-02   0.1154512788325D+00  -0.3890480025009D-01
  -0.3934382673300D-02   0.1035918407373D-04  -0.9574284730429D-02
  -0.2736966714812D-02  -0.2635618782443D-02   0.3142865549883D-03
   0.3136906551406D-02  -0.2725213508799D-03  -0.4483787710684D-02
  -0.5875707652671D-02   0.3336599837859D-02   0.3315172487473D-02
  -0.1470506751443D-02   0.3038184259847D-03  -0.1690780750101D-02
   0.1432442157301D-03   0.1282824306744D-02  -0.4818913145960D-03
  -0.3172891892424D-02   0.5737915345047D-02  -0.1685140996891D-03
  -0.9080485877829D-03   0.2760262926042D-02   0.1327869021384D-02
   0.4107088414750D-03   0.1268511016721D-02  -0.2417245484230D-04
  -0.1897577274546D-02  -0.8756040324805D-03   0.2317303197179D-03
   0.2010770005525D-02  -0.1993152120857D-02  -0.3279758153391D-03
  -0.1616865521245D-02   0.4800775748714D-04  -0.7764498917812D-03
  -0.2784734076650D-03   0.7455577845008D-03  -0.2003536892601D-03
  -0.3699009375578D-03  -0.7994911898257D-03  -0.1094653978359D-02
   0.7543884211790D-03  -0.2196174019217D-02   0.3962845902915D-03
   0.1856093800718D-02   0.4891443477609D-02  -0.1760642469738D-02
  -0.1202108392411D-02  -0.6417035808325D-02   0.2989396235259D-02
  -0.6921306957144D-01   0.5615862865855D-01   0.3223823670388D-01
   0.1367318557371D-01  -0.3738642790097D-02  -0.2078580593905D-01
   0.3595547825994D-02  -0.1077917581858D-03   0.5220880031117D-03
  -0.7621803002689D-04   0.1202984870921D-03   0.3161424796742D-03
  -0.5357099426571D-03   0.1056634389375D-02  -0.7471224786646D-03
   0.4483926878321D-03   0.9676762030546D-03   0.2305349450987D-04
   0.1222908040306D-03  -0.3632120447349D-02   0.5907747182591D-02
   0.5880052688575D-03   0.1741301584118D-02   0.1322083847389D-02
  -0.5008134667698D-03  -0.9366377877436D-03  -0.1206008861246D-02
  -0.7165535764525D-04  -0.2641637004847D-03  -0.8138768673642D-04
   0.6932272370071D-03   0.8679856718789D-03  -0.3915365664996D-03
   0.2318379729802D-06   0.2132921366454D-03  -0.6771915457562D-03
  -0.4513067464142D-05   0.7162892911544D-03   0.4956810997911D-03
  -0.1071774351381D-02  -0.3082536446357D-04  -0.9616247660891D-03
   0.7849557759366D-03   0.1435639028256D-02  -0.2736342322547D-03
   0.7379536955767D-01   0.8681462939239D-01   0.2757416026424D-01
   0.1312719475995D-01  -0.3597615068964D-02   0.2992326936019D-02
  -0.9242287084174D-01   0.1093231228401D-01   0.6156928276038D-02
   0.8668179735485D-02  -0.5798787944850D-02  -0.1692978918039D-01
  -0.5916051171607D-02   0.8522061384767D-02   0.1848340670898D-02
  -0.2018652947358D-03  -0.4429400344906D-03   0.9279157280406D-03
   0.4489222358076D-03  -0.2086449210024D-03   0.9996563270194D-04
  -0.9940670887110D-04   0.1729558993900D-01   0.6622516485652D-02
  -0.3735365127449D-03   0.4164867312679D-02   0.6992063348538D-03
  -0.1081725950607D-02   0.2674183809201D-02  -0.2141236637678D-02
   0.6210825186258D-03   0.1401884379374D-02   0.1689826271093D-02
  -0.6320830282179D-03  -0.1625600487140D-02  -0.1244138804057D-02
  -0.8242065772853D-03  -0.1175505938036D-02  -0.1362154654066D-02
  -0.1391614070546D-02   0.1312322649709D-03   0.3115342993139D-03
   0.2769553076200D-05  -0.3893255007914D-03   0.1121433332907D-02
   0.1151559022649D-02  -0.3672616778725D-03   0.5042019714083D-03
  -0.1756303620077D-01   0.1029220106072D+00  -0.3670929113553D-01
   0.6153705235768D-03   0.4630755033167D-02  -0.9084313017703D-02
   0.1112219648381D-02   0.3734768803848D-02  -0.7974081241733D-02
  -0.1280406807529D-02  -0.9158244183767D-03   0.1193104699348D-01
  -0.7394907092925D-02   0.3295787116783D-02   0.1067633959692D-02
  -0.1167919697935D-02  -0.1490023584854D-02  -0.3258953550702D-02
   0.3020124954443D-03   0.1370253517849D-02   0.1627243920532D-02
  -0.4925213652581D-03   0.4946583535274D-03  -0.7156911531120D-03
  -0.6315074538542D-02   0.6450061143966D-02  -0.1765400001415D-02
  -0.3514956761200D-02   0.1578995391847D-02  -0.1768697864665D-02
  -0.1806799015879D-02  -0.7295677565057D-02  -0.3564078052934D-02
   0.3988304437350D-03   0.3431668904115D-02   0.2850743981284D-03
  -0.6587480592519D-03  -0.6147822909431D-03   0.2558463263613D-03
  -0.3504752696798D-02   0.5686358092254D-02   0.4046246799914D-02
  -0.2954567442588D-02  -0.5591968725781D-03   0.8030560933802D-03
  -0.1245799051075D-02  -0.8790227865051D-02   0.2273502317234D-02
  -0.5742538624810D-03   0.1604102500178D-02  -0.1186586847103D-02
  -0.5242789502699D-03  -0.7161692254993D-03  -0.1494782437405D-02
   0.1337404600567D-02   0.6154545542398D-03   0.1021346176123D-02
   0.7699594327162D-03   0.7395650119680D-03   0.5548053530137D-03
   0.2510584795768D-02  -0.3362444564111D-02   0.5751182072035D-02
  -0.6761976373218D-01   0.7173693639431D-01   0.2016450941917D-01
   0.4961387714815D-02  -0.1429161295521D-01  -0.2417925061392D-01
   0.2172183878846D-02   0.8716329436275D-03   0.4317099371371D-03
   0.3245968953339D-04  -0.4338743344888D-03  -0.2323758050355D-03
  -0.3407279828977D-03   0.1973257210954D-02   0.1167773613763D-02
  -0.9295434457333D-03   0.7568637528895D-03   0.1587660633079D-02
   0.2173790511908D-02  -0.2920686004664D-02   0.3996792304920D-02
   0.4317502022912D-03  -0.2295550151093D-03   0.2127980962578D-02
   0.2121747710124D-02   0.1226544286231D-02   0.6808007520908D-03
   0.2394351267052D-03   0.3503632357131D-03  -0.4280244976259D-03
   0.4126917832648D-03  -0.1287299678651D-02  -0.6345621301490D-03
   0.1203525777960D-02  -0.3031710948235D-03  -0.8594025186833D-03
  -0.3492916607687D-01   0.1337811211133D+00   0.1368751273064D-01
   0.1961751500119D-01   0.7202759973258D-01  -0.1557786277396D-01
   0.6268551243615D-01  -0.1214939725637D+00  -0.2139642924218D-01
  -0.5742792514607D-01   0.2906242653454D-01   0.3739928068793D-01
   0.1028024963547D+00  -0.8396601327207D-01  -0.3668197415654D-01
  -0.7016354705157D-01  -0.1349360983951D-01   0.2755088610499D-01
   0.1359511617861D+00  -0.1045174668543D-01  -0.2019442566765D-01
  -0.4974068190696D-01  -0.5132085260541D-01   0.2461803834233D-01
  -0.4745632874894D-01   0.1273746640535D+00   0.2684792192845D-01
   0.1668799077761D-03  -0.5625425426647D-01  -0.4795309693752D-01
   0.2015254660997D-01   0.1305382966459D+00   0.4064572225399D-01
  -0.5271980304425D-01  -0.2346711211309D-01  -0.4611148460374D-01
   0.7942261669156D-01   0.8507811320642D-01   0.7373804620825D-01
  -0.5970429685532D-01   0.1333524181126D-01  -0.4317339335672D-01
  -0.5493858637957D-01  -0.1268642893692D+00   0.9869281952537D-02
   0.7332444701455D-01   0.1335850695514D-01   0.1735800128503D-02
  -0.1012027670694D+00  -0.9432626980953D-01  -0.2911994280418D-02
   0.6702530852345D-01  -0.3000507108400D-01   0.6433866021466D-02
   0.6940074373528D-02  -0.1300914309551D+00   0.4425810435538D-01
   0.5858235141894D-01  -0.4869076506997D-01  -0.8658138814272D-02
  -0.7283282249591D-01  -0.1162956311025D+00  -0.2047591820344D-01
   0.7446758467502D-01  -0.5475492962363D-02  -0.3930646968524D-02
   0.4781129765617D-01  -0.1215620532550D+00   0.4659084910192D-01
   0.5219877863514D-01  -0.5449032207833D-01  -0.6874989532307D-02
$end                                                                            
