$grad                                                                           
  cycle =      1    SCF energy =  -523.02938153125   |dE/dxyz| =  2.394109
  326.20260364173623    126.98013516302646    173.07622024423347      n 
  327.92792343344462    128.61474810916857    171.67593331580423      c 
  329.92158430995318    126.86675160606865    170.53453884242873      c 
  329.78741376755306    124.57829348146973    170.81421828292471      o 
  329.31309255427942    130.43077474644321    173.49951885687605      c 
  327.96949740432916    132.91198491787046    174.19304828026813      c 
  326.56921047589987    133.15575956532976    176.44938106372902      c 
  328.15658027330954    135.01902935133683    172.64347300184440      c 
  325.35411669050177    135.42343070448644    177.07299062699710      c 
  326.97361182904950    137.31315665378366    173.23873667587307      c 
  325.57521462656956    137.49268061896689    175.45349548844939      c 
  324.36767974496865    139.72822641698551    176.01852354728925      o 
  326.68826321070566    126.65132284784876    174.59178045556985      h 
  327.01329607398475    129.59362615090453    170.42493473736948      h 
  329.65702267705154    129.51992683888193    175.05287358719838      h 
  330.93447741877645    130.85407335908579    172.75496683285297      h 
  326.45015774109419    131.78570825208931    177.54353238837211      h 
  329.09577407011028    134.90564579437898    171.16381758354470      h 
  324.41114344180249    135.54815261714006    178.55075631934753      h 
  327.12290017904400    138.69643604866923    172.16537233667222      h 
  324.67192562280547    140.79592157833844    174.88279825176161      h 
  331.77729519216302    127.94956457501594    169.24385601905874      n 
  333.87867044778159    126.54171874278951    168.13080743492267      c 
  336.20870254326496    127.40532350161835    169.70116969878868      c 
  337.09876346538397    129.51992683888193    169.46495395512650      o 
  334.24905673384382    127.22013035858723    165.32645412616560      c 
  336.14634158693821    125.66866535421421    163.92994664963496      c 
  336.35232171541162    126.56061600228249    161.18795429720470      c 
  338.55007299444424    125.22080030423076    159.91616873332765      c 
  338.66156682545278    125.91999890547073    157.20063254418756      n 
  331.85666368203351    129.55205218001998    168.98307383805570      h 
  333.59899100728552    124.73136128336279    168.17805058365508      h 
  332.63334104719468    127.06517283074484    164.47418772303254      h 
  334.74605465850897    128.98135494333224    165.21685002110635      h 
  337.78095453308032    125.79716671876642    164.75008771162996      h 
  335.66068201796884    123.90177159162131    163.97530007241809      h 
  334.79329780724140    126.20723724976392    160.29033447128853      h 
  336.60176554071887    128.37475291360784    161.13315224467507      h 
  340.12232498425959    125.67433453206210    160.74386869911984      h 
  338.35921067356526    123.40666339290544    160.08624406876442      h 
  339.95224964882283    125.12820373271521    156.46930860180953      h 
  337.22726482993625    125.46835440358869    156.44474216446869      h 
  338.87132640582479    127.58295774085228    157.05701337204098      h 
  337.24238263753062    125.68189343585928    171.18838402088556      n 
  339.41745720517167    126.27904683583721    172.78520244804170      c 
  341.95535915507787    126.03149273647927    171.38869497151106      c 
  342.32196598924151    124.27593732958215    169.99218749498044      o 
  339.44958254630973    124.58018320741901    175.17948522580127      c 
  341.58686259496488    125.46268522574080    176.82732625358844      c 
  336.94002648564299    124.80506059538537    176.64024338460806      c 
  336.71703882362596    124.14743596502994    171.30743675569130      h 
  339.22470515834334    128.03649196868363    173.26897229106180      h 
  339.66690103047893    122.82462780052188    174.69571538278117      h 
  341.65489272913959    124.43467430932313    178.34288646492482      h 
  343.16856321452667    125.30961742384775    175.91269889412860      h 
  341.31852151016466    127.21635090668862    177.29030911116627      h 
  336.99860799007126    123.73169625618456    178.12556798075565      h 
  336.68491348248790    126.54549819468812    177.15424884281686      h 
  335.55485736480819    124.27971678148076    175.56120986755934      h 
  343.69201730248199    127.75870225413694    171.88569289617624      n 
  346.21102199289516    127.71712828325238    170.84634362406277      c 
  348.02137945232192    128.42577551423884    172.93449079803619      c 
  347.25226099095795    129.25158575408173    174.90925441505181      o 
  346.47747335174614    129.55205218001998    168.65426152287802      c 
  345.97102679733445    132.02381372170075    169.42715943614056      o 
  343.41989676578316    129.02481864016607    172.86835038981079      h 
  346.57573910110955    126.04283109217505    170.19816762345383      h 
  348.17444725421501    129.45378643065655    167.96829100328313      h 
  345.32851997457340    129.07773096674640    167.30688692102908      h 
  344.75971246383489    132.02003426980215    170.45328062660894      h 
  350.44967729716882    128.02326388703855    172.50552300754572      n 
  352.32995461671953    128.73002139207568    174.42737429798098      c 
  354.84706958118346    129.62764121799188    173.28031064675758      c 
  355.45556133685716    129.02481864016607    171.11468470886297      o 
  352.85151897872561    126.46046052696974    176.20749614221899      c 
  353.83795592425872    124.12097980173979    174.77508387265166      c 
  356.02247912164631    123.41989147455054    175.22861810048303      o 
  352.39609502494494    123.04383601064036    173.23117777207585      o 
  351.05627932689322    127.35997007883522    171.15247922784891      h 
  351.61374848193594    130.13597749835282    175.36089891693382      h 
  354.07795111981949    126.95556872568562    177.47550225419741      h 
  351.30950260409907    126.02015438078348    177.09566733838867      h 
  356.19822363493097    131.18099594831421    174.72406127202063      n 
  358.64730846522019    132.17499179764454    174.00785513723702      c 
  360.39719469426939    131.76870071854563    176.25662901690069      c 
  359.68476801138434    132.37908220016863    178.40335769530233      o 
  358.47723312978343    134.96044784690864    173.36912776637453      c 
  356.89364278427240    136.25679984812652    175.17759549985200      o 
  357.44922221336572    135.36106974815962    170.82744636456979      c 
  355.69366680646863    131.69311168057374    176.18103997892879      h 
  359.27847693228546    131.32083566856218    172.51308191134294      h 
  360.17987621010019    135.63696973675701    173.42959899675208      h 
  355.39697983242900    136.28703546331528    174.64658250809947      h 
  357.36418454564739    137.15819912594128    170.47784706394981      h 
  358.53392490826235    134.55037731591111    169.59345531967872      h 
  355.76736611849122    134.64108416147738    170.72729088925703      h 
  364.59994520550640    132.94222053305919    181.57242811227377      n 
  365.14985545675194    135.24390673930321    182.99728147804387      c 
  367.51012316742413    134.92643277982128    184.66968894317191      c 
  367.25878961616758    133.98534925707125    186.79563063613128      o 
  362.85950760620364    136.09806286838554    184.56764374190985      c 
  363.79114249920718    131.81027468943017    182.41335615971101      h 
  365.50890338711838    136.56293545191267    181.77651851479786      h 
  363.28469594479554    137.62496143541770    185.48794027921761      h 
  361.44410287018007    136.43065463546185    183.45270543182448      h 
  362.40408365242303    134.77714442982679    185.75439163806851      h 
  359.17454200507410    128.40876798069516    185.96037176654193      n 
  358.19944341523671    129.45756588255512    183.60199378181898      c 
  356.27759212480146    131.51736716728911    184.11221978812924      c 
  354.92832779700325    131.40965278817916    186.03974025641239      o 
  356.98812908173721    127.40721322756767    181.90313015340078      c 
  358.92131872786825    125.43433933650134    181.20582127811011      c 
  354.72990657232702    126.19211944216954    183.23916639955391      c 
  358.04826533929298    128.04405087248080    187.07531007662726      h 
  359.63752486265190    130.16810283949090    182.71382258564930      h 
  356.38719622986071    128.20089812627248    180.36489323067283      h 
  358.14086191080855    124.16066404667504    180.14190556865577      h 
  360.30270839680452    126.22613450925689    180.29686309649816      h 
  359.56571527657860    124.64443388969512    182.72894039324368      h 
  353.99102372615187    124.91277497449532    182.15257397870803      h 
  355.28926545331899    125.41544207700839    184.80196975962272      h 
  353.47512854199368    127.47524336174233    183.60955268561619      h 
  356.14153185645205    133.31449654507074    182.36989246287720      n 
  354.29904905588728    135.34784166651457    182.55886505780691      c 
  352.05972380597007    134.56927457540411    180.92425211166483      c 
  352.44333817367738    133.73212597986543    178.74350836617583      o 
  355.45934078875575    137.83472101578968    181.60455345341182      c 
  353.80394085717137    140.18742982266471    181.97871919137268      c 
  352.11452585849969    140.68820719922849    179.73372476360760      c 
  353.61307853629239    141.04914485554426    177.32054472635505      c 
  351.80083135091633    141.17953594604577    175.15302906251111      n 
  357.10151263869506    133.39008558304263    181.06031238001424      h 
  353.77559496793197    135.62374165511196    184.29363347926176      h 
  357.05804894186122    138.10117237464058    182.46248903439277      h 
  355.83161680076734    137.65897650250506    179.81876243132595      h 
  352.77215048885512    139.97200106444484    183.47916159511468      h 
  354.87730519637222    141.64440852957287    182.26973698756444      h 
  350.94856494778332    139.28980999674855    179.52396518323559      h 
  351.10352247562565    142.18298042512257    180.05308844903882      h 
  354.60896411157205    142.58549205232291    177.41314129787060      h 
  354.78848807675524    139.66208600876010    177.08621870864218      h 
  352.65498747999868    141.14363115300912    173.70360925940017      h 
  350.75203344905640    139.86617641128419    175.21727974478725      h 
  350.91643960664527    142.60627903776515    175.24562563402671      h 
  349.74669924403025    134.75257799248595    181.94092467238673      n 
  347.53949933525109    133.95133418998390    180.50662267687014      c 
  346.47558362579679    135.86562657662199    178.60366864592785      c 
  346.84219045996042    138.15597442717021    178.84366384148859      o 
  345.44757270937907    133.11229586849595    182.33020821794196      c 
  346.17133774795997    131.11863499198739    184.28985402736319      c 
  348.40688354597853    128.82828714143915    183.01428901158752      s 
  346.40188431377419    127.15965912820973    180.72394116103933      c 
  349.43300473644695    135.32516495512300    183.42813899448365      h 
  348.13854246117836    132.56427534319977    179.46916313070597      h 
  344.83152204990824    134.59384101274497    183.21837941411164      h 
  344.04917550689913    132.46223014193771    181.33999182051022      h 
  346.90644114223653    131.93877605398237    185.75439163806851      h 
  344.66333644042078    130.24747132936139    184.86244099000024      h 
  347.38265208145947    125.85574822319462    179.88868229144995      h 
  344.98458985180127    126.39243039279505    181.59699454961464      h 
  345.77827475050611    128.34829675031764    179.47672203450315      h 
  345.15277546128874    134.89241771273393    176.71772214852922      n 
  344.00382208411600    136.36640395318577    174.69571538278117      c 
  341.69646670002413    134.92454305387199    173.73384487458893      c 
  341.86087285761300    132.74379930838299    172.90992436069533      o 
  345.89921721126115    136.84261489240865    172.54898670437956      c 
  348.05161506751068    138.08605456704623    173.51652639041973      o 
  344.88632410243781    133.29559928557779    176.57032352448402      h 
  343.49359607780582    138.00668607717574    175.33255302769436      h 
  346.38487678023051    135.25335536904967    171.77608879111702      h 
  345.12065012015069    137.86117717907985    171.23751689556730      h 
  348.96813215291979    138.57360386196490    172.31466068666671      h 
  339.50060514694076    136.09806286838554    174.01163458913561      n 
  337.12144017677554    135.02658825513404    173.20850106068428      c 
  336.04429638567615    136.28325601141665    170.87091006140363      c 
  335.79674228631819    138.57927303981279    170.73862924495282      o 
  335.22226559773185    135.10784647095380    175.38357562832539      c 
  336.25216624009886    133.88141432985989    177.75329196874409      c 
  337.46159084764906    135.32516495512300    179.59955422120748      c 
  336.17846692807626    131.27170279388045    178.07643510607392      c 
  338.55196272039353    134.24991088997288    181.70848838062318      c 
  337.30096414195879    130.11141106101198    180.18347953954031      c 
  338.47259423052304    131.61752264260184    182.00706508061211      c 
  339.57619418491265    130.50069460656721    184.11221978812924      o 
  339.35887570074345    137.57015938288808    174.68626675303472      h 
  337.45025249195328    133.28426092988201    172.73984902525856      h 
  334.78006972559632    136.85017379620587    175.74262355869186      h 
  333.68024922310531    134.25746979377007    174.87712907391372      h 
  337.53529015967166    137.06938200632433    179.40113299653126      h 
  335.36966422177704    130.27770694455012    176.87456940232090      h 
  339.33052981150399    135.25902454689756    182.91791298817341      h 
  337.26505934892219    128.36341455791205    180.36111377877424      h 
  338.63322093621332    130.70100555719270    185.37266699631047      h 
  336.21248199516361    144.50545361680886    165.15070961288097      n 
  337.77906480713102    143.00123176116827    166.84012461155265      c 
  338.37432848115964    144.38451115605383    169.35534985006726      c 
  339.80107157287904    146.20620697117636    169.33834231652358      o 
  340.28862086779770    142.29825370802973    165.50219863945023      c 
  341.42056671142672    144.48844608326519    164.44584183379311      o 
  339.75382842414660    140.42553529227618    163.34224187940350      c 
  336.83987101033028    145.94542479017332    164.73685962998485      h 
  336.82664292868520    141.48945100173052    167.25208486849945      h 
  341.41489753357888    141.54803250615871    166.73996913623992      h 
  341.39789000003515    145.66385562372804    165.51353699514601      h 
  341.32608041396190    139.98900859798852    162.50887273576345      h 
  338.98282023683333    138.90808535499050    164.02443294709983      h 
  338.61432367672040    141.19654347958945    162.13092754590403      h 
  337.30285386790808    143.51523721937710    171.47751209112803      n 
  337.75449836979016    144.75489744211609    173.89069212838061      c 
  339.76705650579169    143.42830982570945    175.51018726692831      c 
  339.76705650579169    141.14363115300912    175.79931533717075      o 
  335.22415532368115    145.03835633451069    175.37979617642679      c 
  334.08654030220424    142.41730644283544    175.90325026438214      c 
  333.37600334526849    146.61438777622456    173.80754418661149      c 
  331.33698904597679    142.43053452448052    176.72339132637711      c 
  336.32019637427356    142.22266467005781    171.54743195125204      h 
  338.42913053368926    146.41596655154837    173.51085721257184      h 
  335.54162928316310    145.87550493004935    176.98039405548153      h 
  334.24149783004657    141.39874415616424    174.38769005304576      h 
  335.08242587748390    141.59527565489117    177.20527144344788      h 
  331.79808217760535    146.79958091925570    174.72217154607137      h 
  334.09598893195073    148.26978770780892    173.49384967902816      h 
  333.06041911173583    145.77345972878729    172.20883603350606      h 
  330.77574043903547    140.70899418467076    177.01062967067028      h 
  331.16502398459073    143.39618448457142    178.27296660480081      h 
  330.31086785550843    143.19587353394590    175.41192151756485      h 
  341.59442149876207    144.91552414780637    176.36812284790923      n 
  343.69768648032988    143.98388925480282    177.88557278519488      c 
  342.96069336010396    143.45854544089821    180.62567541167587      c 
  341.24671192409141    144.67174950034703    181.63667879454988      o 
  345.88787885556536    145.91140972308600    177.82510155481739      c 
  346.80250621502523    146.50100421926675    175.16814687010549      c 
  348.14421163902620    144.93253168135001    174.06265718976664      o 
  346.13921240682191    148.52112125906544    174.16092293913010      o 
  341.64922355129170    146.51423230091180    176.08277422956536      h 
  344.22114056828519    142.38896055359598    177.14668993901969      h 
  345.34174805621848    147.46476445340829    178.63012480921802      h 
  347.28816578399454    145.25945427057843    178.81153850035054      h 
  344.27594262081482    141.67653387071093    181.82187193758099      n 
  343.70146593222847    141.03024759605128    184.40512731027030      c 
  345.96535761948655    140.99056335111604    186.17013134691391      c 
  348.00437191877825    141.98644892639567    185.56919849503737      o 
  345.49859531001016    140.83371609732436    181.16046785532697      h 
  342.47503379113459    142.22833384790570    185.05141358492995      h 
  342.90589130757434    139.37862711636552    184.43347319950976      h 
  345.64032475620741    139.79247709926159    188.33197783290993      n 
  347.69823631499207    139.65830655686150    190.16501200372821      c 
  349.68433828770344    137.70055047338957    189.52439490691646      c 
  350.04338621806994    137.04103611708487    187.32475390193449      o 
  344.26649399106833    139.04981480118778    188.78173260884265      h 
  348.49948011749410    141.30236813275008    190.28406473853394      h 
  347.00092743970140    139.28036136700206    191.81852220936327      h 
  350.94478549588467    136.80293064747340    191.50860715367853      n 
  352.91387993505236    134.85462319374798    191.32719346254601      c 
  351.59674094839221    132.28270617675449    191.68057221506459      c 
  349.59174171618793    132.11452056726702    192.92023243780355      o 
  354.93966615269903    135.27414235449197    193.37754611753348      c 
  356.49302088302136    137.70999910313608    193.15455845551639      c 
  358.55282216775532    137.79503677085447    195.22002891809825      c 
  357.72323247601383    137.73078608857836    190.56752363092852      c 
  350.68022386298310    137.31504637973296    193.02794681691350      h 
  353.76425661223618    134.92265332792266    189.70391887209971      h 
  354.11385591285614    135.26280399879619    195.01404878962487      h 
  356.09239898177032    133.84928898872187    193.34920022829402      h 
  355.40453873622613    139.16886753599351    193.36998721373629      h 
  359.52036185379546    139.34461204927817    195.05751248645871      h 
  357.76291672094908    137.74023471832481    196.87353912373334      h 
  359.67153992973925    136.35506559748998    195.02916659721924      h 
  358.72100777724273    139.25768465561049    190.37666131004949      h 
  358.81171462280901    136.26624847787298    190.39555856954249      h 
  356.42688047479595    137.68354293984589    189.27306135565993      h 
  352.74191487366636    130.34195762682623    190.59586952016798      n 
  351.69122724585714    127.79460704717359    190.71492225497369      c 
  353.74724907869245    125.78015918522274    190.57508253472571      c 
  355.27792709762321    125.72913658459173    188.83464493542300      o 
  349.79583211871204    127.39776459782115    188.61354699935521      c 
  354.14031207614630    130.45534118378407    189.77383873222371      h 
  350.84840947247056    127.62642143768613    192.33441739352142      h 
  349.11553077696499    125.69890096940296    188.71748192656653      h 
  348.43333970926875    128.61285838321928    188.78173260884265      h 
  350.62164235855488    127.62642143768613    186.99405186080750      h 
  345.88409940366677    116.18979999253936    187.23782650826681      n 
  346.59085690870387    118.69935605320607    188.09576208924776      c 
  345.61953777076519    119.21525123736421    190.74704759611174      c 
  343.34619745376062    118.96769713800627    191.24593524672622      o 
  345.51371311760448    120.67789912212025    186.31564024500977      c 
  346.35653089099105    120.40766831137076    183.60766295966687      c 
  344.75215356003775    119.36076013546010    181.77651851479786      c 
  348.77538010609152    121.11442581640790    182.88011846918744      c 
  345.51749256950313    119.06029370952184    179.26318300223255      c 
  349.57662390859355    120.83285664996264    180.39512884586159      c 
  347.93634178460354    119.82185326708861    178.56587412694188      c 
  348.76404175039573    119.55918136013631    176.09789203715974      o 
  344.27972207271341    115.95358424887722    187.13011212915688      h 
  348.42200135357297    118.78439372092444    188.11276962279143      h 
  343.68445839868480    120.59286145440188    186.37611147538729      h 
  345.99370350872601    122.34085795750180    186.92035254878490      h 
  343.13643787338862    118.85242385509915    182.24517055022358      h 
  349.87709033453177    121.78716825435772    184.07442526914329      h 
  344.42523097080931    118.36109510828187    178.07643510607392      h 
  351.20367795093841    121.31473676703342    179.93970489208098      h 
  349.77315540732047    120.73270117464989    175.75018246248905      h 
  338.46125587482726    120.41333748921865    192.44024204668204      n 
  337.01372579766564    122.10842166573826    190.82641608598223      c 
  335.39989983696580    120.48514707529195    189.06708122718652      c 
  336.28051212933832    118.54061907346511    188.10143126709565      o 
  338.73715586342473    123.87153597643255    189.30140724489939      c 
  340.16011950324548    125.86897630483971    190.86421060496821      c 
  341.94213107343279    127.34674199719012    189.12188327971614      c 
  338.35543122166666    127.53571459211987    192.22292356251288      c 
  339.68579828997190    119.66122656139837    191.68057221506459      h 
  335.95358954010987    123.18556545683767    191.86387563214640      h 
  339.96547773046785    122.85108396381207    188.40000796708463      h 
  337.72426275460140    124.73136128336279    188.03907031076884      h 
  341.17679206396741    125.04883524284473    192.15111397643960      h 
  342.84353035124758    128.60907893132068    190.09698186955350      h 
  343.14399677718581    126.19400916811882    188.35654427025079      h 
  340.96703248359540    128.17255223703302    187.80852374495458      h 
  339.28517638872091    128.78104399270671    193.19613242640094      h 
  337.27828743056722    128.38987072120221    191.00971950306408      h 
  337.32175112740106    126.52660093519515    193.35108995424332      h 
  327.32321112966946    124.98269483461932    181.60455345341182      n 
  329.97071718463491    124.60097019286130    181.02629731292689      c 
  331.76217738456870    125.75559274788188    182.89145682488322      c 
  333.96937729334786    125.06206332448981    182.95759723310863      o 
  326.79219813791701    124.26648869983568    182.96326641095652      h 
  330.29952949981265    122.80006136318104    180.93181101546202      h 
  330.31842675930557    125.29827906815197    179.36711792944394      h 
  324.67866899722793    127.72683156547582    173.18860197809710      h 
  362.10985643449607    131.01348695860440    175.99680964881219      h 
  363.64814015307462    133.32757394601575    180.21665089558081      h 
  369.20155076486094    135.47624920485057    184.03106640580134      h 
  360.01677933099398    126.96739692404773    185.63533678998226      h 
  335.51729271454337    135.23262741089820    169.39121048455485      h 
  335.95595881236471    143.65071467394500    163.70289085060080      h 
  353.86995113093110    124.46021449409976    191.92183952178900      h 
  346.53542957817200    115.91422596428275    185.69109125909910      h 
  346.81800794198904    119.75863580135700    192.10331697492069      h 
  339.13677255859409    121.29485504743724    193.72832821501061      h 
  333.61856835609302    120.98819164716188    188.68646530861889      h 
  327.01635663671561    126.64534930204672    181.78889665062329      h 
  331.15535349742731    127.09203880472870    184.08172606774525      h 
  -0.3984161444258D-01   0.1485018454724D-02   0.2068512271847D+00
  -0.4856567496121D-01   0.5447340320684D-01  -0.8390383755474D-01
   0.1411933902857D-01   0.2412852028235D-01  -0.5213025358612D-02
  -0.3448528796190D-02  -0.3914771441766D-03  -0.6287117969319D-03
   0.1000484714376D+00  -0.4689403093033D-01   0.3326668641091D-01
   0.1044776407911D-01   0.1985981332859D-02  -0.9035764138031D-02
  -0.1395411527988D-01  -0.1243955834553D+00   0.1070002416383D+00
   0.8408528811195D-01  -0.1404430860374D-01  -0.1284438193729D+00
  -0.9001367405573D-01   0.1809505464625D-01   0.1359580631211D+00
   0.8622318452642D-02   0.1348842200634D+00  -0.9641527398672D-01
   0.3092187188140D-02  -0.2033558843491D-02   0.9469658409888D-03
   0.3135047504428D-01   0.1271109974249D+00  -0.1298400384538D+00
  -0.7778599174932D-01   0.5380772327607D-01  -0.2017341556520D+00
   0.5372621906697D-01  -0.5261331442998D-01   0.7869082168864D-01
  -0.1665136607526D-01   0.5742933192801D-01  -0.9728896672544D-01
  -0.9752162578426D-01  -0.3145156755944D-01   0.4846381280904D-01
   0.1253400276632D-01   0.1239430337992D+00  -0.9997980426954D-01
  -0.8586742172665D-01   0.8296490676512D-02   0.1373033961545D+00
   0.8485661924200D-01  -0.1201010401613D-01  -0.1334541702298D+00
  -0.1511238705335D-01  -0.1245433243435D+00   0.9874803990712D-01
  -0.3234746219485D-01  -0.1218288684019D+00   0.1268147485502D+00
  -0.4726534582744D-02   0.1969062117120D+00  -0.1402933489290D-01
  -0.2808208921687D-01  -0.9838094840538D-01   0.6026027804512D-03
  -0.4493583638582D-02  -0.3455963963770D-02   0.2099782239450D-01
   0.6733433758574D-02  -0.9358066261740D-02  -0.8372689946755D-03
  -0.3951496967956D-01   0.5843705545473D-01  -0.5604499594078D-01
   0.4423708227072D-01  -0.6828885253667D-01   0.4631980123336D-01
  -0.6362936051676D-01   0.7170268831548D-01  -0.4533885350151D-01
   0.6892007868103D-01  -0.6735903998365D-01   0.4509042731752D-01
   0.7030490187402D-02   0.3779326388704D-01  -0.1467722610518D+00
  -0.7885662453382D-02  -0.2133569823032D+00   0.3283728080907D-01
   0.2000367888342D-01   0.1079243084776D+00  -0.1552314148590D-01
   0.1039051204472D+00   0.1513553662511D-01   0.4860598139028D-01
  -0.3512791616405D-01  -0.1115790515710D+00   0.1926293379177D-02
  -0.1033589908080D+00  -0.1332828514641D-01  -0.5084009960441D-01
   0.3397566632961D-01   0.1100827556104D+00   0.1647530972135D-03
   0.9779318677051D-01   0.2878949900589D-01   0.5189621685979D-01
  -0.2092831266854D-01  -0.1134798891783D+00  -0.2517458533588D-02
  -0.9781487144132D-01  -0.3382180513130D-01  -0.5053352918391D-01
   0.1708461156237D-01   0.1148844484277D+00  -0.7544690461468D-02
  -0.1373100210236D+00   0.8480550304281D-01   0.7531966568830D-01
   0.1517454016575D+00   0.4859747277726D-01   0.7748681440382D-01
  -0.2230230483741D-01  -0.1759282830349D+00   0.1271193531058D-01
  -0.7796925454956D-01  -0.1768121119134D+00   0.1704620202784D-02
  -0.6701156698254D-02   0.8547997141905D-01   0.1953977731193D-01
   0.1817752290238D-01   0.8097320291369D-02  -0.6360239650100D-02
  -0.4958799971421D-02   0.2610568873619D-01   0.2486690042907D-01
   0.2791725632106D-01  -0.9513073550636D-01  -0.1272656797944D-01
   0.6392867970857D-01   0.2747952533343D-01   0.4927379387625D-01
  -0.8441975599918D-01   0.4687532670384D-02   0.5588367032349D-01
   0.7187963140481D-01   0.2020762278540D+00  -0.1060706616650D-01
   0.9998906524270D-02  -0.1092068870154D+00  -0.3217008689408D-01
  -0.1678508671096D-01   0.1052943042334D+00   0.3183112464935D-01
  -0.3861916488855D-02   0.6483903178524D-01  -0.9343014453805D-01
  -0.9879631339143D-01   0.1099744527881D-01   0.5410956103950D-01
   0.1682512016651D-01  -0.1086936317396D+00  -0.2851169288797D-01
  -0.6680600162561D-02   0.6667120722603D-01  -0.8982687697813D-01
   0.1334378639784D-01  -0.1028181684124D+00  -0.2812589268737D-01
   0.8550527626430D-01   0.3407145670865D-01   0.6665510993115D-01
  -0.3802667603430D-01   0.1430700602741D+00   0.1198124289817D+00
   0.1819888276392D-01  -0.7565237199493D-01  -0.3087075964738D-01
  -0.2977497200290D-02   0.9680899934890D-02   0.2462969973800D-02
   0.1602154440152D-01  -0.1810918486052D-01  -0.3047240600974D-01
   0.3035998491591D-01  -0.2859869396344D-01  -0.9834762123297D-01
  -0.1421816073077D+00  -0.2075034362678D-01   0.1124448687918D+00
   0.4189390896829D-01  -0.1688957383366D+00  -0.1331807712141D+00
  -0.2304925772807D-01   0.1063491516498D+00   0.3638074273044D-01
  -0.1100756082138D+00   0.7984091656173D-03   0.3640095865265D-01
   0.8033316897274D-01   0.3157608388790D-01   0.8186575066578D-01
   0.1446884936346D+00   0.3385724579832D-03  -0.1152694017029D+00
   0.4758695301146D-01  -0.9338208680418D-01  -0.1684227043554D+00
  -0.3923757458489D-01   0.7977519537212D-01   0.5220506800664D-01
   0.1089890916420D-01   0.1592284130852D-01   0.2921919029675D-01
   0.1036384187693D-03  -0.2127536600455D-02  -0.9794084203965D-02
  -0.1381367964811D-01  -0.7790836364918D-02   0.1123034454364D+00
   0.2781099968188D-02   0.1086953060235D-01   0.1827632082277D-01
  -0.1410927183913D-01  -0.3040913117020D-03  -0.8323355727063D-02
   0.6902112279718D-02  -0.5542549816172D-02  -0.5968585171824D-02
  -0.7911722306261D-01   0.9177097063381D-01   0.1801381780716D+00
   0.4439350826724D-01  -0.8286501456016D-01  -0.6315140749823D-01
  -0.8091507996198D-01  -0.3034606046767D-01  -0.7191614869448D-01
   0.1000304903416D+00   0.2809259320949D-01  -0.4692927907741D-01
  -0.6362031965737D-01   0.6265174078359D-01   0.1835578028404D+00
   0.2575461312569D-01  -0.2065165159612D-01  -0.8592979613694D-01
   0.8565166467495D-01  -0.4327749713295D-01  -0.5120940232707D-01
  -0.1592175254691D-01   0.1302140277972D-01   0.3662094980762D-01
   0.9358578667830D-01   0.1323484176551D-01  -0.3518734117157D-01
  -0.1813033913593D+00   0.1796825848939D-02  -0.5650743621125D-01
  -0.2161550548789D-01   0.1132581514286D-01  -0.5773550525200D-01
   0.7408588542588D-01  -0.6691635654083D-01  -0.1977453605837D+00
  -0.3685044185203D-01   0.5774118552729D-01   0.8811062106701D-01
  -0.1026829666785D+00  -0.4712598000217D-01  -0.1331392940416D-01
   0.1681231544279D+00   0.3646918182649D-02   0.5846634629632D-01
   0.3241944984085D-02  -0.1126659111242D+00   0.2142842794669D-01
  -0.6691687913384D-01   0.5059373387969D-01   0.7785374616154D-01
   0.1063302677298D+00   0.4800631074733D-01   0.8790663672233D-02
  -0.1802611911236D+00  -0.1140331122462D+00   0.9496726124623D-02
   0.1364895820381D-01   0.6439196027113D-01  -0.6183640869777D-01
   0.8968049783637D-01   0.4726631265496D-01  -0.6300924807827D-01
  -0.1263873615232D-01  -0.1574216763802D-01   0.3116650728735D-01
  -0.7790890196106D-01   0.2933644773777D-01   0.4634644249148D-01
   0.1003927489053D+00   0.1563048736796D+00  -0.1260953580277D+00
  -0.2543883545076D-01  -0.7953861202079D-01   0.7669537645333D-01
  -0.2829327648028D-01  -0.9406719772511D-01  -0.5645710874302D-01
   0.8509011249205D-01  -0.1891103238653D-01   0.7241305842659D-01
   0.2640043691220D-01   0.8309362122956D-01  -0.7381131188406D-01
  -0.8569260157399D-01  -0.1577234630615D+00   0.1148785730777D+00
   0.7225435465948D-01   0.4187738861469D-01  -0.5308310070625D-01
   0.1643509890551D-01   0.1793458281344D-01  -0.3528180202782D-01
  -0.1377901233964D-01  -0.1086894739246D-01   0.2444312948085D-01
  -0.1883593737946D-01   0.3304243090281D-01  -0.8584158413205D-01
   0.5671284275959D-01  -0.6119877050866D-01  -0.2490036645863D-01
  -0.7721966557396D-01  -0.3886283964380D-01   0.4532031578912D-01
   0.1618918473353D+00   0.3811542935733D-01  -0.1498135615816D+00
  -0.8628022524899D-01  -0.4390836089993D-01   0.5650750015614D-01
   0.3624746599651D-01  -0.5245848342585D-01   0.9433793434785D-01
   0.4937031838794D-01   0.7715523992642D-01   0.6733474146478D-01
  -0.8511383009881D-01  -0.4933176376770D-01   0.5722597823004D-01
  -0.3948931985698D-01   0.5146201006570D-01  -0.9338468819952D-01
   0.4370561980235D-01   0.7804844891069D-01   0.6906958291882D-01
  -0.3501198380275D-01   0.4770470888884D-01  -0.9510392532250D-01
   0.7632215753964D-01  -0.8039491298260D-01  -0.2160577908591D-01
   0.1261020095456D+00  -0.6508432415238D-02  -0.1710439793931D+00
  -0.1880799365522D-01   0.7147907287101D-02   0.9246899984097D-01
  -0.2437515757755D-02   0.1351944869562D-01   0.3193862020504D-01
   0.7746061868432D-02  -0.1104857338655D-01  -0.2695466355089D-01
   0.9690009483865D-01   0.5743594012772D-02  -0.4009522117237D-01
  -0.3380472612196D-02   0.7039059425474D-01   0.8390530279787D-01
  -0.1029648600843D+00   0.5948155051579D-02   0.9739383573698D-02
   0.1084564086018D+00   0.4800533352218D-02  -0.5880331540293D-02
  -0.1194552493276D+00   0.1136559097770D-01  -0.1214542648685D+00
  -0.1290184058509D+00  -0.2812136685829D-02   0.1735783759916D+00
   0.3343422725356D-01  -0.8113520135897D-02  -0.1064418917552D+00
  -0.9427069260859D-01  -0.1400515281416D-01  -0.5971012830582D-01
  -0.2203171844526D-01   0.1655661020241D-01   0.1090611872080D+00
   0.6757753972343D-01   0.1547183892516D-01  -0.9065206754573D-01
  -0.6956075366161D-01  -0.8793081695010D-01  -0.1340397278375D-01
   0.6938049026303D-01   0.8971638281127D-01   0.1326362131249D-01
   0.5918241663500D-01  -0.9523942393977D-01  -0.2266978226752D-01
  -0.5613873213083D-01  -0.1001774068934D+00  -0.4976633020061D-02
  -0.6674577662712D-01   0.8933106417442D-01   0.1853165541701D-01
  -0.8964157061617D-01   0.6385439495612D-04   0.1483372957681D+00
   0.1129275458858D+00   0.1365631611916D+00  -0.1387212081087D-01
   0.1013227459212D+00  -0.1556828844571D+00  -0.8374993707192D-02
  -0.3539072950900D-01   0.6539971330272D-01   0.2014905590365D+00
   0.2685765162043D-01  -0.6190621406852D-01  -0.5334917335661D-01
  -0.1392608740247D-01  -0.3745679024381D-01  -0.1695375418433D-01
   0.2328402710310D-02   0.1401034240582D-01   0.4385114983684D-03
  -0.9737147166242D-01   0.3620996655270D-01   0.8892414381248D-03
  -0.4092743391943D-01  -0.5524126895730D-02   0.1097121091993D+00
  -0.3978069979469D-02   0.6890136598623D-02   0.4749828266091D-02
  -0.4893366673378D-01  -0.5028958075940D-01  -0.6582076214686D-01
   0.3235213213171D-01  -0.8060462575000D-01  -0.2010547040896D+00
  -0.3376965798370D-01   0.9129086959471D-01   0.6367599452965D-01
   0.3317191180923D-01  -0.9274335380015D-01  -0.5793749418386D-01
   0.8385452358583D-01   0.4386600118875D-01   0.6554706550699D-01
  -0.5747053401520D-01  -0.4688367952792D-01  -0.8500847636273D-01
   0.9216465524875D-01   0.5732564270049D-01  -0.2692703973753D-01
  -0.6604865452625D-01   0.7638230038118D-01   0.4565635728046D-01
   0.8348725348809D-01   0.4590536072715D-01  -0.5960996542617D-01
   0.3301895523031D-01  -0.7609301728915D-01   0.7590319208837D-01
  -0.2111112091418D-01  -0.1922013558052D+00  -0.8545862388129D-02
  -0.2713354477530D-01   0.8043142650003D-01   0.3126077021637D-01
  -0.9450610003512D-03   0.2455517719242D-01   0.3168407794606D-02
  -0.5142701509313D-02  -0.1316144211986D-01  -0.3633646344033D-02
  -0.1408379386468D-01  -0.2366617147520D-01  -0.1041346701998D+00
   0.9215378671763D-01   0.5001650494353D-01  -0.1423857040698D+00
   0.2794437725339D-01   0.2160460016081D+00   0.1799206481992D-01
   0.3152856466008D-01  -0.1006289161940D+00  -0.4366008760176D-01
  -0.3499325416471D-01   0.1030960492255D+00   0.4196931040990D-01
   0.5371585848866D-01  -0.6980152921891D-01   0.7632613017546D-01
  -0.9678609912860D-01  -0.5212343393107D-01   0.1425993270169D+00
  -0.1258755443629D-01   0.1772904297160D+00   0.8864186422769D-01
   0.1148847411596D-01  -0.7022654789237D-01  -0.1526396703675D-01
  -0.1779749847467D-01  -0.7842927434298D-01  -0.5744708295678D-01
  -0.1018465248357D-02   0.1861379406502D-01   0.5108631896531D-04
  -0.9445703623583D-01   0.4417912533274D-01  -0.2098013086219D-01
  -0.1102711474673D-01   0.7467079508026D-02  -0.4898906034344D-02
   0.1049629293432D-01   0.1470718726737D+00  -0.7128930254086D-02
  -0.7498629351541D-01  -0.8779452049578D-01  -0.1104582359105D+00
   0.6882608543371D-01   0.1033620295043D+00   0.1021798870973D+00
  -0.2702591240725D-02  -0.1673756539315D+00   0.1749283789799D-01
   0.3781140526622D-02  -0.2429851459159D-02   0.5868641636827D-02
  -0.1026599470900D+00   0.2165892920451D-01   0.1457909421970D+00
   0.1192588071377D-01  -0.2027857308203D+00  -0.9048659104811D-01
  -0.2162358920652D-01   0.1105706796271D+00   0.2755255515834D-01
   0.2064063218482D-01  -0.1098171043122D+00  -0.2392448342211D-01
   0.9255240972822D-01   0.5821776575213D-01   0.3319439055807D-01
  -0.7632504134827D-02  -0.1612054467842D+00   0.1779812992817D-01
   0.7347319777632D-01   0.9074659516266D-01   0.1096845601750D+00
  -0.7064262441641D-01  -0.9144151631629D-01  -0.1099846823081D+00
   0.3526435890656D-02   0.1561522827536D+00  -0.2055074372442D-01
   0.1042133061369D+00  -0.2416267819517D-01  -0.1424689020954D+00
   0.7000151444063D-01   0.1160107064330D+00  -0.1650531968341D+00
  -0.4518108545476D-01  -0.8210171546281D-01   0.1258636111928D-01
  -0.1786573018477D-02  -0.4333950279069D-02   0.1337008178768D-01
  -0.5656710319323D-02  -0.7617787185667D-02  -0.2777403178966D-04
   0.6161233720773D-01  -0.4113123092272D-01   0.6774625895596D-01
  -0.3237001456842D-02   0.1281183202840D+00   0.1252139090358D+00
  -0.1581941944813D-01  -0.6172653226585D-01  -0.7438778138481D-01
  -0.8986685580852D-01  -0.2033765057663D+00   0.4444544185251D-01
   0.5565757997528D-01   0.9363649411090D-01  -0.2455554248693D-01
  -0.7185807216743D-01   0.4732580658491D-01  -0.7623149932741D-01
   0.4000717496754D-03  -0.1323503571815D+00  -0.1232161644753D+00
  -0.9878286734235D-01   0.2283913191954D-01   0.4894844100944D-01
   0.4630130641244D-01   0.9117294560935D-01  -0.4593044698806D-01
   0.6780394578013D-01  -0.4987184607605D-01   0.7404054200279D-01
  -0.1279763165288D+00  -0.1646207685257D+00   0.4336164196404D-02
   0.3950916115686D-01   0.8123280724746D-01  -0.2768733202188D-01
   0.1342340592229D-02   0.5909215552983D-02   0.1542900809958D-01
   0.2982094253372D-02   0.1470678160284D-01  -0.6050921627978D-02
   0.1880661488034D-01   0.5294643567178D-01   0.9002021226069D-01
   0.4893804440622D-01  -0.8959993902809D-01  -0.7751442153319D-02
  -0.6319580168414D-01   0.5246119665958D-01  -0.5055610150164D-01
  -0.8599501589046D-01  -0.5805348120007D-02   0.2570405755274D-01
   0.1272826490139D+00   0.1736996481041D+00  -0.1276456175964D-02
  -0.3892112004750D-01  -0.1042583547851D+00   0.2351522257770D-01
  -0.2310140566040D-01  -0.5164336851022D-01  -0.9476504081528D-01
  -0.4965811591706D-02   0.6117648427602D-01   0.9621636617375D-01
  -0.6266217860563D-01   0.4642236914584D-01  -0.8396581500010D-01
   0.9369604293510D-01  -0.1262926597973D-01  -0.5796053845180D-01
  -0.4652870528195D-01  -0.1024956023141D+00   0.1895001647936D-01
   0.1821757964758D-01   0.5218629881655D-01   0.9835798501017D-01
   0.3159026310381D-01   0.1068471872529D+00  -0.1753622009233D-01
   0.1004453583321D-01  -0.5950913425049D-01  -0.9592173867684D-01
   0.6330053757932D-01  -0.4502189293041D-01   0.8070611043871D-01
   0.1063238718467D-02   0.1933244723068D+00  -0.4896341824737D-01
   0.2044685363408D-01  -0.7701665414788D-01  -0.3152361820941D-01
   0.1764932146783D-01  -0.2179251520749D-01  -0.4587962680174D-02
  -0.4480528011925D-02   0.6064071975453D-02   0.2155026790750D-02
   0.5426813284786D-01   0.5182057710707D-01   0.7367707808055D-01
   0.3512824889519D-02  -0.1020276998212D-01   0.3058268650761D-01
  -0.1555088952866D-01   0.2086580174476D-01  -0.3697959981700D-02
   0.7678779062179D-02  -0.9835041455809D-02  -0.7298534274889D-02
  -0.2664503286969D-02  -0.2128317119612D+00   0.3974547122787D-01
  -0.3646500565779D-01   0.9822295303890D-01   0.4584727548746D-01
   0.3935920491644D-01  -0.9912858520046D-01  -0.4498215161155D-01
  -0.8663375218648D-01   0.4759237855682D-01  -0.5720038441966D-01
   0.1507656290960D+00  -0.1093406843234D+00  -0.8614308925606D-01
  -0.9698087611285D-01  -0.1689405626790D-01   0.2676348897296D-01
  -0.4580935398881D-01  -0.2421858916018D-01   0.3363888703656D-01
   0.2522130118045D-01   0.7961031290223D-02  -0.7010467872485D-02
  -0.1632108523503D+00   0.1103206423821D+00   0.9584902714511D-01
   0.7435931540510D-01  -0.8212599996465D-01  -0.3922256902295D-01
   0.4581263727013D-01   0.1073511885963D+00  -0.2141405080988D-03
  -0.1770185548124D+00  -0.8468736346535D-01   0.3533658244232D-01
   0.1415156424348D-01   0.6208996174329D-01   0.8216223311199D-01
  -0.3484440963375D-02   0.1126846550347D-01   0.2965243695854D-01
  -0.2360139033653D-03   0.3119301551798D-02  -0.9818918200323D-02
   0.1832460254657D+00   0.9788138741663D-01  -0.5438649696782D-01
  -0.5429047130567D-01  -0.1032934834896D+00   0.1357880215521D-02
   0.4764537243571D-01   0.2801602044741D-01  -0.9897094337205D-01
  -0.5013951818356D-01   0.6841261732499D-01   0.1910535299205D+00
   0.4693666205496D-01  -0.1241183663103D-02  -0.8766328950410D-01
   0.3071284111462D-01  -0.6807774159546D-02  -0.2264930538016D-01
  -0.2770300764964D-01  -0.1901978837489D-02   0.1829532566494D-01
   0.2368427910499D-01  -0.7009959922498D-01   0.7211965622065D-01
  -0.5696756288891D-01   0.8036438723710D-01   0.1069776179381D-01
   0.7509278555066D-01   0.6822371730714D-02   0.7176455237010D-01
   0.3687632226668D-01  -0.4522097510385D-02  -0.8184602998317D-01
   0.4053816867671D-01  -0.6856318039562D-01  -0.2006043099080D+00
  -0.4172900102346D-01  -0.1025676436710D-02   0.1012575558132D+00
   0.5483807671943D-01  -0.1737063663111D-02  -0.1024640438249D+00
  -0.7188333005806D-01   0.8811222127787D-01   0.8580810658735D-02
   0.6644870310448D-01  -0.8895003046621D-01  -0.1086474999971D-01
  -0.5682656538405D-01  -0.9508598487310D-01   0.1261959094531D-01
   0.5025045013351D-01   0.3347294571221D-02  -0.1013946515747D+00
  -0.6822409543417D-01   0.8913977468728D-01   0.1321640611636D-01
  -0.6124174154066D-01  -0.9430708141252D-01   0.1127490893053D-01
  -0.6734983882824D-01   0.9125737043996D-01   0.9831737149112D-02
   0.7932026282161D-01   0.8621082319737D-03   0.8021227413149D-01
   0.1693013677056D+00   0.2866312666442D-01  -0.1069600615424D+00
  -0.5234736185657D-01  -0.6788621666235D-02   0.6472646501461D-01
  -0.1881699155431D-01  -0.5765153851072D-01   0.8118965048427D-01
   0.1387606871016D-01  -0.2194354604519D-03  -0.2163011845323D-01
  -0.5964795107797D-01  -0.7190354767253D-02  -0.6292386736379D-01
  -0.1826069776733D+00  -0.2249189281426D-01   0.1152151603601D+00
   0.5386901711817D-01   0.8766487296265D-02  -0.1005906684748D+00
   0.4117275893695D-01   0.1052964381956D+00  -0.7442770392408D-02
   0.8089576762759D-01  -0.7562323148994D-01  -0.1366168738651D-01
  -0.5326204723124D-01  -0.1473968950946D-01   0.9761778870761D-01
  -0.1572126219872D+00  -0.4055655287350D-01  -0.1320761719836D+00
   0.8752047947894D-01   0.1541104868386D-01  -0.6255661853588D-02
   0.9456210626761D-01   0.3080664033647D-01   0.4987313429670D-01
  -0.3925862748537D-01  -0.3805861813986D-02   0.5409879994924D-02
  -0.6178683338081D-01   0.5994751082990D-01   0.4594079771157D-01
   0.1452160453419D-02   0.1086943973534D-01   0.1283215396513D-01
  -0.1482422290401D+00  -0.4669915810828D-01   0.3813698876697D-01
   0.9493313328731D-01   0.5853469225749D-01   0.1038716031770D+00
  -0.9770543801997D-01  -0.6370785786510D-01  -0.1113458706930D+00
   0.1529098179809D+00   0.4482112937012D-01  -0.3658733896494D-01
  -0.8521283632774D-02  -0.4012280540731D-02  -0.6818864106674D-02
   0.1251380887027D+00   0.1294428527702D+00  -0.4668725927251D-01
   0.2239061670270D+00   0.2970485208703D-01   0.2079130896415D-02
  -0.1125297469508D+00  -0.4976731905368D-02  -0.3817795742375D-03
   0.1157573216726D+00   0.1170049025876D-01  -0.2400337789246D-02
  -0.3601056546075D-01  -0.1037053705475D+00  -0.3599620960944D-01
   0.1481440181188D+00   0.4655906855153D-01  -0.4102557606837D-01
  -0.1016191864341D+00  -0.6174357736711D-01  -0.1067874653608D+00
   0.9759788866951D-01   0.6266553548639D-01   0.1072868838833D+00
  -0.1498152482952D+00  -0.4475004487843D-01   0.4317306224046D-01
  -0.1204788339697D+00  -0.1285418726337D+00   0.4526850605556D-01
   0.2112607133722D+00  -0.3338207795388D-01  -0.9821160859943D-02
  -0.5320269474809D-01   0.6419143479912D-01   0.5254379966315D-01
  -0.9788397527974D-01   0.5146972774276D-01   0.1025710249867D-02
   0.1723021726968D-01  -0.3107779888724D-01  -0.1355352457793D-01
   0.6487922749208D-02  -0.1256383809501D-01  -0.9736362289537D-01
   0.4144134358731D-01  -0.2164295664758D-01   0.7179400074514D-01
   0.6445993170323D-01   0.4971208840040D-01  -0.5765009593939D-01
  -0.4599927532997D-01   0.3839222677773D-01   0.4144292414051D-01
  -0.1584986871798D+00   0.1097415639663D+00   0.1119051126575D+00
   0.6958225965455D-01  -0.5777495355105D-01  -0.6383361821405D-01
  -0.7771621336481D-01   0.6636968062844D-01   0.5193148118305D-01
   0.6646320585436D-01  -0.5632338681461D-01   0.7657137591798D-01
  -0.6566298923771D-01   0.5567502488338D-01  -0.7578653064009D-01
  -0.5510165330010D-01  -0.7709063305963D-01  -0.6300009080125D-01
  -0.7337484347605D-01   0.7235498883169D-01   0.4647686281137D-01
   0.6041956305443D-01  -0.4930765625853D-01   0.8132803755936D-01
  -0.5801102978851D-01  -0.7685600253464D-01  -0.6053521663848D-01
   0.6807722090389D-01  -0.5402766327165D-01   0.7506148631108D-01
   0.6310713488319D-01   0.6089084566476D-01  -0.7117090681967D-01
  -0.8293366886724D-01   0.2191105982947D-01   0.1858218351653D+00
   0.4370002329114D-01  -0.5478489585661D-01  -0.9803653992642D-01
  -0.5456221333719D-01   0.6137595914093D-01   0.4508977003096D-01
   0.1159998744945D-01  -0.8218287609104D-02  -0.3247644333025D-02
   0.6762247404044D-01   0.1117103027373D+00  -0.1826835715349D+00
  -0.2135817289037D-01   0.1129666960486D+00   0.3052961231878D-02
  -0.2160268456940D-01  -0.4801837634907D-01   0.1022928583039D+00
   0.1304603591971D+00  -0.5903332665588D-01  -0.1004692830365D-02
  -0.6678082091922D-01   0.2742270306085D-01   0.1447586228773D-01
   0.7318356189109D-01  -0.3678898950405D-01   0.1162126728797D+00
  -0.6401019849730D-01  -0.2116406398786D-01   0.2779375638011D-01
  -0.7799221236025D-01   0.1142768566214D+00   0.3060581476078D-01
   0.1954881466404D-01   0.4915965699161D-01   0.5339166664447D-01
   0.2731372712436D-01   0.7835912332507D-01   0.1155953749339D+00
   0.2872781684952D-02   0.5094215176835D-01  -0.5581511687848D-01
  -0.6409293765717D-01   0.2346784128047D-01   0.1262148935128D+00
  -0.5051257265209D-01  -0.2248219686348D-01  -0.4957580816752D-01
  -0.4944950369088D-01  -0.7378286749997D-01  -0.1116410557201D+00
   0.6977602327680D-01  -0.2448636618938D-01   0.1314916548002D-01
   0.2808155615800D-01  -0.1425733063869D+00  -0.4958405121674D-02
   0.2884167809180D-01  -0.5455331365741D-01  -0.4762598780375D-01
$end                                                                            
