   -0.39235027
    0.01818144
    0.26034270
   -0.49470071
   -0.06292387
   -0.10072283
    0.28997703
   -0.51694605
   -0.29319648
    0.16462528
    0.06124687
    0.05295943
    0.04243289
    0.06975279
    0.07882562
    0.23486480
    0.22058824
   -0.17467080
    0.00738914
    0.27505174
   -0.48802924
   -0.08930199
   -0.08311316
   -0.03498184
   -0.14084545
    0.23704528
   -0.26824145
   -0.27885014
    0.22268340
    0.09089417
    0.08384192
    0.07039690
    0.07523381
    0.05995001
    0.10197791
    0.08532772
    0.22338518
    0.26000391
    0.21799381
    0.23882257
    0.23868315
   -0.17881049
    0.01006104
    0.27369804
   -0.48607487
   -0.02819485
   -0.12364976
   -0.12900229
    0.22097719
    0.07215623
    0.06434069
    0.06301572
    0.05006721
    0.04673098
    0.06595556
    0.04514151
    0.05318878
   -0.16764124
    0.01378519
    0.27855389
   -0.48639263
   -0.09502368
   -0.09004364
   -0.03076595
   -0.14221892
    0.22917302
   -0.24094640
   -0.25820402
    0.21580984
    0.08531027
    0.08602726
    0.07005219
    0.07884640
    0.06757308
    0.08747698
    0.08823722
    0.23164245
    0.25084980
    0.25401690
    0.25226707
    0.25195396
   -0.17395132
    0.02331611
    0.27005685
   -0.51110305
   -0.05427463
   -0.09537598
    0.36688296
   -0.62892078
   -0.60128961
    0.21987785
    0.06812171
    0.06506444
    0.02683627
    0.02395144
    0.04811420
   -0.17742973
    0.02124960
    0.27117096
   -0.51064137
   -0.08536745
   -0.01575533
   -0.11684631
   -0.11267336
    0.23460774
    0.05778301
    0.07662883
    0.05994518
    0.04935137
    0.04854411
    0.04842797
    0.04238429
    0.03944168
    0.03453724
    0.02737431
   -0.18003368
    0.01891746
    0.27532736
   -0.49824710
   -0.14197590
    0.24758703
    0.07533299
    0.07409869
    0.08387717
    0.08688106
   -0.17130327
    0.01609821
    0.28186241
   -0.49381084
   -0.02365788
   -0.11862130
   -0.13131379
    0.23343384
    0.07814693
    0.04945160
    0.05988282
    0.02322668
    0.05247231
    0.05944211
    0.05725021
    0.06978532
   -0.18845886
    0.02427514
    0.27323844
   -0.50541961
   -0.06307019
   -0.10443076
    0.29312104
   -0.50134035
   -0.28205618
    0.22618237
    0.06801317
    0.06792394
    0.05111410
    0.07338852
    0.08066988
    0.21004512
    0.22907790
   -0.17874784
    0.00958446
    0.28222802
   -0.49595030
    0.07994657
   -0.47566815
    0.23937660
    0.06131118
    0.06087225
    0.03962994
    0.33891073
   -0.17313913
    0.02417309
    0.27286471
   -0.48645370
   -0.13441384
    0.22060207
    0.08129279
    0.07759294
    0.08155021
    0.07316120
   -0.18039175
    0.02608486
    0.26637567
   -0.48096973
   -0.11286979
    0.29306423
   -0.49159736
   -0.28497183
    0.21384864
    0.08413824
    0.08005523
    0.08825281
    0.22155894
    0.22760953
   -0.16581901
    0.01400414
    0.27239858
   -0.47684525
    0.07329895
   -0.47684339
    0.24277285
    0.08923066
    0.04969029
    0.05837724
    0.36244318
   -0.17140417
    0.01410325
    0.27711160
   -0.50426269
    0.11309762
   -0.48609026
   -0.14475636
    0.21983714
    0.08670657
    0.02900977
    0.34955320
    0.07536158
    0.06249068
    0.07439800
   -0.17875962
    0.04568838
    0.20811457
   -0.34230073
   -0.09482890
    0.29284452
   -0.51087107
   -0.27942008
    0.23125479
    0.06982900
    0.09130119
    0.07042860
    0.21652275
    0.24612177
   -0.39161399
    0.04918996
    0.26462512
   -0.49770101
   -0.09164878
    0.37478909
   -0.63825004
   -0.64994371
    0.14978570
    0.01997690
    0.01504714
    0.03355007
   -0.16443885
    0.02704365
    0.19702815
   -0.34681310
   -0.08235132
   -0.00551340
   -0.11994355
   -0.11685869
    0.20824721
    0.08707217
    0.06255933
    0.09021019
    0.01363555
    0.04228154
    0.04037466
    0.06511915
    0.04526000
    0.06209479
    0.02117311
   -0.38884126
    0.02931484
    0.27711498
   -0.50149284
    0.08178592
   -0.49261091
    0.14485428
    0.04878120
    0.02079604
    0.03159222
    0.34416211
   -0.17945527
    0.02403581
    0.28504624
   -0.47658848
   -0.02620882
   -0.06061852
   -0.11615417
   -0.10332639
    0.22075729
    0.05686079
    0.05378852
    0.03602709
    0.03505391
    0.05502344
    0.05255789
    0.05144759
    0.02889446
    0.03389851
    0.04282627
   -0.18383768
    0.03314948
    0.20395868
   -0.35295634
   -0.07190995
   -0.10569991
    0.28337122
   -0.50559336
   -0.27389810
    0.22827144
    0.08615140
    0.08357525
    0.06573837
    0.09245640
    0.06274246
    0.22370157
    0.24436193
   -0.40002990
    0.04560433
    0.27257602
   -0.50369124
   -0.05004528
   -0.09760194
    0.36592791
   -0.60673303
   -0.61836298
    0.15908687
    0.02947364
    0.01467959
    0.03653041
    0.03646509
    0.04215287
   -0.16992033
    0.02773017
    0.21258896
   -0.35123646
   -0.02262500
   -0.06851230
   -0.11962296
   -0.10954237
    0.22108455
    0.07942441
    0.04813604
    0.05325432
    0.04135435
    0.06324814
    0.03822852
    0.06199975
    0.03925690
    0.02896566
    0.05574656
   -0.39548584
    0.04159455
    0.20140829
   -0.38621769
   -0.08164545
   -0.07626196
   -0.02678754
   -0.15209818
    0.23625527
   -0.25606151
   -0.29212263
    0.17419719
    0.04471098
    0.08122019
    0.06151389
    0.05503672
    0.05968964
    0.09019168
    0.08519204
    0.22159620
    0.24358028
    0.24236177
    0.25396743
    0.22423841
   -0.39752398
    0.03364967
    0.27146672
   -0.46885901
   -0.07258309
   -0.01330864
   -0.11632426
   -0.12134343
    0.16813582
    0.02642863
    0.04702128
    0.05233389
    0.01859634
    0.04920029
    0.02224355
    0.04556307
    0.04889434
    0.04872477
    0.04776699
   -0.17128732
    0.01687333
    0.27415182
   -0.48501087
   -0.10347719
    0.28456522
   -0.50719526
   -0.27978778
    0.19791145
    0.09283459
    0.07431975
    0.06984430
    0.24534055
    0.22001420
   -0.18183481
    0.01650859
    0.26563511
   -0.48761827
   -0.01439818
   -0.12142721
   -0.12112173
    0.22457770
    0.07278467
    0.04586153
    0.06072400
    0.04211598
    0.04839922
    0.04942165
    0.05682060
    0.03597873
   -0.17369995
    0.01363654
    0.26998071
   -0.46891457
   -0.07184453
   -0.10325088
    0.28675917
   -0.49319421
   -0.27657849
    0.22486968
    0.07781264
    0.07731991
    0.05823307
    0.06282604
    0.07577397
    0.23256928
    0.23898387
   -0.17188726
    0.02005258
    0.19506839
   -0.35503737
   -0.06065320
   -0.10112368
    0.29147031
   -0.50449429
   -0.29116428
    0.21119975
    0.09930094
    0.07090335
    0.06905509
    0.08303261
    0.07523644
    0.22881334
    0.22460481
   -0.38439052
    0.02798723
    0.19555294
   -0.36790069
    0.11888554
   -0.45965006
   -0.13265064
    0.17445533
    0.04674556
    0.04526290
    0.32143361
    0.06248976
    0.05035235
    0.04748889
   -0.30482764
    0.02579056
    0.27035687
   -0.48604250
   -0.06679213
   -0.06866869
    0.01173819
    0.03037037
    0.05062956
    0.05101481
    0.04565994
    0.04705211
    0.04280573
    0.01042623
   -0.16802114
    0.02615293
    0.20462598
   -0.34982671
   -0.08106085
   -0.01342359
   -0.11953664
   -0.12851522
    0.21452651
    0.08622761
    0.05918310
    0.07226512
    0.03128832
    0.04052374
    0.03540984
    0.05088971
    0.04674229
    0.06032925
    0.04733603
   -0.39901936
    0.03977310
    0.20150603
   -0.38697823
   -0.02651277
   -0.06119579
   -0.12471235
   -0.10520914
    0.18034129
    0.03704958
    0.05667270
    0.04037866
    0.03626626
    0.05788576
    0.04509915
    0.04621181
    0.03671210
    0.02933940
    0.04103027
    0.19265066
    0.06626260
    0.18286139
    0.08610994
    0.20081903
    0.06921436
    0.16936537
    0.05740315
    0.17080083
    0.07091359
    0.18295991
    0.09189753
    0.17988456
    0.06908929
    0.17521992
    0.06286072
    0.16673368
    0.07713103
