           2           1   1.02106184325092     
           3           2  0.948917247210533     
           4           3   1.64252851711057     
           5           2  0.955936160570800     
           6           5  0.989323837971988     
           7           1  0.938585883489749     
           8           2  0.959825998001995     
           9           5  0.974839762673487     
          10           5  0.972292104205475     
          11           6  0.864740116821181     
          12           3   1.29333754619618     
          13          12  0.972633618478456     
          14          13  0.947054909637647     
          15          14   1.63069676388372     
          16          13  0.950288725751630     
          17          16  0.925766591871483     
          18          17   1.50385994654424     
          19          17   1.48975605210940     
          20          12  0.938457045578088     
          21          13  0.958089618986717     
          22          16  0.970854750899185     
          23          16  0.967814184901832     
          24          14   1.30263175113330     
          25          24  0.974991598000744     
          26          25  0.942974847144336     
          27          26   1.61686179767148     
          28          25  0.944762660964976     
          29          28  0.976728907040317     
          30          28   1.01147482713791     
          31          24  0.921154263079191     
          32          25  0.963853943920517     
          33          28  0.967100189717409     
          34          29  0.877583730642370     
          35          30  0.974336034547043     
          36          30  0.976460150929038     
          37          30  0.980303903881156     
          38          26   1.31839786570836     
          39          38  0.945397824855924     
          40          39  0.942628949651221     
          41          40   1.63372119013173     
          42          39   1.00026672643090     
          43          38  0.930062818898326     
          44          39  0.964223097543953     
          45          42  0.975291925740894     
          46          42  0.977635216847981     
          47          42  0.979222174528385     
          48          40   1.31134870626443     
          49          48  0.964714287203573     
          50          49  0.928185781950074     
          51          50   1.63144523504266     
          52          49  0.991960974365799     
          53          48  0.918289771841523     
          54          49  0.966865683503512     
          55          52  0.977885561988894     
          56          52  0.979198878789356     
          57          52  0.979994751809128     
          58          50   1.31327763412645     
          59          58  0.970916345197660     
          60          59  0.923228249357791     
          61          60   1.62110663701301     
          62          59  0.973427944691651     
          63          62  0.984690718897041     
          64          62  0.993110161431386     
          65          58  0.926624371847541     
          66          59  0.959356577527018     
          67          62  0.973048398345653     
          68          63  0.869326272512641     
          69          64  0.980721863286876     
          70          64  0.981459600007398     
          71          64  0.984053062296683     
          72          60   1.33497210991655     
          73          72  0.965451351091678     
          74          73  0.976990650766227     
          75          74   1.89311117666249     
          76          73  0.940512460988147     
          77          76   1.00309096592172     
          78          76   1.00054642476316     
          79          72  0.913470479370974     
          80          73  0.960793877080237     
          81          76  0.975776989463087     
          82          77  0.980029471699950     
          83          77  0.981590799516378     
          84          77  0.984416871294051     
          85          78  0.977824721847343     
          86          78  0.984578083501675     
          87          78  0.976040126518003     
          89          88  0.990413538471820     
          90          89  0.991320253360743     
          91          90   1.87168680263487     
          92          89  0.977457691882594     
          93          92  0.992162648838988     
          94          93   1.00600125997534     
          95          93   1.00324985630693     
          96          88  0.951959515732697     
          97          89  0.934742767325292     
          98          92  0.974762819187330     
          99          92  0.974903340548919     
         100          93  0.976913535915774     
         101          94  0.982478352107384     
         102          94  0.983826652341922     
         103          94  0.985573842515650     
         104          95  0.980680250472433     
         105          95  0.985121004060900     
         106          95  0.984328028146632     
         108         107   1.01800408295351     
         109         108  0.946395058151500     
         110         109   1.64653234040867     
         111         108  0.962522931698123     
         112         111  0.986949537043339     
         113         107  0.941323192814009     
         114         108  0.964846842024277     
         115         111  0.976785584741521     
         116         111  0.976807496177961     
         117         112  0.873320013345881     
         118         109   1.28371355720172     
         119         118  0.959788477211263     
         120         119  0.948214869716974     
         121         120   1.60776273417599     
         122         119  0.956566792276725     
         123         122   1.00267207540793     
         124         122   1.00506418149031     
         125         118  0.935759748161748     
         126         119  0.968011155804211     
         127         122  0.974351241723595     
         128         123  0.977653866674567     
         129         123  0.980421128680640     
         130         123  0.984686815285770     
         131         124  0.979328326523727     
         132         124  0.980708649448722     
         133         124  0.981269690036658     
         134         120   1.31625429248958     
         135         134  0.976777791672803     
         136         135  0.953613666398586     
         137         136   1.60899492395740     
         138         135  0.942532974728039     
         139         138   1.00540437063852     
         140         138   1.00381512763555     
         141         134  0.919001464575957     
         142         135  0.957353132116266     
         143         138  0.969292356039783     
         144         139  0.979265103930376     
         145         139  0.983124835884027     
         146         139  0.985172094027516     
         147         140  0.981756263256384     
         148         140  0.974132709936881     
         149         140  0.978169229341485     
         150         136   1.31845041107691     
         151         150  0.967366695049631     
         152         151  0.945638719605836     
         153         152   1.61907136949015     
         154         151  0.967034757092078     
         155         154  0.998686026663789     
         156         155   1.00348795567425     
         157         156   1.00658379689027     
         158         157  0.927218158951653     
         159         150  0.914463904111177     
         160         151  0.966591586970782     
         161         154  0.970678624353761     
         162         154  0.965809066955835     
         163         155  0.973517881154316     
         164         155  0.973498255187492     
         165         156  0.966029448949399     
         166         156  0.970024283875724     
         167         157  0.965592331163237     
         168         157  0.957324904009050     
         169         158  0.901373700555768     
         170         158  0.887587145586320     
         171         158  0.895627040178831     
         172         152   1.30224672603800     
         173         172  0.984131386420202     
         174         173  0.928015128710770     
         175         174   1.64861230688083     
         176         173  0.974993308619847     
         177         176  0.999005171200588     
         178         177  0.990875223393745     
         179         178  0.998539323318778     
         180         172  0.932545969525947     
         181         173  0.952854941995271     
         182         176  0.970507896241091     
         183         176  0.975287761104807     
         184         177  0.973358324171359     
         185         177  0.975368788891675     
         186         179  0.978676554373416     
         187         179  0.985873096373552     
         188         179  0.981672475331357     
         189         174   1.29262205467667     
         190         189  0.967557816097393     
         191         190  0.980534013821791     
         192         191   1.89426364783484     
         193         190  0.950658283456533     
         194         193  0.985968360341663     
         195         189  0.934384650888573     
         196         190  0.961370297072933     
         197         193  0.965698980426339     
         198         193  0.972055243785238     
         199         194  0.861991835967207     
         201         200   1.01242929271357     
         202         201  0.939626137577500     
         203         202   1.61667968479148     
         204         201  0.964306534963380     
         205         204  0.990593679738918     
         206         205  0.998846897481640     
         207         205   1.00882615622569     
         208         200  0.957093348907199     
         209         201  0.965452193097317     
         210         204  0.979538251854044     
         211         204  0.977082026359015     
         212         205  0.979969065713857     
         213         206  0.984050864718854     
         214         206  0.986465954776101     
         215         206  0.986770830299999     
         216         207  0.983666235083646     
         217         207  0.985549198285352     
         218         207  0.979856826178212     
         219         202   1.31425617904657     
         220         219  0.968364327524125     
         221         220  0.943924964962575     
         222         221   1.63076723429770     
         223         220  0.977190068602616     
         224         219  0.919901322571886     
         225         220  0.968860608949687     
         226         223  0.979549276718259     
         227         223  0.977901510569187     
         228         223  0.972852105102005     
         229         221   1.30317197295334     
         230         229  0.960407616375529     
         231         230  0.925282354321176     
         232         231   1.63189617887083     
         233         230  0.970138479960733     
         234         233   1.00428487552123     
         235         233   1.00646609861606     
         236         229  0.933189345374256     
         237         230  0.963198104593636     
         238         233  0.975702040356416     
         239         234  0.981773759315255     
         240         234  0.982541444458641     
         241         234  0.984695314698579     
         242         235  0.980769797000037     
         243         235  0.984314478979796     
         244         235  0.981742172286172     
         245         231   1.31781527263477     
         246         245  0.969466765812917     
         247         246  0.987426957719143     
         248         247   1.89088338824371     
         249         246  0.951333981206001     
         250         249  0.996608122848357     
         251         250   1.00201009499462     
         252         251   1.00476807919267     
         253         252  0.932485598481100     
         254         245  0.910054803208343     
         255         246  0.960352257536714     
         256         249  0.968635530095296     
         257         249  0.974088261461642     
         258         250  0.976378276325472     
         259         250  0.976571642002860     
         260         251  0.971502604277743     
         261         251  0.972383067764200     
         262         252  0.967190773860057     
         263         252  0.969746515532634     
         264         253  0.899244595310005     
         265         253  0.890580660278217     
         266         253  0.898056111372290     
         268         267   1.00655737133426     
         269         268  0.985374341537519     
         270         269   1.89054045004634     
         271         268  0.935653396558422     
         272         271   1.00473342508992     
         273         272   1.40958749576347     
         274         272   1.41027879238234     
         275         273   1.44060837025266     
         276         274   1.45213017141423     
         277         275   1.39180216695065     
         277         276   1.36912481579059     
         278         277   1.03884820656729     
         279         267  0.954062043171964     
         280         268  0.972393509688327     
         281         271  0.973927976058533     
         282         271  0.966503292274907     
         283         273  0.975767370449434     
         284         274  0.973649040494897     
         285         275  0.973993190822078     
         286         276  0.970857440293867     
         287         278  0.875632923832244     
         289         288  0.999746787233203     
         290         289  0.995604299995339     
         291         290   1.87863384340899     
         292         289  0.928405468995688     
         293         292  0.999461461181719     
         294         292   1.00823072926343     
         295         293  0.999849072564589     
         296         288  0.953024672138466     
         297         289  0.973271572116802     
         298         292  0.971873585143989     
         299         293  0.980722483905454     
         300         293  0.981181713487607     
         301         294  0.972190600818041     
         302         294  0.981758209765169     
         303         294  0.981531783450006     
         304         295  0.987057375304307     
         305         295  0.986199654560421     
         306         295  0.982179704720819     
         307           1  0.950639233085607     
         308          74  0.954338448610387     
         309          88  0.956207775287529     
         310          90  0.954915968293533     
         311         107  0.947961439074434     
         312         191  0.951269581920390     
         313         200  0.955190303046926     
         314         247  0.954382764144886     
         315         267  0.946686376998276     
         316         269  0.956771427456254     
         317         288  0.948630092228706     
         318         290  0.958537888942387     
