$grad                                                                           
  cycle =      1    SCF energy =  -632.41087300564   |dE/dxyz| =  0.546855
  370.53910155020645    137.13058826072762    189.61218519688470      n 
  370.71562936547957    138.53711786405941    191.95960827133803      c 
  373.42180842767129    138.22392413706515    192.95926300725773      c 
  374.47352229818040    136.16514668789813    192.96967989327433      o 
  368.80700341979929    137.52813569747877    193.90351388701021      c 
  368.99314635043089    139.02246214151378    196.36751653576346      c 
  366.11100314987084    137.67442475627166    192.87996186514138      c 
  369.29409422884123    135.67526474777091    189.49559990805352      h 
  370.35388520077373    140.54209267911477    191.57434230034752      h 
  369.30622273640410    135.55256687220461    194.27582009400783      h 
  367.82065689765284    138.14611149919784    197.80820339936753      h 
  370.91813623340505    139.07853670904151    197.08328893422217      h 
  368.33775835794609    140.95162761056665    196.09630480890280      h 
  364.80304198048879    137.05120026605076    194.33475443578206      h 
  365.65028949524407    139.61597316861273    192.39313566705420      h 
  365.85097139472703    136.49099220060970    191.22107428066732      h 
  374.50582502846027    140.34740561092894    193.79568679670780      n 
  377.03914664435882    140.48071875008387    194.78151481395855      c 
  376.96223733045525    141.12716486211067    197.61112498787270      c 
  375.01804170137621    141.65613172191112    198.72349454623202      o 
  378.51965985291963    142.53293512876951    193.31021955440792      c 
  377.08890034106912    144.77806762728241    193.51108702346733      o 
  378.95510834082330    141.72967609738183    190.57462555817310      c 
  373.56884772297286    142.00843092350567    193.79891298976077      h 
  377.90818573420938    138.62182422955968    194.51680055091560      h 
  380.36532259870728    142.81339719907845    194.23544846806155      h 
  377.68533281588856    145.96122172729039    192.25363232879661      h 
  379.87779023686699    143.24131586890184    189.53310256415782      h 
  380.15921607818149    140.06627469479699    190.51904563926274      h 
  377.17570779817714    141.26423932691290    189.65656170221675      h 
  379.25643869674224    141.15454283730938    198.70459629652265      n 
  379.66523961025837    141.73686715185002    201.33525106237559      c 
  380.24006419701408    139.35152999261535    202.86025996052817      c 
  380.37224422663212    137.27174025146130    201.85063219099777      o 
  380.75070413191980    140.40910060288684    197.78365528443155      h 
  381.26581048871981    143.03445804228249    201.51119209827723      h 
  377.97134444590455    142.65125893750613    202.08104944324327      h 
  380.68698952010908    139.77445193771177    205.30385309527475      n 
  381.35906984703013    137.83374255726713    207.09045901859051      c 
  379.85312505529816    138.23853238308087    209.52647499138570      c 
  379.29338945800509    140.37336255303188    210.23111791236082      o 
  384.19568739650680    137.98722506481101    207.77267512043130      c 
  385.83664659550942    137.50281377793900    205.51167001658388      c 
  386.32351825038745    139.41768351950725    203.77963664160475      c 
  386.84805277441438    135.12319691326118    205.06906707177856      c 
  387.74351262580711    138.97048440705862    201.64014940664686      c 
  388.28203790106176    134.65199093230120    202.93388174087451      c 
  388.72100754971973    136.56917270084509    201.18830404106936      c 
  390.09086596823914    136.19669356351406    199.05566188709619      o 
  380.31507982032338    141.47714923199837    206.09125976690683      h 
  380.92880079370764    135.98515315151676    206.28055413133211      h 
  384.56028663193126    139.86837626752896    208.54809611509006      h 
  384.54485786161712    136.55992724139358    209.21884762886449      h 
  385.59656337122271    141.29584556430109    204.12192398705872      h 
  386.51182708550255    133.62188956362183    206.41354754416321      h 
  388.15355786660223    140.47548171646682    200.32834392505831      h 
  389.05812224130722    132.78790604475333    202.62888666190986      h 
  390.51103969244639    134.42245527821811    198.88442643869467      h 
  379.42106826396889    136.12237885694483    210.81693755226749      n 
  377.91012367443756    136.03746879958524    213.09619179686595      c 
  379.46095458920513    134.86612766032314    215.21750368638291      c 
  380.66652325593128    132.90444706599828    214.87862120397995      o 
  375.54875192747329    134.43139664523756    212.67452078099504      c 
  379.88550991892589    134.43467544145796    210.02151442675373      h 
  377.36252616769667    137.96736176418466    213.58612023388912      h 
  374.28260071644053    134.67999130518194    214.27004049909476      h 
  374.60481790638551    135.05518531181784    210.95693111548294      h 
  376.06386141611608    132.45327284452850    212.48645946785396      h 
  379.50368232603194    136.08210946970775    217.41668192053456      n 
  380.70206287246737    134.87326165942960    219.55731392463844      c 
  379.26840001514807    132.46359977240897    220.25772722867950      c 
  376.96198271331616    132.29452535375387    220.18353069347691      o 
  380.85622568248681    136.61797924650051    221.84723655377786      c 
  378.29129761339334    137.94115780731019    222.42744566971757      c 
  377.52096984798629    139.47747665763265    220.80147549461969      o 
  377.25343364641185    137.42001650505543    224.47067556776722      o 
  378.32991982478615    137.54791898805325    217.83258553173658      h 
  382.63232815219612    134.35525161190790    218.99776459971088      h 
  381.43991931569394    135.53345170992421    223.50282273977535      h 
  382.26042773568923    138.08403912632224    221.47128820860522      h 
  380.79384255249369    130.54856603097420    220.87673559083021      n 
  379.92423939494302    128.20468331330034    221.95485670472689      c 
  380.73399163127311    128.09327809853357    224.73201721366488      c 
  382.29625243968349    129.53157263125783    225.63511923074699      o 
  381.15722111585075    125.89120976022289    220.62129064899727      c 
  383.64459727653451    125.53045848512086    221.51012708898341      o 
  381.05056066449271    126.14314718134337    217.75480480415959      c 
  382.68002176926501    130.85927274425967    220.96548102218151      h 
  377.86661245175202    128.17946771012043    221.76894791680959      h 
  380.13301427408277    124.19287366297638    221.21506450995270      h 
  384.61836025984945    127.03297768615379    221.07219738901858      h 
  381.89116581993721    124.47575257164301    216.90248862507812      h 
  379.10055650671768    126.33423576175592    217.14957270234930      h 
  382.07690820935881    127.81953032373312    217.15544777226444      h 
  400.78632254020141    142.30252487285642    216.53889699738801      n 
  399.76055139670967    140.99490650372996    214.36133368920656      c 
  399.44357873012160    142.85002080890627    212.16500671155069      c 
  399.10273211551083    145.12555656038586    212.49728333545551      o 
  397.22821367305164    139.77089045133951    215.06073686499684      c 
  395.88298691916583    138.54805090660926    212.87399737660687      c 
  396.51353049807926    136.11277787541363    212.11734466386559      c 
  393.92138964436987    139.78113318077953    211.63471068031154      c 
  395.18141137848596    134.90890886486696    210.21734226958279      c 
  392.58367002637266    138.58184107419885    209.73197848675508      c 
  393.19510086355564    136.13543607675055    209.03350326410472      c 
  399.47963975266060    143.06192366221484    217.72234976650358      h 
  401.11472633574624    139.54675406422416    213.75941049828938      h 
  397.61632354742528    138.35320958462955    216.50602869254058      h 
  396.03319770864687    141.23299537134304    215.89109615934746      h 
  398.05788302014338    135.14696576663178    213.03356829089745      h 
  393.42431154033341    141.69579741578465    212.16944657485848      h 
  395.71454980718562    133.01788287161094    209.67089704459335      h 
  391.05657535699851    139.57103840762170    208.79867050655201      h 
  392.10996878512884    135.21751465265157    207.56990214035275      h 
  395.52053991567971    143.94931677922062    205.52826412174250      n 
  393.12526118677135    143.30704000508260    204.39783219445221      c 
  393.01513731844790    143.81304304213677    201.54778796692815      c 
  390.99971244078029    143.89844990504696    200.42076343038624      o 
  390.97444165590184    144.64862627468156    205.75166233220227      c 
  391.13237498432943    147.59377277152839    205.52396418848386      c 
  393.23339091460588    148.53039271868940    205.00381909438062      o 
  389.12008367063999    148.75248255225480    205.89813531839974      o 
  395.71489168487705    145.82203812159278    205.89946790589605      h 
  392.90847157642418    141.24280174643181    204.59497850569014      h 
  389.17125357238518    144.06119623337557    204.95355597158505      h 
  390.99906923022354    144.20572823253971    207.77005803046035      h 
  395.26112444136396    143.84142300540279    200.39717355995231      n 
  395.54951521820880    143.78851043334703    197.68436325873114      c 
  396.50312831224079    141.18346949753663    196.83654250052243      c 
  395.90364247813670    140.25164902059473    194.81688918699948      o 
  397.35253968963065    145.89434305737174    196.79768256595156      c 
  396.19835133977602    148.20917738207422    197.48791278918523      o 
  397.83396871059807    145.77690622684733    193.95709818105186      c 
  396.83761688814820    144.08788145847384    201.45030249296806      h 
  393.67598589686190    144.11425684334961    196.86751794606596      h 
  399.13621397941404    145.67981193201689    197.86245685632827      h 
  397.04126475597235    149.55265113565159    196.57901850412091      h 
  399.17779709657219    147.23604870152585    193.42345340765399      h 
  398.58555284915303    143.94252732137431    193.43563374378559      h 
  396.06102439360302    146.06996528932481    192.96277959978855      h 
  398.07918628476216    140.07606313638649    198.47758947994100      n 
  399.43809327502095    137.78412647588070    197.91059714716391      c 
  398.69279062388284    135.49077055578692    199.50693640747147      c 
  398.89918513864336    133.35709704835011    198.64811559155055      o 
  402.31313085921346    138.18471034923158    198.34237764411873      c 
  402.78950081358374    138.76084537400567    200.91082357809557      o 
  403.36684458001844    140.20023418126470    196.57879559677227      c 
  398.58272658711752    141.05381620574551    200.03845685413617      h 
  399.07129989296976    137.32351300450816    195.92721802860541      h 
  403.25257035742618    136.36904597185449    198.01625548119739      h 
  402.16345385419629    140.45315705553941    201.24938025832782      h 
  405.38479994548521    140.40482324845178    196.89616370287720      h 
  403.01599753965240    139.68550759834238    194.62615636922874      h 
  402.46173323169637    142.00542620217658    196.97616522240583      h 
  397.99218264273117    135.97244629389402    201.88671437676669      n 
  397.56742762226787    133.99215626215687    203.70408413978336      c 
  399.86827533688808    133.36048214467871    205.34080556258220      c 
  399.71726373937537    131.81362706420907    207.04597136468036      o 
  397.84380358766742    137.75332802169163    202.55746107155096      h 
  396.03243152285120    134.53940434949908    204.96688955379528      h 
  397.05658912025058    132.26900275231026    202.67997663108198      h 
  388.60011954897686    130.67486397242394    216.51622463765736      n 
  386.73248468197596    131.67134751085112    214.78019068355280      c 
  386.13227729815907    129.63468536667656    212.77756463420218      c 
  387.74332219642241    128.11420884204284    212.14170673660470      o 
  387.81722262630865    133.97186229695509    213.37990752021355      c 
  388.62089505414502    136.11942144169234    215.14706670369776      c 
  386.42112582294260    137.32315858508360    216.53268883001513      c 
  386.21962505021474    137.26580558412508    218.83197173438634      o 
  384.68890861542314    138.43841203493892    215.03550052679890      n 
  390.34777194488669    130.46568101339051    215.77169490389667      h 
  385.03240149775149    132.18206677494041    215.83590100281333      h 
  389.47176462873711    133.38353367792109    212.29424193983695      h 
  386.38035221978362    134.65395086893946    212.07187110156624      h 
  389.92560477560966    135.43155848495832    216.58621120170585      h 
  389.56913029029255    137.58830023440538    214.05105973752541      h 
  384.95539454454263    138.65484371078230    213.16756709802686      h 
  383.17786227813343    139.29484775082739    215.81195715156016      h 
  383.82067897154167    129.75636545077541    211.78033916498984      n 
  383.04994011193907    128.16739207935731    209.69106427910376      c 
  382.33588380536230    129.88065822027198    207.49022117258025      c 
  381.29227487571933    131.93494935156511    207.84522859466790      o 
  380.89279042451676    126.37168812715045    210.47939104431663      c 
  378.53330100824815    127.80725139058319    211.30558948961641      c 
  380.25353754146579    124.57929159144140    208.32620453607549      c 
  382.54774399980835    131.01946488479115    212.45128949399680      h 
  384.70086147806126    127.04075720487310    209.15330427256077      h 
  381.61190068163552    125.29292320025243    212.09063428764873      h 
  377.07594565722650    126.47357718016835    211.86498166191043      h 
  378.92884784202562    129.05358594320549    212.89031897024449      h 
  377.80662647465238    128.94416242224770    209.74974234437059      h 
  378.89120356305563    123.17623007817836    208.94518848976995      h 
  379.43664862923248    125.64238991826673    206.76725964660690      h 
  381.92860079229411    123.62534505828918    207.61956249329384      h 
  383.08332552517470    129.14578867844776    205.18297280442476      n 
  382.27700993576332    130.67342643087122    203.04656272890489      c 
  379.42946383089100    130.34762688442055    202.78334779994137      c 
  378.39832642959755    128.29085645063435    203.08332773029591      o 
  383.63813351938063    129.90304816272717    200.63211958919024      c 
  383.39503349180200    127.27856847646855    204.78026844464179      h 
  382.68537620210668    132.65674549828540    203.48563268988545      h 
  383.09168482844490    131.15800953956338    199.10317321760954      h 
  385.66188206556723    130.04141857494028    200.92760594569012      h 
  383.18857620752641    127.96440738458793    200.12013794980533      h 
  378.10185861350129    132.39957795030725    202.13424259481599      n 
  375.36121493693815    132.20377861607281    202.13154461985008      c 
  374.56595850509530    130.13462620767189    200.26299574343011      c 
  372.88014941628444    128.62905410958138    200.74568167932992      o 
  374.18947822720122    134.77813364977172    201.60301856073713      c 
  374.47178763180415    136.44667801258129    203.94416376527596      c 
  374.43735408169277    135.56659303973117    206.08297871737727      o 
  374.79927855422210    138.90698451290217    203.48307133946008      n 
  378.91642448997146    134.13965553886425    202.13703521935167      h 
  374.71852489069539    131.58498794902866    204.01163536203353      h 
  375.06133970250346    135.67688530550237    199.96900584087834      h 
  372.16010920348322    134.58966281071866    201.27338898462872      h 
  374.75319626697490    140.12637507231511    204.97212848148465      h 
  374.60297461024686    139.65094493005995    201.72811350680490      h 
  375.88911139964711    130.12355777173795    198.11392015465671      n 
  375.52714831302467    128.36389789633063    196.04404812614209      c 
  375.76567236921710    125.57876190560418    196.79370457056299      c 
  374.96392284203597    123.93167385272754    195.38241657209534      o 
  377.45529881669518    128.92103575935974    193.97667776710588      c 
  377.25676062894314    131.43351888098894    197.88962520989662      h 
  373.60600285356179    128.59851054937621    195.29675827755713      h 
  377.16782886777867    127.61780849672188    192.41769104685264      h 
  377.22509231065601    130.84816436518832    193.30206752799620      h 
  379.35863021853964    128.65664700482407    194.71230282703382      h 
  376.86180864933618    125.04488095539102    198.99791131916743      n 
  377.19620299708271    122.44530275526202    199.77057130157107      c 
  374.66991759944489    121.27912619431153    200.53372430005780      c 
  374.30328236950322    118.99353250572408    200.35411811837872      o 
  379.06166024821249    122.28314514119523    201.96095471354911      c 
  381.65535865864683    123.56101890961830    201.30301654534438      c 
  383.04926803373979    124.07174984011975    203.13678331189064      o 
  382.11940699435957    123.97470391717137    199.03649121090353      o 
  377.57137476126621    126.38549039276556    200.15533656604973      h 
  377.95038596008453    121.38913164598193    198.15040814187671      h 
  378.32237868120035    123.26010249401119    203.61510640196445      h 
  379.42824638288499    120.31892482681513    202.45991440372930      h 
  372.97023022644623    122.88616650798639    201.48640375552040      n 
  370.35837390102517    122.23554634887373    202.01801924387303      c 
  370.03635302979575    120.56979752984850    204.34461974027380      c 
  368.04434645150855    119.44589228475162    204.71776812971896      o 
  369.00821801923240    120.95541879936415    199.78210032872542      c 
  369.19859113220400    122.39837225582976    197.28508664865910      c 
  367.52539170012710    121.11231203094404    195.31213018941898      c 
  368.38400028432818    125.14419907990757    197.59221696468970      c 
  373.33794467944449    124.76231435209442    201.36653651746110      h 
  369.39756210253631    124.01467801602057    202.46310952269567      h 
  369.80114104563000    119.07248088324884    199.55188294617952      h 
  367.02551300957265    120.77309040339338    200.31308101353412      h 
  371.15555190051060    122.36947982401966    196.62097993968979      h 
  367.63675651387592    122.13092777097035    193.53447655177021      h 
  368.10956006235040    119.17862328702485    194.95420123589591      h 
  365.56460152142591    121.10723057789748    195.92757884947667      h 
  368.46300065123739    126.08753499196092    195.77614323090907      h 
  366.45945524397627    125.23784810386599    198.30437871404379      h 
  369.61357644884441    126.17981310780436    198.86994952466401      h 
  371.94130517834424    120.44469305068023    205.98872784631752      n 
  371.84049419602803    118.83003053532573    208.20151142246741      c 
  369.16802165251778    118.62045320503758    209.27706269483312      c 
  368.18889000445716    116.55875241936890    209.61966381605288      o 
  373.72088667094278    119.86387852342712    210.19098718036375      c 
  376.12262936015054    120.08731857449808    209.07252548210406      o 
  373.76845275135219    118.21972722750786    212.55349514716488      c 
  373.60461322714434    121.33320950922950    205.67794293069210      h 
  372.41780969329636    116.90244936224207    207.67684015805972      h 
  373.16569892175642    121.80189618881204    210.68133920909602      h 
  376.92992302919441    118.44880309728352    209.04279103905563      h 
  375.16235964599088    118.95629048251243    213.87023514937133      h 
  371.93081832919273    118.22320453641565    213.46734424491333      h 
  374.25913188748893    116.28333914480756    212.06935804724492      h 
  364.29331109106994    115.49241660176403    204.70194377305631      n 
  364.98731806502803    112.87625423549001    204.29449351565108      c 
  364.39316276251179    111.27811751642541    206.61781001171516      c 
  363.38362046963243    109.19242091808708    206.38033220342842      o 
  367.77463812976396    112.66806612135980    203.56583171147605      c 
  368.17660650081604    113.40468398396411    200.80002532213877      c 
  370.98830931926290    113.59103161216717    200.16667273514361      c 
  371.39257284770702    114.12170990113975    197.35785587630883      c 
  374.01912763012530    115.01274883656188    196.91106600858095      n 
  365.68391330383321    116.81334264552487    204.72789763792952      h 
  363.80349615665654    112.10739529585985    202.77208669548654      h 
  368.86157293002356    113.90487768162978    204.80807128050063      h 
  368.40197234457884    110.72931002345038    203.87185525564723      h 
  367.28336091274974    111.98970370249849    199.59789200408952      h 
  367.26985859161823    115.22129708937229    200.44737593240495      h 
  371.81579936806054    115.12632196402393    201.26744763503257      h 
  371.91627723194307    111.83252315358374    200.70344509172600      h 
  371.05044898471260    112.42311814797182    196.24339680166906      h 
  370.09443040749716    115.59402564218274    196.72568252573816      h 
  374.27090756942204    115.54096972515411    195.05812226303905      h 
  374.37344641132165    116.57064303859165    198.08411836272029      h 
  375.29303537136121    113.61697312692537    197.36518536473017      h 
  361.19385934346462    140.44518419423392    208.56583598698100      n 
  361.29393921386571    141.55897005211449    211.06252504973477      c 
  363.52200246340897    143.42503519236635    211.12844142357895      c 
  364.68060519229419    143.91898442990541    209.18418268729087      o 
  361.29870055754100    139.51997141487146    213.14441778488364      c 
  359.64775215340893    137.30553827464166    212.28631997300869      c 
  360.52130964754610    135.34473401597037    211.40077479633197      o 
  357.16501968149578    137.64462791163777    212.60707218541478      n 
  362.63232158520952    139.31991943606951    207.98436867922103      h 
  359.55065746249187    142.69070487212545    211.18604996027230      h 
  363.21112366506452    138.81514009048689    213.43079965284224      h 
  360.53799523150332    140.27036052607403    214.90211345325005      h 
  355.96983572215481    136.28582599921245    212.00064034308656      h 
  356.44135568807326    139.33537156717583    213.09351846487132      h 
  364.02135497054434    144.57532985147549    213.34346943857719      n 
  365.38563933756336    146.95949785124932    213.36723977122526      c 
  368.02319801893981    146.93634988340204    212.15843860448578      c 
  368.95800999082996    148.97578452237346    211.57066152370194      o 
  365.50734874189419    148.14034875005780    216.03736112507934      c 
  365.40348834887578    146.30988038601660    218.27555743343925      c 
  367.48491012066546    144.30199638189293    218.23478801640118      c 
  367.03290999919386    142.19274765869571    220.14481300519225      c 
  367.09914220463668    143.17215454836438    222.78671967007807      n 
  362.80399612107294    144.30782797185958    214.78810109130541      h 
  364.37343205375078    148.29574113180902    212.13249928162071      h 
  367.24374049444231    149.24970790506003    216.11224020567326      h 
  363.93447087295476    149.45945616257208    216.22515393159563      h 
  365.58003083446937    147.49514017136715    219.95320613436792      h 
  363.55510771494608    145.39555569961567    218.33319830598921      h 
  367.57538353953458    143.42847373260145    216.37325314243475      h 
  369.32149926548243    145.18061577230284    218.55248315999069      h 
  365.19520404674984    141.31996922373423    219.80466970897430      h 
  368.49311393161526    140.75748185286722    219.91299143598877      h 
  366.86795227652073    141.71290477504647    224.05302308115057      h 
  368.80703347872509    144.03897030552673    223.13264009360495      h 
  365.67225563377383    144.47206676662560    223.03253222029988      h 
  369.25560075389490    144.75340211009825    211.86938659155535      n 
  371.76387174516913    144.62754571275420    210.80302884746033      c 
  371.84052915935956    143.22924391913591    208.28001054731644      c 
  373.87359153736122    142.66899401043804    207.29291641349064      o 
  373.57314742096065    143.31641920043955    212.63302098109810      c 
  372.57087441361335    140.64879837183483    213.35915891623915      c 
  370.69190164879728    139.85787999752674    212.14858246327518      o 
  373.65540312144179    139.53133786946930    215.10805260792955      o 
  368.52809490150810    143.04165913327418    212.31702183347790      h 
  372.38866257215966    146.57454870944380    210.45202692345472      h 
  375.40788369590939    143.03371826616285    211.73093491791391      h 
  373.86105680656044    144.41589985102536    214.35176098175498      h 
  369.61334316841203    142.81730252600047    207.16036680109801      n 
  369.40751993292383    141.35644384624541    204.88403315724489      c 
  369.02530568206959    138.51099291209150    205.27880418803332      c 
  368.82286106455143    137.12227862758124    203.43213402594060      o 
  367.98408128648612    143.21157105201382    208.09531126261928      h 
  367.80523588541962    142.02692344962065    203.77752620038891      h 
  371.11375681883993    141.62817036128877    203.75845515640640      h 
  368.83866286582310    137.73039206597807    207.66611437932914      n 
  368.09059631625144    135.16748324729599    208.22936022383126      c 
  365.55936734639732    134.69236803278358    206.92163900334646      c 
  364.20816610146858    136.46341800496114    206.26274360088718      o 
  367.79563297447817    134.79152107065221    211.08934195755126      c 
  365.74197821009921    136.11992107295012    212.09723455406984      o 
  369.38139209515543    138.81112957518243    209.16397811444128      h 
  369.48978810295063    133.81031925786078    207.51399761754692      h 
  367.64027084629453    132.76445366813383    211.46967230489082      h 
  369.48042552735546    135.53392951163474    212.02913003291187      h 
  364.15972133874385    135.27795478173041    211.64977630935994      h 
  364.95710596861250    132.28104299814396    206.55305194161218      n 
  362.63288206866639    131.67149303656777    205.24394292509851      c 
  361.40451493758445    129.35260815515770    206.42159504189581      c 
  362.43226732418549    127.29138011372598    206.63332165955129      o 
  363.08500510736235    131.37721475578903    202.37418989980787      c 
  360.57429227476632    130.77457788114327    201.06461674997146      c 
  365.11398886565911    129.41158028445895    201.82459400050561      c 
  360.72616277010849    131.03591770307742    198.20082668518296      c 
  365.92727060834022    130.87313988775708    207.44528613228772      h 
  361.36010960693966    133.28366536101720    205.52423465286472      h 
  363.76954307635975    133.22069178331662    201.71638467590239      h 
  360.00613061868916    128.85606471430765    201.57421805710246      h 
  359.13664621265099    132.06413527746827    201.79820505684620      h 
  365.42842607125641    129.25537586195597    199.80523660332648      h 
  366.89123641575225    129.95647118113126    202.70463796460191      h 
  364.56213290023084    127.58408066986856    202.58247332510095      h 
  358.86128213597090    130.81909695363706    197.37341469888560      h 
  361.45474334800406    132.89162840935381    197.70912545240515      h 
  361.96854425698490    129.61285978728566    197.40480041130263      h 
  370.08807175954615    138.18141541494055    188.35325851435869      h 
  379.97538583819721    126.80372570469110    225.88641577474436      h 
  401.71103245781956    141.21900962222000    217.46812691648921      h 
  399.51043561849207    142.22479128146966    210.38296227940711      h 
  395.69378971613406    143.11833717117779    207.00204136738606      h 
  401.52086988261743    134.21871647753721    205.01920136326342      h 
  388.75427348408738    131.72257364876185    217.84705256457923      h 
  368.19838446459323    120.18365891100461    209.70979333579072      h 
  363.23681468323110    115.99818010471577    203.46882553399971      h 
  364.82267891519001    111.92124697062758    208.34203869229000      h 
  359.81120305849879    139.46320081100990    208.43725836310503      h 
  359.63870505301009    129.45392649638802    207.08696276612494      h 
  -0.3214873078091D-01   0.7904469255088D-01  -0.7536436682184D-01
   0.3974802917871D-02   0.7950180611882D-02   0.6308442806447D-03
   0.7237336122256D-02   0.1121244131098D-01   0.8040717126076D-04
  -0.2228928998638D-02  -0.3483517768377D-02  -0.3140685215013D-02
  -0.1142160783583D-02  -0.3054576042428D-02  -0.5914041934678D-02
   0.2037562560855D-02   0.1465782330399D-02  -0.3003649407492D-03
   0.5278724802877D-03  -0.4198203379560D-03  -0.1143927021658D-02
  -0.5290629971291D-02   0.1486894652514D-02  -0.1544081015773D-01
  -0.2388244737625D-03  -0.9379252151064D-04  -0.3311507182925D-02
  -0.7225588027084D-04  -0.3991240225287D-03  -0.1846837011685D-04
  -0.3408510148068D-03  -0.4229513603815D-03  -0.1892780968625D-02
   0.2278880735923D-03  -0.1592841897714D-03  -0.4138946822346D-03
  -0.8309402737423D-03  -0.1641433872484D-03   0.6547851060206D-04
   0.4633112835654D-04   0.5352924477422D-03   0.2207103980221D-03
   0.1589449737288D-03  -0.6816943931151D-03   0.3388241714096D-03
   0.3619160652554D-03  -0.1315034025250D-03  -0.8093832341886D-03
  -0.3539213345296D-02  -0.5074484898404D-02   0.1230724038967D-02
   0.1674524449641D-02  -0.1276935886651D-02  -0.1586604225962D-02
  -0.8259087988665D-02   0.3489937305549D-03   0.4755161118432D-02
   0.5637414072552D-02   0.2120564111119D-02  -0.2882730117303D-02
  -0.1956399717417D-02  -0.2233238342684D-03  -0.1726450207204D-03
   0.1435565263573D-03   0.9198689726102D-03   0.1369011524132D-02
   0.7077457177362D-03   0.1259633563836D-02   0.1185013109652D-02
   0.3515464103471D-03  -0.1916299661640D-04  -0.1053227917623D-02
  -0.1576701677397D-03  -0.3169125209585D-03  -0.2765509566262D-03
   0.4495501998387D-03   0.1031241340359D-03  -0.9860606172673D-04
   0.9464817016906D-04  -0.5914850626263D-03  -0.8823068038309D-03
  -0.1872976053039D-03   0.8654344703200D-04  -0.2588695644372D-03
   0.1558673090546D-03  -0.7339635223084D-03  -0.5689802443710D-03
   0.2806486223022D-03  -0.7316395739385D-03  -0.8442977078501D-03
   0.9337756039834D-05  -0.4414167996277D-04  -0.8878665399054D-04
  -0.2796499406955D-04   0.1104790332644D-04   0.2428289858006D-04
   0.9182030122312D-06  -0.1762931409494D-03  -0.1239169629264D-03
   0.9103281152950D-05   0.4103297776353D-04   0.1832106715886D-04
   0.3232787724268D-05  -0.1643392886168D-04   0.5843112714065D-05
  -0.4942556775708D-05   0.1022169255856D-04  -0.8755515678802D-05
   0.7778498767333D-05   0.2205004651228D-05   0.3515941585471D-05
  -0.8130713029918D-05   0.1464034548270D-03   0.7274838277667D-04
  -0.2568996051396D-04  -0.3777046994303D-04   0.1608418029221D-04
  -0.1051982159988D-03   0.2911770715623D-03   0.5515755513535D-04
   0.5427074999976D-04  -0.1937204743092D-03  -0.8372709323496D-04
   0.1525614521260D-04   0.1017667941507D-03   0.3517956647019D-04
  -0.4334951576330D-04   0.4056999669289D-04   0.1276139451851D-04
  -0.8584447702649D-04   0.6296501097204D-04   0.5672936967750D-04
  -0.9450739848198D-04   0.6290204283329D-05   0.1659496664086D-03
  -0.5935064047673D-04   0.8742360609391D-05  -0.1284680493768D-04
  -0.4428150859095D-04  -0.3457858168125D-03   0.1312578816496D-03
   0.3462408255954D-03  -0.1251988747370D-04  -0.7118889042948D-03
  -0.3135267292566D-03   0.1489460372805D-02   0.1764270561576D-03
  -0.6573110057076D-05  -0.4124608778416D-04  -0.2590386196574D-04
  -0.4048572960028D-05  -0.8228742513477D-04  -0.3797262824981D-04
   0.3015771946670D-04   0.1637202225349D-03   0.9695543854433D-04
   0.2729017493370D-04   0.3455581368068D-04  -0.3962298492188D-04
  -0.4884123652535D-04   0.8174491705324D-04  -0.7893074359894D-05
  -0.4199737106733D-04   0.2109373521909D-04   0.1047256782431D-03
  -0.9422278420613D-05   0.6827967797295D-04  -0.1420330598756D-03
  -0.1012639238397D-03   0.4808117920157D-04   0.5605582694825D-04
  -0.1829004108307D-03  -0.9103106580414D-03  -0.6993576247379D-03
   0.1975502936196D-04  -0.5734417173432D-04   0.8665752246158D-06
   0.1164517915689D-05   0.3345650339594D-04  -0.2511103358922D-04
  -0.2232828256335D-04   0.4375829275925D-04   0.4276168573306D-04
  -0.2413234079641D-04  -0.3178594123228D-05   0.3107580004925D-05
  -0.4663321866203D-05   0.3578263368154D-04  -0.2375631049118D-04
   0.8687452179344D-05   0.1352020081028D-04   0.5645174363335D-05
  -0.4168672237807D-05  -0.9658725653724D-05  -0.2104224056813D-04
  -0.7182849420802D-05  -0.1101860329770D-04   0.3363824769958D-04
   0.1244824340548D-04   0.1068221911450D-05  -0.3228271358262D-04
   0.1652752521636D-04  -0.1346815566764D-05  -0.3107506063441D-04
  -0.4330196635047D-03   0.1148122054361D-02   0.5985710675689D-03
  -0.5990371445548D-03  -0.1632585984981D-03  -0.1373359728499D-02
   0.6642438913386D-02  -0.3694393872949D-02   0.4461203372292D-02
  -0.5114589370067D-02   0.4611243318364D-03  -0.8121309954589D-03
  -0.9033949782849D-03  -0.1176345796211D-02  -0.1208025929533D-02
   0.1659497647187D-02  -0.1968527154430D-03  -0.6258204917743D-03
   0.2678341858501D-03   0.1138954163300D-02  -0.4328604363621D-03
  -0.6653472721301D-03  -0.6715535574542D-03   0.2146996220656D-02
   0.1021999378437D-02  -0.1469354687030D-02  -0.1130584601056D-02
   0.1704459005384D-03  -0.3285858310571D-03   0.1233512747321D-02
   0.1912663939392D-03  -0.9515687446813D-04   0.2944475721807D-03
   0.2066497885048D-03   0.6828480095841D-03   0.3659831164160D-03
  -0.5595542270592D-02   0.2713325549271D-02  -0.1126117652738D-02
  -0.3656363198424D-02   0.7481959056476D-03  -0.9146379773622D-02
  -0.4073051635973D-01  -0.6655363755753D-01   0.3263842259381D-01
   0.1065566777656D-01   0.7763843444726D-02   0.1294925400422D-01
  -0.1568903218302D-03   0.4802484307743D-02  -0.1768742376006D-02
  -0.1813521104020D-02  -0.9254921982189D-02   0.2752789646432D-02
   0.1537574058143D-02  -0.1088696774892D-02  -0.2541678423915D-02
   0.2655320949746D-02  -0.1524749106616D-02  -0.1475610606576D-02
  -0.4771583377306D-03   0.9842739624842D-03  -0.8887687407985D-03
  -0.6695861061383D-03  -0.2189003568168D-03  -0.4078003349534D-03
   0.1558241407733D-02   0.9504882763614D-02  -0.6403021788974D-03
  -0.2458786452338D-03  -0.1139638128087D-02   0.4445694426881D-03
  -0.4184946902591D-04   0.3436686333386D-03   0.9805429588255D-03
  -0.4894912784284D-03   0.6583820388208D-03   0.2358767432368D-02
   0.6261094203248D-01  -0.8200435804000D-01   0.6358552832324D-01
  -0.3081995391253D-02  -0.1070750289010D-01   0.4835769613160D-02
   0.1033860000376D-01  -0.5669937524170D-01  -0.7952961518225D-01
  -0.3369768726924D-02   0.2636826697436D-01   0.1428513312866D-02
   0.7910117586765D-02   0.5619565660794D-02   0.6042739716670D-02
   0.1775152571701D-02   0.9314396574480D-03  -0.2713303925790D-02
  -0.5738265323508D-03  -0.6511171429036D-03  -0.4335323639806D-03
  -0.3562984354220D-03  -0.9341645906485D-03  -0.4799946820375D-03
  -0.1437443417858D-02  -0.6878878764307D-04  -0.4975825614253D-04
  -0.1814222015303D-04  -0.2013531609041D-02  -0.1849654092109D-03
  -0.2295785654318D-05  -0.2168013336508D-03   0.1106249749669D-02
   0.3785115998924D-02  -0.3296837335005D-02   0.9879651952719D-02
   0.1470440317083D-02  -0.1152251210510D-02   0.7599958568907D-03
   0.7482012904090D-03   0.1157525444974D-02  -0.3882618074400D-03
   0.1583360681086D-02  -0.6335990125627D-03   0.1296736152206D-02
   0.4642085890538D-03   0.6731540647174D-03  -0.2191053012227D-03
   0.9867544154201D-04   0.9163034232864D-03  -0.5317321934778D-04
   0.9265301382512D-03   0.4343451756513D-03   0.2657869553630D-03
   0.6404870382207D-03   0.1171282412028D-02   0.2724543358196D-03
   0.7447347740753D-03   0.6142697504621D-03   0.1607242070612D-03
  -0.1377549734407D-01  -0.5368443190590D-01   0.1180297607109D+00
   0.1195252469289D-02  -0.7085623930149D-02  -0.2672539765334D-02
   0.6349514916900D-02   0.7147432688867D-03  -0.8233832292316D-02
  -0.8849175132615D-03  -0.2731070967022D-03   0.1952647520792D-02
   0.7312182118799D-02  -0.3207871790190D-03   0.2233784521304D-02
  -0.2461191865454D-02   0.3791404111798D-02   0.3937819381290D-02
   0.3459445371761D-02  -0.4091550223303D-02  -0.1472642053498D-02
   0.1423755436878D-02  -0.2331368620569D-02  -0.1322311200679D-02
   0.8222840872952D-02  -0.3424396566615D-02   0.7963171016085D-02
   0.2806254113593D-02  -0.6419280737914D-03   0.1610469863905D-02
   0.2645015582845D-02  -0.7786011488777D-03  -0.1611259541742D-02
   0.8404605812407D-03   0.7824963457163D-03  -0.2859339196922D-03
  -0.6345161487701D-02   0.1225942843851D-02   0.3299240970984D-02
   0.3113208351221D-03  -0.2650125959770D-03  -0.2991076968375D-03
   0.7296498823143D-02  -0.1351325883821D-02   0.8400346424683D-02
  -0.1588381508059D-02  -0.4414676674632D-03  -0.3247963966416D-02
   0.3165484156699D-02  -0.2768682182607D-02   0.4577444086246D-03
  -0.3004268480671D-02   0.1367968954221D-02   0.7966717490414D-03
  -0.1265913343659D-02   0.2369737431907D-03  -0.1838561883095D-02
   0.5722140511597D-02  -0.2886414095081D-02  -0.5603722868165D-02
  -0.8388530789662D-03   0.3767042913238D-03   0.1932093151076D-03
  -0.7090656764967D-03  -0.9022833711917D-03   0.1143466744891D-02
   0.6182627546691D-03  -0.5368726132456D-03  -0.1212544106436D-02
   0.2027710153375D-03   0.8478058087025D-04   0.7127709311061D-03
   0.1354121242443D-04  -0.1364697115719D-04   0.9301448776012D-03
  -0.5527880477009D-03   0.1087312876159D-03   0.2834385901244D-03
  -0.4674612886880D-02   0.4345125967138D-03  -0.1643031561397D-02
  -0.1037776406039D-03   0.1268308657824D-02  -0.4042528127526D-03
  -0.2263800149084D-02   0.2714011423580D-02   0.6373589281403D-02
   0.1054031563168D-02  -0.2456796265501D-02  -0.2441511005356D-02
  -0.2806970744235D-02   0.1257997921405D-02  -0.3580499599597D-02
   0.3578543912971D-02  -0.2806723594242D-02   0.2910465822860D-02
   0.5674548815452D-03  -0.1537844000139D-02  -0.2113690864984D-02
   0.1806917192998D-02   0.2046735862344D-02  -0.3311989226347D-03
  -0.2378515671321D-03   0.1433622540498D-03  -0.8797748466901D-03
   0.3109935449963D-03  -0.8203246624124D-03   0.1086464311490D-03
  -0.5286870351712D-02   0.3762857381970D-02   0.2642004261255D-03
  -0.2987049619637D-04   0.8044623614892D-03   0.7543257693970D-03
  -0.5826236291967D-03  -0.2725841628314D-03  -0.5411206926782D-04
   0.2430837478188D-03  -0.3312463265949D-03   0.1930903710363D-02
  -0.6015001069619D-03  -0.2389526143987D-02  -0.6971780618539D-02
  -0.8909600842873D-02   0.2458686583050D-03  -0.4162221530959D-02
   0.7233156330870D-01   0.4948183396083D-01  -0.2756499142618D-01
   0.3053973755645D-03  -0.1190506522065D-01   0.1348375819390D-01
  -0.1352591882596D-02   0.1029240828722D-02   0.3208462249260D-02
   0.2040355627293D-02   0.2290228175037D-02  -0.3254523727734D-03
   0.5152284601396D-03   0.3763195618462D-03  -0.6042529880870D-03
   0.1389656041444D-01   0.8492083692156D-01   0.8757768048947D-01
  -0.1160851363361D-01   0.6184362403518D-02   0.5328776291709D-02
  -0.5049147147979D-02  -0.6302390270765D-02  -0.6366149807746D-02
  -0.1464092927445D-02   0.2335151130398D-02   0.4044197205175D-02
   0.5029403574388D-02  -0.6661720429738D-02   0.4550982376917D-02
   0.5975837787870D-03  -0.2481344311263D-02  -0.1639313632145D-02
   0.2799080056463D-02   0.9337201056659D-03   0.7877502958797D-03
  -0.1821250171681D-03   0.3328617950601D-03   0.2380104769293D-02
  -0.2748250450967D-02  -0.2323428089213D-02  -0.1666977690372D-02
   0.3586238122945D-02   0.3564308233035D-02   0.1097323374812D-01
   0.2705404096787D-03   0.3680818409077D-03   0.1551617764891D-02
   0.8690745611835D-03   0.1336703374432D-02   0.4709688252366D-03
  -0.1965352478764D-03  -0.9985598542123D-03   0.2596907326855D-02
  -0.1532606974329D-02  -0.1203001240698D-05   0.1264638374658D-02
  -0.2984715668228D-03   0.8676534574497D-03   0.8683680638901D-03
   0.3772352815116D-03   0.1231714501672D-02  -0.5294002795046D-03
   0.8728937899017D-03   0.7048244553305D-03  -0.3087204338331D-03
  -0.5441482574680D-04   0.6009823799700D-04  -0.3246764138883D-04
   0.1547263457113D-03   0.9057630843831D-05   0.2135438171694D-05
   0.9361749279325D-05   0.6051756000596D-04  -0.6722978220187D-04
   0.4430077100415D-04   0.6864434350532D-04  -0.1357248613585D-04
   0.9571255081920D-04   0.5312843227566D-04  -0.5349179946884D-05
   0.3957089236185D-05  -0.1128639265176D-05  -0.8124908504793D-04
   0.2414442999454D-03  -0.2832827635748D-04  -0.7646779194936D-04
   0.3288973803852D-04   0.5150609826413D-04   0.3227601574675D-04
   0.1746146123198D-03   0.2564535578742D-04  -0.6338034504498D-04
   0.8729660974801D-04   0.4232200412893D-04  -0.5016775526631D-05
   0.2600781007529D-04  -0.4924793531128D-04  -0.8535237139049D-04
  -0.2396017540397D-05  -0.2440959866503D-05  -0.8142790976512D-04
   0.5616066373511D-04  -0.5725111166718D-04  -0.1024529471002D-03
   0.1086051176251D-03  -0.1649187279769D-03   0.1923984911487D-04
   0.1884791795678D-03   0.5742794119982D-06  -0.9367007486087D-04
   0.1632664460505D-03   0.5652835631554D-07   0.6073154729337D-04
   0.1543573758670D-03  -0.4427278068284D-04   0.8428406818012D-04
  -0.1873828922448D-04  -0.5286986560889D-04  -0.2485499910972D-04
  -0.1150401242478D-04  -0.7140157879033D-04   0.3017246560648D-05
   0.8032773360607D-04  -0.8481975258327D-05  -0.3416437077240D-04
   0.7744529710147D-04  -0.1410342672192D-03  -0.4892918268508D-04
  -0.8982948243509D-04   0.2036864183336D-04   0.2170480397729D-04
   0.6578613006029D-04   0.1370570090248D-04  -0.7732070495202D-04
  -0.2607676599254D-04  -0.2154655711375D-03  -0.5214054726307D-04
   0.1446362422240D-03  -0.4385621718635D-04  -0.1255358620507D-03
   0.5132756166907D-04  -0.1789510322731D-03   0.9427412263605D-04
   0.2253673805568D-05  -0.2459582225619D-04  -0.5872711053937D-05
   0.2681118060532D-04  -0.4774548268827D-04   0.7145971049542D-05
   0.1042678478970D-04  -0.4689907401017D-04  -0.1413858357254D-04
   0.7201697480817D-04  -0.5518878605336D-04   0.3938168929207D-04
   0.5955474252908D-04  -0.4248687141966D-04   0.1491690678357D-05
   0.7487224785733D-05  -0.5879185272293D-04  -0.2326000151753D-04
   0.4469837958143D-05  -0.2813477261966D-04  -0.3837199264030D-05
   0.6093952281019D-05  -0.5045466548358D-04  -0.2287174237668D-04
   0.4648212780083D-04  -0.5111244995871D-05  -0.2358585918389D-04
   0.3782823038877D-04  -0.7935523624795D-04   0.3778245004348D-04
   0.4568962163567D-04  -0.5636925671636D-04  -0.5419451018513D-04
  -0.8038288926311D-05  -0.8524990129004D-04  -0.2045170950009D-04
   0.1931978570876D-05  -0.5070605735174D-04  -0.2971567577895D-04
   0.5783256131098D-05  -0.6540216798769D-04  -0.1005569035804D-05
   0.8632826223459D-04  -0.8439226975620D-04   0.1266164970026D-05
   0.1046205349252D-03  -0.4807567871385D-04  -0.1132441263870D-03
   0.3290365514151D-04   0.1083305962462D-03  -0.1681138464264D-04
  -0.3682720254017D-04  -0.1587372888017D-03  -0.1394446379721D-04
   0.1570481774983D-03   0.2173578150260D-04   0.2736497073008D-03
   0.7778648864881D-04  -0.2467330143262D-04  -0.1487544714705D-04
   0.1045977526040D-03  -0.5075344570132D-04  -0.1037207021267D-04
   0.8631264439140D-04  -0.2191250545351D-03  -0.7242875002419D-04
   0.1204674394894D-03  -0.3379069807424D-04   0.8055160694356D-06
   0.4591197676963D-04  -0.9328059847598D-04   0.4120950822755D-04
   0.3168701298153D-04   0.1132275629174D-04   0.3483196456930D-04
   0.9046160055434D-04  -0.2129231073795D-04  -0.1919738972458D-03
  -0.5617159196135D-04  -0.5531978495479D-04  -0.2578349111016D-04
   0.1324903756384D-03  -0.1728987129328D-03   0.3261084037353D-04
   0.2874179358579D-03  -0.4334186347887D-03   0.1167011861441D-03
   0.1188036343423D-03  -0.9390539926192D-03  -0.2590122963915D-03
   0.5727145192424D-03   0.2181903245627D-03   0.5722014318117D-03
   0.9116481575753D-04  -0.3504936315147D-03  -0.7054151181093D-03
   0.3509310018695D-04  -0.6811767604150D-04  -0.2908011390611D-04
   0.3895428923498D-04  -0.2029641391169D-03  -0.7880019339808D-04
   0.1486764212225D-04   0.8062681856822D-04   0.9570544248471D-04
  -0.7964431337252D-04  -0.2846707695400D-04   0.2111529109899D-03
  -0.8461460662636D-03   0.4293227918599D-03   0.2001104213697D-02
  -0.3923768290166D-03  -0.1950192278650D-03   0.1251434478117D-02
   0.4031286308872D-02   0.2015535110258D-02  -0.2404784655571D-02
  -0.4415830334875D-02  -0.3171699403848D-02  -0.2920841087081D-02
   0.3017916190864D-03  -0.6148816077394D-03   0.8082924297608D-04
   0.1805824739019D-03   0.9278279138978D-03   0.1874504037893D-03
   0.2857170485891D-03   0.2437838723709D-03   0.1715793901490D-02
   0.5377287971795D-03   0.6301764891733D-03   0.3702897643837D-04
  -0.1534244853226D-02   0.6810215200892D-03  -0.7669285002822D-03
  -0.1475130290853D-03   0.5321824523105D-03  -0.6816081508133D-05
  -0.4878212863173D-04  -0.1344087234905D-03  -0.2513659276728D-03
   0.1323027672606D-03   0.1016767654463D-03  -0.1012044418846D-02
  -0.3903462867040D-03  -0.5909047967972D-03   0.3031594335796D-04
  -0.2272048844261D-03  -0.9323309581135D-03   0.4664088721349D-03
  -0.3316532461659D-03   0.2642254123776D-03  -0.1627228834602D-02
  -0.1927529963160D-03  -0.3621149309129D-04  -0.5254593666017D-03
   0.6759312598301D-03  -0.1680937429287D-02   0.2350586894035D-02
   0.2750091204745D-03   0.1550050612460D-03  -0.6427630960439D-04
  -0.1673107460649D-03  -0.3442622892963D-03   0.5341322420582D-03
  -0.1215905073739D-02  -0.1187625539183D-02  -0.9699543776531D-03
   0.4267641937434D-02   0.2399139623696D-02  -0.2798482414496D-02
  -0.2465568331126D-01   0.8235585656815D-01   0.2459239843835D-01
  -0.1146868717928D-01  -0.1353596296949D-01  -0.6439082983669D-03
  -0.1095722925334D-03  -0.1891264621581D-02  -0.1284422878328D-02
   0.1606743679335D-03  -0.1272542095580D-02  -0.4586916487926D-04
  -0.3078134985156D-04   0.2597059462032D-03   0.1247324308024D-05
  -0.2680091478854D-04  -0.6212869011940D-03  -0.3168271652512D-03
  -0.5561605962278D-03   0.2800925024174D-03   0.1944051080527D-03
  -0.8284527865199D-04   0.6984908546683D-03   0.7914371777493D-03
   0.1423102682272D-03   0.9947850639625D-03  -0.1591650361824D-03
  -0.1842417273805D-03  -0.9861083138506D-04   0.1409326216469D-03
   0.2550171425310D-03   0.2238947193111D-04   0.2598504036531D-03
   0.2214909195895D-03   0.1129515088567D-03  -0.1457783047310D-04
  -0.6703992937393D-01   0.2907519195966D-01  -0.9176139559632D-01
  -0.9823035389755D-03  -0.5132133633259D-02  -0.3554489623901D-02
   0.2713502788665D-01   0.4939288160038D-01   0.7634315073250D-01
  -0.1121149070714D-01  -0.2160471028195D-01  -0.3794734747309D-02
  -0.5735047842379D-02   0.7968736563778D-02   0.1274559078916D-02
  -0.9328419711286D-03   0.8557886163115D-03  -0.8805053640080D-03
   0.9253890829745D-04  -0.6281798703486D-03   0.8936801111391D-03
   0.2399612827364D-03   0.2998854769867D-03  -0.5171063851374D-04
   0.1451100887910D-04   0.3986862026560D-03   0.7147158884578D-04
  -0.5908022833076D-02   0.1137101791592D-01  -0.7747608451936D-02
  -0.1965897173496D-02   0.2819369989056D-02  -0.2524907630979D-03
   0.1438152892248D-02  -0.9995968612951D-04  -0.3105266363177D-03
  -0.2152638655794D-02   0.1404480479870D-02   0.3496300306556D-03
   0.4460358022943D-03   0.1415812826864D-03   0.2900474019344D-03
  -0.1930698003136D-03  -0.3822116937768D-03  -0.3713743294725D-03
   0.1399244904507D-03  -0.6990786159398D-04  -0.1463169148626D-03
  -0.5755728034090D-04  -0.6684982944175D-04  -0.4019402849325D-04
   0.7552992336204D-04   0.2385229881513D-03  -0.2529030328536D-04
  -0.1786278805594D-03  -0.3621533545778D-04  -0.1036012657763D-02
  -0.5557009153450D-03  -0.2386761907148D-03  -0.9062952366010D-03
  -0.2576827136504D-03  -0.4837506783249D-04   0.1413976806925D-03
   0.5066214894407D-04  -0.6251337920430D-03  -0.1571405728098D-03
  -0.9832416754598D-01  -0.7557713614282D-01   0.3340129666406D-03
  -0.5615082213025D-02   0.4097796251796D-02   0.6837393579041D-02
   0.2949702636507D-02   0.3800603458960D-02   0.9061092694966D-02
  -0.1855248705531D-02   0.2412030011981D-03  -0.5013094346532D-02
   0.1163363350690D-02   0.1347207630308D-02  -0.7292868688658D-02
  -0.6255245219662D-02   0.1025281242071D-02  -0.1669555420733D-02
  -0.5636290418545D-03  -0.2206850418854D-02  -0.2682905740118D-02
   0.3172967884850D-02  -0.4114030934672D-04   0.1755341771515D-02
  -0.9557187262686D-02  -0.8756964398996D-02  -0.7540084220519D-02
  -0.2505491673927D-02  -0.1256660284620D-02  -0.1659135656751D-02
   0.1957351409401D-03  -0.1341898222382D-02  -0.2002898390419D-03
  -0.5474550211193D-03   0.4794098870364D-03  -0.1573655287918D-02
  -0.4525356357495D-03  -0.6513691570793D-03  -0.3012730642904D-03
  -0.3668774259988D-03   0.5985588192655D-03  -0.1273130886236D-02
   0.9410443994607D-03  -0.7590346242414D-03   0.2978567478803D-02
  -0.4596621228890D-03   0.5146653704782D-03   0.5045331200234D-04
  -0.5690482342892D-03  -0.4914687142628D-02  -0.2459879013579D-02
   0.1326485833041D-02   0.1455572110565D-02  -0.1943274109240D-03
   0.2755025214959D-04  -0.4678293258629D-03   0.1449673783558D-03
   0.8789053552789D-03  -0.5769993616283D-03  -0.1322146341906D-03
   0.8629199805948D-03  -0.9620763449524D-03   0.5446011095742D-04
  -0.3243833352151D-03   0.2338785261505D-03   0.2668103021612D-03
   0.1341261020620D-02   0.3585016662817D-03   0.4181949598865D-03
  -0.2049611774884D-03   0.4045286304288D-03  -0.2923248885375D-03
  -0.1143219239580D-03   0.1560482707444D-03  -0.2612710115938D-03
  -0.6601622788715D-04   0.2982878935449D-03  -0.2176667680984D-03
  -0.6298359695714D-04   0.3240707987942D-03  -0.1261049802464D-03
  -0.3675045193342D-03   0.1485305922785D-03   0.9019546905390D-04
  -0.5208108027748D-03   0.2645249418805D-03   0.8120868483210D-05
  -0.5469777923756D-03   0.4234333905868D-03  -0.3949735247071D-03
  -0.6630680741802D-03   0.5420462271635D-03   0.2158549661484D-03
  -0.5758569114372D-03  -0.5254845459131D-04  -0.6753160872232D-03
  -0.4295017034405D-03  -0.2593993266507D-04   0.1137261749314D-03
  -0.7452705153034D-03   0.3974553713073D-03  -0.5003837932502D-03
  -0.1150636871594D-02   0.7269338492789D-03   0.1424706240942D-03
   0.1005410429329D-02  -0.1129401338674D-02  -0.1082946170766D-02
   0.4453814628169D-05   0.9396480460928D-04  -0.8203847587219D-04
   0.2855296817320D-04  -0.2131554650869D-05  -0.5855839673022D-04
  -0.1002821600867D-03   0.6266806766232D-04   0.1577556825457D-05
   0.3962118523694D-04  -0.6066131952136D-04  -0.5073820982178D-04
   0.3893705453671D-04   0.7170137069633D-05  -0.6201767026581D-04
  -0.1434363384522D-03   0.1985248098505D-03  -0.1944349890983D-03
   0.2935761832532D-04  -0.2705782531810D-04  -0.4043911197110D-04
   0.7767834139623D-04  -0.8571959015958D-04   0.7306730485899D-04
  -0.3858300894107D-04   0.1263448949942D-03  -0.5802311094449D-04
   0.1129425750599D-04   0.3149500861879D-04  -0.9330119407989D-04
  -0.1322874017317D-04   0.4866956549427D-04  -0.2577930850627D-04
  -0.5119702963090D-04   0.3141561070984D-04  -0.2979488165041D-04
  -0.1657257731053D-02   0.1493738515493D-02  -0.1332391391993D-02
   0.9853793857251D-03   0.1145689949566D-02   0.4477899434689D-04
  -0.9958603081813D-03  -0.2784613176487D-02   0.2975398122301D-03
  -0.2234560872372D-03   0.1514289091566D-02  -0.1531375772422D-02
   0.1784298809335D-02  -0.9620856853254D-03   0.1963265100712D-03
   0.2353386789837D-02  -0.5273723446249D-03  -0.5553280228296D-03
  -0.1512187434440D-03   0.5550996475628D-04   0.9570362409080D-03
   0.4594595617328D-03   0.1777996813159D-02  -0.1971346119632D-03
  -0.1872225681156D-02   0.1532248215035D-02  -0.2207059420602D-03
   0.3372209753901D-02  -0.2086875847455D-01   0.5267838882280D-02
  -0.5314646998985D-02   0.1298961793042D-01  -0.1354779724194D-02
   0.7617310669083D-03  -0.3247579534998D-02  -0.1934207192339D-02
  -0.3745630201302D-02   0.4147150621808D-02  -0.1749499978156D-02
   0.4178278066811D-03  -0.1149744665087D-03   0.1760837970079D-02
  -0.2136347159298D-02  -0.1293980961177D-02   0.8649688355685D-03
  -0.2896384221176D-03   0.1597940051307D-02  -0.1733474832719D-02
  -0.9730807015327D-04   0.3472143241959D-03   0.2779299680606D-03
   0.3871782028621D-02  -0.1833396100986D-02   0.1522759476105D-02
   0.3165022139087D-04   0.1181308959066D-01  -0.6433776493570D-02
   0.9766756271855D-02   0.3941135107546D-02  -0.6739043496231D-02
  -0.7808071031729D-01   0.3237198650825D-01   0.2295165409308D-01
  -0.1252591253859D-02  -0.1961077083821D-01   0.3095689720790D-02
  -0.6843069609220D-03  -0.2329236165024D-03   0.3381427981566D-02
   0.1304776133180D-02   0.7524296201057D-03  -0.1919045544623D-02
   0.2452462521651D-03   0.4695863003137D-03  -0.2965428747986D-02
   0.6161593592350D-03  -0.1178577431608D-03  -0.1316547595016D-02
   0.2644666507125D-02  -0.5682038468241D-02   0.8900230239726D-02
  -0.9595228832274D-03  -0.5689594548078D-03  -0.3144209784158D-03
   0.9869428889679D-04   0.3034056462793D-03  -0.9854576347493D-03
  -0.6468433832472D-04   0.3631606538257D-03   0.1031764325745D-02
  -0.4771674895686D-03  -0.2633428696004D-03   0.1586356628638D-02
  -0.1095078938968D-03  -0.3935085887603D-03  -0.7447000863013D-03
  -0.7540327084016D-03  -0.5756538447094D-03   0.1399092804496D-02
   0.3914305893432D-03   0.1161449158741D-02   0.8430582503594D-03
   0.1625717533623D-03   0.2518330288879D-03   0.2812042194496D-03
  -0.6537963759321D-04  -0.3744002440724D-03   0.5186171540508D-03
  -0.9208156642839D-04   0.8947133433831D-04   0.7466738039310D-03
   0.3031123338110D-01  -0.8648722035153D-01   0.1042630044267D+00
   0.3559156634444D-01   0.5703524305033D-01  -0.3785665509286D-01
  -0.7880962044018D-01   0.8650588465664D-01  -0.7477408924809D-01
  -0.3101426341233D-02   0.3416645577023D-01   0.6934577968078D-01
  -0.1353608772712D-01   0.6841834105817D-01  -0.1216237251494D+00
  -0.6312769257714D-01  -0.3875247966205D-01   0.1959019946313D-01
  -0.9600136218059D-02  -0.8361011421357D-01  -0.1114123704726D+00
   0.3126418013745D-01  -0.6749017436790D-01  -0.1577329337255D-01
   0.9096824407765D-01  -0.4033429238670D-01   0.9563272474930D-01
  -0.1938498960000D-01  -0.3190471606805D-01  -0.6558623103463D-01
   0.1160183729510D+00   0.7570166514081D-01   0.1344866381503D-01
   0.7325237885218D-01  -0.1594830420392D-01  -0.2198493450284D-01
$end                                                                            
