           2           1   1.01039234835950     
           3           2  0.974048210151868     
           4           3   1.87495979416950     
           5           2  0.977572163489079     
           6           1  0.952863018076840     
           7           2  0.959765448120880     
           8           5  0.979301970764004     
           9           5  0.968364758142854     
          10           5  0.982080993943883     
          12          11   1.01367943758335     
          13          12  0.940817057429678     
          14          13   1.58833705028131     
          15          12  0.974189905546679     
          16          15  0.991486047059356     
          17          16   1.00673432716928     
          18          16   1.01062890758480     
          19          11  0.952477605984625     
          20          12  0.958125047322348     
          21          15  0.972038013781740     
          22          15  0.973873959156575     
          23          16  0.966050043816555     
          24          17  0.985636471611574     
          25          17  0.982675047856119     
          26          17  0.983307672583896     
          27          18  0.985053412908484     
          28          18  0.982912587223887     
          29          18  0.983428273427403     
          30          13   1.32417793723290     
          31          30  0.979755371366154     
          32          31  0.969918312526088     
          33          32   1.88733220558315     
          34          31  0.956164487479240     
          35          34   1.00714237300287     
          36          35   1.41612512585208     
          37          35   1.41139529674952     
          38          36   1.44238024965328     
          39          37   1.44748583383266     
          40          38   1.44081494365077     
          40          39   1.43658436095963     
          41          30  0.871589417834069     
          42          31  0.944910252485395     
          43          34  0.959755739328535     
          44          34  0.969931324785104     
          45          36  0.968569751583530     
          46          37  0.964802244754314     
          47          38  0.971215484402066     
          48          39  0.969453952691006     
          49          40  0.971543061746183     
          51          50   1.02873665510919     
          52          51  0.943322282384765     
          53          52   1.62029772062224     
          54          51  0.949013147685088     
          55          54  0.983452824814169     
          56          54   1.00593397362275     
          57          50  0.919228375608349     
          58          51  0.954168952259158     
          59          54  0.959195110076062     
          60          55  0.876243787868932     
          61          56  0.978290173055995     
          62          56  0.980105025219385     
          63          56  0.985067916290157     
          64          52   1.30756957653041     
          65          64  0.974300324547138     
          66          65  0.961572273228176     
          67          66   1.90030151551536     
          68          65  0.956761834583815     
          69          68   1.00726477998877     
          70          68   1.00741324753753     
          71          64  0.910099735835180     
          72          65  0.953096875609165     
          73          68  0.956500232621376     
          74          69  0.981118731609473     
          75          69  0.981774460941992     
          76          69  0.984968583284016     
          77          70  0.977713609738073     
          78          70  0.983552381947849     
          79          70  0.983088018809256     
          81          80   1.01134037681144     
          82          81  0.981148571749181     
          83          82   1.86765083230277     
          84          81  0.960159691021293     
          85          84  0.991391813281724     
          86          85   1.00923754397453     
          87          85   1.01053592337010     
          88          80  0.950781797974834     
          89          81  0.950744310239007     
          90          84  0.967057652662522     
          91          84  0.973214935068722     
          92          85  0.963784158043037     
          93          86  0.984085625621494     
          94          86  0.984287174881171     
          95          86  0.980034895220988     
          96          87  0.984940072908924     
          97          87  0.984643450962648     
          98          87  0.983569173572853     
         100          99   1.00931023197558     
         101         100  0.983607639626463     
         102         101   1.87946061587746     
         103         100  0.943453785875768     
         104         103   1.01740908879255     
         105         104   1.56665547098381     
         106         104   1.21392862928136     
         107         105   1.21503674178681     
         108         106   1.24011565909455     
         108         107   1.19517764968551     
         109         106   1.32832502102269     
         110         108   1.33571977220453     
         111         109   1.50625623922191     
         112         110   1.49259275602705     
         112         111   1.36606234503682     
         113          99  0.953168517533789     
         114         100  0.961272827625276     
         115         103  0.962871792072429     
         116         103  0.971530746201490     
         117         105  0.961326836013414     
         118         107  0.903786420857180     
         119         109  0.968853285725295     
         120         110  0.967781180781577     
         121         111  0.972454578532908     
         122         112  0.971917143214690     
         124         123   1.01268209750938     
         125         124  0.973173924708173     
         126         125   1.87976976727188     
         127         124  0.965122607315429     
         128         127  0.991423336307528     
         129         128  0.968974397529758     
         130         129   1.62766930305875     
         131         129   1.31248431275263     
         132         123  0.949933754717511     
         133         124  0.958305435567860     
         134         127  0.973176246074301     
         135         127  0.971569842687458     
         136         128  0.954467840286624     
         137         128  0.971519597269164     
         138         131  0.929829843020616     
         139         131  0.928861701212766     
         141         140   1.00993875053325     
         142         141  0.967886126749743     
         143         142   1.88974058358822     
         144         141  0.970020465990583     
         145         144   1.00650491222014     
         146         145   1.00538900253705     
         147         146  0.981755275504751     
         148         147   1.32734907808943     
         149         148   1.32681964158507     
         150         148   1.28752458857257     
         151         140  0.917340256760957     
         152         141  0.960442610274098     
         153         144  0.965067737561494     
         154         144  0.971479869980479     
         155         145  0.970060692893455     
         156         145  0.969134099953574     
         157         146  0.956545642107610     
         158         146  0.951917740882380     
         159         147  0.912104651951451     
         160         149  0.904357610560822     
         161         149  0.920206205701215     
         162         150  0.926504282890820     
         163         150  0.920431301493507     
         165         164   1.02697488006551     
         166         165  0.931863339572792     
         167         166   1.64538450514725     
         168         165  0.961178743057351     
         169         168  0.994101323155682     
         170         164  0.959953841682328     
         171         165  0.953603306507502     
         172         168  0.967966282456209     
         173         168  0.963767329871681     
         174         169  0.880091918082637     
         175         166   1.28047485642442     
         176         175  0.985019422314707     
         177         176  0.935997092635142     
         178         177   1.61995615712348     
         179         176  0.954884281928936     
         180         179  0.996094246827126     
         181         179   1.01089384125896     
         182         180   1.01852177878846     
         183         175  0.917089029918570     
         184         176  0.948450800920598     
         185         179  0.960947423672484     
         186         180  0.976651582658367     
         187         180  0.975419187783438     
         188         181  0.979894431663693     
         189         181  0.977976102409179     
         190         181  0.984132949851539     
         191         182  0.986744378097741     
         192         182  0.985839224329410     
         193         182  0.985739184590994     
         194         177   1.30618362202325     
         195         194  0.974247312608190     
         196         195  0.937151805871625     
         197         196   1.61977654953491     
         198         195  0.978230371211295     
         199         198   1.00367273181926     
         200         199   1.00680271754879     
         201         200  0.978525693936570     
         202         201   1.31638012786939     
         203         202   1.32204846744503     
         204         202   1.30873091738733     
         205         194  0.911230954228586     
         206         195  0.949690042767047     
         207         198  0.966720545114374     
         208         198  0.965778677489175     
         209         199  0.972817953200036     
         210         199  0.970678987474611     
         211         200  0.958138369496646     
         212         200  0.955578877300849     
         213         201  0.918879934554285     
         214         203  0.911978732799816     
         215         203  0.918759350193367     
         216         204  0.924608875352408     
         217         204  0.916879796415002     
         218         196   1.30523793496571     
         219         218  0.983038593248658     
         220         219  0.938941920404641     
         221         220   1.62253840366723     
         222         219  0.978619946116157     
         223         222   1.00473510083170     
         224         223  0.969143686363042     
         225         224   1.64207016012325     
         226         224   1.30354683452328     
         227         218  0.888682829695123     
         228         219  0.941093689031779     
         229         222  0.970644789197456     
         230         222  0.965691925846784     
         231         223  0.949311474544234     
         232         223  0.957575231531859     
         233         226  0.923684838306783     
         234         226  0.928265657863067     
         235         220   1.29136280886037     
         236         235  0.977381702097776     
         237         236  0.928297935088000     
         238         237   1.61483890641236     
         239         236  0.981296213099367     
         240         239   1.00996857100748     
         241         240  0.990725923812162     
         242         241   1.01078121872694     
         243         235  0.924668772184490     
         244         236  0.946306367877758     
         245         239  0.967647391989914     
         246         239  0.967738485564419     
         247         240  0.969270842038424     
         248         240  0.968420328188363     
         249         242  0.981406791495854     
         250         242  0.976482457050475     
         251         242  0.985916782494822     
         252         237   1.32032642974810     
         253         252  0.973556049101753     
         254         253  0.937369951378541     
         255         254   1.59124105614711     
         256         253  0.995819715082407     
         257         252  0.886271633025457     
         258         253  0.948256416950655     
         259         256  0.972987904823012     
         260         256  0.973861671873239     
         261         256  0.975154128089385     
         262         254   1.33261554868988     
         263         262  0.971141650473951     
         264         263  0.938240087904178     
         265         264   1.61533721058953     
         266         263  0.968567588448253     
         267         266   1.00755679771526     
         268         267   1.40374968354398     
         269         267   1.41259856319720     
         270         268   1.45977607267678     
         271         269   1.44987632443196     
         272         270   1.36113036295919     
         272         271   1.37160058663039     
         273         272   1.07895736339117     
         274         262  0.881100978433908     
         275         263  0.949847652762707     
         276         266  0.963768243947019     
         277         266  0.960354195025206     
         278         268  0.966299536985290     
         279         269  0.966401147991599     
         280         270  0.966646354256032     
         281         271  0.964363232153941     
         282         273  0.857106995829680     
         283         264   1.30922823901848     
         284         283  0.988847994138755     
         285         284  0.939748120911953     
         286         285   1.58179910650575     
         287         284  0.960245464123314     
         288         287   1.00751424950131     
         289         287   1.00993925844067     
         290         283  0.884450480843539     
         291         284  0.934454570577875     
         292         287  0.963822786363159     
         293         288  0.982940518394107     
         294         288  0.983008724712936     
         295         288  0.979950650558361     
         296         289  0.984118762930938     
         297         289  0.973970267925505     
         298         289  0.984746455190041     
         299         285   1.32291140101130     
         300         299  0.981222047636855     
         301         300  0.930450979412438     
         302         301   1.60900450762421     
         303         300  0.963561616611435     
         304         303   1.01692907755197     
         305         299  0.883642983751477     
         306         300  0.953320310579514     
         307         303  0.967075630857771     
         308         303  0.960143854135166     
         309         304  0.868782357589433     
         310         301   1.32898269796902     
         311         310  0.989535802369123     
         312         311  0.944791593260109     
         313         312   1.60693141057958     
         314         310  0.881825054193774     
         315         311  0.953155128128930     
         316         311  0.947934382193511     
         317         312   1.31963983481519     
         318         317  0.968927989792936     
         319         318  0.937230620465278     
         320         319   1.59642965229566     
         321         318  0.981678424799949     
         322         321  0.990551853971079     
         323         322   1.01016260571176     
         324         322   1.00957240443539     
         325         317  0.894931276449031     
         326         318  0.944790565364973     
         327         321  0.966433200652591     
         328         321  0.964973702462316     
         329         322  0.966464341119135     
         330         323  0.983502289316443     
         331         323  0.982139182481115     
         332         323  0.979211929951311     
         333         324  0.979877302582262     
         334         324  0.979768061154920     
         335         324  0.978988547175237     
         336         319   1.31955231515068     
         337         336  0.980342223488182     
         338         337  0.935661772606965     
         339         338   1.62690172659676     
         340         337  0.961223487849208     
         341         340   1.01700805808777     
         342         336  0.865249681525231     
         343         337  0.950338379712016     
         344         340  0.956843978339233     
         345         340  0.951709556996021     
         346         341  0.840855470515529     
         347         338   1.31201303051748     
         348         347  0.976365198669332     
         349         348  0.932528108267483     
         350         349   1.61790895337081     
         351         348  0.976593350476393     
         352         351   1.00702555699037     
         353         352   1.41469413955048     
         354         352   1.41026942861553     
         355         353   1.44242610089339     
         356         354   1.44226593497759     
         357         355   1.43970078766284     
         357         356   1.43517099824748     
         358         347  0.892038418036877     
         359         348  0.952473415857956     
         360         351  0.950128067578568     
         361         351  0.964450825970080     
         362         353  0.967202809408065     
         363         354  0.962834760675736     
         364         355  0.971378857623662     
         365         356  0.963743567194745     
         366         357  0.968939980574736     
         367         349   1.30947490898859     
         368         367  0.995511669242351     
         369         368  0.946572539003181     
         370         369   1.58020592255215     
         371         367  0.890338215693073     
         372         368  0.957356489918374     
         373         368  0.953857941689277     
         374         369   1.34349357743412     
         375         374  0.977709778785488     
         376         375  0.974091516170727     
         377         376   1.89467496921169     
         378         375  0.951582552561705     
         379         378  0.994702204995001     
         380         378   1.00687442784927     
         381         379   1.01911067417047     
         382         374  0.878790522450313     
         383         375  0.944811544139772     
         384         378  0.958705281366229     
         385         379  0.972522569786456     
         386         379  0.974137082065443     
         387         380  0.981767837608172     
         388         380  0.983419956205110     
         389         380  0.985924576588240     
         390         381  0.981184244379614     
         391         381  0.982575277687331     
         392         381  0.970934993805637     
         394         393   1.01439654340477     
         395         394  0.932120563667455     
         396         395   1.62526113483899     
         397         394  0.978167064057918     
         398         397  0.997943469420364     
         399         393  0.923678566037072     
         400         394  0.958027762161325     
         401         397  0.966970618697372     
         402         397  0.965712034124075     
         403         398  0.877946565418320     
         404         395   1.31389095013617     
         405         404  0.992577280981510     
         406         405  0.991821189643363     
         407         406   1.88888492824534     
         408         404  0.880651340826579     
         409         405  0.956828040518682     
         410         405  0.933657700650039     
         412         411   1.01523409639241     
         413         412  0.944582862311179     
         414         413   1.57420310512622     
         415         412  0.959244927411062     
         416         415  0.993648096956908     
         417         415   1.00835467085817     
         418         416   1.02054814267117     
         419         411  0.951077189120404     
         420         412  0.954001683157946     
         421         415  0.964115930978544     
         422         416  0.974109336481729     
         423         416  0.974751932327825     
         424         417  0.982731011073571     
         425         417  0.983100372825136     
         426         417  0.981250525196086     
         427         418  0.985936801240352     
         428         418  0.985945962185598     
         429         418  0.982289065951130     
         430         413   1.32364510355873     
         431         430  0.976311292555453     
         432         431  0.939352209838168     
         433         432   1.59028832601231     
         434         431  0.963665094570470     
         435         434  0.994275365878494     
         436         434   1.00805625321421     
         437         435   1.01753353172688     
         438         430  0.910746821047823     
         439         431  0.947370640098708     
         440         434  0.961762365358744     
         441         435  0.966307945835176     
         442         435  0.970277531830643     
         443         436  0.976691709869767     
         444         436  0.980719005538336     
         445         436  0.983726353386691     
         446         437  0.983154632116692     
         447         437  0.985924898619397     
         448         437  0.980428585341530     
         449         432   1.32385527081438     
         450         449  0.973028786947093     
         451         450  0.934936719895694     
         452         451   1.61103480426622     
         453         450  0.981785104762157     
         454         453  0.991200414855940     
         455         454   1.00716785706845     
         456         454   1.01085069730113     
         457         449  0.912563958913756     
         458         450  0.943970203035242     
         459         453  0.968184236180395     
         460         453  0.964389306558425     
         461         454  0.965540310105979     
         462         455  0.984702681720723     
         463         455  0.985809600962742     
         464         455  0.986181540216371     
         465         456  0.984460083842379     
         466         456  0.984659579399981     
         467         456  0.981858792717191     
         468         451   1.31517112173016     
         469         468  0.972589799243679     
         470         469  0.940347514270213     
         471         470   1.61687427703515     
         472         469  0.976945449613011     
         473         472  0.992603085608040     
         474         473   1.00790980463615     
         475         473   1.01090057078971     
         476         468  0.919976998466064     
         477         469  0.943834862708949     
         478         472  0.963484146763451     
         479         472  0.963444519409363     
         480         473  0.964947050367036     
         481         474  0.985824161581072     
         482         474  0.981838486466188     
         483         474  0.982564389411337     
         484         475  0.985028879339570     
         485         475  0.985114110318480     
         486         475  0.986214538794141     
         487         470   1.29463123225167     
         488         487  0.983638355763609     
         489         488  0.934549986635728     
         490         489   1.60163249417806     
         491         488  0.963089886993170     
         492         491   1.01792476695788     
         493         492   1.21018376997740     
         494         492   1.53865492058696     
         495         493   1.28699274050320     
         496         494   1.29350916600948     
         496         495   1.52525980631104     
         497         487  0.899289080848749     
         498         488  0.938979854821328     
         499         491  0.959128508041900     
         500         491  0.958445995247437     
         501         493  0.890574258298257     
         502         494  0.959763717741535     
         503         495  0.963010647457252     
         504         489   1.32616339283260     
         505         504  0.978255323891576     
         506         505  0.936251293873946     
         507         506   1.61830178388500     
         508         505  0.952987658785977     
         509         508  0.997383001646820     
         510         508   1.00545933571162     
         511         504  0.890148829511503     
         512         505  0.945948110007748     
         513         508  0.952183327262086     
         514         509  0.861046801324093     
         515         510  0.980009113279731     
         516         510  0.983240690635068     
         517         510  0.982818110241069     
         518         506   1.31472403156016     
         519         518  0.978444109478410     
         520         519  0.934476352827162     
         521         520   1.58245824450987     
         522         519  0.975398435066764     
         523         522   1.00507528585719     
         524         523   1.41048474180798     
         525         523   1.41538980225301     
         526         524   1.44881006113205     
         527         525   1.44129151904009     
         528         526   1.43532634192336     
         528         527   1.44122372031542     
         529         518  0.895680711617299     
         530         519  0.946694028366125     
         531         522  0.967997733611780     
         532         522  0.954811891425178     
         533         524  0.965445155869168     
         534         525  0.967877577326107     
         535         526  0.970029841934580     
         536         527  0.966857667525546     
         537         528  0.970154699955642     
         538         520   1.34476660247627     
         539         538  0.981463765875474     
         540         539  0.941294302773352     
         541         540   1.59464994553746     
         542         539  0.971562915172243     
         543         542   1.01261381023305     
         544         543   1.57438369552787     
         545         543   1.20956067799151     
         546         544   1.20892045542146     
         547         545   1.23717892704927     
         547         546   1.18914880312532     
         548         545   1.32857625939596     
         549         547   1.33485805536649     
         550         548   1.50134010268958     
         551         549   1.49052156399212     
         551         550   1.36265540244832     
         552         538  0.864330638810819     
         553         539  0.943806622715823     
         554         542  0.960672129213789     
         555         542  0.952907327929486     
         556         544  0.966275070641662     
         557         546  0.934637656767457     
         558         548  0.959135301909668     
         559         549  0.966285980815171     
         560         550  0.967366287284400     
         561         551  0.968982412396110     
         562         540   1.31600549083371     
         563         562  0.995373622352340     
         564         563  0.947207272386504     
         565         564   1.60904798204609     
         566         562  0.891521827690169     
         567         563  0.957140188068200     
         568         563  0.951455314036841     
         569         564   1.31817738896864     
         570         569  0.975952638119070     
         571         570  0.931552862499662     
         572         571   1.62411094877698     
         573         570  0.968093365724970     
         574         573   1.00753495153858     
         575         573   1.00668463792891     
         576         569  0.907083774736106     
         577         570  0.946066034513930     
         578         573  0.957612626329971     
         579         574  0.980710787844835     
         580         574  0.984105790830959     
         581         574  0.984632081426640     
         582         575  0.981536657276824     
         583         575  0.983380940599373     
         584         575  0.976415686776337     
         585         571   1.30215899860528     
         586         585  0.983438185628074     
         587         586  0.932055697281292     
         588         587   1.60966547481700     
         589         586  0.965557790652721     
         590         589   1.00889185871758     
         591         589   1.00611969169449     
         592         585  0.885659198712699     
         593         586  0.954757378264307     
         594         589  0.962658861582092     
         595         590  0.983080372042556     
         596         590  0.984804003770503     
         597         590  0.986080389891726     
         598         591  0.981906975358900     
         599         591  0.985217998624921     
         600         591  0.973117183489569     
         601         587   1.32144410327745     
         602         601  0.977251331711271     
         603         602  0.939442590770359     
         604         603   1.63430438129105     
         605         602  0.963448327416725     
         606         605   1.00636638025694     
         607         606   1.41123233509845     
         608         606   1.41270134039543     
         609         607   1.44513945156537     
         610         608   1.44204883442153     
         611         609   1.43771672787579     
         611         610   1.43865845742456     
         612         601  0.852333416663411     
         613         602  0.954450605627505     
         614         605  0.958869798087134     
         615         605  0.964099101075202     
         616         607  0.968256457978484     
         617         608  0.965295954068683     
         618         609  0.971425263984637     
         619         610  0.968848281349755     
         620         611  0.971036676048886     
         621         603   1.28747179430503     
         622         621  0.983612490539311     
         623         622  0.933417472278195     
         624         623   1.62573335060508     
         625         622  0.965328710181193     
         626         625   1.00482486785956     
         627         626   1.40871690160308     
         628         626   1.41704698045296     
         629         627   1.44539360812732     
         630         628   1.44174690630696     
         631         629   1.43558038594065     
         631         630   1.44134625692536     
         632         621  0.897377721195367     
         633         622  0.953485715182135     
         634         625  0.959944444802638     
         635         625  0.970305069710758     
         636         627  0.953466283099563     
         637         628  0.968681588255184     
         638         629  0.966843007534499     
         639         630  0.970489376703246     
         640         631  0.970177505283637     
         641         623   1.29714142619471     
         642         641  0.970883114053485     
         643         642  0.972369081972477     
         644         643   1.88868251215275     
         645         642  0.969479728167622     
         646         645  0.897633478603375     
         647         646   1.51670646714788     
         648         646   1.50423093745433     
         649         641  0.913126346296119     
         650         642  0.951400129328548     
         651         645  0.965386715699693     
         652         645  0.980068530053692     
         654         653   1.00218549567307     
         655         654  0.971535142864140     
         656         655   1.89276959140853     
         657         654  0.964541252794365     
         658         657   1.01379724286260     
         659         658   1.27929248827878     
         660         658   1.54393457311863     
         661         659   1.52788107140061     
         662         660   1.22253944301859     
         662         661   1.29775894860564     
         663         653  0.949669813007914     
         664         654  0.953916746755598     
         665         657  0.965812919785363     
         666         657  0.963009657411801     
         667         660  0.967396795827233     
         668         661  0.966006103060074     
         669         662  0.868624559485765     
         671         670   1.00740233849853     
         672         671  0.977115763802064     
         673         672   1.86765370719018     
         674         671  0.979348534510939     
         675         670  0.948969898146826     
         676         671  0.959895609555895     
         677         674  0.980202976251266     
         678         674  0.975183468564941     
         679         674  0.981863674423394     
         681         680   1.02017041146603     
         682         681  0.939388153702608     
         683         682   1.62157858696598     
         684         681  0.947595101443795     
         685         684   1.01062130999517     
         686         684  0.992846031153253     
         687         680  0.946165950685028     
         688         681  0.961150890784618     
         689         684  0.964670974542138     
         690         685  0.810056411000002     
         691         686  0.985054879769756     
         692         686  0.986273990585801     
         693         686  0.978128684333616     
         694         682   1.31190064741237     
         695         694  0.984260385358376     
         696         695  0.980943117584137     
         697         696   1.90276440135133     
         698         695  0.981659023540167     
         699         694  0.908956547578810     
         700         695  0.915945480244864     
         701         698  0.971996345222758     
         702         698  0.983986214610619     
         703         698  0.981989467442839     
         704           1  0.953645918549392     
         705           3  0.953322905872396     
         706          11  0.957250326593169     
         707          32  0.954729227016876     
         708          50  0.953945126433961     
         709          66  0.953358121116528     
         710          80  0.954783168264314     
         711          82  0.953401347933455     
         712          99  0.954605837269030     
         713         101  0.955805302692615     
         714         123  0.957075278828583     
         715         125  0.952336381377690     
         716         140  0.958873175132433     
         717         142  0.954676087298250     
         718         164  0.947243924437939     
         719         376  0.954076774241193     
         720         393  0.960300895320215     
         721         406  0.955170269873623     
         722         411  0.955478486664822     
         723         643  0.956055020105407     
         724         653  0.955445480328296     
         725         655  0.955019914001275     
         726         670  0.958508506334347     
         727         672  0.951120196060489     
         728         680  0.954338328389086     
         729         696  0.953655007845514     
