$grad                                                                           
  cycle =      1    SCF energy =  -732.27900945745   |dE/dxyz| =  0.590588
   21.25903073537211     19.06774361468216     47.24667898522321      n 
   20.91187656665368     20.06005489842855     49.76738558474717      c 
   18.13285551253658     20.82760177241932     50.14616637362687      c 
   16.91279271127410     21.85142869914705     48.47608454452484      o 
   22.47931477365448     22.48009050256619     50.15143897037451      c 
   25.27552964501914     22.05559196685814     50.43189554781700      c 
   26.19955374272886     20.70012040691242     52.48295581087518      c 
   26.99989524530967     23.10786614092223     48.75508174670998      c 
   28.76428781217848     20.39372014776296     52.85536749292667      c 
   29.57278583777391     22.86079686020522     49.13698111782052      c 
   30.48506005681348     21.49482481749121     51.19700796175558      c 
   33.01812467073888     21.26826549859682     51.52853489925096      o 
   21.21636921227492     20.32492787010538     45.78691151448949      h 
   21.43625661125348     18.60164978461093     51.13208951420173      h 
   22.12444215649025     23.73103651279347     48.55232822211597      h 
   21.76739346036903     23.40215634587170     51.86010456798540      h 
   24.89487236545274     19.87248848693914     53.81209292288940      h 
   26.35262147526899     24.13348128300147     47.11575864182070      h 
   29.44008548969017     19.32800526575915     54.45939601826428      h 
   30.87228254800669     23.73763723898491     47.83190501194250      h 
   33.38544236084522     20.03657018614141     52.90988277406327      h 
   19.22390146148760     39.16706873931053     60.32472699715026      n 
   20.91020665211502     37.50922443303782     58.96550637058743      c 
   21.39985808214813     38.32702109724065     56.23750965753896      c 
   23.39664531805467     37.77539391318516     55.18930302560621      o 
   19.90274077215639     34.80789377929808     59.00610634742695      c 
   19.88689761933459     33.75913073022073     61.69892860815676      c 
   18.74296034262697     31.14403343881406     61.73469036500170      c 
   16.74431842082557     30.69656905551837     60.63773082633974      o 
   20.01804199674038     29.42863195274113     63.05422657712088      n 
   17.45195233880609     38.51838131857745     60.68216471962533      h 
   22.75773358288298     37.56086685848897     59.91259966726462      h 
   17.98195854050871     34.78561526831293     58.25451608143555      h 
   21.09754612376957     33.63470759968031     57.80199740914793      h 
   21.78447693519559     33.70928334373249     62.49174524355035      h 
   18.67202681328370     34.94153738560119     62.87823046988074      h 
   21.69962372230432     29.88288897126834     63.85718625796581      h 
   19.39451572635604     27.63226005384283     63.18203129269010      h 
   27.91867664211422     40.61911361724047     53.54980619159637      n 
   29.99594719451852     38.88312207916871     53.20375425202512      c 
   30.23766866607231     37.90912688481739     50.48338897782570      c 
   32.25122502618499     37.04184067206516     49.73223905123966      o 
   29.69817127383743     36.62336016649695     54.99288882481459      c 
   30.35621824131294     37.33617184816294     57.66280687495907      c 
   32.85589693706793     37.61734828817097     58.41356219539744      c 
   28.45813367679481     37.76863483192759     59.41862538386476      c 
   33.44027213981191     38.26785758273135     60.87704169393070      c 
   29.03498667195186     38.43586197959451     61.87997641716502      c 
   31.53251536394440     38.67457773431156     62.62103499439867      c 
   26.42663664969277     40.00703194426760     54.58145913204963      h 
   31.76776736475789     39.88047837354161     53.62651008038403      h 
   27.74829174556745     35.96225635394839     54.88735538276910      h 
   30.93006386480024     35.10851814456275     54.33283898008014      h 
   34.36542901711234     37.33725849916529     57.06906146080427      h 
   26.51757823229214     37.57503654692191     58.82871000900531      h 
   35.39276008534456     38.47147105622037     61.42838213475009      h 
   27.53994435683045     38.77633170367147     63.22342339502646      h 
   31.98855359865615     39.17589359678834     64.54583476243859      h 
   28.14287004169454     37.99944511561211     49.09129774624103      n 
   27.95428381540809     37.07128881747489     46.53702335376241      c 
   28.06585289643777     39.19979160744738     44.57363905886659      c 
   27.26138765864580     38.91461194118583     42.42923309894307      o 
   25.48687008489367     35.58692804203265     46.22693091101458      c 
   25.10760859168438     33.50660708039496     48.21064520081607      c 
   22.67777288086793     32.05309267730060     47.64779320165799      c 
   27.34313295529744     31.68714454887952     48.30439492279015      c 
   26.54722339353736     38.84111328272118     49.74658176978353      h 
   29.58921351590203     35.85097625755876     46.16024476146236      h 
   23.92531613074228     36.93127743886803     46.35394911168330      h 
   25.48946941635398     34.78295521107615     44.33103339058825      h 
   24.91881040050739     34.40656784873939     50.06617409448018      h 
   22.26087695359396     30.74216199105003     49.17453037343290      h 
   21.10055116578517     33.35061376862642     47.43639961172935      h 
   22.88178920103256     30.97218387747803     45.91276945347199      h 
   26.92940268351667     30.08941501605719     49.52861623532349      h 
   27.76243958328822     30.95135768740327     46.43254835723667      h 
   29.02672124384181     32.62420748578653     49.01909044183040      h 
   42.49265948257112     43.41666985992558     44.74117903233409      n 
   44.57674286287359     41.76188433399425     45.39891816779883      c 
   46.89262852753726     42.24746655496875     43.73833484190156      c 
   46.71646028402657     42.49410394486718     41.44848415821950      o 
   43.69168778756669     39.00363069229392     45.02533325543884      c 
   41.53236310589008     38.45007117633891     46.75449067085763      c 
   39.00711379925887     38.52228102129710     46.20092451402769      c 
   41.71798137659960     37.83731872321951     49.37632231456809      c 
   37.61430634887827     37.96564351253491     48.30163768923101      n 
   39.21545315099141     37.51626460120377     50.26481553402352      c 
   43.72740604178646     37.51730491348022     51.04964652335968      c 
   38.71555208816041     36.85547149456120     52.75544757252041      c 
   43.22006722870140     36.80747532650969     53.49857512452444      c 
   40.73793242929600     36.48030104562694     54.34974694471943      c 
   41.70880942219627     43.13444439789419     43.00621753871283      h 
   45.01922449974514     42.10166038691837     47.38660590309569      h 
   43.10246102978802     38.78652221355846     43.06066257854694      h 
   45.26437591328094     37.74198691039747     45.44379039360082      h 
   38.10680604831735     38.93100712339756     44.42811906316609      h 
   35.71563512574217     37.81850888471663     48.40478695475312      h 
   45.64294619802824     37.85156839279148     50.45349491983084      h 
   36.79051298576209     36.65088359616965     53.38743773910466      h 
   44.77253593455622     36.49970878019211     54.79143704946808      h 
   40.41671344928918     35.96374753026992     56.29891424094830      h 
   36.20026157435412     30.72883371707999     43.46238110269515      n 
   34.04995913221970     29.11478699443737     44.04514178160264      c 
   31.70418912955557     30.37170633465996     42.92002887765813      c 
   31.45523358789076     32.67466733245492     42.90387754417112      o 
   33.91660604577000     29.00452739050049     46.94287832398543      c 
   36.32200074432526     30.34303370537880     47.81571826366840      c 
   36.83757924839779     32.19967338827070     45.67823902485909      c 
   34.31860581839818     27.26318049607801     43.17553483080509      h 
   32.25481838769868     30.01537619171315     47.61071064863974      h 
   33.81207174926602     27.06594619258583     47.60752900360836      h 
   36.08814959943668     31.28730034336699     49.62564750476996      h 
   37.88063535458799     29.00580240711780     47.93049100654855      h 
   35.54426705391687     33.81067594004323     45.80692350517859      h 
   38.77579923937019     32.84774072245659     45.66118288661913      h 
   32.90500975004104     19.58384615714591     42.28763306665899      n 
   33.86988779317539     19.39394516423476     44.84881087463963      c 
   36.35186349031703     20.87424168226730     45.08531050427224      c 
   37.81521465000216     21.10237151290288     43.30826474686384      o 
   34.27766278864667     16.60975692190553     45.53718878811989      c 
   34.63595395482414     16.26185333757539     48.38018100267574      c 
   34.47513548239016     13.49283161846373     49.15858094336858      c 
   34.70031455282111     13.32120616596412     51.88936285092826      n 
   34.68823776516776     11.16850198249260     53.16162916675596      c 
   34.70283269485163      8.94643283991455     51.93512906525878      n 
   34.96419374653401     11.21123472595932     55.66034115921762      n 
   33.19547466004114     18.11221640948819     41.11284546599754      h 
   32.45705344178999     20.23520165416783     46.10061426090003      h 
   32.60190340057319     15.57236518496657     44.93407627323215      h 
   35.91435281629449     15.89544935226431     44.51032117555467      h 
   36.45267380574895     17.03636716645761     48.95603948457649      h 
   33.14422397194468     17.27906178753788     49.36343839850564      h 
   32.65205461738851     12.72616539701649     48.54478184871361      h 
   36.00306243393754     12.42373016595611     48.27277198230325      h 
   34.50933635489175     14.96634956668395     52.92856397854285      h 
   34.17486742192966      8.88655018584888     50.10935676827837      h 
   34.53757000933865      7.33009563052653     52.92772473953247      h 
   34.84179940063940     12.88239265270016     56.66898815228758      h 
   34.80765154156474      9.59953084132905     56.65318988329167      h 
   36.84660238839439     21.80061576134243     47.39265805488316      n 
   39.32037793290664     22.86983027199619     47.90316205102994      c 
   41.28575561372384     20.93021691975200     47.00273152005814      c 
   40.92710458854562     18.67120825430027     47.43844815761736      o 
   39.59467550665348     23.31798849463033     50.76253209708974      c 
   41.70026770500305     25.12966231088615     51.36928572157466      c 
   44.20603934379191     24.33956375411899     51.34072579422631      c 
   41.16823663359987     27.63791104629099     51.92601975980601      c 
   46.13749720840234     26.03237217884231     51.83258280958634      c 
   43.09568588529296     29.32360298173055     52.46321121470715      c 
   45.58617154448398     28.52385198335998     52.41565510298005      c 
   35.59038701889798     21.66040729735817     48.83376138139420      h 
   39.52886525887375     24.63829052291476     46.85662078374267      h 
   37.82268863027107     24.10827207238648     51.45831840355348      h 
   39.94562523302683     21.49547701142714     51.66058058522773      h 
   44.66823853787670     22.40462169727399     50.90078900518137      h 
   39.23613525721041     28.27443883189538     51.98768921230667      h 
   48.07809995860367     25.40138144560483     51.73779003806778      h 
   42.64797692988547     31.26353617991824     52.91051014474809      h 
   47.10880263203298     29.80704350050870     52.85149542669313      h 
   43.37256020525145     21.78076593710773     45.88392431847884      n 
   45.46786092414478     20.10640531227665     45.24967962039791      c 
   46.06152229254901     18.21520251758362     47.33621937873900      c 
   45.69743103171138     18.64967777961585     49.57003667145486      o 
   47.68272425462878     21.93428992470312     44.90789934019462      c 
   46.40689537906447     24.21766177802122     43.69517070461418      c 
   43.87701705700658     24.36947549541339     45.08641690309973      c 
   45.07359798094877     19.09144617816722     43.48451436348569      h 
   48.43825948718960     22.42675043500547     46.76677092643777      h 
   49.21134623755375     21.12907344393446     43.78764772412934      h 
   47.52041534551201     25.92730151386324     43.92228510367207      h 
   46.11489845274153     23.86594870119703     41.68776191233161      h 
   44.04134120030026     25.59440120953043     46.74187393747797      h 
   42.37259242356711     25.04377068054663     43.84399887194699      h 
   46.95249928199863     15.99213491335588     46.48600090922275      n 
   47.80364968914198     14.06442078293387     48.23675082202134      c 
   50.14623523731916     14.80301855601278     49.76858243908667      c 
   50.17481572016152     14.56478895238242     52.06656595372220      o 
   48.33122992926793     11.59336952498677     46.82843041516939      c 
   49.94023389289253     11.79991099712032     44.34971706550656      c 
   50.71099895845865     13.94154484812896     43.67021785006408      o 
   50.27184484174547      9.78049374495042     43.21104629703854      o 
   47.83562665410075     15.90191578224658     44.78270657680945      h 
   46.30291878056136     13.79342113189066     49.64133668347730      h 
   49.34299883162024     10.28242592982926     48.05729040983356      h 
   46.56737551666525     10.68990947494607     46.26884746804880      h 
   52.08976510555272     15.66371914110595     48.39085609479893      n 
   54.58061266068010     15.86244442589994     49.47100729290598      c 
   55.48628876645229     18.57704643260748     49.85905489684119      c 
   57.14192385855734     19.07658437666048     51.39877936138073      o 
   56.52118256631059     14.50758987016940     47.80285319119722      c 
   56.05521282528279     11.89619457173954     47.93055139822146      o 
   51.94268972423343     15.45718548922529     46.47006988244355      h 
   54.54273088907864     14.93496954177510     51.32696423576478      h 
   56.32614187899912     15.22715811182061     45.86043215613612      h 
   58.42957456731985     14.95332860145956     48.49396228779748      h 
   57.19862894599817     11.01543978439285     46.81120723819463      h 
   54.35674448274667     20.30348794749797     48.40974026586101      n 
   55.37359293311281     22.83588505598295     48.25153458105891      c 
   54.33866036061338     24.46910161937042     50.40686093276193      c 
   52.38505641077623     23.98185570143358     51.52864714840543      o 
   54.63492349482289     24.01603682894461     45.71612699608445      c 
   55.26264504865534     22.08198330026502     43.56435563160821      c 
   57.17891778418446     22.48120772820057     42.27688272262493      o 
   53.76337352270202     20.26080079574848     43.37822978145357      o 
   53.41713968963822     19.73110794915866     46.82231771580661      h 
   57.44428746824835     22.73023719348787     48.41135924434848      h 
   52.60680029882615     24.37634753277191     45.70405848221823      h 
   55.67696643068147     25.76122411099071     45.39733633622125      h 
   55.76358444616461     26.50993888153849     50.89028672509473      n 
   54.90029288579030     28.59046292163046     52.43093913918372      c 
   54.17218291466266     30.79210322964369     50.69497544187745      c 
   55.26030466086166     31.17774364605161     48.69067737472317      o 
   56.96603939122404     29.50578730953027     54.26132649898827      c 
   57.29788815490673     27.72892326798019     56.44830468848945      c 
   58.59017115380204     25.46265388728155     56.14838116928910      c 
   56.30312679686955     28.31929897686836     58.80605461069889      c 
   58.92087419119257     23.84290587089853     58.17390693640161      c 
   56.64477063507983     26.71046994763154     60.83934122962880      c 
   57.96931514498564     24.47373378137980     60.53018660930366      c 
   57.22630885971934     26.90788957220120     49.73040009731334      h 
   53.24843938267492     27.93736133540584     53.48320246546498      h 
   58.73489656773990     29.69233579141326     53.21217542360003      h 
   56.41298264611749     31.36567065277900     54.95713106417309      h 
   59.35041545757277     24.95807574176563     54.32297829672424      h 
   55.26866355670688     30.06140032056555     59.05997085456772      h 
   59.94294856339821     22.09901101570389     57.90087542045930      h 
   55.90431582906643     27.22037415421063     62.66931614294991      h 
   58.30226238481979     23.24903349191536     62.12713675054744      h 
   50.53670513959727     33.38833041673031     59.29049689134413      n 
   48.96749484548902     31.25047161418085     59.94606247573828      c 
   49.63149592501387     28.98822113652427     58.27253806541120      c 
   50.48340790796642     29.31901672135345     56.14786767537970      o 
   46.14199158236694     31.86875872840794     59.50402566788301      c 
   45.29346583505875     34.02489151517963     61.14445621283878      c 
   45.86484682845215     36.50871698738528     60.51026211084731      c 
   43.97142252106601     33.57625232932345     63.36719263503500      c 
   45.16431594150512     38.48122342898861     62.06614408676595      c 
   43.23274121548609     35.53958958024765     64.92662260184801      c 
   43.85067078978413     38.01113639577030     64.28948814996320      c 
   43.20610151804331     40.02581554165801     65.77777403567947      o 
   50.48890149342397     33.95333407542871     57.45530693193431      h 
   49.29954768388952     30.84266835842493     61.93973462106064      h 
   45.90307876098078     32.34574829519319     57.51066449491802      h 
   45.05432554017911     30.17414971440761     59.93856306712802      h 
   46.88864172942731     36.93622435155283     58.79940614795126      h 
   43.50906917787813     31.65959485881914     63.89627731357920      h 
   45.64360321681246     40.39355002216082     61.55569966744225      h 
   42.17503160094219     35.13077201824584     66.62646461905790      h 
   42.22272565737236     39.43552031411932     67.20162622388574      h 
   49.16248993673689     26.69677534669574     59.25805239533536      n 
   49.14704720323773     24.46474685609128     57.67867634845080      c 
   46.52609399976863     23.28161844086044     57.84804387399414      c 
   44.88060198977560     24.19008166809738     59.20453817932388      o 
   51.28343171322215     22.63574927936246     58.38477062147380      c 
   50.80842218730261     21.29807690886037     60.87062075437633      c 
   48.67341773964362     20.92079835724612     61.69809705503975      o 
   52.88098451944062     20.53581266776279     62.07433526055146      n 
   48.17248081635255     26.56325683892766     60.89683752510454      h 
   49.47278877403009     25.08589702040485     55.72875409479992      h 
   51.48890643467938     21.21116717505964     56.90399079865979      h 
   53.04597918001994     23.70073344534873     58.46855553014505      h 
   52.73842583409574     19.55653626574959     63.70835511866100      h 
   54.60897457101615     20.82608906607211     61.33186070410508      h 
   46.08490397773328     21.23224336302735     56.44137982403099      n 
   43.53873308293709     20.20561040037888     56.30864452074150      c 
   42.37097900692105     20.07145218069273     58.94763509301213      c 
   40.25187085571289     20.87616688744335     59.39590776122920      o 
   43.60829663409951     17.57417202715778     55.11376672346049      c 
   41.01998904677045     16.28732770962229     55.10714983444300      c 
   41.10156765560939     13.80522541652678     53.64552792839208      c 
   41.08610704624761     14.29317448221415     50.94318002704803      n 
   41.15686169847888     12.53408022408219     49.16545375683755      c 
   41.19728613243888     10.08216109437507     49.75590341731616      n 
   40.93063446811755     13.24610059812472     46.75754828032482      n 
   47.32352027711849     20.65714030852346     55.10967556391218      h 
   42.34495337082323     21.48145282338852     55.19029244000394      h 
   44.30706815047193     17.78040499019176     53.18664562305645      h 
   44.95589711432422     16.40430893666897     56.14648923141558      h 
   40.41943294823364     15.90719640201471     57.04165789040142      h 
   39.60137207596563     17.52779450292327     54.27122160521410      h 
   42.82704031084027     12.78763455632995     54.16619555005066      h 
   39.44318467256133     12.67667995106215     54.13793059134854      h 
   41.10081318800434     16.11730192450069     50.34825575554778      h 
   41.56334570555810      9.52812545289645     51.53990929391033      h 
   41.39367419586397      8.78177694899437     48.37592448284720      h 
   40.96102179107243     15.12084553236472     46.36328555992750      h 
   41.26431620852340     12.02691099027951     45.33512046228140      h 
   43.75592975045829     18.76132864779564     60.62034868410634      n 
   42.85002800460474     18.29623712931278     63.15639081675581      c 
   42.13785120868573     20.73677484402863     64.51990838986544      c 
   40.02457589882075     21.08704215218923     65.39776527131949      o 
   44.87134560392864     16.89803464816308     64.68872396406452      c 
   44.09491287418511     16.84693626082874     67.23644244369081      o 
   45.64248791473013     18.63654178922957     60.33481671453532      h 
   41.11742456620301     17.16341781258703     63.05536945332837      h 
   45.07761071894889     14.97829395711373     63.93751938981656      h 
   46.66762534145931     17.91619122900330     64.48808968907697      h 
   45.29784524678933     15.87546939998896     68.19737509072102      h 
   43.99632085721144     22.43151792539233     64.76033219681436      n 
   43.48253239755616     24.68608826067091     66.21738884811491      c 
   41.39283601850163     26.25970887600121     64.98735183310787      c 
   39.78156130594122     27.31432002180139     66.31310268906869      o 
   45.87115849913884     26.21867340255702     66.73634525073886      c 
   46.90096772563508     27.18289333615734     64.47060617873112      o 
   45.64982305437690     22.23869046243597     63.81011306967348      h 
   42.72452372688880     24.09023588674238     68.05947481983637      h 
   45.36437819304631     27.76332040704092     68.02044649084127      h 
   47.23794619046934     24.97458422060691     67.67353451185714      h 
   48.35143858581527     28.18995738176656     64.93249881088995      h 
   41.39608047556692     26.39246663660491     62.49446043939984      n 
   39.42439877367369     27.68533638199041     61.09859547932955      c 
   36.81244757796282     26.66772061085921     61.79382268051352      c 
   35.10460830025085     28.10693636703135     62.46867706125543      o 
   39.83446269648851     27.33073873053426     58.25247006022141      c 
   37.52264156324480     28.11628037947058     56.79920400132085      c 
   36.91166258485862     30.64944555875285     56.51151525313087      c 
   35.94823562996642     26.30939386322081     55.73360193765696      c 
   34.77921193457935     31.34309279937691     55.17149864243978      c 
   33.79662499934332     27.00032664007520     54.41900297057361      c 
   33.20917477954362     29.53057502943343     54.12911955060201      c 
   42.77606349392262     25.53061755884975     61.46952933200494      h 
   39.42028869796862     29.70051291036203     61.59590111260638      h 
   41.46869759048226     28.43750567456357     57.65529723367176      h 
   40.23352953280721     25.33988761629704     57.90229934048943      h 
   38.12324994105000     32.08086850651897     57.31129245500837      h 
   36.44798608636357     24.34118430920482     55.91814257778198      h 
   34.35386821516103     33.31785027553905     54.92461342877810      h 
   32.58947693803018     25.57433450730668     53.60844866104035      h 
   31.55096613467480     30.08591284723762     53.08123272738516      h 
   36.47802553080229     24.19705900344244     61.56009893527927      n 
   34.04302391300791     23.07026332159473     62.12637118344806      c 
   33.35242863327121     23.58897404302672     64.88408912242375      c 
   31.22519831407721     24.28700098488737     65.48410607137579      o 
   34.03030748997038     20.27359847095470     61.37899989107621      c 
   33.66537678111868     20.10596572876166     58.52498363440637      c 
   34.09518147643004     17.54098479212807     57.24214544801113      c 
   34.50945012319691     15.59958734734747     58.48606034677303      o 
   33.98531848118341     17.59183841818902     54.86163051526440      o 
   37.89508893673928     23.03582958288873     60.97828252899606      h 
   32.57171512226357     24.03059523740684     61.01768533364415      h 
   35.80031590359722     19.38670467302393     61.95414933797421      h 
   32.47160927361089     19.31881852614000     62.32872877814138      h 
   31.73697511094865     20.70196615893888     58.07927885393262      h 
   34.95326597235112     21.41663515189598     57.59454416219624      h 
   35.21990981849825     23.34504385146860     66.56745593263021      n 
   34.72418897100756     23.73844705193870     69.23445211099963      c 
   33.81292710367033     26.44205034736376     69.78708942614050      c 
   32.23032039490889     26.86144969419132     71.41283802557956      o 
   37.09344525821083     23.14853761762174     70.81831507045484      c 
   38.82188900634166     25.14475904368982     70.99759495920139      o 
   36.90576061015926     22.57633607574143     66.05994589582326      h 
   33.19201311220365     22.47597554154160     69.83765795416078      h 
   36.52102494653682     22.73989288258532     72.75817157335899      h 
   37.99583412446711     21.46007797141548     70.00575861423070      h 
   39.18564766917611     25.80957578732692     69.31347125630455      h 
   34.93357263934584     28.25752295346176     68.42183930484845      n 
   34.51158289606020     30.91817821593468     68.90515486625408      c 
   31.99706240287045     31.84315167038735     67.80353926357304      c 
   30.60529854967691     33.30210984576321     68.91780040056899      o 
   36.63386544066539     32.51225089188451     67.71186731776797      c 
   39.01714545481414     32.09814487379900     68.77004974741357      o 
   36.27073675973907     27.79641352653741     67.13128613595376      h 
   34.44866705610139     31.22423622454979     70.95223416799884      h 
   36.66073244171528     32.13284770607868     65.67046556743577      h 
   36.18499006495480     34.50317858688788     68.02381639188350      h 
   39.51975174972560     30.37691447077677     68.38363495872821      h 
   31.56161628921847     30.99246961103355     65.45901087132883      n 
   29.33103205190639     31.67468416726751     64.04658766043725      c 
   26.97778699107366     30.26335104554568     64.94547083844834      c 
   24.87482135211177     31.21165172819407     64.74184580834030      o 
   29.69954787135033     31.05889264629399     61.22418165587841      c 
   30.07613398977122     28.46564299304925     60.80484345018908      o 
   32.82948294546897     29.81568819964033     64.63975963630789      h 
   28.97361685288593     33.70354682020917     64.26220686542729      h 
   27.98591980936596     31.59195573275390     60.20518981768038      h 
   31.28490152108955     32.16697769571580     60.48946424304023      h 
   31.79557937296853     28.05134448105348     61.32056577809107      h 
   27.39522459071654     27.93709103788776     65.81485514551400      n 
   25.38393259888000     26.22142675669775     66.44452564571652      c 
   24.19409311390289     24.94478764979432     64.14130774874945      c 
   22.23664785746840     23.72019811641188     64.33631043593975      o 
   29.14877420979881     27.16797899025366     65.77077782367293      h 
   26.13460965934175     24.75381551920806     67.68437016341178      h 
   23.89022800677414     27.23700039945027     67.44788801638983      h 
   25.35574844485948     25.31919241163160     61.93329655699869      n 
   24.41318711125266     24.10802000278697     59.67078792425813      c 
   25.20240086148071     21.31907978717755     59.68860743203516      c 
   27.38683002232560     20.65090742618079     60.01474249649352      o 
   25.42845831413844     25.45399410681404     57.33514914435288      c 
   24.20801039182977     28.05485599456787     56.95856200623587      c 
   25.81336985814545     29.58764730479915     55.11991219388377      c 
   21.50996921957682     27.82118675791171     55.96486564407549      c 
   27.08093039353203     26.14794374780957     61.82347230623629      h 
   22.34727508642378     24.20660542593988     59.74117192753143      h 
   27.47053325912002     25.66205792138536     57.55284846820516      h 
   25.10758842868645     24.27941557749477     55.66988787518950      h 
   24.16557488486939     29.02123670053396     58.78837871547995      h 
   24.97505918772851     31.42900557612774     54.76087367794301      h 
   27.70426301557251     29.85796929010139     55.87397414979623      h 
   25.96957531584030     28.57132163936901     53.33935100990546      h 
   20.65023614166640     29.67760921434909     55.78688642346423      h 
   21.51598147830465     26.93167563322733     54.11072707168105      h 
   20.32546626587847     26.70061964000494     57.21416540518011      h 
   23.26974059883072     19.71340065841076     59.37096152374348      n 
   23.53195106040649     16.99148265252366     59.31415203744772      c 
   23.26515573949644     16.16497535381623     56.55256624576045      c 
   21.61791479853084     17.05865336957223     55.19331826862705      o 
   21.49863665551313     15.70550042399781     60.94866882582975      c 
   21.79717506549696     12.83540146453005     60.84992348178379      c 
   21.66836068409289     16.63511453156547     63.67503807268665      c 
   21.50159796738053     20.37920334048368     59.11697883559849      h 
   25.42076195280954     16.55269623377241     60.03271734522379      h 
   19.65124999910238     16.21346999944782     60.16197633114470      h 
   20.32949449887548     11.94734817251974     61.97705460699503      h 
   21.63486206361173     12.11915314274843     58.92934190444994      h 
   23.62155012745635     12.27241951402069     61.61215029893765      h 
   20.16633779992738     15.79844047814904     64.79621501517281      h 
   23.47239476654761     16.09297975767137     64.49876975854934      h 
   21.49868346326900     18.68103488781812     63.79222782645650      h 
   25.04575108594047     14.56426234736542     55.74461277720059      n 
   25.06917500083054     13.48209351305081     53.23481369664297      c 
   23.80859018469539     10.86842303219908     53.24972098819968      c 
   24.33534651659068      9.29248604579116     54.86888461269103      o 
   27.81269651231801     13.14158354215750     52.33445865814416      c 
   27.85643354327055     12.15201903120327     49.69613745987498      c 
   27.87198432884286      9.67426366072495     48.96828719113894      c 
   27.75370231215151     13.61092950422700     47.42737301674679      c 
   27.87130278935267      9.49004302339069     46.39578489446051      n 
   27.75051960490517     11.85843653674763     45.39512632855766      c 
   27.65832273858480     16.19700525925850     46.92429916527404      c 
   27.68320886993519     12.66784288482086     42.88794698623293      c 
   27.57567287604158     16.98512326531189     44.44373706005432      c 
   27.60799480083479     15.24840991504435     42.44594600399117      c 
   26.17462636244045     13.71190641015073     57.02348494169988      h 
   24.03213446756953     14.75301861478326     51.98390830324039      h 
   28.77407839785104     14.96079487372530     52.43765180140205      h 
   28.72979378951393     11.80649228029942     53.61383020899274      h 
   27.87423899602187      8.01066417971173     50.12643358881295      h 
   27.57534945322481      7.86195518624515     45.45690862925591      h 
   27.63936797208557     17.54491581988992     48.45058624004366      h 
   27.74270049567134     11.33159818224238     41.34823206046307      h 
   27.49155407263721     18.97912463906707     44.02707225703539      h 
   27.57458415919082     15.92990370315610     40.52340594416321      h 
   22.77524644955454     18.30456352035989     47.14081103201600      h 
   17.27606821124551     20.49066730494051     51.79645569614991      h 
   19.88912599116599     39.52927354569243     61.84750274416554      h 
   20.09164999285873     39.31561139361884     55.29817745645382      h 
   28.47364868456366     42.01767182040287     54.34265104211017      h 
   28.81149747440017     40.87352520420095     45.03590973089056      h 
   41.23312952733457     43.21820397119861     45.86668227750376      h 
   48.60790020493322     42.37082274567128     44.52171883859862      h 
   37.32892736396118     29.85796548381539     42.53487690967673      h 
   30.32924932545287     29.31079005057776     42.17500449093372      h 
   31.21721188170482     19.78892702059798     42.33055354003685      h 
   52.77265851540938     31.96189486600388     51.18892194366025      h 
   50.06412391265641     34.74142494728515     60.20611916487115      h 
   22.53499314728679     10.42610012569323     51.92557401899697      h 
   0.1118224157175D+00  -0.4669896933921D-01   0.3089820956163D-02
   0.1253857271899D-01  -0.7608915592077D-02   0.7646630207489D-02
  -0.2936812324969D-01  -0.1863040358722D-01   0.8369398310257D-01
  -0.9540537886172D-02   0.5578757020000D-02  -0.8448805102592D-02
  -0.2101845517318D-02  -0.6704581702102D-02  -0.8405884140942D-02
   0.2224550070213D-02  -0.7400742595565D-03  -0.8233422244424D-03
  -0.8475578155301D-03   0.3883332410125D-03  -0.2207893381413D-03
  -0.4609800783477D-03   0.1040828709488D-02  -0.2187744592358D-03
   0.6044099325075D-03   0.3155098041842D-03   0.3237805365941D-03
   0.4844548130155D-03   0.6216203530053D-03   0.1098564915082D-03
  -0.4945506002452D-03   0.8127792613056D-04  -0.1260802285471D-03
  -0.2650832445922D-03  -0.5421727474747D-03  -0.2264051236697D-03
   0.9540090131500D-02  -0.4900873083089D-02  -0.1092742571127D-01
   0.2500501126654D-02  -0.1901050772997D-02  -0.5674019034461D-05
   0.1519079715485D-02  -0.9256677904592D-03   0.3161368674982D-03
  -0.1509863670198D-02  -0.1975061211765D-02  -0.7692311323452D-03
   0.6487927234341D-04  -0.4620807770292D-03   0.2814923991686D-03
   0.1288001761945D-02  -0.1241286501177D-02  -0.6620234455994D-03
  -0.5261761153310D-03  -0.2677747099007D-03   0.1028541807280D-03
  -0.8271017617062D-03  -0.4556642067203D-04  -0.1134992862278D-02
  -0.2045554174249D-05   0.1869847005385D-03   0.4884711986851D-04
   0.5546619050020D-01   0.1207840775476D-01   0.1095176891256D+00
   0.2449233443514D-02  -0.3645443664407D-02   0.2942138571921D-02
  -0.7104816528231D-01   0.4674530051614D-01  -0.3256890351902D-01
   0.2100567204694D-01  -0.3224244332934D-02  -0.1040896325675D-01
  -0.4714339332791D-02   0.8245688635234D-02   0.4628971815129D-02
  -0.1704363787732D-02  -0.1665377279805D-02   0.9094040977693D-03
   0.1215219952090D-01  -0.1322334449866D-02   0.7795746185844D-02
  -0.2983382527214D-02   0.2601677425995D-02  -0.2708528012373D-02
  -0.5341853643065D-02   0.4035385440673D-02  -0.3625551293242D-02
  -0.1972184623678D-02   0.5474627835164D-02   0.1228952213385D-01
   0.5499201915539D-03   0.2631963449325D-02   0.1378034598701D-02
  -0.1832949575574D-03   0.1086076892098D-02   0.5272117012686D-03
   0.6323280612240D-03   0.2636711679668D-02  -0.6070801011655D-03
  -0.3316200811060D-03  -0.4479257724572D-03  -0.5575068714588D-03
  -0.1506255102034D-02  -0.7282916959777D-04  -0.1211823220749D-02
   0.5199608076174D-03   0.3022298359843D-03  -0.1226319171048D-03
   0.3583342240330D-04  -0.6279335509454D-03  -0.2444064415115D-03
   0.4617865159837D-01   0.8786777755508D-01   0.6504205535740D-01
   0.5045467662268D-02   0.9406852436171D-03  -0.3562562397986D-02
   0.6799340460593D-03  -0.1696887735345D-02  -0.5756698895771D-02
   0.2957784635297D-03   0.9914787529640D-03   0.2714021147692D-02
  -0.5681587001019D-02   0.8169379815619D-02  -0.1151626832650D-02
   0.4868454332864D-03   0.1925633843270D-02   0.1943199676584D-02
  -0.3828363967073D-03  -0.1851180078933D-03  -0.7192090696417D-03
  -0.3468897543827D-03   0.1550707054038D-03  -0.2859397759732D-03
  -0.2190440522473D-03  -0.2121063239595D-03   0.7193805231922D-03
  -0.2112312326363D-03  -0.1867771379530D-03   0.8916548373394D-04
  -0.4703314513314D-04   0.9416290246909D-04  -0.1703833615774D-03
  -0.1606015344651D-02   0.1311836413461D-01   0.5113382737680D-02
  -0.9496034616564D-03   0.3094548320895D-02   0.1303701793708D-02
  -0.5710414642087D-03  -0.5576779550306D-03   0.3861955836308D-03
  -0.3345207942297D-03   0.1334244866926D-02  -0.1413344696176D-02
   0.7520993865461D-04   0.3161692100026D-03   0.1536920315222D-03
   0.4173243987846D-03   0.3118155213184D-03  -0.1900056470653D-03
  -0.5645692806235D-03  -0.2137197553853D-04  -0.5433995928156D-03
   0.6603687184244D-03   0.9002875497585D-04  -0.8864416170251D-03
   0.2514107945191D-03   0.6985681978311D-04  -0.3522923926676D-04
   0.3222549859444D-02  -0.5110343439406D-02   0.3626714296958D-02
   0.8221514602597D-03  -0.7271480464574D-02   0.3552206387518D-02
   0.3791233484356D-01   0.7547532792874D-01   0.3733789647750D-01
  -0.5200221694290D-02  -0.5655217641792D-03  -0.1479889682567D-01
   0.2789726760005D-04   0.1770419518678D-02   0.1190662442687D-02
  -0.1047413645558D-02   0.2841288392221D-03  -0.8267000599133D-03
  -0.8424627383611D-03  -0.3447456743393D-03  -0.1912191200023D-04
  -0.1238915411886D-02   0.5521815322234D-03   0.2994323949115D-03
  -0.6850415152738D-02   0.2179502663482D-03  -0.6280976707457D-02
  -0.5524714865194D-03  -0.2670448061251D-03   0.5950357206316D-03
   0.8545075504731D-03   0.1067244447789D-02   0.7508096447120D-03
   0.7777656272512D-03   0.7583707947729D-03   0.1873565264157D-03
   0.8450183969062D-04   0.7205477778054D-03   0.2963098267361D-04
   0.4476626858238D-03  -0.6763742536557D-03  -0.1101648795453D-03
   0.6982706726199D-03   0.8654133488337D-03  -0.1729407569586D-03
   0.4628218108115D-03  -0.7496189303435D-03   0.7792013512321D-03
   0.5310732604070D-03  -0.9715410937833D-03  -0.4575371020707D-03
   0.8095123735814D-03  -0.8200205762637D-03   0.1351862835013D-02
   0.3046224014515D-03  -0.3419952710046D-03  -0.5501390472117D-03
  -0.9212077323443D-01  -0.3119822363032D-01   0.8827591157092D-01
  -0.3194241613241D-03  -0.3295935838620D-02   0.1049106653916D-01
   0.7937221350823D-01   0.1482746057122D-02   0.4859153826899D-01
   0.7028947873173D-03   0.2235667674528D-02  -0.1256845109099D-01
  -0.3552134424463D-02   0.7643596136376D-02  -0.4707840351919D-02
  -0.1391942716902D-02  -0.2680090987366D-03  -0.3379698893416D-03
   0.1070779655731D-02   0.2456559052898D-04  -0.1564198469284D-02
  -0.8812110785857D-03   0.3001447016525D-03   0.2657295954158D-03
  -0.1244402026509D-02  -0.1283372386430D-02  -0.5348568461516D-04
   0.7854980439083D-03   0.7423293884452D-03   0.1298795104313D-02
   0.4902862429942D-03   0.2714685290369D-03  -0.8153000363382D-03
   0.2153318908062D-04  -0.2025383335568D-03  -0.1025647187632D-05
   0.5749375018617D-03   0.6279414786568D-04  -0.4939086617670D-03
  -0.6732425854545D-03  -0.4289057452266D-03   0.1533059266471D-03
  -0.1242594578048D-01   0.3381292686549D-02   0.1220042581728D-02
  -0.2142208394354D-02  -0.2510825648144D-04   0.6622295926352D-03
  -0.2202262897110D-02   0.1425153212738D-02   0.1659508208287D-03
  -0.2466167943254D-03   0.3708484798868D-02   0.1866591249281D-02
   0.2124847334622D-03   0.1093113699094D-02  -0.5103307116397D-03
   0.1015117951105D-02   0.8959354452013D-03  -0.1728036004274D-03
  -0.2876651578403D-02   0.1387194643480D-02   0.2027259559683D-02
   0.5162349732910D-03   0.3223171297254D-03   0.1837829661400D-03
   0.1513839304825D-02  -0.7719592208252D-03  -0.2889503410735D-03
  -0.5129862760971D-03   0.1098580375041D-03   0.2992348581283D-05
   0.9447634006716D-01  -0.6584212866599D-01  -0.5272160103777D-01
   0.1875547687271D-02  -0.8014017919290D-02   0.9553150840058D-02
  -0.5432964005535D-01  -0.6867049160942D-01  -0.3506900030030D-01
  -0.1365512574894D-02   0.2013929595015D-01  -0.2443092216748D-03
   0.4013859361539D-02   0.2516570009654D-02  -0.8215224915107D-02
   0.1982606601657D-02  -0.9088313910695D-03  -0.7684274125224D-02
   0.1938739526596D-02   0.9922607376833D-02   0.2053194789490D-02
   0.2507966125194D-02   0.2131467053437D-02  -0.5096837720120D-03
  -0.3138669783789D-03  -0.4817084620188D-03  -0.9227068522691D-03
  -0.4776523312133D-03   0.9900830014154D-03  -0.1334462706731D-02
   0.1294597359332D-03   0.1175748795990D-02  -0.1204970712866D-02
  -0.8199112770028D-03   0.9176366337920D-03  -0.9640166802138D-03
  -0.1593129090469D-02   0.1098864483253D-02   0.1566085454228D-02
  -0.3626196030804D-02  -0.2364043308440D-02   0.2787650353435D-02
  -0.1164476686658D+00   0.5255198244476D-02   0.1139232781940D-01
  -0.1647936405386D-02   0.4274440642766D-02   0.6625612127203D-02
   0.3640366269576D-02   0.7753263815480D-02   0.4649772434461D-02
  -0.3620465326542D-02  -0.1854775910104D-02  -0.1737065673250D-02
  -0.3200126993907D-02   0.1386024482390D-02  -0.1051879617207D-01
  -0.6950279085331D-04   0.3140700301690D-02  -0.1699821936814D-03
  -0.4693708277511D-03  -0.1411391158563D-03  -0.1152504684775D-02
   0.2516113944421D-02   0.3403440422129D-03  -0.5997518728073D-03
  -0.3324989871903D-02   0.5708020158085D-03  -0.2577267755602D-04
   0.3030147776136D-02   0.4410877769593D-04  -0.9248546509373D-03
   0.1887442854143D-02  -0.5491352052100D-03   0.3112746593553D-04
  -0.1429738644679D-01   0.4267593681440D-02  -0.4208214386104D-02
  -0.2100395100416D-02   0.9085320945748D-03  -0.1268816321889D-02
   0.3400781497905D-03   0.3692008175311D-03   0.4572426942763D-03
  -0.6581282968748D-04  -0.3972334375814D-03   0.7659993789294D-03
  -0.4278608447311D-04  -0.3560668740173D-03   0.2704702616102D-03
   0.2868957691090D-04  -0.3127172718259D-03   0.1644183218146D-03
   0.2797582091790D-03  -0.3410788239479D-03   0.2759041870525D-03
  -0.2871648135962D-03  -0.3155047281664D-03   0.3272935436638D-03
  -0.8089248989566D-03  -0.1090112223103D-03   0.6680351845802D-03
  -0.8765256056535D-03  -0.1973580818776D-03   0.5559363770459D-03
  -0.7308572268076D-03  -0.1029445407572D-03  -0.5200673127208D-03
  -0.3062590156255D-03   0.4891893371614D-03   0.3725293551229D-04
  -0.3647605684190D-03   0.4271883014030D-03  -0.2825114002277D-03
  -0.1322880906760D-03  -0.1525338292370D-02   0.5673942964861D-03
   0.1028138066629D-02   0.1750379193351D-02  -0.4597237520855D-03
   0.1061356068180D-02   0.4112643996617D-03  -0.1936068724998D-02
  -0.1457732614623D-02  -0.1236741082725D-02   0.1008583764595D-02
  -0.1478713054393D-02  -0.1493748056936D-02   0.1433165290305D-02
   0.2375630051431D-04   0.2773229792256D-03   0.3309794193459D-03
  -0.3634560222687D-03  -0.4775450189989D-03   0.1503861300554D-04
  -0.7202619803933D-03  -0.8360122811800D-04  -0.6142689395395D-03
  -0.7778453199818D-04   0.4965726322754D-04  -0.1627994198420D-03
  -0.6989607875287D-03   0.1718796234664D-03  -0.4903020777080D-03
   0.7664016279806D-04   0.1016550871114D-03   0.1253435581634D-03
   0.4511692056429D-03   0.1624942813197D-02  -0.1970727010627D-03
  -0.2864294039219D-03  -0.9986681868944D-03  -0.3797173917209D-03
   0.5298882558192D-03   0.1080409651983D-02  -0.7357074464568D-04
   0.1347704371255D-02   0.2059130338852D-03  -0.1944400324207D-03
   0.2742945461127D-03   0.6709817786026D-03   0.2164299595119D-03
   0.4080082041352D-03  -0.3042464285996D-03   0.4142197594941D-03
  -0.1769171378200D-03  -0.7604603718373D-04   0.4324958588921D-05
   0.3798011538205D-03  -0.4064053795798D-03   0.1920537891065D-03
  -0.3103935202587D-03  -0.7549776792158D-03   0.3835661040435D-03
  -0.3352279336997D-03  -0.8299905530559D-04   0.9419880797513D-03
  -0.6597669248556D-03  -0.3700657003252D-04   0.7765937836417D-04
   0.4446527550543D-03   0.1538204762366D-02   0.8008592463688D-03
  -0.6448267301734D-03  -0.7157254601131D-03  -0.7602264679975D-03
   0.1330326135444D-03   0.5187228586385D-03  -0.1683196874942D-03
  -0.5345595991929D-03   0.8706756269921D-03  -0.4460093183859D-03
  -0.8974829447671D-03   0.9772027610830D-03  -0.2119585135126D-03
   0.3524953315313D-03  -0.1915360536032D-03  -0.3058642967208D-03
   0.1994362345306D-03  -0.5106013774197D-03  -0.2301967543282D-03
   0.2458768754543D-03  -0.1915417838788D-03   0.3193261888311D-03
   0.1360777024140D-03  -0.9133402699918D-03   0.6828726291929D-03
  -0.3207280682548D-03  -0.9564372524832D-04   0.2827946179581D-05
   0.6636057594104D-03  -0.6183159090248D-03   0.3299650081356D-03
   0.1321239559331D-06   0.5167227187970D-03  -0.5529877358671D-03
  -0.1894337817498D-03  -0.1237033120973D-02  -0.7574618303215D-03
   0.3248459595412D-04   0.9493792847769D-03  -0.4264804833673D-03
  -0.2660452011551D-03  -0.7283615649650D-03   0.8720143282314D-03
  -0.9259813346252D-03  -0.4752574183148D-03  -0.6003304680636D-03
   0.1454980049044D-03   0.4775082270023D-03   0.3367196194602D-03
   0.8848493006635D-04   0.9319038967972D-03   0.9230041083056D-03
   0.5632847900588D-03   0.1725986629634D-03  -0.1064107551334D-02
  -0.5751638555736D-04  -0.1172610796039D-02  -0.6610106449447D-03
  -0.1734711902380D-03   0.2054028383291D-03   0.7145470696474D-03
   0.4937305378136D-03   0.6761091192159D-04   0.2967256928486D-03
  -0.3261674913232D-03  -0.7521342780627D-03  -0.2819159033403D-03
   0.4156875220870D-03  -0.4100652453206D-03   0.5137417208348D-03
   0.2528797322797D-03   0.1445356257174D-02  -0.7187221259721D-03
  -0.6047165176462D-03  -0.3009350494021D-03  -0.3782503213938D-03
   0.6654737256669D-04   0.4198672954745D-05  -0.8035826829209D-03
   0.6373354368067D-03   0.3761936825166D-04   0.4476987556023D-03
   0.1591497910214D-03   0.2038582266766D-04   0.3918390820617D-03
  -0.4998773240694D-03   0.7317653029396D-03   0.5195586388734D-03
   0.2020515946656D-03  -0.2993842876811D-03   0.6430571019558D-04
   0.2615984402401D-03   0.1583089150599D-03  -0.1667176138477D-03
  -0.7925087358130D-04   0.2879997516774D-03   0.1987588706241D-04
   0.5797944223626D-03  -0.2744241885674D-03  -0.1091215668988D-03
   0.5844769576685D-03  -0.7032996861051D-03  -0.4976736470394D-03
  -0.7465534241578D-03   0.1678970854905D-03   0.7734756150833D-03
  -0.2835407210384D-03   0.2058123701731D-03  -0.6739066776565D-03
   0.2734007480981D-03  -0.5541168036409D-03   0.1808448865070D-02
   0.3946269897914D-03   0.9498700013574D-03  -0.7885982964935D-03
  -0.9070132145146D-03   0.5042665651532D-03  -0.9895162708836D-03
   0.3675502850128D-03  -0.1991494673866D-03   0.1179922559727D-02
   0.1100599969827D-02   0.2154921101709D-04  -0.1043463371336D-02
  -0.4119784918644D-03  -0.3891667313238D-03   0.6273145974576D-04
   0.3049687049100D-03  -0.2119393498089D-04  -0.4097378125487D-03
   0.2496531730534D-04   0.1030799453058D-03  -0.8361297481767D-04
   0.2484855988627D-03  -0.5892967433396D-03   0.7946357434686D-03
   0.4322455434492D-03  -0.3903342037039D-03   0.4082565727589D-03
  -0.1854758016520D-02   0.1244936331112D-03  -0.4421198503632D-03
   0.5553955774761D-02  -0.5429963248963D-02   0.6261245994292D-02
  -0.6694311170516D-01   0.4505115067324D-01   0.3766381413678D-01
   0.6414715398253D-02   0.6602575500146D-02  -0.1483498979676D-01
  -0.1125379456652D-02  -0.2854317092424D-02  -0.9293463799127D-03
   0.1172939953403D-02   0.1025420305201D-02  -0.5849279367287D-03
  -0.7834315010285D-04   0.8616314130676D-04   0.6577416590517D-03
   0.9010901086003D-03  -0.1954454443363D-02  -0.5564065926967D-03
  -0.3980484788529D-03   0.2083836852789D-03  -0.3246684773816D-03
  -0.3266407379901D-03   0.7205841987050D-04   0.4122620818558D-04
  -0.1961542909723D-03   0.2809931552209D-03  -0.9679149369056D-04
  -0.4270854988642D-03   0.6045394609798D-03   0.4386585122410D-03
   0.1270171289681D-02  -0.2466822946464D-02  -0.6666353482031D-03
   0.7465846549202D-03   0.5300860528455D-04   0.3503223314932D-03
  -0.1201568461542D-04   0.1161647788323D-03  -0.5795490792147D-03
  -0.2231869958895D-04   0.1762887788953D-03   0.1435384222111D-03
  -0.3964703438858D-04   0.4063986401587D-03   0.8597202151456D-03
  -0.4246938071387D-04   0.3193227536381D-03   0.1208077323941D-03
   0.1709778835027D-04   0.1833861898475D-03   0.2878216137371D-03
   0.6052048684020D-04   0.2924452365941D-03  -0.1067338556765D-03
  -0.4853215357789D-01   0.9717555845552D-01   0.6789843745804D-01
  -0.1312523718133D-02  -0.3883395192489D-02   0.1071701262416D-01
  -0.6544477473908D-03  -0.9138154218854D-02   0.4367210357681D-02
   0.1847665114046D-02   0.3142131100072D-02  -0.2516332917510D-02
   0.4863295702150D-02   0.4734058700866D-02  -0.3316030575163D-02
   0.5124374243893D-03   0.2892973987776D-02   0.1029357493320D-02
   0.4612922762756D-03  -0.2737543780506D-03  -0.1996941522337D-02
  -0.1109787490066D-03  -0.2690129121994D-03  -0.2967352352383D-03
  -0.1757454599020D-02  -0.9341143873016D-03   0.1808487678822D-02
  -0.3939606112740D-04   0.1495995732301D-02   0.2827124502582D-03
   0.2078645305392D-02  -0.4883460782951D-02  -0.3159787608870D-02
   0.1295951612514D-03   0.5279967933602D-02   0.2545506054867D-02
   0.2457507226463D-02   0.1379273693981D-01   0.2423281633497D-02
   0.2192740871700D-03   0.9803439865291D-03   0.7866049132693D-03
   0.6727941176369D-03   0.1094852455919D-02   0.5814083108344D-03
   0.2535549155823D-02  -0.6823176491614D-05   0.1126683907298D-02
   0.1825661067335D-02  -0.1826774816266D-03   0.1378043466469D-02
   0.1151134417132D-03   0.9663483566845D-04   0.3018445278650D-03
   0.9831142828750D-03  -0.1303327959933D-02  -0.1428546010109D-02
  -0.2198935353813D-03  -0.2970013041742D-03  -0.1652575562579D-03
  -0.7063094977509D-03  -0.7861488869434D-03  -0.2711763110248D-03
  -0.1309215021234D-04   0.1405006675073D-03  -0.1213430492544D-03
  -0.5669811742787D-04   0.5532535906722D-04   0.9736627814110D-04
  -0.2400082408474D-03   0.3072912063776D-03   0.1004612024639D-03
  -0.3514114234154D-03  -0.2238313446942D-03  -0.1748797729866D-03
  -0.5076199038593D-04  -0.2341313565856D-03  -0.4462951310853D-04
   0.1478022590063D-02  -0.1044630842256D-04  -0.2125368822344D-03
  -0.8510528117239D-03   0.2765310290212D-03  -0.1240385234471D-03
  -0.1891486777849D-03   0.1240106513125D-02  -0.2300363699081D-02
   0.2848316726584D-04  -0.1289852154171D-04  -0.1306131504117D-03
   0.2328162845012D-03  -0.9480524629109D-04   0.1578846754069D-03
  -0.1203857609426D-03  -0.2350960584179D-03   0.9752606862865D-04
  -0.2670118006049D-03  -0.6485965510299D-04   0.3274545916639D-03
   0.1812287513327D-03  -0.7290938757816D-03   0.1093211750691D-02
  -0.2341131911183D-04  -0.2284123205894D-03   0.2031462997678D-03
   0.1690638815589D-04   0.2493168825073D-03  -0.1323318971348D-03
   0.1462852525556D-03   0.1180193753345D-03  -0.8086101295632D-05
  -0.4865926473399D-04   0.1842544592268D-03   0.5883666607483D-06
   0.1189758707261D-03  -0.1191198234070D-03  -0.6166178222336D-04
   0.2411652313687D-04   0.3514660885953D-04   0.1737107503100D-03
  -0.2612773626053D-04  -0.3464249826887D-04   0.1123202651335D-03
  -0.2563913502218D-03   0.1753356320150D-03   0.4704943143605D-04
   0.2064548058853D-03  -0.4377611939928D-03  -0.2873114919260D-03
   0.2624254591937D-03  -0.3276208087661D-03   0.2705468305512D-03
  -0.1770330615940D-03   0.7901674872572D-03   0.4270700356924D-03
   0.2574473762239D-04   0.1927816835591D-03   0.8273798914686D-03
  -0.7645672984281D-04  -0.1975082878984D-04   0.7936270824300D-04
   0.1704969959248D-03   0.9434875572667D-04  -0.3694134625592D-04
  -0.4764679669860D-04   0.3134986039084D-03   0.2486978637677D-03
   0.1983222690391D-04  -0.1832114957512D-03  -0.2283544987003D-03
  -0.1793614141865D-03   0.4206145368432D-04   0.1367685890066D-03
   0.1321627291148D-03  -0.1513003526831D-03  -0.4479858964223D-04
   0.6316669701934D-04   0.1399803317180D-03  -0.2588754559710D-03
  -0.2034101741288D-03  -0.2274037607343D-04  -0.2720277425421D-04
  -0.1416668806309D-03   0.1897725444750D-03  -0.1904170264249D-03
   0.3007541497669D-04  -0.7331279306506D-04  -0.8177870627945D-04
   0.1251471697010D-03  -0.4366355608248D-03  -0.3958899472283D-03
  -0.1004231378494D-03   0.5712795734673D-04  -0.1490270131975D-03
   0.1181371047829D-03  -0.3101983012326D-03  -0.2587949385375D-03
   0.9741444710833D-05  -0.3305988249488D-03  -0.1193654278073D-03
   0.2571394606264D-03   0.6448393190144D-04  -0.1842154566467D-03
   0.3471859977737D-03   0.5349095069436D-04  -0.1359034156462D-03
   0.6508743906258D-04   0.2005315218637D-03   0.1008598062117D-03
   0.6835439709672D-04   0.1840960880647D-03  -0.4375356602057D-03
   0.1146400118245D-02  -0.8762355359115D-03   0.1173284345152D-02
  -0.4141473589272D-04   0.1376846408813D-03   0.2177041504226D-03
   0.3397316655055D-03   0.2059811196138D-04  -0.1057177533821D-04
  -0.1492687424920D-03   0.1519142942274D-03   0.3056186056867D-03
   0.5107752090467D-04   0.4500542541509D-04   0.2723684543202D-03
  -0.9898832989526D-03   0.1108295456838D-02  -0.1418472874138D-02
   0.2302826579892D-03  -0.7540118077680D-04   0.3180404871173D-03
  -0.7993790920575D-04   0.8241497348190D-04   0.6421297163565D-04
  -0.1392884771727D-03  -0.1043047703863D-04  -0.1727654083418D-04
  -0.2327630520527D-03   0.2214255276604D-03  -0.1539282142459D-04
   0.4544765956423D-04   0.1105257388783D-03  -0.1108081640730D-04
   0.1146450834353D-03  -0.5035914511794D-04   0.7338747939105D-04
  -0.1371143430600D-03  -0.3395343491688D-03  -0.1629100023602D-03
  -0.3389839206208D-03   0.1571213833497D-04  -0.8486928371792D-04
  -0.1419723272911D-03  -0.3393492473495D-04  -0.1695634707462D-03
   0.1382485158079D-03   0.3984298813663D-04  -0.1566370757456D-03
   0.2272959764498D-04   0.8469842762644D-04  -0.8332843658970D-04
  -0.3143919392383D-03  -0.2597036207087D-03   0.1726657368642D-03
   0.3145721727723D-04  -0.9406206708490D-04  -0.1121588552863D-03
   0.1975553124162D-03  -0.1459395478937D-03  -0.1732410939426D-03
   0.3241647289714D-03   0.2778947241137D-03   0.4858424454199D-04
   0.1493756302361D-04   0.9241246776786D-04  -0.2053722447483D-04
   0.8008590261734D-06  -0.2677337492534D-04  -0.7381191909926D-05
  -0.4009176908762D-04  -0.1496899073422D-03  -0.3717728267147D-04
  -0.3031781612922D-04  -0.4648709284187D-04   0.6421593957881D-04
  -0.5845326096791D-04  -0.2328561029047D-03  -0.5763640667960D-04
  -0.7891646922856D-04  -0.8578307186745D-04  -0.2421561183384D-04
  -0.7448842456314D-04  -0.2179697721613D-03  -0.1575521508157D-04
  -0.1646457976993D-03   0.7944480571275D-04   0.9496037931381D-04
  -0.1183908288115D-03  -0.1934750175766D-03  -0.1198449893042D-03
  -0.4768891526638D-04   0.2514291899276D-03   0.7201423960556D-04
  -0.5314815714717D-03  -0.1613593619759D-04   0.2957646498537D-03
  -0.1457318923622D-03  -0.3281565865396D-04  -0.9184009254367D-04
  -0.5765481794094D-04   0.2994070310205D-04   0.1298124051290D-03
   0.4936038870341D-04  -0.3617374239986D-03  -0.1649113859434D-03
  -0.1540785761531D-03   0.1214789161931D-03  -0.5277778560079D-04
  -0.1858951567350D-05  -0.6138319739848D-04  -0.4620296397972D-04
  -0.1316099004409D-04   0.8443800566703D-04  -0.4941708221200D-04
   0.4966655910340D-04  -0.5277961500899D-05   0.1009779268845D-03
  -0.2112734248020D-03   0.1293603655249D-03   0.3728714973887D-04
  -0.1646479253517D-04  -0.1197437742276D-03   0.6517045392526D-04
   0.1363142549030D-03   0.1174409313584D-03  -0.3154123295710D-04
   0.9503079684184D-04  -0.2711738307470D-03   0.2700514994080D-04
   0.2433857090508D-04  -0.7754068842697D-03   0.7193157398531D-03
  -0.4226938170644D-04  -0.1740961170239D-03  -0.7247928345855D-03
   0.6749110420877D-04  -0.9997663924794D-04  -0.2183587948426D-03
   0.1309618866403D-03   0.7010512819175D-04   0.3681960161389D-04
  -0.1790430890803D-03  -0.1315115708021D-03   0.2575411178591D-03
  -0.8094897655826D-05  -0.1005414499790D-03   0.1336727568335D-03
   0.2116460193755D-05   0.7067779825222D-04  -0.2466090897357D-03
   0.1363372947265D-03   0.3924511614818D-03  -0.1094898148447D-03
  -0.5290217687193D-03   0.1354148183684D-03  -0.4292942779086D-04
  -0.3421591997876D-04   0.2332313563117D-03   0.6684676396772D-04
  -0.3870374635737D-04  -0.5535237104662D-04   0.3066652828516D-04
   0.8617842922478D-03  -0.1919866069474D-03  -0.8894811227305D-03
  -0.6766735566235D-03   0.2917427085312D-03   0.5972679366766D-03
   0.5814985174715D-05   0.1843695767879D-04  -0.8424292593709D-04
  -0.4630073520067D-03  -0.8998559810279D-04   0.1959949364528D-03
  -0.2465558176836D-03   0.1398512168330D-05   0.1511989906374D-03
   0.2145955724395D-03  -0.2511386811847D-03   0.7371002021914D-04
   0.3316114288533D-03   0.1389201930351D-03  -0.5516169304744D-04
  -0.1140394739884D-03  -0.2276620389195D-03  -0.7071026710884D-04
   0.2043357361544D-04   0.9048407452033D-04   0.7511327789438D-04
   0.3567458971343D-04  -0.9864941066221D-04  -0.1359061656723D-03
   0.9612674939999D-04  -0.1628996735745D-04   0.1424630527915D-03
  -0.2102711697554D-03   0.2295517886143D-03   0.1244745664632D-03
  -0.7677597326398D-04  -0.1949188547989D-03  -0.2918742632327D-03
   0.5112209429422D-03  -0.1814717057602D-05   0.3718959790776D-03
   0.4916611593686D-04   0.5432764656675D-03  -0.2343008295300D-03
   0.1458097120661D-03   0.9527569025686D-04   0.3502517305896D-04
   0.2913809848269D-05   0.1686643373056D-03  -0.3406141456647D-03
   0.2458825615515D-03  -0.2641771141962D-03   0.2417440399174D-03
  -0.2965672842050D-03  -0.1357359567529D-03   0.2714174826398D-03
  -0.2881931188387D-03  -0.2292917219614D-03  -0.3088025579829D-03
  -0.3262159433401D-03  -0.3561115044404D-03   0.1403983974047D-03
  -0.2837989971856D-04   0.1751963144527D-04   0.5295337973571D-05
  -0.5937028475824D-03   0.3790887741820D-03   0.1628585925676D-04
   0.9352539701583D-03   0.6495378716151D-04  -0.8769255462816D-04
  -0.5563379765924D-04  -0.4004910732765D-04   0.4629950501087D-04
  -0.1824253356699D-03  -0.8048842969336D-04   0.4251039488940D-03
  -0.6022386052018D-04   0.5737356634354D-04   0.1815071295055D-03
  -0.1359288316188D-03  -0.1388289962315D-04  -0.3772779426251D-03
   0.1265376064378D-03   0.6975281435810D-04  -0.1791186579645D-03
  -0.3603582103431D-03   0.1314203059387D-03  -0.1339992954582D-04
  -0.1341428469487D-03  -0.1540293294306D-03   0.4731811237837D-04
   0.7068474125786D-04  -0.8347278440776D-04   0.4855752271258D-03
   0.8908042171013D-04  -0.1930577383777D-03   0.1669995937257D-04
  -0.1724064115376D-03  -0.3348390519890D-03   0.1201382868876D-03
   0.1194247822588D-03   0.1968181698938D-04  -0.3217257809206D-03
  -0.7001143241355D-04  -0.2718259686223D-03   0.2955939539378D-04
   0.2617066506644D-03  -0.2138454416239D-03   0.2460434135363D-03
   0.3540555424354D-03   0.1620056863057D-03  -0.2456581896520D-03
   0.4077263719232D-03   0.1048442213346D-02  -0.8407847306520D-03
  -0.2901791865828D-03   0.2820673631124D-03   0.1341791490227D-02
   0.4325773356349D-03   0.2090752505267D-03  -0.2408173221838D-02
   0.7346404478831D-03   0.4199068492747D-03   0.1777880874235D-02
  -0.6740878910126D-03   0.1401583109340D-03   0.7504392904815D-03
  -0.6458803856210D-03  -0.2669502605053D-03   0.1434786074303D-04
  -0.7476481691502D-03   0.1327190528636D-03   0.8303522662992D-03
  -0.7384551974233D-03   0.4981645480712D-03   0.9301000916664D-03
   0.9319974106273D-04  -0.2590630467427D-03  -0.6857489999221D-03
  -0.2145056939543D-03  -0.5161555206882D-03  -0.2177100255525D-03
   0.3545815947859D-03  -0.6240203334719D-03  -0.7454800165611D-03
   0.9583808755207D-03  -0.1897079000994D-03  -0.2359114561146D-05
   0.3151465672389D-03  -0.8708559891958D-04  -0.2926765309650D-03
   0.1355970209463D-03   0.3104005172411D-03  -0.7100533000778D-04
   0.2734470389972D-04  -0.2522542253013D-03  -0.2497469438889D-03
   0.4160882228752D-03  -0.5291151136514D-03   0.6035897730428D-05
   0.6393056131990D-03   0.3604132298552D-03  -0.8805701731116D-04
   0.1056921857267D-03  -0.4372373123357D-03   0.1379777268103D-03
   0.3313928291149D-04  -0.1084675933798D-02  -0.4865137953471D-03
   0.2444798715716D-03   0.5953761112433D-03  -0.8832736198926D-03
  -0.8301089972316D-03   0.5974790291074D-03  -0.2768480063776D-03
   0.2881510946532D-02  -0.4929744584908D-02   0.1304985270293D-02
  -0.2050621186443D-02   0.3610134491237D-02  -0.1653720610656D-02
   0.1510388345260D-03   0.4623167063146D-03  -0.3297698656919D-03
  -0.1678933031115D-03   0.9267972944210D-03   0.2265066419991D-03
   0.1894486546034D-03   0.1746239505083D-03   0.4344114782269D-05
  -0.4450314185187D-03  -0.3015274229743D-04   0.5106004734663D-03
  -0.1196123420603D-03  -0.6313416018567D-03  -0.4282879884084D-04
  -0.3132374351270D-03  -0.3934260019667D-03  -0.1933779968876D-03
   0.3658867409118D-05  -0.2358573559039D-03  -0.4786649254533D-03
   0.1113256660180D-03  -0.6210625241156D-03  -0.2126240240817D-04
   0.1900298548227D-03  -0.4022168686797D-03   0.2720196851548D-05
   0.1599248495004D-03  -0.3343509229727D-04  -0.1757324904272D-04
  -0.7316881918331D-04  -0.3741645975335D-03   0.1099162264220D-03
  -0.2506356918614D-03   0.2084545950964D-05   0.5818649508447D-04
  -0.7252220271231D-04   0.4610266497201D-02  -0.7610837092890D-04
   0.5096866358087D-02   0.4779565925942D-02   0.2839109934987D-02
  -0.5797485394102D-01   0.1740297841873D-02  -0.7629449068339D-01
   0.5246417649343D-02  -0.1978568048718D-01   0.1654489089242D-01
  -0.9665724691539D-03   0.7280277093978D-03   0.9992157976240D-04
   0.4984876476910D-04   0.8860058948593D-03   0.7490626531111D-03
  -0.1655787954842D-04   0.6021755175437D-03  -0.1732251808637D-02
  -0.2352110609594D-03   0.7455198958175D-03   0.2204664611183D-02
   0.3224263265166D-02   0.2489379189106D-02  -0.5810418410008D-03
   0.3535004389344D-03  -0.5161918344410D-02   0.4245159966102D-02
   0.4544435394824D-03   0.4490510565177D-03   0.6316265119713D-03
  -0.2182973391660D-02  -0.5036510823146D-02  -0.2649557894345D-02
   0.3779973550944D-03   0.3589077317435D-02  -0.1743708837145D-03
   0.5982727941456D-04   0.6364816989715D-02  -0.2827458280838D-02
  -0.1453031507153D-02  -0.4078856922933D-03  -0.6697498959670D-03
   0.5733455416166D-03  -0.2230498205384D-03   0.5380729871200D-03
   0.1227448130999D-03  -0.1820041190906D-03  -0.3412192228328D-03
  -0.3648860031125D-03  -0.5614743821148D-03   0.3545388806124D-03
  -0.7388888006845D-03  -0.8799454091034D-04  -0.1705591867657D-03
  -0.2441326556486D-02  -0.9939068584235D-03   0.1790742367773D-02
  -0.3729312637840D-03  -0.9863347424056D-03  -0.5260843173475D-03
   0.1188576963645D-02  -0.6748718969804D-03  -0.6215462708466D-04
   0.1106735004358D-02  -0.9847668518942D-03  -0.2266190428409D-04
   0.5594489470151D-03  -0.4310991269522D-03  -0.2213237502194D-04
  -0.1236269562223D+00   0.6688985806699D-01   0.7371855290803D-02
   0.2607954474071D-01   0.1578834350273D-01  -0.7122260167807D-01
  -0.5537510093447D-01  -0.3475792313909D-01  -0.1215437069094D+00
   0.5566527056098D-01  -0.3879384758728D-01   0.3210226080636D-01
  -0.4449384153548D-01  -0.1164610881092D+00  -0.6004617599662D-01
  -0.3233318756177D-01  -0.6486954087826D-01  -0.2745388639164D-01
   0.1008509182541D+00   0.1442739034163D-01  -0.9504718447839D-01
  -0.6643972238496D-01  -0.1561289378215D-02  -0.3917508784420D-01
  -0.9829930232659D-01   0.5821167623553D-01   0.6391527260237D-01
   0.5272012507631D-01   0.4952644235510D-01   0.2942591380966D-01
   0.1362280152072D+00  -0.2207396533319D-01  -0.3171221113367D-02
   0.5596768956104D-01  -0.4306476340124D-01  -0.2900059701572D-01
   0.3467571550770D-01  -0.1091292833988D+00  -0.8013900085063D-01
   0.4892969098466D-01   0.1115320251527D-01   0.5659093837363D-01
$end                                                                            
