   -0.39961350
    0.00892737
    0.25801941
   -0.48100014
   -0.08524148
   -0.08234203
   -0.09439700
   -0.05081260
   -0.13645087
    0.16291504
    0.06659127
    0.07043382
    0.04706876
    0.05685409
    0.06029162
    0.08320006
    0.07821747
    0.11703430
    0.11860873
    0.29601105
    0.29605268
    0.27835063
   -0.17091896
    0.00496024
    0.27294420
   -0.45729932
    0.06715058
   -0.47911219
    0.22113225
    0.10573346
    0.06241920
    0.04880264
    0.34981416
   -0.18030957
    0.01106949
    0.27314686
   -0.47725704
   -0.08896963
   -0.09657564
    0.29174555
   -0.53085318
   -0.28234461
    0.22635422
    0.08553324
    0.08662720
    0.08269960
    0.07024728
    0.07544507
    0.23786140
    0.22717577
   -0.17742936
    0.00199361
    0.26971575
   -0.51309415
    0.04664545
   -0.45430696
    0.22391387
    0.07577707
    0.08681155
    0.08104179
    0.32151143
   -0.17697780
    0.01910772
    0.26752081
   -0.48619647
   -0.14619012
    0.23981671
    0.07748133
    0.07898178
    0.08400787
    0.08507435
   -0.18239708
    0.01978415
    0.28973909
   -0.48995037
   -0.09153406
   -0.01551661
   -0.11277586
   -0.11562057
    0.23038276
    0.08430871
    0.06030996
    0.07565231
    0.04162183
    0.03717744
    0.03542811
    0.02950709
    0.03474975
    0.04880854
    0.04614186
   -0.17978788
   -0.01355973
    0.29985422
   -0.49654589
    0.22649291
    0.05629427
    0.07694354
   -0.19590833
    0.02983289
    0.27506554
   -0.50454404
    0.11652943
   -0.49642040
   -0.16413571
    0.22576494
    0.06381706
    0.02296019
    0.35795613
    0.07949288
    0.08373872
    0.06687505
   -0.17390486
    0.02283779
    0.26832644
   -0.48800309
   -0.14019543
    0.23312291
    0.08657602
    0.08111453
    0.09221787
    0.06832109
   -0.17595211
    0.03043668
    0.28057410
   -0.50614258
   -0.01491135
   -0.06151465
   -0.10786379
   -0.11095376
    0.22942220
    0.07189999
    0.03457644
    0.05191993
    0.03427750
    0.04862767
    0.01734199
    0.05096012
    0.04894008
    0.03993280
    0.04614453
   -0.19118477
    0.04534276
    0.27574618
   -0.51517822
   -0.06179779
   -0.09479243
    0.37220611
   -0.64094713
   -0.65111416
    0.21400922
    0.03330547
    0.06896053
    0.04920342
    0.03214338
    0.00771293
   -0.18061228
    0.01908481
    0.27308616
   -0.50087989
   -0.09150268
   -0.09152809
   -0.03296217
   -0.13550447
    0.22710750
   -0.23020241
   -0.24734459
    0.23301675
    0.07797074
    0.08155707
    0.07242273
    0.08187769
    0.06929177
    0.08279111
    0.09894561
    0.24546264
    0.22703475
    0.25083103
    0.25082188
    0.24608104
   -0.19096981
    0.02764207
    0.28687983
   -0.49930064
   -0.07469421
   -0.01085002
   -0.11081785
   -0.11723115
    0.24180895
    0.07191728
    0.05497606
    0.04677180
    0.04843173
    0.05584760
    0.03754578
    0.03574310
    0.05322213
    0.04062574
    0.03290276
   -0.19327426
    0.02532157
    0.28890115
   -0.47757355
    0.07848178
   -0.48586183
    0.21586685
    0.07170462
    0.03802495
    0.04056979
    0.35491562
   -0.18887051
    0.00731174
    0.26961831
   -0.50836867
    0.08213209
   -0.47908158
    0.21584509
    0.08544881
    0.04866103
    0.03580057
    0.34000667
   -0.15471594
   -0.03279078
    0.20028805
   -0.36388547
    0.23326860
    0.12971570
    0.11226790
   -0.40431610
    0.02991840
    0.27829894
   -0.50955160
   -0.11770615
    0.28664276
   -0.48019386
   -0.26836143
    0.17078219
    0.05148311
    0.08696717
    0.06952341
    0.24275882
    0.22731073
   -0.19971308
    0.00248294
    0.26852711
   -0.48626380
    0.06063954
   -0.45269931
    0.24072257
    0.07170608
    0.07836755
    0.04824949
    0.32385315
   -0.17278272
    0.02328282
    0.21285316
   -0.37706249
   -0.14414076
    0.23125924
    0.09952666
    0.08339309
    0.10018075
    0.07604134
   -0.38769090
    0.03542825
    0.19128052
   -0.36815391
   -0.06095516
   -0.00776575
   -0.22498278
   -0.06742764
    0.16374760
    0.07865804
    0.05179270
    0.04868356
    0.04769586
    0.04659817
    0.08278304
    0.06478866
    0.05149752
   -0.39648247
    0.03460187
    0.26692394
   -0.50065358
   -0.12804989
    0.16302076
    0.03021368
    0.05742891
    0.06306005
    0.06249338
   -0.16577734
    0.02781861
    0.20548017
   -0.36432202
   -0.06718188
   -0.10554149
    0.29265946
   -0.50794773
   -0.28392877
    0.23907114
    0.08217682
    0.07686440
    0.05888330
    0.06959210
    0.08815195
    0.22230484
    0.22437685
   -0.40650190
    0.04000311
    0.20054036
   -0.39325406
   -0.05033770
   -0.09602017
    0.28768485
   -0.50507898
   -0.27554208
    0.18328562
    0.07184371
    0.06018753
    0.03514546
    0.07513975
    0.06227525
    0.21924599
    0.22698799
    0.19131895
    0.09856623
    0.18180659
    0.06678632
    0.18730263
    0.08376833
    0.17726786
    0.07398148
    0.17578375
    0.06816791
