$grad                                                                           
  cycle =      1    SCF energy =  -534.80791002690   |dE/dxyz| =  0.631431
  310.86928882904004    142.78189380851325    166.17009958950240      n 
  313.38773654918583    141.72498403011500    165.99962730163426      c 
  314.02600807940996    140.41264240303903    168.50366058360106      c 
  312.49123548241664    140.32560697846316    170.23485397350598      o 
  315.30550816469326    143.75672730362604    165.18708061075793      c 
  315.73393790995482    145.65292192128589    166.99011672553729      o 
  310.65746841521502    144.55986184856093    166.92290240627500      h 
  313.31875866151165    140.24370332731229    164.54549054337673      h 
  317.07774389284981    142.84638112057198    164.60887182869499      h 
  314.50332088608644    144.73945893234338    163.55906939425174      h 
  316.55721592250586    144.98418589510064    168.47636916522077      h 
  316.31001257631516    139.30641646014797    168.74530014649537      n 
  316.71481237799225    137.70234685556974    170.93318885622563      c 
  316.64433712193153    139.20879942497908    173.40752045977939      c 
  315.60691038405542    138.33032900374442    175.27181954965337      o 
  319.10597475938403    136.12158966751520    170.64532959144921      c 
  318.58079215818913    133.98961351003632    168.76352853748858      c 
  320.95043821081805    132.53648276345058    168.08569916458617      c 
  322.25478987551355    133.13367487786607    166.27051026493467      o 
  321.50122511519112    130.57250707466153    169.55509151659317      n 
  317.61187696633078    139.30754559918165    167.35508455729939      h 
  315.08423203351560    136.42087151250604    171.09308070172935      h 
  320.67218507121794    137.30240832514232    170.00030145758723      h 
  319.63056704912077    135.34476626830113    172.48315263131300      h 
  317.18264515788150    132.70897829736677    169.56411756393311      h 
  317.82257649790165    134.77150968580926    167.01388132003254      h 
  320.56925511614014    130.18993333727153    171.17837174371402      h 
  322.92530864704963    129.40312789574520    169.05008885472517      h 
  317.72737857934413    141.48687649673383    173.33424844862003      n 
  317.57852361248479    143.27030947380467    175.40486956374508      c 
  314.82265800575033    143.76002634920479    176.16334162639566      c 
  314.13330522158117    143.68386925224263    178.37474505801706      o 
  318.80961439839649    145.74347278339209    174.53633767161500      c 
  317.90131278543606    146.28569373200204    172.08040165425854      o 
  318.47443457963408    142.13991557517042    171.70421350361880      h 
  318.53776619993084    142.48001406976559    177.06738930486168      h 
  318.32045251320892    147.23550222263898    175.87930510978495      h 
  320.86781650991583    145.50163637171408    174.49402435849191      h 
  318.20738487723378    148.03680582495173    171.68558827981386      h 
  309.91948280525133    140.32408851336507    175.20234260274148      n 
  308.89006079399564    138.06448434065365    176.34179092691929      c 
  309.81750257522401    137.80252891800379    179.06495503227029      c 
  308.37002036652143    137.13587295398901    180.75276528832703      o 
  309.58492951435596    135.71303891554223    174.82818872942502      c 
  308.42211696001453    135.60921597046706    172.17211104309357      c 
  309.37429258600417    133.23414752799468    170.83683360543500      c 
  305.54086396494063    135.54127958068341    172.30458657879595      c 
  311.02558093066966    140.15445353396328    173.65261782545230      h 
  306.82912880855844    138.26735067111539    176.46889790823590      h 
  311.64612659829720    135.63902867481497    174.70752632114238      h 
  308.92421059174012    134.06162190529506    175.87545986424286      h 
  309.02835426941817    137.27234887417498    171.09541613806309      h 
  308.64768135180265    133.16691238130679    168.91828586001600      h 
  311.42831681731752    133.21914191702038    170.74604483268990      h 
  308.73010539077211    131.58199072783287    171.87486303625369      h 
  304.74659043720061    135.20204528554385    170.44189970030081      h 
  304.96353877073255    134.02046496536909    173.55966950601771      h 
  304.78542533063501    137.32227313906120    172.99878797097216      h 
  312.24300359883193    138.33983172481751    179.46856318580282      n 
  313.29987336133831    138.19440812630538    181.98661874586222      c 
  311.74984057686078    139.82129494113184    183.78513101810157      c 
  311.17800493600203    139.09298607030090    185.91289525706375      o 
  316.02881876122194    139.10115385683807    182.00283066301830      c 
  317.84514513322057    137.40338686813567    180.38755717545385      c 
  317.38157809823502    135.09008212163161    180.31409284045955      o 
  319.63212146228659    138.51386159261645    179.35979160536871      o 
  313.46945932370568    138.61055200916988    178.01989193450981      h 
  313.21461769162192    136.23779779973918    182.68467272800046      h 
  316.14414597841943    141.02346562454329    181.27215303374905      h 
  316.75587906611861    139.07261327574810    183.93510999811295      h 
  300.78399731027747    116.56362447415070    195.36530939727081      n 
  302.66134705920661    116.11258678802638    193.43935046509748      c 
  301.92722655977320    117.32979878557140    190.91601020176114      c 
  302.92201077952598    116.71709263905257    188.92101359608691      o 
  303.26259717131461    113.24634998752593    193.10237170943438      c 
  301.17031563979145    111.74090298551378    193.76239086331867      o 
  305.61054881723373    112.49670712475438    194.59444980591192      c 
  299.21854579295416    115.46492227632760    195.35742461892639      h 
  304.38574534892149    117.07165523193495    194.08074130169541      h 
  303.57461921984333    112.92279423269247    191.07588425832964      h 
  301.15824394079220    111.57273189951512    195.60934601611569      h 
  306.01332790018228    110.50372471012832    194.30142457878858      h 
  307.25156379055289    113.59286329159346    194.03395003670417      h 
  305.26007244642375    112.78773136377781    196.60033444048599      h 
  302.26657361845065    122.19207424653888    185.74747732999717      n 
  304.43671848937731    123.53486798525698    184.78782443164698      c 
  304.12267227110249    124.17281932239491    181.98894016798835      c 
  303.36235071609087    122.60373953276073    180.46470754733491      o 
  306.83991260376530    121.90888922683487    185.09117073435846      c 
  309.10064386818135    123.48125403177755    184.32651809206618      c 
  309.78416238634293    123.62421543019443    182.11518064759625      o 
  310.20432205457962    124.76382935729326    186.19394423203295      n 
  301.65593347529710    120.70205443559688    184.69533812771925      h 
  304.62681310455406    125.28109484012975    185.87324157523324      h 
  306.97819739022805    121.30252840569906    187.05108905208817      h 
  306.71079711002699    120.25145774442387    183.86809634847123      h 
  311.66257470209513    125.97314014740543    185.84599403439975      h 
  309.56716910586823    124.63033286974579    187.97822411851183      h 
  304.82910940447448    126.51881640473364    181.35993894578920      n 
  304.48042205441715    127.48977834705143    178.83058355153057      c 
  306.91481703692256    128.54146100306730    177.67205686956390      c 
  306.87614313604485    130.21316198866899    176.07427056446079      o 
  302.32544994450444    129.44648668160835    178.69116617482769      c 
  299.82056802421937    128.23983671955216    179.45587893950699      c 
  302.88545274092087    131.77235509893225    180.30656764143646      c 
  305.19824984864238    127.78093903657161    182.75527256348846      h 
  303.93789069073000    125.85926976019341    177.66387359936820      h 
  302.21621273276185    130.02527191531246    176.70842470177197      h 
  298.26839533902120    129.47779374816673    178.93876863000500      h 
  299.56303221551883    126.44717014427266    178.48642230336958      h 
  299.77538828085699    127.90721464108266    181.48298705579299      h 
  301.34022184475577    133.11248824940060    180.13693892118496      h 
  303.08904539926755    131.26389122106269    182.28590405377588      h 
  304.60665115749686    132.69803896656484    179.67210199999903      h 
  309.06368691844392    127.50973212000835    178.51270285348244      n 
  311.51495990473967    128.30101476261470    177.60854681775254      c 
  312.46013955267091    126.52550528418399    175.52056668478158      c 
  311.44506073239052    124.49942202920815    175.07950830067793      o 
  313.39488192293072    128.32702513388426    179.80803382008517      c 
  312.72960651068036    130.40970033425097    181.69994215359898      c 
  314.38404611774138    130.18847110096908    184.02286436665855      c 
  314.05193875772363    128.52052783560654    185.60946063177397      o 
  316.16946047927303    131.94312210203441    184.25354467555920      n 
  309.05991253176683    126.02680735279517    179.73480522556846      h 
  311.31010087772859    130.20391123892966    176.81079133899291      h 
  313.31338304767667    126.49270952100247    180.74669485948812      h 
  315.31702324018988    128.61102340735505    179.11480865693287      h 
  312.99457673332375    132.25588323220845    180.82864919894706      h 
  310.75840069809504    130.19395345238379    182.27206651170158      h 
  316.57631224308471    133.17180065579538    182.80708581147269      h 
  317.41372413470680    131.82015188577833    185.69164373710996      h 
  314.41469798021933    127.44303136911063    174.19675536889093      n 
  315.89754136732938    125.92917588125387    172.46720747921029      c 
  318.67330753366082    126.24910526691944    173.22469451408401      c 
  319.44316894815177    128.28787084067068    174.03260206627172      o 
  315.58841252173232    126.85192943098123    169.73217545383565      c 
  312.85198217625606    126.74887424206401    168.82885011460999      c 
  312.45442162367294    128.41078544191410    166.52099029935641      c 
  313.98914608859047    129.99213973518061    165.82141565077836      o 
  310.27135184758316    128.00717711849524    165.29996978914022      n 
  315.26002703479736    129.06408975472607    174.75489627955668      h 
  315.25300679605925    123.97728449895976    172.67107444167198      h 
  316.24064464070130    128.80590786403027    169.62433480928490      h 
  316.80040818496246    125.74179962230426    168.48972574407298      h 
  312.29355413401555    124.81356898348204    168.40794189795685      h 
  311.61186686442272    127.46623081139201    170.31797864556765      h 
  308.96224901387490    126.82111472004675    166.00076771590679      h 
  309.81348810396730    129.12303297178718    163.82519926442041      h 
  320.15016323320469    124.24904109012547    172.86810918651344      n 
  322.78882287439944    124.24195819657859    173.60756881238623      c 
  324.36333916616150    125.88341323869436    171.82504072151553      c 
  324.15856180762574    125.75586160297215    169.52040996980864      o 
  323.79202159556144    121.53252952970807    173.58698981150476      c 
  322.58176988822237    120.01361059789305    175.72487285300204      c 
  322.76849434611006    117.15976908531559    175.33314716244610      c 
  321.32174135373850    115.86865947338705    177.46072199833381      c 
  321.26861351525201    113.07405097206936    177.19475293893015      n 
  319.45261677079628    122.67685371117422    172.04380930786786      h 
  322.89451893038643    125.04195738683103    175.51226804870643      h 
  323.36057188776402    120.71239957797884    171.74299312937219      h 
  325.84319099671819    121.58683934113120    173.78212118827634      h 
  323.46781593260448    120.53015833843655    177.51369279473573      h 
  320.59908526870566    120.56215529820766    175.87932367672036      h 
  321.94773080971021    116.68036890984320    173.50453989103767      h 
  324.75064160599044    116.60693156013545    175.34049229571960      h 
  322.16680557928737    116.38333627695945    179.26954166511237      h 
  319.37456702334487    116.54353309456269    177.46536817530671      h 
  319.90896654648390    112.41771128638446    178.46081878953001      h 
  320.74369786033515    112.58613057163492    175.38716812491151      h 
  323.00785476307129    112.30597375688443    177.58214407002299      h 
  325.98124320194711    127.42264404710060    172.99828277352660      n 
  327.98759368817173    128.72346365450397    171.67836963837033      c 
  329.91407298624284    126.76861359688813    170.72831675023224      c 
  330.23599594283399    124.75004315756124    171.80284429550130      o 
  329.40886343075289    130.51882798043891    173.47400684262209      c 
  328.27564335342004    133.12156184451311    173.59634100584745      c 
  326.20655539563433    133.66554277218941    175.12344187673523      c 
  329.32108711757570    135.06557801406660    172.17944411651402      c 
  325.20211503967499    136.07601398064611    175.22696883044446      c 
  328.35862740379287    137.48943742726209    172.28432456167903      c 
  326.27065378470729    138.00981241616466    173.79273897786160      c 
  325.25547591292946    140.36555149251879    173.91186556920456      o 
  326.08744206468737    127.42692652930702    174.91249044223858      h 
  327.21738984740205    129.77143341741478    170.06546389578418      h 
  329.41691929789278    129.66240473522993    175.34990617964198      h 
  331.35858606679363    130.67374455735307    172.81103158249846      h 
  325.36524066907185    132.17740275385231    176.23955458516869      h 
  330.91772125317704    134.69303290167838    170.96714313555350      h 
  323.57852515072170    136.50378038277762    176.39053860723342      h 
  329.22161081770599    138.97768121989975    171.17883504139994      h 
  326.07454610615736    141.44047287973032    172.67708296101009      h 
  329.93383700236859    136.53873203489508    165.53324156578461      n 
  327.29084811750982    136.02073455594066    165.09589574691853      c 
  326.71450428066390    135.77301189491777    162.27059392801573      c 
  328.31416500474722    136.09493398620342    160.62043454361589      o 
  325.65199262681847    138.06787215951042    166.29764229683641      c 
  326.30616083540707    140.73922242218043    165.25558106181660      c 
  326.48227060342691    140.95346477246585    162.90359675281590      o 
  326.56052493827877    142.45035989093711    166.83349669806299      o 
  330.55173267781765    138.32821312597596    165.24149879380681      h 
  326.86891717701553    134.18804101710646    165.96854700634719      h 
  323.66981720302948    137.68888037743724    165.88796740358799      h 
  325.91829910472723    138.05829411263818    168.34004016026691      h 
  324.29914979094156    135.16938917481073    161.83717670861367      n 
  323.17998995289406    134.71272027826745    159.38695979585367      c 
  323.71669104639915    136.82255455194732    157.48936478600766      c 
  323.60165326964352    136.44881161371146    155.21143307121702      o 
  320.29747767638395    134.64463704997453    159.66469349608863      c 
  319.36581384506212    132.41616260060005    161.25591370177170      c 
  320.57906734673372    130.47912027077658    161.53737057030759      o 
  317.06333123781627    132.78894591521185    162.23861760329609      n 
  323.28402684310356    134.51954554358593    163.33143474702598      h 
  323.84545237714866    132.91495496367324    158.59224995703710      h 
  319.66792753585065    136.43320557784364    160.47899758920101      h 
  319.47513725457520    134.45678288708024    157.78043744321138      h 
  316.22558560339502    131.47145480495516    163.35034927615749      h 
  316.11512319463617    134.39816616723101    161.89718676630210      h 
  326.36336909639698    119.04297708824450    186.69002727649334      n 
  323.78358853893309    119.90977400465017    186.91926563794522      c 
  322.45889342391627    120.28918001937575    184.36982571662284      c 
  323.34443967509111    119.56581342781057    182.37487992265582      o 
  326.63995105817662    117.24112866187788    186.12845173505758      h 
  322.69710687133460    118.53774781705474    188.01833726339640      h 
  323.81349279596782    121.70986772749836    187.93517308718066      h 
  320.19916978821050    121.42974469934707    184.58913036436979      n 
  318.55436453599691    121.94495568554856    182.47076153083373      c 
  319.52856412877611    124.12833706780975    180.82776847402701      c 
  318.93220539181902    124.29787685396762    178.60588258970159      o 
  315.89391589748209    122.44630844190092    183.44623765673529      c 
  319.57339764845528    121.95168130164930    186.31170493512894      h 
  318.55443097781642    120.28245548778874    181.23116869080883      h 
  314.55117209420524    122.52449302602308    181.89571676398188      h 
  315.35262476717162    120.93141987658352    184.72692914752233      h 
  315.82633867543746    124.23777936773021    184.45617937607526      h 
  321.13293026593777    125.71306007196910    181.99214629479735      n 
  322.54739880375814    127.65008579998319    180.69518160077402      c 
  325.29005974104030    126.83837206175488    180.22906116128271      c 
  326.44323627757552    127.58113797784888    178.36163178837276      o 
  322.54114945547741    130.17148934820062    182.12115619405114      c 
  323.70399187240213    130.05255709854200    184.80025086943459      c 
  324.36925658464617    132.09810858482470    185.75995231446643      o 
  323.92231819768676    127.94169870167892    185.83640856997522      o 
  321.40469865126107    125.64583139967127    183.88562998833322      h 
  321.66759911697642    127.94581128391648    178.83831578798379      h 
  323.55764669422871    131.58287188039790    181.01042720599901      h 
  320.59835289520947    130.85005421019039    182.31128129428691      h 
  326.31883062832293    125.26909907031910    181.92296020070856      n 
  328.84225248945882    124.28174033630999    181.65359344031526      c 
  330.82028064282281    125.33540709307880    183.47818303681456      c 
  332.86674179555638    124.30903264777479    183.70876276505155      o 
  325.43724967206646    125.01171556975068    183.60111992548585      h 
  328.79211369003269    122.22692558236535    181.85130081099857      h 
  329.48524045099748    124.74229467381120    179.74049170990455      h 
  329.00713180437873    127.68428602128520    189.62235821395652      n 
  328.19482694475573    127.50684881054792    192.23058897277636      c 
  330.14905727298265    125.93920576519105    193.66475290699381      c 
  331.08789661502084    124.06549682388091    192.68125417804234      o 
  325.59244600419908    126.17760870015465    192.32061159374084      c 
  323.73112409951256    127.57935821372973    191.05060428673752      o 
  324.66947754954549    125.81741749787207    195.02818517182695      c 
  328.59129881318029    126.16808718065475    188.52069142540253      h 
  328.05958630006137    129.41516198371789    193.01569414679687      h 
  325.84970539248042    124.31857876564840    191.41542416297330      h 
  324.12409798429360    127.75800171609792    189.24773142632776      h 
  322.83450555301641    124.90034338474788    194.98350964079597      h 
  325.97386638382761    124.68418049634258    196.13298325593206      h 
  324.44320055192850    127.65114176996194    195.92502280804737      h 
  316.14805866903652    113.16607887723673    197.53545045340763      n 
  315.89626373060707    115.26676041578204    195.78666759225445      c 
  314.55553963411052    114.38330120232303    193.36515155904470      c 
  314.83914063030602    112.26026480880907    192.50590729900225      o 
  318.50191102410565    116.30718756754590    195.12876384200638      c 
  317.88820420325698    112.46567104867660    197.91209734258047      h 
  314.71549604720354    116.70530781557015    196.69841790707335      h 
  318.33481750179521    117.92051240202575    193.87112759134814      h 
  319.48927239938467    116.86905410372322    196.84026421071081      h 
  319.60181867187566    114.84900757753650    194.18608895665699      h 
  313.08210939109517    116.13516450442334    192.24337950954282      n 
  312.05271972911311    115.63961360830207    189.74537686369970      c 
  314.23390497467710    115.58487428541432    187.82908125341592      c 
  315.67037082659226    117.37643447055908    187.57184736037223      o 
  310.17181650870640    117.68060641645864    188.99826858036189      c 
  313.22036334951360    117.96155930056406    192.77165907374783      h 
  311.14058298480177    113.78558515364021    189.83117996226824      h 
  309.26811279607898    117.18518035374386    187.22148574317046      h 
  308.72236340673447    117.87341548576748    190.43998956738997      h 
  311.15774989443048    119.47003516477636    188.75457093791221      h 
  314.39313530498271    113.45824058936320    186.46061771172859      n 
  316.41465848853750    112.97254032590139    184.68232452996943      c 
  315.57431443482665    113.24336520167175    181.92479527578340      c 
  317.08840416120682    112.93751850769250    180.19983398020543      o 
  317.48402034962731    110.32206681008931    185.10643632721485      c 
  313.30643995170919    111.96316925107479    186.93663868549456      h 
  317.87291803808807    114.40963242090184    185.01455137395737      h 
  319.09735531133748    110.01097334813670    183.88024823175508      h 
  318.07492976266593    110.12203780317394    187.06318606717909      h 
  316.04424544622344    108.91423796498739    184.69550116193579      h 
  313.15058048431638    113.78334990320636    181.55584712899417      n 
  311.94348954790689    114.09030107794126    179.13603772921007      c 
  309.66111476842372    115.84139395861418    179.47621672915423      c 
  308.64876565652122    116.14934625667779    181.52956531011932      o 
  310.93515049569595    111.51574019185935    178.11458987769052      c 
  310.02247490510081    110.16823589339421    180.23264811492467      o 
  312.99102996980639    110.04986265906439    176.71566283687247      c 
  311.96502876238486    114.03320670997844    183.03756203809667      h 
  313.28699152945461    114.89193340337414    177.78772859325062      h 
  309.36394349315015    111.92790283845531    176.81164073622514      h 
  309.20810350183984    108.64534368105690    179.64908127476983      h 
  312.23791713007472    108.24933475750640    176.07187856711758      h 
  313.60991623279506    111.11924037438799    175.08009207954248      h 
  314.57763138631469    109.70880486606701    177.96908047012451      h 
  310.19131474432595    142.88734324052399    164.61388831523109      h 
  313.53383143183441    144.15406956224840    174.83868311480353      h 
  308.64848263056507    141.34205739150622    174.71156781566918      h 
  311.16760688620673    141.53586478810521    183.24446630435330      h 
  301.47965885060898    116.33628150347958    196.90053972784094      h 
  300.59626217233904    118.67033517407759    190.86541224088126      h 
  302.62305248604224    121.56355065805361    187.28710159843226      h 
  330.94801025066721    127.13192926846480    169.18882345076582      h 
  330.31964642452704    136.19298068798346    167.15317028910124      h 
  324.17291955062467    138.55097098371161    158.10214235906508      h 
  327.18461744841420    120.00014793851875    185.54900270166561      h 
  330.43862837189948    126.88136503976003    184.49573880158798      h 
  328.26651950822679    129.02726314354476    188.88719302979877      h 
  330.66556741969600    126.44142338183619    195.41176718780395      h 
  315.53696320038392    113.61768440692255    199.05702094020444      h 
  308.95612089680498    116.77398516179626    177.99152098504763      h 
  -0.3611427924796D-01   0.2206999745697D-03  -0.1162467161077D+00
   0.2904006216789D-02  -0.5279227975340D-02  -0.6594866574041D-02
   0.1159953445223D-01  -0.5098984163614D-02  -0.7080334413962D-02
  -0.7275781862290D-02  -0.6440850424396D-03   0.7818699635663D-02
  -0.8043728869030D-02   0.2382896348600D-02   0.3522857233588D-03
   0.1865046489102D-02   0.6990762120319D-04   0.1922839908046D-03
  -0.1505359091566D-01   0.1279899858177D-01  -0.5707703682564D-02
  -0.1440588114787D-02  -0.1413576935210D-02  -0.2055773746478D-02
  -0.2994350804161D-02  -0.1261468652905D-02   0.4757982189649D-03
  -0.1682304822853D-02  -0.8143924078101D-03   0.1667205723527D-02
   0.1142763551281D-02  -0.9734717071040D-03  -0.9468901924682D-04
  -0.6641392831694D-04   0.1259706195198D-04   0.7303873484087D-05
  -0.6178166083934D-04   0.3797649481956D-04  -0.2649064261835D-04
  -0.8032934807076D-04   0.5312170896963D-04   0.1974887098251D-04
  -0.7762546379021D-04  -0.4114220736228D-04  -0.2512340321229D-04
  -0.8158202448484D-04   0.4861102202795D-04  -0.1336545100066D-04
  -0.2891962537341D-04   0.3075344366262D-04   0.1702575652396D-04
  -0.1764947932854D-04  -0.1529690600426D-04  -0.1861646085112D-05
  -0.7609758241818D-04   0.7405393933874D-04   0.1173609840711D-04
  -0.7710770806348D-04   0.2499754004022D-04   0.2086434856558D-05
  -0.8120804451475D-04   0.3990260553901D-05  -0.5699735612112D-05
  -0.5473779074586D-04   0.3803631330755D-04  -0.2301222661726D-04
  -0.5484864088932D-04   0.8663175158051D-05  -0.3379583845203D-04
  -0.2948625307064D-04   0.3264061191212D-06   0.2011536565193D-04
  -0.3128525897519D-04  -0.1816799904578D-04   0.4490964908466D-04
  -0.6777470880875D-04   0.1752097409662D-04  -0.1022472511725D-04
  -0.6519804230605D-04   0.3374334824757D-04  -0.7255003320019D-05
   0.6187560170852D-04  -0.1059197854362D-04  -0.6660443870730D-04
   0.3782118722701D-02  -0.1699080668184D-02   0.1006681713051D-02
   0.5190880466040D-02   0.2282721744972D-02  -0.2082891088523D-02
  -0.4155099268159D-01   0.2075068787507D-01  -0.8071198561404D-01
  -0.1247777265035D-01  -0.4013082599201D-02   0.2363308075913D-01
   0.9594111861797D-03  -0.1731493375449D-02   0.3198841318204D-02
   0.1868033396439D-03   0.1323480950155D-02  -0.2467707377584D-02
  -0.2526696332609D-03   0.1723454935567D-03  -0.7994519554022D-03
  -0.1299066760405D-02  -0.3356399808211D-03   0.6231891340212D-03
  -0.1441781948517D-03  -0.3371355344007D-03  -0.1702225419051D-03
   0.5830793531566D-04   0.8871336760270D-03  -0.8089133764948D-03
  -0.8647931741799D-03  -0.1767160557853D-02   0.5521791575934D-05
  -0.9406410893548D-01   0.5727268253679D-01  -0.3565486277750D-01
  -0.5297296548238D-02  -0.1213133930943D-02   0.7057270804789D-02
   0.2987973098694D-03   0.2842787958266D-02   0.5777368710363D-02
   0.9547904340037D-03  -0.5349361182643D-03  -0.5406375059669D-02
   0.3298182797248D-02   0.7093900747020D-02  -0.1655432170697D-02
  -0.1707883093359D-03  -0.7990918428405D-03  -0.2548838986728D-03
   0.6709723402078D-03  -0.1272884941240D-02   0.8413955088891D-03
   0.5228812708133D-03  -0.5974877020286D-03   0.7041807309883D-03
  -0.4827153224580D-02   0.1393855552135D-01  -0.4307960767765D-02
  -0.5330187229252D-03   0.3870877441869D-02  -0.2043029888794D-02
  -0.2204523389800D-03  -0.1758141473433D-03  -0.3770229846957D-03
  -0.1141873498086D-02   0.1723552786911D-02   0.3715249969758D-04
  -0.4689352948903D-03   0.1288140181671D-03  -0.8510636190411D-03
   0.2265934338732D-03   0.7412350597255D-03   0.2244282081158D-03
  -0.6128852554253D-03   0.5502633285624D-03  -0.5701970299240D-03
  -0.7043084789158D-03   0.4336950904612D-03   0.8399283220947D-04
  -0.6280229243754D-03   0.1005891442255D-03   0.5395595929688D-03
   0.1935260258265D-03  -0.4054256061411D-03  -0.2621714035851D-03
  -0.1334534947236D-03   0.1237745895764D-02  -0.4942728027670D-03
  -0.4025805766755D-02  -0.1914846124907D-02  -0.1983715514472D-02
   0.6334622443942D-02  -0.3408454673438D-02  -0.1359092493419D-02
  -0.1503353929926D-01   0.8260147464046D-01  -0.4399721227758D-01
  -0.8385473570627D-02  -0.5191586722647D-02   0.1699929333506D-01
  -0.6704478779538D-03  -0.2791853393855D-02  -0.1050545326713D-02
   0.1216002938201D-02  -0.4701322161495D-03   0.1515663388248D-02
  -0.1389641510980D-02   0.1298043098652D-02  -0.8237167091409D-03
   0.9793722660339D-04   0.8212516620770D-03  -0.1109909862785D-02
   0.4304503703194D-02  -0.9816050983440D-03  -0.1341185370159D-04
  -0.2532862445770D-03   0.1121482203748D-04  -0.7449331740759D-03
   0.3033528526728D-03   0.2019870122973D-03  -0.2062718720743D-04
  -0.3577313435003D-03   0.8289658284920D-04  -0.2550322820194D-03
   0.5600739163147D-01  -0.2618253375404D-01   0.1064034553719D+00
   0.1133753561790D-01  -0.1884327611293D-02   0.5679519954623D-02
  -0.6256290581817D-01   0.6278615477380D-01   0.1149239214856D-01
   0.2773504878628D-02  -0.2827720893951D-02  -0.1470077559404D-01
  -0.5917801587166D-02   0.3202809088279D-02   0.9138051275750D-02
  -0.1681465652441D-02  -0.4371522402439D-03  -0.1049070775344D-01
   0.1313414710847D-02   0.2361585059086D-02  -0.2394528316389D-02
   0.1083362780507D-02   0.2026361089167D-02   0.1577910324105D-01
   0.6655693027270D-03  -0.4956438325565D-03   0.4101948521556D-02
   0.3207974845043D-04   0.1397840569686D-02  -0.1016628831723D-02
   0.1023441433302D-02   0.5468698463676D-03   0.1068188398000D-01
  -0.5145177972327D-03   0.1375356470160D-03   0.6158026333384D-03
   0.7526722522341D-03   0.2312333333516D-04   0.1036308529814D-02
  -0.1656054835722D-02  -0.8229598813008D-03  -0.1464197919087D-02
   0.4052807615819D-01  -0.4726824346731D-01   0.1149547505843D+00
   0.3631132602021D-02   0.8202077138180D-02   0.5321877866327D-02
   0.4409458840364D-02   0.1401249055315D-01   0.2489134014442D-02
  -0.3267533094788D-02  -0.5884161380170D-02  -0.4994669394232D-02
  -0.8065916863117D-02  -0.1664746346775D-02   0.1094094999805D-02
   0.1147105351752D-02   0.3082122048285D-02  -0.1975050697777D-03
  -0.2219624607200D-02  -0.8431857724951D-03   0.1366773842690D-02
  -0.1417407716973D-02  -0.3656102336489D-03  -0.1108522451275D-02
  -0.6496766312556D-02  -0.7063329872846D-02   0.8851570693894D-02
  -0.3673708810071D-03  -0.1104656565177D-02  -0.2145666567530D-02
  -0.5292764023905D-03  -0.2998053209111D-04  -0.5949038327542D-03
   0.1028756781296D-02  -0.1336084593825D-02   0.5705352702943D-03
   0.1180200967715D-02  -0.7468918283648D-03  -0.3375829773922D-03
  -0.1037640151274D-03  -0.4936919067193D-03  -0.2129740531203D-03
   0.4924376972877D-03  -0.6924583626979D-02  -0.1961041269603D-03
   0.9420388351151D-04  -0.1247314765836D-02   0.8181321043110D-03
  -0.1678709762408D-02  -0.1646990226698D-02  -0.1051910291020D-02
   0.1718293268499D-02   0.1535980803282D-02   0.1520178978437D-02
   0.6382441716176D-04   0.3527966457107D-03   0.9475219111566D-03
   0.2670591046836D-03   0.9106993870620D-04   0.9608859479505D-03
   0.1117285459596D-02   0.1102307153612D-02   0.2247091660892D-02
  -0.1146429008349D-02   0.2045917197909D-02   0.5707848119859D-02
  -0.1027597952048D-02   0.9326240475822D-03  -0.1139705674205D-02
  -0.7946273223751D-03  -0.8192690564130D-03  -0.5496864159562D-03
   0.1952286370218D-03  -0.7253863046357D-03  -0.1557034863365D-02
  -0.1150996000802D-03   0.4866447481345D-03  -0.7220993640607D-03
   0.7415322146328D-03   0.4882732368129D-03   0.5307522951266D-03
  -0.3406809490581D-03  -0.5349214087314D-03  -0.5459732338435D-03
   0.1974423032021D-03  -0.1319382501048D-02  -0.4736264011867D-03
  -0.6700689111058D-03  -0.7863508659292D-03  -0.1237733946744D-02
  -0.6977666982765D-03  -0.1130425103749D-02  -0.8048389748352D-03
   0.5929280507232D-04  -0.1237608134743D-03  -0.1087021418470D-03
   0.5725821266461D-02   0.4406133316383D-02  -0.1153282751526D-02
  -0.4479873169865D-02  -0.3417392590000D-02   0.1135874632152D-03
   0.6754696505576D-04   0.4631296556050D-03  -0.2636173742811D-03
  -0.5825572243808D-03   0.4282960679024D-03  -0.2202247830049D-03
   0.2464693385477D-02  -0.1443891358225D-03  -0.2020304458745D-02
  -0.2560055141956D-02   0.4316463913390D-04   0.1811104218202D-02
  -0.1883972811770D-02   0.1259785261610D-02   0.8930160681801D-03
   0.2398077963944D-03   0.1197610119187D-02   0.3932298513829D-03
  -0.1635862645197D-03  -0.3646413644504D-03  -0.1243104158214D-03
   0.5825238844220D-03   0.1005369679897D-03   0.1031373374178D-03
   0.7302218008091D-04  -0.3743674463656D-03   0.2144246862275D-03
   0.4065698566205D-03  -0.2518715195833D-03   0.4138511696649D-04
  -0.4334893079405D-03  -0.8237978441844D-03   0.2376876508989D-03
   0.7950867198900D-03  -0.7457892297124D-03  -0.2110829926035D-03
   0.5927831330754D-03  -0.5255451298915D-03  -0.6280533486345D-03
  -0.1839590917859D-03  -0.1089860195353D-03   0.5046481110809D-04
   0.3254420227821D-05  -0.8228822717593D-04   0.5436665807279D-04
   0.3750337209743D-04  -0.3730704494613D-04   0.7882133572210D-05
  -0.2703627576701D-04  -0.8648075915976D-04  -0.6460009548733D-04
  -0.3792436892011D-04  -0.3146802556036D-04  -0.6630803981043D-04
   0.7120556926335D-05   0.5795015278148D-04   0.1160173218198D-03
   0.1129268785316D-03  -0.1929529868731D-03   0.2835666430925D-03
   0.4406673931335D-03   0.2639311630637D-03   0.9460402792833D-04
  -0.6588546593759D-03  -0.1400651052869D-03  -0.2885622500753D-03
  -0.2453634084951D-04   0.1539264269209D-04   0.5389706503552D-05
   0.2342164704194D-04   0.6673978127441D-04  -0.2430678785911D-04
  -0.9453521183349D-05   0.7406296274482D-04  -0.5461826471633D-05
  -0.2383413369564D-05  -0.4196151566803D-04   0.7027688334406D-05
   0.4292705578697D-04   0.9452117637573D-04  -0.4626810450252D-04
  -0.4691338121457D-05   0.1072154449188D-03   0.1863695995267D-04
   0.3457085891699D-04   0.1056046111683D-04   0.2653573954990D-03
  -0.4173028932220D-03   0.2524339513841D-03  -0.7941748430007D-03
   0.4819124688419D-04   0.1530619613823D-03   0.5026954904021D-04
  -0.1827404312274D-03  -0.2335138012939D-04  -0.4776362851495D-04
  -0.1406489734247D-03   0.1546996078651D-04  -0.7359182070417D-03
   0.2394543180704D-04   0.4354698388653D-04   0.6060380332466D-03
   0.5227057005983D-04   0.3008143884443D-04   0.1736781445733D-04
  -0.3628425372618D-04   0.9630239717483D-04  -0.2046586437085D-04
   0.1057766094572D-03   0.3217253805257D-04  -0.1509236974447D-03
   0.3646879128043D-04  -0.2582127786397D-03  -0.2928344490452D-04
  -0.4303343376674D-03  -0.6406501236475D-03  -0.6811553694991D-04
  -0.2733582711665D-04   0.4363270313506D-04   0.1684923653937D-05
  -0.2011588242833D-04   0.2760226571670D-05   0.4952573785671D-04
  -0.8381360619409D-05  -0.2179278570226D-04  -0.1585782434753D-03
  -0.3593903750795D-04  -0.2819488436375D-04  -0.9381037121707D-04
  -0.6723113374555D-05  -0.4043764367598D-04  -0.1657208685687D-04
  -0.2795594741667D-04  -0.1300292768646D-05  -0.2188933099588D-04
  -0.5181196121829D-04   0.2114634303343D-04  -0.1651152874880D-04
  -0.4682517883219D-04  -0.3442964345796D-04  -0.1114768869634D-03
   0.8066317119892D-04   0.1856545442144D-03   0.1113287872270D-03
  -0.3644670502679D-04   0.1783455658471D-03   0.6436517185605D-04
   0.3470319985455D-03   0.2020767197982D-03  -0.2060250613788D-03
  -0.3669836757025D-04  -0.7240581151309D-04  -0.2340487054521D-03
  -0.3647871357223D-03   0.2196545110743D-03  -0.1254535296614D-03
  -0.1970019395734D-02   0.7531163905293D-04  -0.7190340366638D-03
  -0.4225716378786D-02   0.5010688188796D-02   0.4298237935659D-02
   0.3970424293055D-01   0.3785979515859D-01  -0.7236722342558D-01
   0.6685883637204D-02  -0.1753442828088D-01   0.6596020231620D-02
  -0.2903093662900D-02  -0.8069470720405D-03  -0.1594302069221D-03
  -0.1138285587115D-03  -0.4450093852702D-03   0.4228545259487D-03
   0.1588759369744D-03   0.4618317797478D-03   0.9968204049308D-03
  -0.2182416665670D-03   0.5647302929929D-03   0.1056844186715D-03
   0.4726050564326D-03   0.5313151846114D-03   0.1470909164325D-02
  -0.1518137048001D-03   0.4633702019123D-03   0.9948018000461D-04
  -0.1443475726974D-02   0.1857761973848D-02  -0.3058704512199D-03
   0.1895727232683D-02  -0.1249241826467D-02   0.7783178784151D-03
   0.3778227391244D-03  -0.4606609904101D-03  -0.5906193757890D-03
  -0.8950135073533D-03   0.5905903756092D-03   0.4742922262608D-03
   0.1701888167834D-03  -0.4153813326943D-03   0.3275690266591D-03
   0.4615286976657D-03  -0.7780618767499D-03  -0.9898189283065D-03
   0.3490459113826D-03  -0.5686981898153D-03  -0.4029051386059D-03
  -0.1395441875593D-02   0.7448202107770D-03  -0.6869135643892D-03
  -0.1116864879498D-03   0.1151066749639D-04  -0.6190402194077D-03
   0.8152544255282D-03  -0.1083059003165D-02  -0.5425320455975D-03
  -0.5767954566829D-03  -0.6537040845545D-03  -0.4422074540031D-04
   0.9670920729145D-02  -0.1742852296983D-01   0.1196671500298D+00
  -0.1987963138620D-02  -0.8053213563725D-02   0.3521443257961D-02
  -0.1268092653567D-01  -0.8023554888141D-02   0.2505521056858D-02
   0.8015217350348D-02   0.2812048016391D-02  -0.6723544542795D-03
   0.8099449420838D-02   0.1137489574438D-02   0.4969365487328D-03
   0.1049988557275D-02   0.8033553495475D-02   0.1710373082556D-01
   0.3089336037164D-02  -0.7100800291307D-03  -0.7144840914166D-02
  -0.2137809814773D-02  -0.8778237973176D-02  -0.1024891859182D-01
   0.1222665378948D-01  -0.1989330934426D-02   0.1178113802201D-01
   0.4113977210638D-03  -0.6091662323330D-03   0.1670240701716D-03
   0.1768087736680D-02  -0.1554624871278D-02  -0.1056681333626D-02
   0.8063433832313D-03   0.2998929923014D-04  -0.1508806711292D-02
   0.7125168215052D-02   0.7676666325672D-03   0.2480150679892D-02
  -0.1846368023094D-02  -0.8115772328871D-02   0.3224491182087D-02
   0.1138808188968D-01   0.7623448980740D-01   0.4440322319844D-01
   0.9124241467037D-03   0.2244846591719D-03  -0.1663295196748D-01
   0.2196197772215D-02  -0.1832917058382D-02   0.2415689671570D-02
  -0.2712121811778D-02   0.2593881948430D-02  -0.3079418727847D-02
   0.1938307685922D-02  -0.1755334125694D-02   0.1490076755111D-02
   0.1018361743868D-02   0.2404440926936D-03   0.1906713243704D-02
  -0.1601648459978D-02  -0.7957670899247D-03   0.1307337906512D-02
   0.4251373123874D-03   0.4560227342803D-03   0.5085835775335D-03
  -0.3637752944795D-03   0.1269881500805D-02  -0.7852092184980D-03
   0.3207193331737D-03   0.4552911120219D-03   0.2930289648743D-03
  -0.3837570451624D-03  -0.9786650554857D-04  -0.5919425081755D-03
   0.2705275017556D-03   0.1165849062758D-03  -0.3520234449508D-03
   0.5517659514959D-01   0.7075172698065D-01  -0.8800104783524D-01
  -0.1376775109391D-02   0.8552149416651D-02   0.2829992913757D-02
   0.4360530067457D-02  -0.2669078755964D-03  -0.8014972241019D-02
  -0.1786066380188D-02   0.3940434833708D-03   0.3991130179393D-02
   0.1183582979510D-01   0.6083734783331D-02  -0.2145137735981D-02
   0.2639326507812D-03  -0.1819819572083D-02  -0.4536739593921D-03
   0.1014795979874D-02  -0.4278015986166D-03  -0.2016847248801D-03
   0.3096563392296D-04  -0.4531768822869D-04   0.4781719476484D-04
   0.5643430634313D-04  -0.6269136676138D-04   0.9434751372458D-05
   0.8928687951379D-05  -0.3781025081094D-04  -0.3555266885194D-04
   0.1373879136934D-04  -0.2614009900970D-04  -0.1924942859800D-04
   0.2330548299580D-04  -0.5478894949019D-04   0.7681434236198D-05
  -0.1318190790594D-04  -0.7366751456975D-04   0.1410482629591D-03
  -0.4705257883561D-04  -0.5498359995175D-04  -0.6612710803838D-04
  -0.7410634145980D-05   0.1001251313390D-04   0.4081588191322D-04
   0.2604408779700D-04  -0.2759226592713D-04   0.4399303914792D-04
   0.6537840521575D-04   0.3191431910074D-04   0.6144886085394D-04
   0.5009833996316D-03   0.4579089252682D-03   0.5183839123682D-03
  -0.5925317617612D-03   0.1114536614314D-02   0.6475291319709D-03
   0.1219726873824D-02  -0.2683004517354D-02  -0.2615226487760D-02
  -0.7285860399693D-03   0.1667404902794D-02   0.9095999341129D-03
   0.1745053329379D-02   0.3174307803525D-02   0.2606554292975D-02
  -0.5874245078797D-02  -0.1648421718598D-01  -0.2778653018319D-02
   0.2726971914715D-02   0.7040557541262D-02   0.3056047578951D-02
   0.6203789304657D-03   0.1105503740616D-01  -0.2814358955369D-02
  -0.4446508884198D-03  -0.4582018554851D-03   0.1339945127935D-04
   0.1788213368070D-03  -0.7132050280188D-04   0.2474640073738D-03
  -0.3416869290091D-03  -0.8503825016500D-03  -0.1831636484766D-02
  -0.2877932988273D-03  -0.4385854793341D-03   0.1750774796192D-03
  -0.6659486321626D-03   0.7927225385101D-03  -0.8366437131133D-05
  -0.5070229180026D-02  -0.4702067163395D-02  -0.6215845561007D-02
  -0.2961221539381D-01   0.7388291013465D-01   0.4155457451284D-01
   0.1366281274999D-01  -0.5341300041997D-02   0.3237120970918D-02
   0.1201209385465D-02  -0.2911854112073D-02   0.9839019737443D-03
  -0.9256618041386D-03   0.9365983302677D-03   0.7679565501542D-03
  -0.2035414587264D-03   0.6687162541148D-04   0.7881857810745D-03
  -0.6296153648454D-01   0.9259900319752D-01  -0.4453463696905D-01
  -0.6434841232063D-02   0.8578566485206D-02  -0.2249071352849D-02
   0.1507028674614D-01   0.4065203536895D-01   0.8663660529021D-01
   0.7924353643928D-02  -0.1632990171653D-01  -0.1156394019547D-01
   0.4737384687119D-02   0.2423925247732D-02  -0.1013015955801D-01
   0.1189081468464D-02  -0.5834598052121D-03   0.9198307566315D-03
   0.2089574352386D-02  -0.1928624127095D-03  -0.2920758742655D-02
  -0.1014152782043D-02   0.6074050793787D-02  -0.1002891869578D-01
   0.2681718318643D-03   0.1891348033261D-02   0.3730956661286D-03
  -0.2246220874989D-03   0.1067696584539D-02   0.5513294461737D-03
   0.1312844852726D-02  -0.7566389337934D-03  -0.5142428338597D-03
   0.5375708650779D-03   0.2499613280927D-03  -0.1685132590915D-03
  -0.1228648809645D-02   0.8243585368244D-03   0.2114791367873D-02
  -0.1239985121235D-03  -0.3880892779440D-03   0.7004801629520D-03
  -0.3825154211040D-01   0.4140683323030D-01   0.9980124792312D-01
  -0.4997572757191D-02   0.5336461831169D-02  -0.2590691900365D-02
  -0.9769459837440D-02   0.4641539945065D-02  -0.1552346612072D-02
   0.2827273774628D-02  -0.3104847889920D-02   0.1121831955479D-02
   0.1799609355601D-04  -0.4960877071489D-02   0.5931100803686D-02
  -0.4519121473448D-02  -0.3604295786070D-02   0.1602352091412D-01
  -0.1255319061943D-02  -0.2527209744908D-02   0.2834573699324D-02
  -0.2071926519519D-02  -0.1921333461749D-02   0.7001836056606D-03
   0.4026491187594D-03  -0.1527129606989D-02   0.2153316870200D-03
   0.4294968095640D-03   0.2567276186296D-03   0.3825842215664D-03
   0.8639516465325D-04  -0.4761628538184D-03  -0.2088785612164D-03
   0.1007179538314D-03   0.4827499731141D-04   0.1178722327672D-03
  -0.2627345942816D-04  -0.1337517016993D-04   0.1249045410237D-03
   0.2306976527293D-03   0.1089024828450D-03  -0.4802236479373D-04
   0.9067258020934D-04   0.6629222566925D-04  -0.1573279022090D-04
   0.7236436275905D-04   0.2224676277843D-03   0.1290293331621D-03
   0.1090230197158D-03   0.9472822169385D-04   0.7270901731501D-04
   0.4821452773368D-04   0.1315657799793D-04  -0.3540697148508D-04
   0.6932708611574D-04   0.5012702404780D-04   0.6146347822260D-04
   0.1317445398906D-03   0.9614394507195D-04   0.1529262046521D-04
  -0.3194935914204D-04  -0.3757540882000D-04  -0.2940258860600D-04
   0.6784139279268D-04   0.4749226573254D-04  -0.8239381964448D-04
   0.2809515955320D-04  -0.5026143493581D-05  -0.1166567319356D-03
  -0.1167572323523D-03   0.5684412157066D-04   0.8075058288247D-05
  -0.5149019957692D-04  -0.1461767040671D-03   0.1831596181071D-04
   0.5614787466698D-04   0.1128144379740D-03  -0.5011783171790D-04
  -0.1179438617579D-04   0.2326627294507D-04  -0.1368534782523D-04
  -0.3749027010989D-04  -0.1340720123989D-05   0.5287795538411D-04
   0.1501399772588D-04   0.2049171228068D-04   0.2582841398439D-04
  -0.1087866010714D-03   0.3462077957731D-04  -0.5088435067407D-04
   0.1165005982659D-02   0.6139888560409D-03  -0.7096689267725D-03
   0.5964518192022D-02  -0.6887376640624D-02  -0.5707010634493D-03
  -0.2069203671982D-01   0.3142414054367D-01  -0.7920321885445D-01
  -0.1272491962177D-01   0.5325108081276D-02   0.1231290214887D-01
   0.2247657693359D-02   0.2121369677167D-02  -0.1719836718146D-03
   0.2542235979117D-03  -0.1494375870637D-02   0.1467632140294D-02
   0.3339356155037D-03  -0.6037770933633D-03   0.3690735932650D-03
  -0.4487544049002D-03   0.8157695684068D-03  -0.4358937491777D-03
   0.1378438869994D-02  -0.6353856468820D-03   0.8201562989954D-03
  -0.4271719756523D-03  -0.3541163418143D-03   0.3666682366867D-03
  -0.1736388388961D-03   0.1897996462048D-03  -0.7240487463181D-03
  -0.1530270705855D-03  -0.1527360524681D-03  -0.2383500172076D-03
  -0.1650456741460D-03  -0.8576396434943D-04  -0.3055931671842D-04
  -0.6079260000060D-05  -0.1921851366344D-04   0.1257135972462D-03
   0.5706435312525D-01  -0.3814391719631D-02   0.1268898574642D+00
   0.4501838578743D-01  -0.1429983849375D-01   0.5940465540582D-01
   0.1028202825509D+00  -0.8565560502255D-01   0.3529538374668D-01
   0.1782073980919D-01  -0.6775732435189D-01   0.3111196695248D-01
  -0.5866068893984D-01   0.1246321664502D-01  -0.1265091457654D+00
   0.5531084910623D-01  -0.5277016698696D-01  -0.8878289388732D-02
  -0.2780727427661D-01   0.4812325532466D-01  -0.1278012134900D+00
  -0.3824311260833D-01  -0.2464916728846D-01   0.6171476473142D-01
  -0.3025565089794D-01   0.3222437941180D-01  -0.1324599030442D+00
  -0.1662696759421D-01  -0.6678078989702D-01  -0.3511446318623D-01
  -0.6993813740021D-01  -0.8299272903162D-01   0.8928273991595D-01
   0.2295482908917D-01  -0.6349290365668D-01  -0.3706911033757D-01
   0.5869312041502D-01  -0.1129499233259D+00   0.6123946613929D-01
  -0.1652446671383D-01  -0.2426093164299D-01  -0.6979246183787D-01
   0.5590680307786D-01  -0.3407232025308D-01  -0.1224632580984D+00
   0.2327647896607D-01  -0.3099243586965D-01   0.6571633960989D-01
$end                                                                            
