$grad                                                                           
  cycle =      1    SCF energy =  -395.50890557972   |dE/dxyz| =  0.590987
   94.43173810057522     55.93289148101338     81.79200029948377      n 
   92.28851628941879     57.20814281550950     82.91719388187619      c 
   93.19979300452178     59.50890956784500     84.42777263010130      c 
   95.42769390959846     59.81468661087213     84.92844363210166      o 
   90.86768430582222     55.33309225097843     84.62997171968425      c 
   89.47992773574586     53.33369860809968     83.05950077503331      c 
   88.57421179889703     51.21737612383420     84.78284922844192      c 
   89.92169677264665     49.43993761088676     85.36677377841217      o 
   86.20772199187093     51.47739142853569     85.64920564443757      n 
   95.82576073884960     55.43736579534805     82.99867059385734      h 
   91.06995362914877     57.84996928515032     81.37122410569948      h 
   92.24265023198465     54.39260493619851     85.84820015584194      h 
   89.53195794165457     56.34240277237159     85.83074471850888      h 
   87.90377650921735     54.19098902851570     82.04619203005814      h 
   90.78640983212318     52.53128884600975     81.68132988499922      h 
   85.11525513662473     52.95708364962622     85.17523552315910      h 
   85.51899032093708     50.17683389153949     86.85607836115256      h 
   91.36825635666960     61.15476445851056     85.11216518638764      n 
   91.88212605375371     62.99999961279515     87.06119876182888      c 
   90.67326474629692     62.19257292405196     89.56384738036553      c 
   88.94730121831010     60.64058962038543     89.61909396711415      o 
   89.55193513020572     60.55423989798806     85.06908481403755      h 
   93.92514493064196     63.15496176007262     87.30766202179588      h 
   91.14015270459656     64.85433637284413     86.53075019758030      h 
   91.69583251442060     63.31241723520018     91.55902689828358      n 
   90.71405245077992     63.06651633197541     94.09085179888494      c 
   88.44104248319363     64.87438700087000     94.34277025263710      c 
   87.18314607301909     65.49364726802509     92.51242481092254      o 
   92.82563944093138     63.53853923636100     96.01223405007994      c 
   95.28081855633782     62.15567786869753     95.33232541927445      c 
   97.19735771865933     63.78561706884382     93.79655488389656      c 
   96.35150756081242     65.11582568287233     92.02333917787776      o 
   99.45055035244712     63.62368102306588     94.44702243724532      o 
   93.38112594464094     64.30879920142449     91.42387009335965      h 
   89.94631845707052     61.14165843747708     94.29776711172359      h 
   93.22493685083899     65.56586067228211     96.09970125454750      h 
   92.20560364763217     62.88334497971436     97.86647133571084      h 
   96.27219155430073     61.56694011473586     97.03806662005847      h 
   94.88546726327583     60.47299860107368     94.20328154180322      h 
   87.86743669049574     65.57016392805693     96.71316626058346      n 
   85.73013069231283     67.17426008196195     97.31160515740983      c 
   86.33754301932778     69.97585188222185     96.85435421639245      c 
   85.49128790965054     71.09672682647020     95.01075413425741      o 
   84.94984829865894     66.62129715418989    100.04204596244368      c 
   87.07667155217517     66.90782397074281    101.63219616787767      o 
   89.11871138340298     65.31839978668019     98.13182122017110      h 
   84.19383899262792     66.69712561647113     96.00668763242020      h 
   83.43129829237184     67.92308158612107    100.57429462293977      h 
   84.23372259098964     64.68196118971554    100.12076488358551      h 
   86.67708021372650     66.24672130506893    103.28713087879099      h 
   87.75882874256540     71.09592992922637     98.60038013689403      n 
   88.22764439934551     73.78404762328601     98.55989550533597      c 
   91.02765054038792     74.35014105556992     98.10993426267032      c 
   92.70428070794274     72.87447700908388     98.71610702924008      o 
   87.19270280170392     75.01920501969417    100.99686729641407      c 
   88.73107957208894     74.20915731035004    103.31040040911812      c 
   84.39573447071403     74.34748388432263    101.30034912686914      c 
   87.73987535499920     75.36200502436556    105.75729842246056      c 
   88.50585651488502     70.06156475185651    100.02513420588028      h 
   87.19284319303516     74.52959025242316     96.93282898154015      h 
   87.37799838526698     77.06149207450827    100.73010739709413      h 
   88.69132658515976     72.15291163380680    103.46292011962117      h 
   90.69170497311242     74.77238966183090    103.01173576940930      h 
   83.47666738816403     75.66762944178667    102.57276406907584      h 
   83.44415961902823     74.43175492291563     99.48277304754177      h 
   84.18953085984838     72.44659873007393    102.04859603188544      h 
   89.01441109525379     74.93660151590792    107.30999444231600      h 
   87.58331892927524     77.40222354981769    105.57294734981622      h 
   85.89079599130923     74.59966660774502    106.20984611186807      h 
   91.44298426485673     76.60647090730996     97.04096862268798      n 
   93.93671750785361     77.56568988811046     96.48335327258772      c 
   93.85244469972123     80.44141724702986     96.62764931187708      c 
   91.90194366175146     81.66013049332467     96.41109036922714      o 
   94.81487820338313     76.73066909073152     93.80965840179906      c 
   97.60679918710038     76.08890604407303     93.63719160853587      c 
   98.51942473964208     75.59793246520080     90.86092302719130      c 
  100.39279790291822     74.20474972110480     90.62015903574542      o 
   97.36253345863729     76.71721039751407     89.13562896202306      o 
   89.97250122784943     77.72575473065491     96.52238986214185      h 
   95.23674361177198     76.78777371064660     97.89899575654481      h 
   93.72079693673912     75.05609642447598     93.30122480678780      h 
   94.39507004363718     78.19676035738951     92.42599969658561      h 
   98.77427579900164     77.66146767077633     94.30157292813377      h 
   98.06356290839105     74.42794626038919     94.77437960807310      h 
   88.03951271186521     84.01457102691828     93.33149850392287      n 
   86.54705069072696     82.30466930665162     91.82130648924711      c 
   85.70415995388767     80.09939576182848     93.45637699681201      c 
   87.07065012752061     79.12031180686033     95.04533145982124      o 
   88.05282842558277     81.44666604721451     89.44915443721071      c 
   90.13696678462715     79.52242856788669     90.06467409257155      c 
   89.18825030501122     83.76757361833728     88.14588967787468      c 
   89.38295006176192     76.81445906386833     89.43392628530562      c 
   89.31679334539054     83.22331207864072     94.51972596876139      h 
   84.87523236580499     83.35558109072942     91.20390626063562      h 
   86.68224705422905     80.54554193277316     88.19130432475501      h 
   91.83757917091903     79.99049693178426     89.00022354739886      h 
   90.60340208269722     79.65626784926474     92.06339771365082      h 
   89.96575070894013     83.21078652359326     86.33277712557036      h 
   87.76744198153942     85.22528991740877     87.88431290943984      h 
   90.69158461967923     84.55595803965575     89.30676607872380      h 
   90.98345314895052     75.55449218339429     89.70465125769010      h 
   87.84652593310605     76.18707064377635     90.64953844237374      h 
   88.77883490080433     76.67547744511924     87.47631716204133      h 
   83.36445708891574     79.25709265398140     92.98790782487517      n 
   82.44667051282589     76.95824081480750     94.13085102579805      c 
   81.25852874403562     75.35872872126063     92.05955564417111      c 
   80.23293568793943     76.31442326697864     90.21628972265363      o 
   80.51458976562976     77.41192315387853     96.25991555211576      c 
   78.28905127253579     79.05523043922938     95.45425822473929      c 
   75.95014181731847     78.59058257095174     97.12989045750001      c 
   74.73860879566141     80.40912300426515     97.96684887083018      o 
   75.38823018037472     76.29203191327611     97.46612017417378      o 
   82.11752530239112     80.21346666332563     91.89200564778616      h 
   84.09306971826416     75.99880534549047     94.94565603858337      h 
   79.79092946454276     75.58293330990830     96.89174506723892      h 
   81.47838721773495     78.31242916919749     97.84598939361076      h 
   78.80160133373835     81.05103209688187     95.44270191296580      h 
   77.69787142119448     78.56262476225831     93.53756807142469      h 
   81.39710026315190     72.86847176974310     92.40145263384900      n 
   80.11875102834163     71.06834079982953     90.80126664002910      c 
   78.44033652712136     69.49567507454874     92.55321836864267      c 
   79.20032722664614     68.70780675401660     94.58389295696493      o 
   81.90217441240767     69.27550075054245     89.37197869443598      c 
   83.38022469049407     70.62938646343193     87.29125859641060      c 
   84.75462555892898     68.77988999376126     85.54948171695814      c 
   86.18346958616476     70.16672785259141     83.66623753976125      n 
   87.88614938914797     69.19162276190779     82.11915651080699      c 
   88.95563137217954     70.71119762912716     80.40490893013808      n 
   88.78040539856154     66.85132619190780     82.44927322217134      n 
   82.53541341591284     72.10638292299258     93.74296912059299      h 
   78.98559624330797     72.16018696400522     89.45707242408716      h 
   83.21141539490945     68.41219141143746     90.71316488542989      h 
   80.75820332944768     67.77521554781096     88.53372964458073      h 
   82.09534413496907     71.77774243209167     86.15607286923101      h 
   84.77023440803183     71.88613921883190     88.15158345069477      h 
   86.02860009611904     67.62083780546428     86.69466247510334      h 
   83.39401868704640     67.54136633100977     84.58379786595518      h 
   85.52971995773213     71.91321698309561     83.09218143179471      h 
   88.04604026125385     72.38674766787976     80.12815800323696      h 
   89.75931378268220     69.91258698266816     78.87751653916497      h 
   87.82445701975176     65.64086707089417     83.55731072230883      h 
   90.06655860514491     66.14373619569368     81.23897302597621      h 
   76.09624762900810     69.09508706609957     91.69683897811483      n 
   74.34570480863067     67.51652738838401     93.07672014345439      c 
   73.73482087382214     65.14293957453879     91.52780934690959      c 
   73.48298469552527     65.20321472600693     89.22968602127764      o 
   71.84264593059044     68.85962168952612     93.67515979636011      c 
   72.12852121876892     71.22192236548487     95.32849953284087      c 
   69.55339872200858     71.91435877271068     96.47277925737021      c 
   69.20212888267346     74.69798767637900     97.12347254547561      c 
   70.90237597473482     75.51213054997866     99.18736448709078      n 
   75.55330611598843     69.68883392060347     89.95986716095851      h 
   75.32473506306754     67.00877049100713     94.82505010154821      h 
   70.93914146027363     69.37808132741759     91.89448896632483      h 
   70.62887545432319     67.49555091898695     94.63686590614269      h 
   73.51632737393138     70.87312604022327     96.81140289021491      h 
   72.85141323854317     72.77428102730643     94.18183977047693      h 
   68.09114285919996     71.42900969629723     95.10559175634268      h 
   69.23857403679818     70.77435957886777     98.16043114210918      h 
   69.58387222005723     75.87635169394846     95.47553673905036      h 
   67.24654310655752     75.01390438640541     97.70509610446979      h 
   70.37471856953944     77.24858337431205     99.84830430657584      h 
   70.88814348258276     74.23475312582404    100.63826652263931      h 
   72.89056123443400     75.76697964553503     98.47680918337269      h 
   81.47748661818916     58.48385340443390     74.87908957066674      n 
   79.50004640392144     59.83239787571371     76.16965703514924      c 
   76.88339417816255     59.44473534047930     74.95305109520390      c 
   75.01005404975264     60.59089409189654     75.69002927147702      o 
   80.17596960005426     62.63768604644878     76.27228573673027      c 
   82.75577722670849     63.11561878206936     77.46049410645500      c 
   83.75009269030193     65.80910614469715     76.76941172868993      c 
   83.87243095612234     66.34979786810945     74.47520981079195      o 
   84.38239803577349     67.18759857424713     78.56478243112716      o 
   82.53789810847125     59.49426236626268     73.65460132810696      h 
   79.35878822495133     59.04608834381886     78.08708148683486      h 
   80.20413997664978     63.36529052514464     74.33402292135531      h 
   78.70892836948437     63.66348248354437     77.29926157749108      h 
   82.69993379401829     62.95282540088741     79.51475386073847      h 
   84.14114862286411     61.78459966609299     76.70437682923111      h 
   75.70950018676162     73.43464278585969     83.03823086634524      n 
   77.41422438239316     75.15870018205243     84.30464152031023      c 
   76.00470577099252     77.57604231519699     85.02879705261711      c 
   74.16963638063361     78.33236371022444     83.82584680471720      o 
   79.66380211065758     76.07906396469114     82.69319738625958      c 
   80.90408976587544     74.11315053220541     80.97952515098628      c 
   83.42265215289108     75.23869531222866     79.97654428669139      c 
   83.32249827855416     76.84220956584568     78.26958776025259      o 
   85.42264074820601     74.54145509653986     81.03312664153408      o 
   75.08651311585082     73.97644252683874     81.31944250533365      h 
   78.07958974106333     74.19941189479685     86.00883300767687      h 
   79.03393531668387     77.64737169998575     81.50129688169142      h 
   81.07642764260127     76.80116100302573     84.01945019784108      h 
   81.30099934377377     72.36051121168738     81.98506573487305      h 
   79.71049513881228     73.68649269055892     79.35329278283803      h 
   96.46892819733033     78.54872012773187    109.18760979166036      n 
   95.68171349785516     80.29595510982463    107.20711411541002      c 
   94.17702394524663     82.51820356509651    108.27426333380237      c 
   92.28908781643413     82.19417920736051    109.58312735225999      o 
   94.07145763406388     78.62947226568278    105.49528977681317      c 
   95.48198312319771     76.11412177273075    105.58037598800071      c 
   96.43718521710477     75.94263725296889    108.31183415666803      c 
   97.35509542284565     81.02332633322150    106.22209358977369      h 
   92.19449721951393     78.45098368248100    106.32248358083264      h 
   93.89955108728596     79.41057066567826    103.60212414191797      h 
   94.29925740025186     74.50979654794691    105.08319115091984      h 
   97.07166928431506     76.15978095940858    104.27070824282964      h 
   95.16032597281297     74.82131056708673    109.48734469485709      h 
   98.33062968068583     75.11747298589513    108.38906878972841      h 
   88.78593968909398     86.84960220664055    107.88292628258441      n 
   86.20369949797163     86.45900032552420    107.06674014790433      c 
   84.68509405147152     88.71006109465098    108.08555022148911      c 
   85.66711585244612     90.31193650233573    109.42915649172076      o 
   85.25714122693029     83.84758401258588    107.99118461212790      c 
   84.91116507897563     83.87085584951252    110.85805255237159      c 
   82.87192390939097     82.94025866247540    106.63142783327463      c 
   88.96409080616957     87.88662634558409    109.48031174771192      h 
   86.20090827599056     86.48494169666324    104.99481300216870      h 
   86.79349982933886     82.54358082280407    107.51472385472498      h 
   84.17460332176783     82.06073336257873    111.48810596660938      h 
   86.72392386683435     84.23340796068977    111.75488075262344      h 
   83.58760388721163     85.34442398394066    111.41402593395642      h 
   82.72493673254215     80.90327199509669    106.83645911901053      h 
   81.15639626842621     83.74296817686384    107.43267578315819      h 
   82.98620632715775     83.34351989444899    104.61799519805520      h 
   76.36727665092789     75.89468856409289    115.03341378199056      n 
   77.94614293384414     77.08029640238131    113.13770790944419      c 
   76.21360857475244     77.78719351848189    110.92299680394430      c 
   75.03965510384933     76.19890237328036    109.71978415304544      o 
   80.14336656095162     75.31419728844736    112.39279386325104      c 
   79.24316910688869     72.71487717650604    111.50263304473818      c 
   81.72086138281905     76.60079706429562    110.34614849417378      c 
   75.74030232062505     74.14477451260851    114.60694316172997      h 
   78.66846068120918     78.82349975204906    113.98481856646676      h 
   81.23231569701238     75.03931757460630    114.12841466411463      h 
   80.81765385232163     71.64754571766747    110.72774007465854      h 
   78.46357254051318     71.64152511542163    113.07404833042146      h 
   77.80260627488038     72.89693267753040    110.05057973579591      h 
   83.37348249091430     75.47126348872210    109.89376281815285      h 
   80.57661230000701     76.77610626541285    108.64891504408183      h 
   82.28889308395452     78.48232544478576    110.93963520768069      h 
   93.91058345968986     54.49445461828802     81.04912803301488      h 
   95.44374878240232     81.42025316904207     96.91171922939395      h 
   88.93323643744633     85.04070614334411     92.31126980494211      h 
   73.52936760963614     63.47620623909652     92.39432715268227      h 
   82.56625432147256     57.84489887055994     76.01877547667110      h 
   76.67826302683528     58.23002662132534     73.52005838705163      h 
   76.48446661143376     71.93874152472085     82.80527501257330      h 
   76.57139740982068     78.58966144123427     86.51960254546842      h 
   98.16636348829502     78.44529270135304    109.21165500630168      h 
   94.72358291151816     84.29043192143214    107.91157322746636      h 
   89.51930375636323     85.34528740218354    108.18587196509542      h 
   82.85416939911590     88.88801338836821    107.65298570369407      h 
   77.23796355327136     75.74885297603304    116.48709816045384      h 
   76.01452541630380     79.59774526271217    110.41967539497068      h 
  -0.4581648769399D-01  -0.1101092137098D+00  -0.4341162463343D-01
  -0.8258185073927D-02   0.3280258693844D-02  -0.4655006373293D-02
  -0.6895310217041D-03   0.7542292452784D-02   0.9675077068723D-03
  -0.8955217354324D-03  -0.6408275058813D-03  -0.1002241749497D-02
   0.8113388824491D-02  -0.3002370639185D-02  -0.3546478874942D-02
   0.2361555399176D-02   0.4645197929681D-03   0.7192650264537D-03
   0.1480130569102D-03  -0.3955425207547D-02   0.1060678729674D-02
  -0.1149978351392D-02   0.2185504122184D-02  -0.7774373421496D-03
   0.8678927162406D-03   0.7388986129665D-03   0.1202284169835D-02
   0.3425340046396D-03  -0.1027415437613D-01  -0.8708486410246D-02
   0.1943985540748D-03  -0.7668180652085D-03  -0.1140240732456D-02
  -0.3888664416968D-03  -0.1171106231146D-02  -0.1289051269493D-02
   0.9206629136950D-03   0.5324558732576D-03  -0.2401710519114D-02
  -0.8509484790963D-06  -0.5507800242310D-04  -0.8926417413988D-03
   0.9611214776535D-03   0.2028135425747D-02  -0.6158855965465D-03
  -0.6901299362528D-03  -0.4013849321619D-03  -0.4210333286397D-03
   0.2166531139895D-04   0.1045531079287D-03  -0.6095481653983D-03
  -0.4227770277155D-03   0.1381106544949D-03  -0.5469976724995D-03
  -0.8650777477730D-04  -0.7503493422080D-04  -0.9272111158307D-04
   0.3272969679501D-03  -0.3003796118301D-03   0.3574166668264D-03
  -0.4292049080770D-03  -0.4580664549022D-04  -0.1217641717742D-03
  -0.4697220760685D-03  -0.5000963754018D-03   0.6054773679971D-04
  -0.5159954698028D-05  -0.1014608893330D-03   0.5556479772628D-03
   0.4996320878900D-04   0.1198784432903D-03  -0.7472121383570D-04
   0.1015644004528D-03   0.2988621275500D-04  -0.6300665886930D-04
  -0.1431433122782D-03  -0.2488930630128D-03   0.1376444394181D-03
   0.3520715845798D-03  -0.5939367816835D-03   0.1256186784457D-02
  -0.3637235204005D-03   0.1458266203314D-03  -0.5935130814465D-03
  -0.2133022525933D-03   0.3932571592557D-03   0.2043529873338D-03
  -0.1524510981860D-03   0.1341246483856D-03  -0.2644199011933D-03
  -0.1878510903944D-02   0.6953690565562D-03  -0.1827810459065D-02
   0.2325229608421D-03  -0.1128626852111D-02   0.1080657180541D-02
   0.1955325147366D-02  -0.4322689064030D-04   0.1026651035226D-02
   0.1211506408754D-02   0.2250862732227D-03  -0.1447820769906D-03
  -0.2907900915679D-03  -0.4402379977325D-03   0.3615373587430D-03
   0.1849218655936D-03   0.3009529904854D-03   0.9614214530738D-05
  -0.3636433845395D-03  -0.4171424097611D-03   0.1728651776933D-03
  -0.4816546379744D-03   0.9070897644504D-04  -0.3528246903801D-03
   0.5911082498791D-04  -0.2352936955877D-03   0.1963138207729D-03
  -0.4155883520176D-04   0.6967872484132D-04   0.1030526075614D-03
  -0.1336039800995D-03   0.1624528107947D-03   0.1288424262308D-03
  -0.7930818970937D-03   0.4745146158842D-03   0.6005575570663D-03
  -0.3763412487578D-04   0.2213060874790D-04  -0.4404602748923D-03
   0.5737880957994D-03  -0.2069721757843D-03   0.7095727400320D-04
   0.6217832838835D-03   0.1585123448063D-03  -0.2700512197887D-04
   0.5929634135916D-03   0.2722973641426D-03  -0.9528210233797D-04
   0.2124244119040D-03  -0.4001405663101D-03  -0.3083281378880D-03
   0.1839288054312D-03  -0.7910646167491D-03  -0.4027257364968D-03
  -0.5496028339263D-03   0.2635888513923D-03   0.2025235203103D-04
   0.2678449249019D-03   0.1287471316302D-03  -0.3797253452409D-04
   0.1116677053075D-03   0.2348641255852D-03  -0.6486271052022D-04
   0.5186901212843D-04   0.2064788452183D-03   0.2537750485003D-03
  -0.8120535527851D-05   0.2920214901645D-03   0.7892621311704D-04
  -0.7289502362331D-03  -0.1711918078747D-05  -0.4548677560826D-03
  -0.2408398085035D-03  -0.1560637761918D-03   0.1191294370719D-03
   0.1106373648003D-03  -0.1490324843854D-03  -0.9777015998842D-04
  -0.4454667163357D-03  -0.1358610375584D-03  -0.2184677700933D-04
   0.5106307253702D-05  -0.1628377376455D-03  -0.1704001597080D-03
  -0.4159801468189D-04   0.3803176102613D-04  -0.1646919987166D-03
   0.6887127083353D-04  -0.6785030641124D-03   0.9327583315166D-04
   0.2947874956452D-04  -0.2951846696091D-03  -0.2436946776907D-03
  -0.3935809849589D-03  -0.2578599909223D-03  -0.3719388099462D-03
   0.1920165316350D-03   0.1088441796149D-03   0.1854170375618D-03
  -0.9842620596661D-04   0.2254243548615D-04   0.2402766502557D-03
   0.6090495533705D-04   0.1238058347024D-03  -0.4407698201143D-03
  -0.2843941383926D-03  -0.1628789661179D-03   0.2980082745387D-03
  -0.3843044097351D-03  -0.4336663584344D-05   0.1253445169862D-03
   0.5327915365355D-04  -0.1487533229638D-03  -0.6498884354918D-04
   0.1631100470351D-03  -0.2940625376006D-03   0.1884385879328D-03
   0.8632934489509D-03   0.4911011406599D-03  -0.4614235691676D-02
   0.1541983535600D-02  -0.7308616166657D-02  -0.4713695195435D-02
   0.7762094850666D-01   0.3037272018904D-01   0.1220221314576D-01
  -0.1314139797642D-01   0.1409544757721D-01  -0.3564753973163D-02
  -0.4179508682806D-02  -0.1484438430460D-02  -0.3668399063361D-03
  -0.1102087809355D-02  -0.1800591139177D-02  -0.3700917841554D-02
   0.6704657936554D-02  -0.4914073569205D-02   0.3021428607836D-02
  -0.4068692391778D-02   0.3142131971939D-02  -0.6993459375692D-03
  -0.8033990962011D-03   0.1484795168342D-02  -0.2776153459384D-02
   0.1088100705738D-02  -0.2507966304213D-03   0.2237294723553D-02
  -0.7813924935469D-03  -0.6669899328705D-03   0.1570146887496D-02
  -0.4234857288242D-03  -0.4068023117827D-03   0.4545814822707D-03
  -0.9252991531932D-03   0.9708187220995D-03   0.1058460500477D-02
   0.8967549808127D-03  -0.2109694551145D-03  -0.5372697776494D-03
  -0.1053861973334D-03   0.4533061975352D-03   0.1437834317330D-02
   0.6755802561287D-01   0.6303375344967D-01  -0.9009596981243D-01
  -0.1008092974231D-01  -0.2938545457650D-04  -0.7464633011138D-02
  -0.2177371460722D-02  -0.1713421386436D-02   0.7572478792228D-02
   0.5054019412237D-03   0.2105813122447D-02  -0.8631049947649D-03
   0.6164735148527D-02   0.4912814242309D-02   0.3356054415612D-02
   0.2513337184185D-02  -0.1381732756655D-02   0.7616108356725D-03
   0.2401772539597D-02   0.1194245796324D-02  -0.1712370339343D-02
   0.1664598510667D-03  -0.2119498012519D-02  -0.2439286509025D-02
   0.7765875183738D-02   0.1077106716626D-01   0.3968126333142D-04
   0.1340665365512D-02  -0.2638522732653D-03   0.2404953160204D-02
  -0.4472021650072D-03   0.8835822949275D-04   0.3816763944208D-02
  -0.1334198412544D-02   0.1041985200015D-02   0.1214456059876D-02
   0.2498654726087D-03   0.5345174778155D-03  -0.1095252331695D-02
  -0.2005068764288D-04  -0.9731823628179D-03   0.8354280178382D-03
   0.1753509191984D-02   0.1691386576434D-03   0.2914952928306D-02
  -0.3357065232876D-02   0.1514531294630D-02   0.4162846913244D-02
  -0.1137665298078D-03   0.6205598765155D-03   0.5629951782491D-03
   0.5933529504252D-03   0.8895029673433D-03   0.2850607830429D-03
   0.1603905368847D-03   0.6998644394395D-03   0.8315447324008D-03
   0.3314088432058D-02  -0.2976404814287D-02  -0.5540462795061D-02
   0.1474260516177D-02   0.1907263068536D-02  -0.2567584693261D-02
  -0.3357269599793D-02   0.5116681631425D-02   0.4877464387178D-02
   0.5416520705259D-02  -0.5786637436418D-02   0.2238038148153D-02
   0.5958533860728D-03  -0.1646836419521D-02  -0.1350583895539D-03
  -0.9820336700613D-04  -0.7944046628091D-03   0.1977651394329D-02
   0.8588711503455D-03  -0.2304258056182D-02  -0.7101210192653D-03
  -0.1239251409214D-02   0.4858069860450D-02   0.1813735348417D-02
  -0.1172420585707D-02  -0.1865763096271D-02   0.1185142384178D-02
  -0.5357546967049D-02   0.4314681750614D-02   0.1025002002563D-02
   0.1583970017104D-02   0.1284258677674D-02   0.3175758878028D-02
  -0.4193791908142D-03   0.2952144942958D-03   0.1571528493139D-02
  -0.5457786682478D-03  -0.1690534404953D-03   0.4067102231036D-03
   0.1624910578892D-02  -0.6882566379233D-03  -0.2802587030159D-02
  -0.3759714271931D-03   0.1937569426565D-02   0.1141619739179D-02
  -0.4172928264292D-03   0.7921360308777D-05  -0.2361757891895D-03
  -0.2122416527159D-03  -0.6528502598519D-04  -0.1119073700696D-03
  -0.3481848051544D-03   0.4666982641916D-03   0.1760231961373D-03
  -0.4512150224536D-03   0.4194764557737D-04   0.3909675678546D-03
  -0.6539578313467D-04  -0.1719201923177D-03   0.1364641905579D-03
  -0.1597029992040D-03  -0.1480594219381D-04  -0.6457409010276D-04
  -0.3087837847490D-03  -0.3492314855971D-03  -0.3491660724602D-03
  -0.9165381496128D-05   0.9345185276036D-03   0.4355821336933D-03
   0.7391856671756D-03   0.3277540130661D-04  -0.1867752587519D-03
   0.4346736710096D-03   0.1274727214087D-02  -0.3690170936511D-03
  -0.3135614476804D-03   0.3478021492027D-03  -0.1239622382199D-03
  -0.6577453073287D-03   0.2779121333523D-03   0.3694080443981D-05
   0.4197463703332D-03   0.4955687047478D-03  -0.2325492387926D-03
  -0.3530274916535D-03  -0.3727223329124D-03   0.4657755819266D-03
  -0.8362815569196D-04  -0.2438767449411D-03   0.3294994445739D-03
  -0.5527906819037D-03  -0.5412015642746D-03  -0.6594710315722D-03
   0.3307183212096D-03  -0.5872099053502D-03   0.5893708032230D-03
  -0.3894990667362D-03  -0.3915843354834D-03  -0.2237227894217D-03
   0.9765640929380D-04  -0.6442107305596D-03  -0.1451098046219D-02
  -0.8468689696969D-03   0.4854211649155D-03  -0.4990103436318D-03
  -0.7663351457670D-03   0.7821038160833D-03  -0.4347163531591D-03
  -0.8593935357947D-03  -0.5359649525917D-03  -0.4875377248424D-03
  -0.1491486284504D-03   0.6520162288755D-04   0.9396568421674D-03
   0.1696391890833D-02  -0.6550260520134D-03  -0.3982618948046D-04
   0.4684416865825D-02  -0.1205916572525D-02   0.1725888772849D-02
   0.1223686184030D-02   0.8510301549141D-02   0.8704000121396D-03
  -0.7566710967821D-02  -0.6820506427335D-01   0.5849730917893D-01
  -0.3954329595917D-02  -0.3661673370206D-02  -0.1872320379042D-01
   0.2689938551844D-02   0.2026910633013D-03   0.3316312754585D-03
  -0.5116580537648D-03  -0.1941974097386D-03  -0.1639485568984D-03
   0.6412418068846D-03   0.5022208888300D-03   0.3524946920183D-03
  -0.5011313471045D-03  -0.2206708523467D-03   0.9455964120426D-04
   0.2559679795122D-03  -0.2212802015785D-03   0.5200569897694D-03
  -0.1299027719653D-02   0.1003588651957D-02  -0.2669116980145D-02
   0.8085768293219D-03   0.1724333806686D-02  -0.4115404819784D-03
   0.5896544237684D-04   0.4514500553852D-03   0.1856211937981D-03
  -0.6766367608444D-03  -0.7520058049313D-04  -0.2565016615533D-03
   0.1445931640545D-03  -0.3973633151158D-03   0.6830133128361D-03
  -0.1253354979626D-03  -0.8768067128296D-04  -0.6082502879492D-03
   0.3865322535338D-03  -0.3929443459622D-03   0.2244063739125D-03
   0.4826926795920D-03   0.2865276712744D-03   0.3582176375425D-03
  -0.8589285200141D-03   0.5226503838284D-03   0.6952779035727D-04
   0.7082534645595D-04   0.1051830326584D-02  -0.4423121328200D-04
  -0.1047239462680D-02  -0.5313652687591D-03  -0.3471094471935D-03
  -0.5597480694981D-03  -0.1227723639360D-03   0.4035542168434D-03
   0.1374936691499D-02   0.1842385874605D-03  -0.1477206009120D-02
   0.7822334189297D-01  -0.2440629771461D-01   0.9200476988652D-01
   0.6343330554388D-02   0.9850727460656D-03   0.7985677000698D-02
   0.2825062132875D-02  -0.6409919249126D-01  -0.6815989089474D-01
  -0.1651779616236D-01   0.8133822939432D-02   0.3591593300250D-02
   0.6699310935415D-02  -0.9648223879477D-02  -0.3876226472097D-02
   0.1728261622507D-02  -0.1936572028568D-02   0.4168973655867D-03
   0.1408099319967D-02   0.2949324202870D-03   0.3605399223856D-02
   0.6713338275478D-03   0.1594136499090D-02  -0.3377573251742D-03
  -0.1738445244043D-02  -0.2247523567762D-02  -0.5324579866973D-02
   0.9103523897376D-02  -0.8603668082183D-02   0.5114710986341D-02
   0.2393147754740D-02  -0.3414648853214D-02   0.1945065905420D-03
  -0.1209734935888D-02  -0.7975127789970D-03  -0.6485912986695D-03
  -0.6665127418482D-03  -0.2181776116031D-02  -0.4138761071660D-03
   0.5288210352088D-03   0.2960009738341D-03  -0.5693861189249D-04
  -0.1317405864961D-02  -0.1350954293122D-02  -0.9465339010448D-03
   0.6181757088654D-01  -0.1046267696269D+00  -0.2047322536181D-01
   0.1399807650272D-01  -0.7644850510207D-02   0.2743745403549D-02
   0.4682707141462D-01   0.3749099820997D-01   0.7362534309342D-01
  -0.1895062187627D-01   0.8346070204144D-02  -0.9663389283667D-02
  -0.7156418710787D-02  -0.6250890151103D-02  -0.2183296847095D-02
   0.2138498221274D-02   0.7194524115226D-03  -0.6610731883868D-03
   0.9030017814272D-05  -0.6226117481105D-02   0.1059190858638D-02
   0.4880180477937D-02   0.1055161047674D-02   0.2394687224924D-02
  -0.5996848617942D-03   0.4206276748909D-02  -0.4847970661211D-02
   0.4067589187895D-03  -0.1345900122300D-01   0.3079206498048D-03
  -0.1752363834045D-02  -0.2866330158408D-02  -0.1403366506707D-04
  -0.1940186339242D-02  -0.2972512341639D-04   0.5974060865447D-03
  -0.1629357558707D-02  -0.1527574544995D-02   0.1899153282998D-02
  -0.1137192334991D-02   0.6090265735786D-03  -0.8093344955509D-03
   0.3713509085893D-03  -0.3468455144609D-03   0.5828336328271D-03
   0.1004438544561D+00  -0.1439115933257D-02  -0.1042573630139D-01
   0.2171375964019D-03  -0.6828603797443D-02  -0.1829598528724D-02
   0.4554620924439D-01   0.8321728407907D-01  -0.3386393286015D-01
  -0.1885788761076D-01  -0.2897021741064D-02   0.1525856932575D-01
   0.3553115599378D-02   0.6499735153287D-03   0.5696568579266D-02
   0.2267780143809D-02   0.6811285322095D-02   0.4692105798020D-02
   0.2707012994724D-01   0.1655928226280D-01   0.1538397512043D-01
   0.2263560967516D-02  -0.3278070557816D-02   0.4552293673482D-02
  -0.4162120629588D-03   0.9547784845561D-03  -0.5964555006665D-03
   0.5910893149911D-03   0.1422638008738D-02   0.1846162874095D-02
   0.5523534711934D-03  -0.3790371246234D-03   0.2288131725545D-02
  -0.4764703782282D-03   0.1126888595629D-03   0.1461842307978D-02
   0.1084478873252D-02   0.1472053415268D-02   0.6063073470436D-03
   0.3247113597862D-02   0.4458901968921D-02  -0.6559093699232D-03
   0.4238709061347D-01  -0.1115026961053D+00   0.2745011404981D-01
   0.1260011569421D-02  -0.1497202692089D-01  -0.1603237051976D-01
  -0.8008124024646D-01   0.2408831566279D-02  -0.2228274453887D-01
   0.7031560974080D-02   0.1043546841697D-01   0.7745884748000D-02
   0.8041694596127D-02  -0.1628738612708D-02   0.2174372732029D-02
   0.3859528355443D-03  -0.4816776410363D-03   0.2527908233292D-02
  -0.9358745351099D-03   0.2054857212108D-02  -0.1455813990867D-02
   0.8450170643044D-02  -0.6047352175029D-02   0.5321891178308D-03
   0.4423964338227D-02  -0.2268821058965D-02   0.6070605297886D-03
   0.8715835416761D-03   0.1788064905331D-02  -0.2378352252446D-03
  -0.2559226531206D-02  -0.1369021255878D-03  -0.9931357877855D-03
   0.1321379861880D-02   0.1524036908568D-02  -0.2597124052723D-02
   0.2814133882329D-04   0.9917097895739D-04  -0.6203465200631D-04
  -0.9519100798206D-04   0.1557303988031D-02  -0.7703270893285D-04
  -0.2377179327692D-02  -0.3922318945378D-02   0.2377420764613D-02
   0.1949214334801D-02  -0.1534801349654D-02  -0.1192404451719D-02
   0.7616704869789D-01  -0.1406405763217D-01   0.9505477956282D-01
   0.1295519796429D-01   0.2510027676875D-02   0.6020335213014D-02
  -0.2385927077989D-02   0.9359956028318D-01  -0.6726677935536D-02
  -0.7646813558563D-02  -0.1110598259837D-01  -0.1079327683382D-01
  -0.3253907628439D-02  -0.2319395302815D-02   0.7489251425936D-02
   0.6282298763983D-03  -0.6698870924547D-03  -0.9862118683802D-03
   0.1819846279646D-02   0.3581260740562D-02  -0.1470765335596D-02
   0.2394529961090D-02  -0.3753791735529D-03   0.1236530873931D-01
  -0.1738075452813D-02   0.3777097945367D-03   0.2100666990084D-02
  -0.5375718568926D-02  -0.1431102423799D-02   0.1171613177414D-02
  -0.5474998711054D-03  -0.8834637703780D-03  -0.3604055354168D-03
  -0.2575963811467D-03   0.1054010129651D-02   0.9247862714333D-03
  -0.4127555958045D-03  -0.1735280683699D-03   0.5258604111634D-03
  -0.1761500643290D-02  -0.2080907143072D-02  -0.7538353870321D-03
  -0.2923718174705D-03  -0.4858010677791D-03   0.2022595666055D-02
  -0.2083607392712D-02   0.1339622896417D-02  -0.1105690460762D-03
   0.4283224143547D-01   0.1147667776206D+00   0.6529362526871D-01
  -0.7110724159353D-01  -0.2996953680277D-01  -0.8846101159239D-02
  -0.6702408087093D-01  -0.8721814008992D-01   0.8063357393847D-01
   0.9051077550334D-02   0.6262669447199D-01  -0.4322335681411D-01
  -0.8694189893332D-01   0.5627210826999D-01  -0.9158282141491D-01
  -0.1620167462195D-02   0.5057580404811D-01   0.5744350727409D-01
  -0.6321485924668D-01   0.1241422761605D+00   0.1626115949535D-01
  -0.3206864746922D-01  -0.3509571583248D-01  -0.6031834338660D-01
  -0.1401734357162D+00  -0.3286834922592D-01  -0.2324982289456D-01
  -0.2777936741171D-01  -0.6835690112144D-01   0.1946039979687D-01
  -0.6486401531477D-01   0.1224553817793D+00  -0.2101815744119D-01
   0.7352829914305D-01  -0.4410366167426D-03   0.2237090463172D-01
  -0.7037519491680D-01   0.7942740994384D-02  -0.1205225547368D+00
   0.2823855681610D-02  -0.7575709572478D-01   0.1384873569721D-01
$end                                                                            
