   -0.40057150
    0.03234303
    0.27224189
   -0.48567400
   -0.07298788
   -0.01109495
   -0.10833388
   -0.11104508
    0.16570160
    0.04035888
    0.04623876
    0.04049562
    0.03100611
    0.03922137
    0.03893102
    0.03564478
    0.03759013
    0.04116947
    0.03733885
   -0.16602516
    0.02757016
    0.21160224
   -0.37462411
   -0.02564427
   -0.06455376
   -0.12055871
   -0.11305284
    0.21576787
    0.08060180
    0.06271223
    0.04685094
    0.04063000
    0.06342410
    0.04550144
    0.05320135
    0.03614024
    0.04619351
    0.04548720
   -0.40481317
    0.04214218
    0.26519771
   -0.47786677
   -0.01458804
   -0.27067006
    0.18320799
    0.03204527
    0.06420696
    0.05261112
    0.15720788
   -0.17821195
    0.01483750
    0.20203006
   -0.34734530
    0.11655887
   -0.45894448
   -0.13002689
    0.22783078
    0.08757414
    0.03269202
    0.32307493
    0.07449594
    0.05106587
    0.07009276
   -0.38520637
    0.03538381
    0.19330278
   -0.37639940
   -0.07150628
   -0.01237522
   -0.11657272
   -0.12511830
    0.15659409
    0.08174605
    0.05161996
    0.05186970
    0.03749109
    0.03877475
    0.02746770
    0.04598111
    0.04476388
    0.05497334
    0.04485579
   -0.39014538
    0.04497880
    0.20113184
   -0.38420266
   -0.07278607
    0.01371131
   -0.03847030
   -0.04096693
   -0.03124268
   -0.03545672
   -0.03339206
    0.17258220
    0.04847127
    0.06125624
    0.04702649
    0.03079774
    0.03701926
    0.04237471
    0.04322942
    0.02955940
   -0.38425465
    0.03270836
    0.20565121
   -0.37731534
   -0.01217315
   -0.11845041
   -0.11739864
    0.15770230
    0.05988837
    0.03425302
    0.05057045
    0.03235590
    0.04370356
    0.04370329
    0.05359843
    0.04332301
   -0.37869899
    0.04232594
    0.19720789
   -0.34172431
   -0.10597781
    0.27886611
   -0.50125237
   -0.27460310
    0.17010037
    0.05746973
    0.07769162
    0.07884586
    0.23477257
    0.23642978
   -0.39716182
    0.03094573
    0.27485947
   -0.51406164
   -0.01836554
   -0.09776694
   -0.11241851
    0.16846769
    0.03882086
    0.03654417
    0.03590341
    0.01195763
    0.03321501
    0.04248673
    0.03992109
    0.04973283
   -0.17347048
    0.04084089
    0.20651976
   -0.36452942
   -0.07428124
   -0.00531353
   -0.12131310
   -0.10557510
    0.22370139
    0.06378537
    0.06398985
    0.06809583
    0.02752421
    0.05484750
    0.04362543
    0.05448240
    0.03997067
    0.04556300
    0.01400003
   -0.39089073
    0.03144634
    0.26591207
   -0.50034614
   -0.06843745
   -0.00654864
   -0.09180926
   -0.11524966
    0.15748119
    0.04590971
    0.04647281
    0.03226910
    0.03457913
    0.02291106
    0.01933067
    0.02672829
    0.03761602
    0.03912592
    0.04612585
   -0.17220402
    0.02640890
    0.20663225
   -0.35187400
   -0.01837749
   -0.11992113
   -0.12287448
    0.23109383
    0.07929110
    0.05109322
    0.06322420
    0.03880054
    0.05227463
    0.05913237
    0.05743422
    0.04457934
   -0.40266202
    0.04323745
    0.20704022
   -0.38473546
   -0.06951459
   -0.01160886
   -0.12076625
   -0.11023062
    0.17710836
    0.04455631
    0.04368571
    0.05560523
    0.02023475
    0.05190852
    0.04352827
    0.04238093
    0.04432148
    0.03716354
    0.02972863
   -0.39782235
    0.01938499
    0.26174126
   -0.48733597
   -0.08120345
   -0.08395025
   -0.02806378
   -0.14690484
    0.23116887
   -0.24393352
   -0.26400415
    0.17407069
    0.05539621
    0.06226067
    0.05757651
    0.06600437
    0.06708463
    0.08997148
    0.08212912
    0.23116739
    0.23807093
    0.24969595
    0.24502937
    0.24530112
   -0.17206946
   -0.00054238
    0.27144293
   -0.48788397
    0.06537174
   -0.46602715
    0.22476967
    0.09003148
    0.05050128
    0.06408471
    0.34979606
   -0.18077943
    0.01866281
    0.27381352
   -0.49758729
   -0.13700717
    0.22970324
    0.07093379
    0.07026114
    0.08520084
    0.07605904
   -0.16916222
    0.01738624
    0.28222945
   -0.49050193
   -0.03157769
   -0.06664097
   -0.11047295
   -0.11392179
    0.21525205
    0.07026517
    0.06784873
    0.04399640
    0.04264580
    0.07189681
    0.03762446
    0.03139100
    0.04985045
    0.04814120
    0.04562769
   -0.18906040
    0.03497582
    0.28768979
   -0.50015417
   -0.11605027
    0.29016203
   -0.49991543
   -0.28945698
    0.23948986
    0.06760065
    0.09546062
    0.08575660
    0.23790646
    0.24483732
   -0.18275498
    0.04296239
    0.28188787
   -0.50960569
   -0.10775929
    0.29299994
   -0.47626634
   -0.29191826
    0.23477695
    0.06253155
    0.08629989
    0.07113316
    0.24094070
    0.22201575
   -0.19301111
    0.03494556
    0.28362893
   -0.51389058
   -0.07658569
   -0.00921758
   -0.10988671
   -0.11382652
    0.23123632
    0.05221303
    0.05741026
    0.06071191
    0.03467187
    0.04919597
    0.02306260
    0.03989663
    0.04798805
    0.04687543
    0.04478603
   -0.18620719
    0.02986163
    0.28536704
   -0.50131400
   -0.02602959
   -0.06453572
   -0.12023819
   -0.10669143
    0.23586620
    0.05895280
    0.05412075
    0.04047851
    0.04437713
    0.07044071
    0.03518563
    0.04811283
    0.04582720
    0.03424850
    0.05418032
   -0.18167779
    0.02810020
    0.28116998
   -0.49831781
   -0.01701317
   -0.12271588
   -0.11871820
    0.21970778
    0.06939134
    0.05290182
    0.06270650
    0.05575019
    0.04998320
    0.05383178
    0.04515424
    0.02736575
   -0.17585937
    0.05082128
    0.27354123
   -0.51450361
   -0.04390154
   -0.08842481
    0.36925084
   -0.63433284
   -0.61813857
    0.20683211
    0.05141672
    0.04342085
    0.02960609
    0.02355144
    0.01969586
   -0.18234012
    0.03249216
    0.27575187
   -0.51162567
   -0.07437813
   -0.01114979
   -0.10891670
   -0.11301686
    0.22837338
    0.06278645
    0.05604190
    0.05985081
    0.03574672
    0.05360132
    0.03431512
    0.04652435
    0.05203554
    0.04412531
    0.02564965
   -0.18972545
    0.02063518
    0.28331166
   -0.49384690
   -0.02621433
   -0.06810640
   -0.11955585
   -0.11302801
    0.23152317
    0.06833174
    0.05202868
    0.04512283
    0.04330771
    0.07095152
    0.03365106
    0.04947303
    0.05346306
    0.03151366
    0.05422695
   -0.18310325
    0.02408718
    0.27396857
   -0.49805527
   -0.06672986
   -0.08636843
   -0.01452507
   -0.13043409
    0.23392932
   -0.24291621
   -0.25691896
    0.20607875
    0.08166109
    0.04206217
    0.06638367
    0.07429957
    0.07565546
    0.06812528
    0.07658612
    0.21046414
    0.24123423
    0.26562372
    0.24457485
    0.26737156
   -0.17800078
   -0.02786437
    0.27433776
   -0.50013773
    0.21284553
    0.09420591
    0.10045123
   -0.16309947
    0.02230241
    0.27771726
   -0.46754281
    0.13981255
   -0.49009858
   -0.12950118
    0.21435148
    0.05730575
    0.00241308
    0.32672817
    0.06401271
    0.04544978
    0.06100478
   -0.17559049
   -0.03810767
    0.27225982
   -0.47721136
    0.21566389
    0.09647103
    0.10306430
   -0.15377533
    0.02111236
    0.19196531
   -0.34489024
    0.07617340
   -0.46827322
    0.21528932
    0.10634553
    0.05364052
    0.05011445
    0.34337226
    0.18109229
    0.07899370
    0.17511237
    0.07102104
    0.17670058
    0.07736229
    0.18400323
    0.07331239
    0.18367004
    0.06302484
    0.19152825
    0.06736661
    0.18220107
    0.07926873
    0.17768176
    0.06544491
    0.17709487
    0.06334863
    0.18161709
    0.09660622
