$grad                                                                           
  cycle =      1    SCF energy =  -376.86057557196   |dE/dxyz| =  0.549480
  372.97023022644623    122.88616650798639    201.48640375552040      n 
  370.35837390102517    122.23554634887373    202.01801924387303      c 
  370.03635302979575    120.56979752984850    204.34461974027380      c 
  368.04434645150855    119.44589228475162    204.71776812971896      o 
  369.00821801923240    120.95541879936415    199.78210032872542      c 
  369.19859113220400    122.39837225582976    197.28508664865910      c 
  367.52539170012710    121.11231203094404    195.31213018941898      c 
  368.38400028432818    125.14419907990757    197.59221696468970      c 
  373.33794467944449    124.76231435209442    201.36653651746110      h 
  369.39756210253631    124.01467801602057    202.46310952269567      h 
  369.80114104563000    119.07248088324884    199.55188294617952      h 
  367.02551300957265    120.77309040339338    200.31308101353412      h 
  371.15555190051060    122.36947982401966    196.62097993968979      h 
  367.63675651387592    122.13092777097035    193.53447655177021      h 
  368.10956006235040    119.17862328702485    194.95420123589591      h 
  365.56460152142591    121.10723057789748    195.92757884947667      h 
  368.46300065123739    126.08753499196092    195.77614323090907      h 
  366.45945524397627    125.23784810386599    198.30437871404379      h 
  369.61357644884441    126.17981310780436    198.86994952466401      h 
  364.29331109106994    115.49241660176403    204.70194377305631      n 
  364.98731806502803    112.87625423549001    204.29449351565108      c 
  364.39316276251179    111.27811751642541    206.61781001171516      c 
  363.38362046963243    109.19242091808708    206.38033220342842      o 
  367.77463812976396    112.66806612135980    203.56583171147605      c 
  368.17660650081604    113.40468398396411    200.80002532213877      c 
  370.98830931926290    113.59103161216717    200.16667273514361      c 
  371.39257284770702    114.12170990113975    197.35785587630883      c 
  374.01912763012530    115.01274883656188    196.91106600858095      n 
  365.68391330383321    116.81334264552487    204.72789763792952      h 
  363.80349615665654    112.10739529585985    202.77208669548654      h 
  368.86157293002356    113.90487768162978    204.80807128050063      h 
  368.40197234457884    110.72931002345038    203.87185525564723      h 
  367.28336091274974    111.98970370249849    199.59789200408952      h 
  367.26985859161823    115.22129708937229    200.44737593240495      h 
  371.81579936806054    115.12632196402393    201.26744763503257      h 
  371.91627723194307    111.83252315358374    200.70344509172600      h 
  371.05044898471260    112.42311814797182    196.24339680166906      h 
  370.09443040749716    115.59402564218274    196.72568252573816      h 
  374.27090756942204    115.54096972515411    195.05812226303905      h 
  374.37344641132165    116.57064303859165    198.08411836272029      h 
  375.29303537136121    113.61697312692537    197.36518536473017      h 
  357.40924106224827    110.16470913640545    206.73791129006565      n 
  356.72140856921931    108.39390823766691    204.76783612168069      c 
  357.38666235979230    105.69024514715542    205.54187217625341      c 
  355.92171792340434    103.92630461085952    205.18993698765513      o 
  358.08370060591801    109.05723606679548    202.30970205087800      c 
  357.14175914758698    111.49208068483517    201.04606876172269      c 
  358.80515047944425    112.02783642951704    198.74973236737347      c 
  354.37863856791580    111.29781075078699    200.24099868010202      c 
  358.59968379234590    111.60054538719220    206.28229235662926      h 
  354.66463432423387    108.42982940177740    204.50722646887738      h 
  360.09321387978764    109.23097081155755    202.74342676327402      h 
  357.86359370941221    107.48316089224998    200.99551067254856      h 
  357.33652947785401    113.05042524521936    202.38712128673106      h 
  358.12157346254827    113.68012981491307    197.74399874930378      h 
  360.74447537825040    112.36819565791622    199.33321236517230      h 
  358.77025155049182    110.41921461761225    197.47226656583845      h 
  353.83414282767939    112.95928157249237    199.16364405114462      h 
  354.09070675334766    109.63702894829608    199.06684798473768      h 
  353.13196922766485    111.16547814469580    201.86574986744520      h 
  359.67450057018704    105.41141406964465    206.55460658570252      n 
  360.59648316766300    102.96422236529968    207.35962709244160      c 
  358.73484146238638    101.83664402699391    209.25848555775056      c 
  357.87742587880672     99.69146470163892    209.02761493870693      o 
  363.26377711279588    103.21028040452835    208.52634210869152      c 
  365.00649796535095    104.16857549320997    206.76642083524152      o 
  364.21532675062417    100.63544402852837    209.40046939243007      c 
  360.80629082134033    106.94006510502739    206.78666465316368      h 
  360.67422292881599    101.68711169712773    205.72314803587744      h 
  363.11111254950754    104.49538969890733    210.15922707865414      h 
  364.54882037240230    105.90438252410922    206.37545534760886      h 
  366.07294252572382    100.84768979207459    210.24469493473700      h 
  362.92485146602866     99.81231153848145    210.76776152115835      h 
  364.36367146691077     99.38346986886776    207.78011751525378      h 
  353.00696272662969    103.06822248994601    210.04643008847358      n 
  350.68317298574021    102.52611623655183    208.72221016677855      c 
  350.80413037967662    100.17316838274570    207.02622792899302      c 
  348.87488313254431     99.37565513378260    206.02133602585266      o 
  349.94825544922321    104.79593507173759    207.10785066085421      c 
  353.96390141500041    104.64125685408327    209.51713592776076      h 
  349.20432501729192    102.11644510858234    210.12236101150683      h 
  348.19827673037202    104.38730984283036    206.11757658312831      h 
  349.71409291283607    106.45557218275026    208.29236334059405      h 
  351.43997990843377    105.14124511586157    205.73786173521515      h 
  353.07275116753885     99.12361900944119    206.69722236061315      n 
  353.43013727271654     96.86655949841835    205.21990468789232      c 
  353.87955187095531     97.36279208671968    202.40773281130788      c 
  353.44228264702838     95.73468490312679    200.82130124053327      o 
  354.60649588551860     99.79884550084410    207.62035893794834      h 
  355.05118453899553     95.83357791753940    205.96975872545997      h 
  351.74217123917987     95.68013136788986    205.36191570590165      h 
  354.75540939797753     99.65692975601409    201.83623996125610      n 
  355.13758842811956    100.44594107955433    199.24800865177014      c 
  357.86688335190371     99.88674230672724    198.44311558399167      c 
  359.68281218678976    100.46840058187686    199.73379939814498      o 
  354.54746657499987    103.28014303486890    199.00648831074110      c 
  355.39323939713512    104.31325237936340    196.45281117880992      c 
  351.72702277191581    103.73007829115711    199.40806078061632      c 
  355.15414621879262    100.91873062553746    203.22521512073291      h 
  353.83933153987005     99.32829518619148    198.08434448581559      h 
  355.59620120770120    104.22623328164178    200.51454244386844      h 
  354.84579475826303    106.28603756839438    196.29617964876272      h 
  357.43454388459554    104.19703060766444    196.24080773822368      h 
  354.48497021319474    103.26189660549663    194.93833767271104      h 
  351.32193596244105    105.74316776858477    199.43507378605045      h 
  350.63695677739446    102.86769899050464    197.89415151758413      h 
  351.10949409277339    102.91391940991569    201.19052239017228      h 
  358.07051020351861     98.85078749321164    196.11331113604541      n 
  360.44527271995781     97.86352024178062    195.17312748794234      c 
  361.53447291877205     99.40411314065159    192.97492778563463      c 
  363.69104488314559     99.07062984093459    192.22089441579558      o 
  360.07781761257093     95.10471824469556    194.25901887904254      c 
  358.40130322247791     93.94493651220010    195.98717162147145      o 
  362.58832602954260     93.70873666188906    194.07217905735408      c 
  356.51415183373530     97.99369008297901    195.41468694195214      h 
  361.80377864271799     97.89835176383052    196.73565610453480      h 
  359.17524152190521     95.16867077451515    192.37718395306709      h 
  358.42265981251728     92.14583115797532    195.72319489522283      h 
  362.32142472014010     91.87895524365503    193.17514543803338      h 
  363.91588870202020     94.81131291998452    192.96218805415032      h 
  363.36313337859610     93.42879424108285    195.95472408262594      h 
  359.91449090367189    100.97679859297054    191.82275030223335      n 
  360.69435347089558    102.41818200578007    189.63500322632913      c 
  362.22074241209839    104.77669762642485    190.35258739840785      c 
  361.64949627030461    106.12478377150977    192.13726421142891      o 
  358.28754306808270    101.44054709191397    192.70206688983575      h 
  361.84003986622560    101.17841240362446    188.44930172868729      h 
  359.00601689101308    103.01779752194946    188.61363526467485      h 
  364.15613626367849    105.26818640430619    188.80346024487145      n 
  365.78272674339792    107.43828172113821    189.17084425434305      c 
  364.14839827811198    109.84514103270425    189.11865018670682      c 
  362.30675425206294    110.02360937807494    187.74277368059998      o 
  367.76387655376578    107.50770623098961    187.03633983856375      c 
  368.68574178603217    105.01001147328213    186.76904009764138      o 
  369.88419357437999    109.36943059590278    187.63796946452311      c 
  364.76597519175334    103.98196268014239    187.53521533219325      h 
  366.73427447222508    107.25683799848089    191.00386887165183      h 
  366.79162291818812    108.07791993386111    185.28349734321540      h 
  370.14969895531794    105.03954962558294    185.68074067355050      h 
  371.22380600972917    109.42441741600915    186.08080096657972      h 
  369.13536386862131    111.25994738020300    187.91796993052952      h 
  370.87254109256321    108.75247121276527    189.32977273456535      h 
  364.99981731168873    111.69500191637110    190.61583252084569      n 
  363.66955485993486    114.04515710557934    191.08161120339904      c 
  365.20446756272179    116.31738568792620    190.12712758537663      c 
  367.46763659496634    116.51627734211407    190.54110122437990      o 
  363.29176140599844    114.34621653470144    193.92941973564774      c 
  366.51740119218277    111.37698024665687    191.72610508187748      h 
  361.86458686395559    113.93812617193717    190.09279492338732      h 
  362.15485701180734    116.00422479605416    194.31976195764724      h 
  362.32861686403533    112.69203678687933    194.67216065123435      h 
  365.11558709590059    114.54708232417244    194.85393746190078      h 
  363.82537649841572    118.07353770076969    188.93346415811595      n 
  364.85265843849760    120.44670395643986    188.04552449683877      c 
  363.08100815273127    122.61043091477515    188.83784721682864      c 
  361.08603311771185    122.16432106322935    189.91682375315978      o 
  365.16591343172990    120.45466520613529    185.15374398816761      c 
  362.76699112921068    120.79184674980176    184.03994412855155      o 
  361.98410709466242    117.70306618296486    188.53528619294792      h 
  366.71003670735968    120.66132396014146    188.93585090636736      h 
  366.44233203463807    121.99147760808921    184.59548518638161      h 
  366.00292163952776    118.64547158394524    184.58185085787701      h 
  362.95502325232195    120.79365743078228    182.22859903654970      h 
  354.02698668381936    124.44013480605726    193.02291161415366      n 
  355.82223912191540    122.38471815134311    192.82917589126941      c 
  354.70133184993631    120.52947311549254    190.91174969328804      c 
  352.52044078689249    119.74361626782679    191.10892747073072      o 
  356.36567682311215    121.16917108305071    195.39782360054551      c 
  358.03616325406733    118.85327436122256    195.00545631987285      c 
  357.69962996784858    123.07972101030948    197.09556756407108      c 
  352.37330035648171    124.10415898426928    193.94200942667115      h 
  357.57391114160879    123.15871244599589    192.05855667418516      h 
  354.56912626460934    120.59981952871520    196.25358705398642      h 
  358.61836385807658    118.08405157035659    196.81845344318086      h 
  357.04914216173989    117.38660980878129    193.95635939306990      h 
  359.70391130053474    119.39813500753982    193.93365485357404      h 
  357.91447690212539    122.32299168467671    198.98980725135468      h 
  359.56086692028299    123.49223392838158    196.33206874630253      h 
  356.63096958739305    124.82766099794235    197.19451913920111      h 
  356.20910882319475    120.03724836910038    188.96326885626192      n 
  355.53085904522811    118.39879115950676    186.88032318697898      c 
  356.73099541749019    115.81102699122030    187.33933670373517      c 
  358.97564109822105    115.61962575281485    187.86566456634966      o 
  356.51232510841453    119.49595131922337    184.39630318298259      c 
  355.53418369829421    118.01669399928487    182.12143715831630      c 
  356.54246684523065    119.16107462100696    179.67523995910182      c 
  355.20548261559844    118.10777886052777    177.35481749461420      c 
  356.00638436560939    119.55055384938500    175.08937457837854      n 
  358.03612996238729    120.63562200102854    189.03484592195062      h 
  353.47503040021036    118.21623172960985    186.82806686912434      h 
  355.87436385664040    121.45104499520633    184.25337794466074      h 
  358.57570990011931    119.48539177722793    184.43023812757943      h 
  356.08697231604401    116.03413641829583    182.24217740289899      h 
  353.46991285679962    118.05017861557393    182.11723895429674      h 
  356.24807635649353    121.19980068021064    179.72939665944830      h 
  358.56600683370260    118.80011927288788    179.54529281076819      h 
  355.59159075391864    116.09531275701454    177.13473859628814      h 
  353.16602484940495    118.30950291023466    177.57621804043507      h 
  354.89244944123266    119.11960369744536    173.57463280621695      h 
  355.77563864460092    121.62289026062835    175.51840763357822      h 
  357.85850882197775    119.19503792642186    174.68076753222542      h 
  355.13588673765014    113.86898777925568    187.18028869456711      n 
  355.83184860343397    111.25165473077963    187.60870256650864      c 
  354.87874903316896    109.81930756000362    185.28971847013989      c 
  352.67936778916010    109.11351207306225    185.10633013519896      o 
  354.58688989035551    110.22140162523236    190.02276707846443      c 
  355.31337139128016    107.45482015667113    190.37091913265510      c 
  355.36987649828342    111.78261717519760    192.31222645508240      c 
  353.32056564921180    114.20097206293408    186.65273781530220      h 
  357.89375952700613    111.14382617121530    187.76061821949796      h 
  352.53713153584874    110.35280316486011    189.75003727956866      h 
  354.27103820598791    106.65158941712652    191.94220424683405      h 
  354.86213941581690    106.37518932276116    188.67989010090875      h 
  357.32520915297835    107.28807276128985    190.75930770929199      h 
  354.49471711898582    111.04149332890836    194.01366333863251      h 
  357.41104991926522    111.70568270998645    192.53398086229180      h 
  354.79889580912834    113.74336811619608    192.07903388686807      h 
  356.58813584317664    109.49081391535987    183.45423307343177      n 
  355.87658285845464    108.47117921998388    181.00779296411943      c 
  353.81630569877473    110.15303719929311    179.83599010528155      c 
  354.27785060605214    112.31435931638484    179.16118989428989      o 
  358.36173554150838    110.13977926281262    183.71559074722904      h 
  357.52865208474759    108.47653895539653    179.78406008867427      h 
  355.14749843275581    106.54938766888812    181.21559195665364      h 
  347.29076188685815    120.31362356783812    192.66475803155262      n 
  346.48673407527002    120.98745885943778    195.19342532878304      c 
  346.96975004538177    123.80487408567029    195.62504921942414      c 
  349.06806220244613    124.70405289014121    195.21606763506807      o 
  348.02442401020789    119.54285939649031    197.19751054004098      c 
  347.52173845546577    116.75576798368094    197.13479179131772      c 
  348.79640383167640    115.18981433366960    195.45136026026518      c 
  345.75647948723270    115.69790757146292    198.76336528047332      c 
  348.33272937748688    112.62046429319355    195.40826926198608      c 
  345.29631667449206    113.12610669645935    198.75273601420440      c 
  346.59694990635091    111.57373621345710    197.08177341993115      c 
  346.16828750634522    109.02837707311913    196.97389820926927      o 
  349.15820296491955    120.56166938768307    192.26850326448272      h 
  344.47578382582049    120.57939904031403    195.38465689738825      h 
  350.02318085210237    119.92390279601206    196.85260068507102      h 
  347.49910408508487    120.31702403841012    199.03165209876934      h 
  350.17186139366612    115.98217204665976    194.16849086939223      h 
  344.72924352550598    116.89780640196066    200.05718653046429      h 
  349.32413322806053    111.40203799271346    194.10895426817851      h 
  343.93046872063252    112.33964996644036    200.05132573705077      h 
  345.20388793123880    108.51267280627290    198.43896569629621      h 
  373.96957005314249    122.27666615681862    202.72025593673470      h 
  371.45490277265509    120.38733974094050    205.57972700111870      h 
  363.23681468323110    115.99818010471577    203.46882553399971      h 
  364.82267891519001    111.92124697062758    208.34203869229000      h 
  356.00860980874347    110.92401914247034    207.33309393283454      h 
  358.17527401857745    102.85256990238017    210.75041151258088      h 
  352.68255965798687    103.26779729915077    211.70398687993509      h 
  363.55584487719676    124.40252446448665    188.47179400018058      h 
  354.74050215158530    125.74059483716289    193.85493406368218      h 
  352.06301895965828    109.48370548027707    179.61452944652234      h 
  346.96924696064985    118.66684367994196    192.38671824031138      h 
  345.57379844855768    124.91918599657893    196.24205186764829      h 
   0.6673581077364D-01  -0.3991997321411D-01   0.9406241065396D-01
  -0.2076180663791D-02  -0.5341725592177D-02  -0.7842532048261D-02
   0.7817440816336D-01  -0.5013106024058D-02   0.5467898507984D-01
  -0.1760376817554D-01  -0.8647384241146D-02   0.1884127485192D-03
  -0.5062161487746D-03  -0.1305127344111D-02   0.8147776422279D-03
  -0.8205621143684D-03   0.5789237917391D-03  -0.2769135920918D-03
  -0.1179517084769D-02  -0.2217076663240D-03   0.3709723787507D-03
  -0.2435228604038D-03   0.3541621069707D-03   0.5148093929379D-03
   0.7491786947063D-02   0.1720243001818D-03   0.3672843311156D-02
   0.9839350035789D-02   0.1893705241100D-02  -0.2301465180654D-02
   0.2526212290942D-03  -0.2170011060057D-03   0.1808331262044D-03
   0.2423469660113D-03   0.6837981018643D-03   0.1948879598948D-03
   0.2652299089889D-03  -0.6588859116730D-03  -0.1733041242362D-02
   0.5121649122919D-03  -0.7010915908753D-03   0.6356719766547D-03
   0.5360563856417D-03   0.3166259558797D-03  -0.7444440258301D-04
   0.2100678750141D-03   0.2068683609514D-03   0.2840497358029D-03
   0.1402304818110D-02  -0.2103529984393D-02   0.2026243597253D-02
   0.8711185103619D-03  -0.1244922777820D-02  -0.1450453602574D-03
   0.2712341811709D-04   0.5297916445897D-03   0.2126367958416D-03
  -0.6789918457273D-01   0.2980216058152D-01  -0.9220738287810D-01
   0.9236669897087D-03  -0.3974750266717D-02  -0.4051283855177D-02
   0.2305179015619D-01   0.4133083050582D-01   0.7648448246757D-01
  -0.1228499637623D-01  -0.2053750095172D-01  -0.2375193537446D-02
  -0.6487846362887D-02   0.8558059195520D-02   0.7982099398367D-03
  -0.6581949510983D-03   0.4450900133979D-03  -0.3329790559209D-03
  -0.8164762340265D-03  -0.1295176646152D-03   0.1369040006028D-02
   0.8669455817520D-03  -0.7992924244115D-04   0.5949555353007D-03
  -0.6583570161087D-03  -0.8794733788241D-02  -0.8307174026802D-02
  -0.6142298145347D-02   0.1085470348451D-01  -0.7347176632901D-02
  -0.2168983663758D-02   0.2950493934018D-02   0.6594363811683D-04
   0.8297733449301D-03   0.2190737234287D-03  -0.3137710667905D-03
  -0.2412939355706D-02   0.1186776720119D-02   0.4945844582339D-03
   0.4288373418883D-03   0.2188357855321D-03   0.1447497771250D-03
   0.3811430825937D-03  -0.4940469511688D-03  -0.7489773690311D-04
   0.9276346023244D-03   0.3143004594710D-03  -0.2000531310640D-02
   0.8268268077654D-04  -0.3192855481722D-04  -0.5451447979728D-03
  -0.1306161976416D-05  -0.1864758804621D-03  -0.5237198931045D-03
   0.6173096882473D-03  -0.6170466135625D-04   0.2812818277891D-03
  -0.5276085995405D-03  -0.2806094350261D-03   0.1723647504500D-02
   0.3693427976912D-03   0.7783557674251D-02   0.8122483535170D-02
  -0.1449112669531D-02   0.1100655434059D-02   0.6818237386376D-04
  -0.1042361740376D+00   0.4818043060142D-01   0.2932778621481D-01
  -0.4086752876831D-02  -0.6122578210887D-02   0.3619531201638D-02
  -0.1414327868286D-02  -0.1983740737525D-02   0.3161609708276D-02
  -0.2305042403289D-04   0.1222076979827D-02   0.1839423666616D-03
   0.1107753168434D-02   0.4960028302273D-02   0.5535041883007D-02
  -0.1616610715801D-02   0.2869241777102D-02   0.1206776585484D-02
  -0.9049888241454D-04  -0.6789253454720D-03  -0.5051171432311D-03
  -0.1024898519078D-02  -0.5288914897202D-03  -0.1747863890867D-04
  -0.4099565756177D-02   0.9245584745849D-02   0.9180844578155D-02
  -0.7179092199708D-03   0.2561467799709D-02   0.2928202594737D-02
   0.1907603156343D-03   0.2943809031360D-03  -0.1404584264428D-03
  -0.7693353519286D-03  -0.4318257477254D-03   0.1863892384775D-02
   0.7662544934464D-03  -0.1921717941883D-02  -0.6826730935174D-03
   0.2842453381052D-03  -0.1545832642084D-03   0.3081921882477D-03
  -0.1379533132564D-03   0.5488433652106D-03   0.1706125338334D-03
  -0.2913936190230D-03  -0.5227630054631D-04   0.2024248180956D-03
   0.6623092960250D-03  -0.4061961806045D-03   0.1886321786462D-03
   0.7085500059454D-04  -0.8900409542517D-05  -0.1153088561164D-03
   0.1125068200553D-02   0.1093316547290D-03   0.4074024094642D-04
  -0.1988923072378D-03   0.9747070518549D-03  -0.4102013168624D-02
   0.8031866404632D-02   0.4107741715404D-02  -0.2356291738191D-02
  -0.1526878586315D-01   0.6656964767352D-01   0.6486297635596D-01
  -0.1146001395357D-01  -0.2048430286111D-01   0.5187647908212D-03
  -0.2357756779068D-02  -0.7621724292309D-03  -0.1774914542785D-02
   0.3320811154932D-02  -0.5219578309517D-03  -0.1906319599752D-02
   0.3507381842127D-03  -0.4145802224912D-03   0.2449768624942D-03
   0.3401989267641D-02  -0.1069411834022D-02  -0.3830855807625D-03
  -0.6062787060216D-03   0.1858149971470D-03  -0.2553302873121D-04
  -0.8182409190563D-03   0.6195210252472D-04   0.2182137367898D-03
  -0.1608448341522D-02   0.2198337320248D-02   0.9773055264618D-03
  -0.1375358527119D-03   0.3262451641810D-03  -0.5284520455043D-05
  -0.4382131143399D-03  -0.3964755337098D-04  -0.1813768383282D-03
  -0.2598603267989D-03   0.3143525948481D-03  -0.1922592226254D-03
  -0.3654157568939D-01   0.1909865386235D-01   0.1097248896179D+00
  -0.2357690303195D-02  -0.4956076535204D-02   0.4209136306226D-02
  -0.2542366840405D-02  -0.4800953208810D-02  -0.7320963805067D-03
   0.2941989566431D-02   0.1929610537651D-02   0.1416757440969D-02
   0.6520989528814D-02   0.1025589886194D-02   0.4687918650248D-02
   0.5255064010943D-02   0.2436683670483D-02   0.1313688322916D-01
   0.1510273265370D-02  -0.5577520099311D-03   0.2792049793183D-02
   0.1049374160778D-02  -0.2084789080322D-02   0.1479337101512D-02
   0.1632503698017D-02  -0.7853588839178D-03  -0.3199929768116D-03
  -0.2412644624311D-03   0.7090229511569D-03   0.3738731334699D-03
  -0.1167078031348D-02   0.1835444553259D-02  -0.1250367481516D-02
  -0.7022679871149D-03  -0.5976122523142D-03  -0.1816934823466D-03
   0.5583881970683D-03   0.7933323063152D-03  -0.5512525109942D-03
   0.4281555569250D-03   0.5263260453395D-03   0.7071141235080D-03
   0.3597325057726D-02  -0.3316968741486D-02  -0.1880811367368D-02
   0.1125397430846D-03   0.4529777588994D-03   0.4789090890373D-03
  -0.6740624137482D-04   0.2077214529538D-03   0.4060303098205D-03
   0.9986677261880D-04   0.1698255644876D-04  -0.1323919324583D-04
  -0.7138465979331D-04  -0.1554548045689D-03  -0.8960143760908D-04
  -0.4029936406980D-03  -0.2892156151773D-03  -0.2491807760503D-03
   0.2488755635781D-03   0.1192603890360D-03   0.9108697219716D-04
   0.9244805351604D-04   0.2534966310870D-04  -0.1250876882845D-04
   0.3962527980859D-04  -0.3625381981123D-05  -0.6094207301403D-04
   0.2626797840651D-04   0.1064745602289D-03   0.1676694118159D-04
  -0.4198807115624D-04  -0.1556601599397D-03  -0.9789486818734D-04
   0.1113196612055D-03   0.3944829611076D-04  -0.1838079229355D-04
   0.8736578221870D-04   0.5322994629860D-04   0.1712650046073D-04
   0.6369166371683D-04  -0.3154006719549D-05  -0.2165365867400D-04
   0.9059906328982D-04  -0.1331379462362D-04  -0.2138237791888D-04
   0.3227489457765D-04   0.1600605875951D-04   0.5284387483777D-05
  -0.5038548251194D-05   0.5012208677243D-04   0.6544902203348D-05
   0.1728534745717D-04   0.3727865700514D-04  -0.1257120156578D-04
   0.5500651349681D-04   0.1966081897693D-04   0.2835284079541D-05
   0.2099362904944D-03  -0.3184456936818D-04   0.6953262772654D-04
   0.5355965850580D-04  -0.1397708922661D-04  -0.7709131028362D-04
  -0.1345426775424D-03  -0.3546983382681D-04   0.1521867946380D-03
   0.1541458851068D-03  -0.6315520997791D-04  -0.2830228373169D-04
  -0.4461124758528D-04   0.1013744036216D-03  -0.1687839446541D-03
   0.9814835998714D-06  -0.1749155546032D-02  -0.3386946249391D-03
  -0.9045241579391D-04   0.5125379449550D-04  -0.6835933698385D-04
  -0.1383775771111D-05  -0.5870320867076D-05   0.5306598970490D-04
  -0.1012103176232D-03  -0.6342235420610D-04  -0.1121665210405D-03
   0.1149946703143D-04   0.1589588379365D-04  -0.3165866134208D-04
   0.5994916088200D-05   0.1587685939868D-02   0.1633754621273D-03
  -0.1030814987897D-03  -0.1553096028231D-03  -0.1523686668710D-03
  -0.3099199730901D-04  -0.9978002125327D-05  -0.8093877572114D-04
  -0.6421647428867D-04  -0.1025517874432D-03  -0.4208894854260D-04
  -0.3506148475204D-05  -0.2817818312834D-04  -0.5061921308269D-04
   0.3515081387443D-04  -0.2898871907402D-04   0.8624117572251D-05
   0.8541028784221D-04  -0.1295854158786D-03  -0.2704278791204D-04
  -0.2834955487810D-04  -0.3081979214364D-04  -0.6238841912654D-04
  -0.1788640594094D-04  -0.3156771867737D-04   0.6625442198807D-06
   0.3530890261553D-04   0.9135832526825D-05  -0.1820809874867D-04
   0.2950559374065D-05  -0.1053708839932D-04  -0.1231199884662D-04
   0.2809857233832D-04  -0.4262922658993D-04  -0.5849187797947D-05
   0.1493380382688D-03   0.1265779364734D-03  -0.8674264452735D-04
  -0.3103036288728D-03  -0.4630592688711D-04  -0.5268224509087D-04
   0.1513527050736D-03  -0.6043778189319D-04   0.7230199447798D-04
   0.4075347014394D-04  -0.6241061026082D-03   0.5465702920480D-04
  -0.5344253760417D-03  -0.1242952426409D-02   0.6537715364331D-03
   0.2624593744486D-03   0.1971941158460D-03  -0.2436922198726D-04
   0.1079320589122D-05   0.9534391999051D-04   0.1645204987302D-03
  -0.2962330962961D-04  -0.2234399116883D-04   0.7147258509525D-05
  -0.7246172308740D-04   0.3563073505077D-03  -0.7389878616123D-04
   0.4688776822870D-03   0.6656940323698D-03  -0.2456810754349D-03
   0.4513351589467D-06  -0.1093938575060D-03   0.1452574882166D-03
   0.8450001594955D-04   0.3721566416075D-03   0.1845151229295D-03
  -0.6996685676614D-04  -0.3261847170909D-04   0.2044401839473D-04
   0.1366705346642D-05   0.1820341012322D-04   0.1005911409256D-04
   0.9082744278386D-05   0.1881962262231D-04   0.2796483268055D-04
   0.8136353266245D-04  -0.2858583176543D-04   0.2935343649800D-04
  -0.8940190594118D-04  -0.4871338604456D-04  -0.8011085981867D-05
  -0.1993794156072D-04  -0.4218581946616D-05   0.2283857398925D-04
   0.4201543022011D-04   0.2078567378430D-04   0.4474416727648D-04
   0.1993766333208D-04  -0.5046139385276D-04  -0.8565784812930D-05
  -0.8743132627102D-05   0.1028372410602D-05  -0.2371051890447D-04
  -0.1821669299286D-04  -0.4427798648522D-04  -0.1404885495691D-04
   0.2046631991165D-04   0.4854964808195D-05   0.5916491606836D-05
  -0.3670981227785D-03   0.1258047972274D-02   0.1758689635742D-03
   0.7536505937913D-02  -0.3416535791356D-02  -0.4350810408292D-02
   0.3316620775045D-01   0.8308051829085D-01  -0.2458439042934D-01
  -0.1937441038350D-01  -0.3675057199329D-02   0.9799974636380D-02
  -0.6891111514603D-03  -0.2967556990943D-02   0.1870354432561D-02
   0.4014279468234D-03   0.1150430964012D-02  -0.1625125169480D-02
   0.1744784721301D-03   0.3898127938822D-03   0.2565100749322D-04
  -0.4827709895679D-04  -0.1833530073378D-02   0.4710299808578D-03
   0.1825183232002D-03  -0.2694511359965D-03  -0.1311329322544D-02
   0.1246712999875D-03  -0.2065275461338D-03  -0.7317013534748D-03
  -0.7661264026533D-03  -0.5180500682466D-03   0.1265937267932D-02
   0.5558693056976D-01   0.8306775574625D-01   0.6676170741314D-01
   0.1137314632119D-01   0.1224515041561D-02   0.2483476288900D-03
   0.9890178394973D-02  -0.5833889484518D-02  -0.9892724735234D-02
  -0.9494806755765D-02   0.4991591850794D-02   0.2360302579562D-02
  -0.6317984589320D-02   0.7728614293566D-02   0.5359031516581D-03
  -0.1512441929081D-02   0.1507418446306D-02  -0.1663716226163D-02
  -0.4845909969924D-03   0.2340842971507D-02   0.1293553941650D-03
  -0.3376113736004D-02   0.1206284492536D-01   0.7060585635752D-02
   0.1129012485979D-02  -0.6191782758550D-03  -0.7979554761920D-03
   0.5991002980383D-03  -0.1314223257160D-03  -0.1868362111048D-03
  -0.6699731104671D-04   0.4556341559062D-03  -0.5961112184857D-03
   0.7530070074389D-03  -0.2956875711939D-03  -0.2503962661674D-03
  -0.4027187457729D-04  -0.6060310445255D-03  -0.9111943675560D-04
   0.2446360971110D-03  -0.4129851061591D-03  -0.1414731947009D-02
  -0.6110844614020D-03  -0.8183598537318D-03   0.2493217515968D-03
   0.2378584691100D-03  -0.8849305690451D-03  -0.2760006276732D-02
  -0.3984237539400D-02   0.2356399600779D-02   0.4796014188604D-02
  -0.1686468563823D-02  -0.2572844944011D-03   0.1952199275653D-02
  -0.4181938454260D-02  -0.3858775054482D-02  -0.3930100659407D-02
   0.3349443294714D-02   0.4971375715041D-03   0.1096749670482D-02
  -0.1461220479011D-03  -0.4084713280754D-03   0.2206881535819D-02
   0.1022754425627D-02   0.1821078575662D-02   0.1354772697420D-02
  -0.1065456355050D-02  -0.5225832363348D-03   0.2425453284460D-02
   0.3691234545799D-02   0.9071924133789D-03  -0.2204763294873D-02
   0.8511924411991D-02  -0.4360734857046D-01  -0.1402387363889D-01
   0.4231276315232D-02   0.1309451179849D-02   0.3981047671490D-03
   0.1186610398898D-02  -0.2309881362686D-02  -0.2526617027217D-02
  -0.2011883799902D-03  -0.1971386397960D-03  -0.1267714923479D-02
   0.2463300134170D-03  -0.8884945886600D-04  -0.4063227744175D-03
  -0.1109729441260D-02  -0.2834744202603D-03  -0.3996397927352D-03
  -0.4112954526238D-03  -0.1663203731607D-02   0.7344344122348D-04
   0.3424232508513D-03  -0.1077914612431D-02  -0.2364790890660D-02
   0.3670868832843D-03   0.2909743834903D-03  -0.1228020182906D-02
  -0.1472546513093D-02  -0.8126675950792D-03   0.1002510677245D-02
   0.1049831853429D-03  -0.5894698998981D-03  -0.8774869887673D-03
   0.1586191641512D-02   0.8940551058975D-03   0.4704995546309D-02
  -0.6233474744576D-02   0.4485802410258D-01   0.1161701121835D-01
  -0.4813448413631D-02  -0.6655493037539D-03   0.1723669545812D-02
   0.3153806905537D-02   0.1054511787404D-02   0.4863267808144D-02
  -0.6976756652331D-03   0.7549120495484D-03  -0.8171589984172D-03
   0.6626451043046D-02   0.5265989367210D-02  -0.1913133274362D-02
  -0.3759586600585D-02  -0.3627864508411D-02   0.4044644290185D-02
   0.5999627599047D-03  -0.3817376048664D-05   0.7331458370115D-03
  -0.6375973730613D-03   0.3805300302540D-03   0.7641690299078D-03
  -0.6034647242401D-03   0.1824989321773D-03   0.1224955146696D-02
  -0.3416641514306D-02   0.2469955239769D-02  -0.4108521993462D-02
   0.2177177738668D-03  -0.7349676058616D-03  -0.4409389384496D-03
  -0.2788095896449D-04   0.6556306662255D-03  -0.7928251928637D-03
   0.1925223624396D-03  -0.8396436613970D-04   0.2263942470899D-03
   0.3379396708074D-03  -0.5702354094831D-04  -0.6425283518414D-03
  -0.2117865664300D-04  -0.2356348909025D-03  -0.4231953409437D-03
   0.3512553328750D-03  -0.4058728002815D-03  -0.2355344957510D-04
  -0.1084296843974D-03   0.6042355470958D-04  -0.3539020633632D-03
   0.3464382355367D-03  -0.2963669137091D-03  -0.9909912455276D-03
  -0.2216754660431D-02  -0.3451514294743D-02   0.1367438051804D-02
   0.9454274356862D-02  -0.7823857408330D-03   0.2152089375912D-02
  -0.7718395136700D-01  -0.4935495870541D-01   0.4676158877692D-03
   0.1372388725623D-02   0.1929478854230D-01  -0.8987216225709D-02
  -0.1056842144436D-02   0.7274168305750D-03   0.8341830009188D-05
  -0.6845762700613D-03  -0.3828871916138D-03   0.2233840396607D-03
   0.3148526699991D-04  -0.4007931263387D-03  -0.8845290176860D-03
  -0.1710637918808D-01  -0.1265415688112D+00  -0.1050377549769D-01
  -0.8807274199290D-02  -0.1118987416321D-01   0.7350200500845D-02
  -0.8122409806699D-01   0.4349549150279D-01   0.3395250414344D-01
   0.2472544385221D-01   0.5384818976968D-02  -0.8848724248584D-02
  -0.2129826070165D-03   0.5921188529349D-03  -0.1076972761432D-01
  -0.4654954193745D-03  -0.1612206983393D-02  -0.6682350845303D-03
   0.3806187849685D-03   0.7762219263614D-03  -0.7594115509527D-03
  -0.7890528666747D-04   0.6986665979075D-03   0.8340726644120D-03
  -0.1146211206534D-02  -0.1102572398708D-02  -0.3914433870106D-03
  -0.8090359329898D-03  -0.2169964358091D-02  -0.6031908939682D-03
   0.2530849869123D-02   0.4004542390802D-02   0.2513044814693D-02
  -0.3037582278395D-02  -0.2316147781538D-02  -0.3739324334864D-02
   0.1087745341608D-02  -0.7530952324265D-02  -0.7941387957824D-02
   0.1540499018528D-02   0.8040403260004D-03   0.3064293680310D-03
   0.4774355681020D-03  -0.3993976948597D-03   0.4902289501953D-03
  -0.2125386296040D-02   0.1261178006342D-02  -0.4285192525224D-02
  -0.4675890454474D-03  -0.3221519588640D-03  -0.2735227110096D-03
  -0.3116890330406D-03   0.3767139670549D-03  -0.2070646831169D-03
   0.9478159670816D-03   0.4070894020890D-03  -0.4822229946121D-03
  -0.8047378085293D-04   0.1009170809746D-02   0.2508483319759D-03
   0.1503836262978D-02   0.4837467737889D-03   0.2746348969886D-02
  -0.8580621127760D-01   0.5270499044376D-01  -0.9783714582152D-01
  -0.6070225435230D-01   0.4185643400312D-02  -0.4732712068206D-01
   0.9157011265591D-01  -0.4046037800585D-01   0.9509994121077D-01
  -0.1807094260467D-01  -0.3020511239444D-01  -0.6572396543240D-01
   0.1132313410871D+00  -0.5802975866627D-01  -0.5461239153673D-01
   0.1733093549789D-01  -0.4788499410176D-01  -0.5643152106491D-01
   0.2418469992189D-01  -0.1050692862642D-01  -0.1361755948702D+00
  -0.2489533034042D-01  -0.6797200057934D-01   0.1872504552131D-01
  -0.5934451213808D-01  -0.1085609033864D+00  -0.6292500724929D-01
   0.6718087772330D-01   0.3375099962290D-01   0.5382111694778D-02
   0.3041446993794D-01   0.1338029825279D+00   0.2372732557253D-01
   0.5820157635635D-01  -0.4055770785340D-01  -0.2576942450855D-01
$end                                                                            
