   -0.39591995
    0.03870207
    0.18124320
   -0.40639928
   -0.01599729
   -0.12062921
   -0.12372042
    0.16260578
    0.04599789
    0.04488974
    0.05536779
    0.03204184
    0.05020744
    0.06286500
    0.04685491
    0.04396279
   -0.39011027
    0.02691328
    0.26314237
   -0.49301143
   -0.02738238
   -0.06513208
   -0.11415472
   -0.11678553
    0.15233973
    0.05142134
    0.03144411
    0.03735125
    0.03313792
    0.05086103
    0.03679005
    0.04161968
    0.05440570
    0.03649847
    0.03805302
   -0.17154166
    0.03618123
    0.20458850
   -0.35877952
   -0.11656528
    0.28824516
   -0.47576880
   -0.29406898
    0.23987965
    0.09310711
    0.11213753
    0.08334288
    0.22236205
    0.23575388
   -0.39776586
    0.03436073
    0.19040170
   -0.38076826
   -0.08850221
    0.01928247
   -0.10398172
   -0.02304341
    0.08086270
   -0.27509835
    0.18528373
    0.06175928
    0.08958027
    0.05468513
    0.20800292
    0.03726200
    0.03887510
   -0.39937476
    0.02072076
    0.26115704
   -0.48100901
   -0.07383373
   -0.01487737
   -0.11561455
   -0.12111612
    0.16166195
    0.06171453
    0.04604246
    0.04378920
    0.03228549
    0.04120420
    0.03099205
    0.04665606
    0.04258693
    0.05502752
    0.03846667
   -0.17043798
    0.00104608
    0.27547262
   -0.46088994
   -0.02967269
   -0.06746944
   -0.12708258
   -0.11498369
    0.21933057
    0.09875660
    0.06231821
    0.04232180
    0.05224272
    0.05838532
    0.04830650
    0.05191468
    0.03531826
    0.04999667
    0.04274212
   -0.17950897
   -0.00233975
    0.27147603
   -0.45442762
    0.06514093
   -0.45973570
    0.21495262
    0.10547689
    0.04760262
    0.07288243
    0.34370363
   -0.17681960
    0.00401442
    0.27002372
   -0.47645037
    0.05743142
   -0.46165498
    0.20130111
    0.09089195
    0.06426059
    0.07764593
    0.32241226
   -0.19258507
    0.02256010
    0.26974886
   -0.49796507
   -0.07639578
   -0.02204109
   -0.11795947
   -0.11948352
    0.24635790
    0.07529405
    0.04764720
    0.06347309
    0.05568336
    0.04249257
    0.04164549
    0.04128216
    0.04871989
    0.04090155
    0.04067332
   -0.17787248
    0.00514164
    0.26689527
   -0.50571044
   -0.02394549
   -0.13525074
   -0.13117212
    0.24461384
    0.08922784
    0.05191472
    0.06269181
    0.04970810
    0.06250133
    0.05889998
    0.06425059
    0.03949629
   -0.19714282
    0.01832826
    0.28176608
   -0.49780340
   -0.02681252
   -0.12828660
   -0.12564570
    0.25570446
    0.06591447
    0.07153826
    0.05478523
    0.05961918
    0.03853951
    0.05461311
    0.04583849
    0.04228005
   -0.19300398
    0.02232457
    0.26314935
   -0.49117925
   -0.08398682
   -0.01305157
   -0.11724809
   -0.12039157
    0.25166251
    0.06060112
    0.07016720
    0.05390879
    0.04423704
    0.04749400
    0.03864656
    0.04581425
    0.05417069
    0.04534719
    0.03010013
   -0.18222290
    0.01101828
    0.28932117
   -0.47444820
   -0.02008740
   -0.11800716
   -0.12270450
    0.25033653
    0.08960269
    0.06899668
    0.04384167
    0.04752139
    0.03950716
    0.05760991
    0.04351948
    0.04870185
   -0.19968735
    0.02590315
    0.21498845
   -0.33605555
   -0.07495094
    0.00429521
   -0.03789767
   -0.04146772
   -0.06248864
   -0.06702214
    0.15009555
   -0.41451826
    0.24377571
    0.09272301
    0.08122131
    0.05716491
    0.05794139
    0.03111775
    0.06811358
    0.03262900
    0.32763613
   -0.12452226
    0.00989020
    0.27043365
   -0.51719170
   -0.07816716
    0.01974001
   -0.03887309
   -0.04337669
   -0.03373741
   -0.03328981
   -0.03607010
    0.29073449
    0.09105599
    0.07813606
    0.06726421
    0.02636272
    0.04186448
    0.03607399
    0.05082450
    0.04456586
   -0.20748554
    0.02820363
    0.26628246
   -0.51044306
   -0.08822285
   -0.01931062
   -0.11737409
   -0.12791298
    0.26321227
    0.06515846
    0.07255732
    0.06738745
    0.04393696
    0.03546402
    0.01764572
    0.05833498
    0.04188463
    0.07958621
    0.02897574
   -0.10073896
    0.03143955
    0.28969244
   -0.51591743
   -0.06361679
   -0.18370921
    0.00361535
    0.04845812
    0.03060807
    0.03419309
    0.36068698
    0.03840734
    0.01543422
    0.06643762
   -0.19952773
    0.03772220
    0.27622422
   -0.52309751
   -0.12192533
    0.20754021
    0.04819576
    0.05473246
    0.05725760
    0.07661059
   -0.17943367
    0.02517661
    0.28627479
   -0.46295958
   -0.05676128
   -0.10106885
    0.28868481
   -0.47168153
   -0.30315934
    0.23336088
    0.06364670
    0.06193505
    0.07240812
    0.06181236
    0.06347189
    0.21850560
    0.23453244
   -0.16696145
    0.01678836
    0.27701629
   -0.47424230
   -0.12072006
    0.17637545
    0.07656441
    0.07672978
    0.06369626
    0.05112520
   -0.17201420
   -0.03417745
    0.19795924
   -0.36479557
    0.21609751
    0.09450191
    0.13782120
   -0.40907786
    0.03378273
    0.19392082
   -0.38444720
   -0.07383476
   -0.08415761
   -0.10253660
   -0.05534612
   -0.14842644
    0.18042201
    0.07849204
    0.04477703
    0.05606109
    0.07077586
    0.06288489
    0.06329178
    0.10317540
    0.11701375
    0.13204924
    0.27057005
    0.27063020
    0.26982396
   -0.40005464
    0.03815823
    0.27529894
   -0.51691046
   -0.08328562
   -0.01286261
   -0.13072405
   -0.12414464
    0.16337750
    0.01913112
    0.05008377
    0.06732593
    0.02444131
    0.05404650
    0.03955544
    0.06129301
    0.06066118
    0.04303262
    0.02491402
   -0.18290944
    0.02006087
    0.20465469
   -0.36091294
    0.07250271
   -0.47359035
    0.24273686
    0.08574026
    0.07379683
    0.05849004
    0.33808272
   -0.40169949
    0.03478621
    0.26750090
   -0.50275341
   -0.02720213
   -0.12196634
   -0.11169646
    0.16476123
    0.03456318
    0.05218331
    0.05571748
    0.03605070
    0.04257100
    0.04742600
    0.04129939
    0.03783019
   -0.17585447
    0.02782382
    0.20448997
   -0.37517306
   -0.07050871
   -0.01437436
   -0.11353631
   -0.11517068
    0.23877104
    0.09141700
    0.04865063
    0.05375300
    0.04641070
    0.04158497
    0.03614258
    0.04257545
    0.04401282
    0.05131409
    0.03752717
   -0.42208046
    0.04508314
    0.19942405
   -0.37520894
   -0.07046927
   -0.10487519
    0.28973670
   -0.47337346
   -0.26688601
    0.20549434
    0.04610114
    0.05627811
    0.06678593
    0.10352427
    0.05997557
    0.21134257
    0.20845146
   -0.38102089
    0.04590330
    0.20182928
   -0.38958855
   -0.07494984
    0.01478196
   -0.04485710
   -0.04206554
   -0.03535414
   -0.03513618
   -0.03838422
    0.15885437
    0.04294241
    0.07613604
    0.05689980
    0.04277560
    0.03112879
    0.04427646
    0.02897229
    0.03250393
   -0.38584924
    0.03633904
    0.19191170
   -0.39469920
   -0.02717984
   -0.06872836
   -0.11590590
   -0.11855129
    0.16580446
    0.04328219
    0.04894468
    0.05399981
    0.03572310
    0.05726085
    0.04334597
    0.04152066
    0.03575595
    0.04338318
    0.05357891
   -0.38888352
    0.04641221
    0.26800267
   -0.50320449
   -0.11025267
    0.29457703
   -0.50825607
   -0.29234619
    0.15759122
    0.04291225
    0.07578449
    0.09300201
    0.22933999
    0.22398610
   -0.18030463
    0.02876871
    0.19024435
   -0.35882861
   -0.00610688
   -0.26568292
    0.25664883
    0.09575139
    0.05637126
    0.07037284
    0.17663901
   -0.43794575
    0.04682419
    0.20737794
   -0.40346490
   -0.02195479
   -0.12035719
   -0.10800971
    0.21131524
    0.02512169
    0.05928248
    0.04540988
    0.07235967
    0.03219283
    0.04830918
    0.03398806
    0.02997661
   -0.39711827
    0.02787288
    0.27350566
   -0.47979324
   -0.01688488
   -0.06067316
   -0.10224070
   -0.10693848
    0.15642482
    0.05387997
    0.01735026
    0.04716349
    0.03891891
    0.03942009
    0.02221832
    0.05374174
    0.04993342
    0.02938777
    0.03602488
   -0.16496963
    0.04652104
    0.19047305
   -0.38576969
   -0.10261270
    0.37567965
   -0.62265234
   -0.63257980
    0.19021594
    0.06490709
    0.03984522
    0.04297325
   -0.39150941
    0.04062046
    0.26671878
   -0.48070348
   -0.11893550
    0.14958467
    0.03265994
    0.04950017
    0.04853629
    0.05718353
   -0.17749552
    0.03764487
    0.19467860
   -0.36273722
   -0.02011896
   -0.29577811
    0.22581610
    0.07916226
    0.07964735
    0.07978626
    0.17177339
   -0.42245976
    0.03833527
    0.26420048
   -0.49799173
   -0.01739770
   -0.07654494
   -0.12118654
   -0.11109702
    0.19153187
    0.02770981
    0.03331426
    0.03417650
    0.05956192
    0.05311043
    0.02861134
    0.03294282
    0.04340911
    0.03890594
    0.03645811
   -0.16686020
    0.03433191
    0.20475565
   -0.36542147
   -0.13068574
    0.21971912
    0.08678920
    0.07426981
    0.08592236
    0.06580628
   -0.42529472
    0.04607365
    0.20560552
   -0.39803465
   -0.06557918
   -0.01092097
   -0.11895235
   -0.12769688
    0.19273778
    0.04170657
    0.06226493
    0.04092457
    0.01792567
    0.06215241
    0.02883606
    0.03985600
    0.07373308
    0.04260407
    0.02861333
    0.17715645
    0.05700978
    0.18543941
    0.07073501
    0.18831920
    0.07646872
    0.18228743
    0.07255734
    0.18502526
    0.06546006
    0.17342716
    0.06828659
    0.17517450
    0.06483247
    0.16553845
    0.06566137
    0.17885023
    0.07697225
    0.17912809
    0.07302230
    0.17665061
    0.06499443
    0.16494146
    0.06472134
    0.19196522
    0.06328263
    0.18036645
    0.05923155
    0.16462641
    0.06816666
    0.17215234
    0.06139319
