           2           1   1.01037616517579     
           3           2  0.987406596071731     
           4           3   1.77126180157916     
           5           2  0.945887386156580     
           6           5   1.00860106225528     
           7           5   1.00731267395563     
           8           1  0.950274215116952     
           9           2  0.947101893377686     
          10           5  0.964559958846193     
          11           6  0.982947871108355     
          12           6  0.982130064124671     
          13           6  0.976077047428271     
          14           7  0.973861652760852     
          15           7  0.982164020012364     
          16           7  0.976990199362070     
          18          17   1.01741890680698     
          19          18  0.955289288410676     
          20          19   1.55849720503835     
          21          18  0.948867199620556     
          22          21  0.996111547448326     
          23          21   1.00946772607737     
          24          22   1.01848450871269     
          25          17  0.952950505678617     
          26          18  0.959836520744442     
          27          21  0.967058993622154     
          28          22  0.965347257710329     
          29          22  0.968107487470932     
          30          23  0.979311907506015     
          31          23  0.986060304641766     
          32          23  0.979801902957030     
          33          24  0.968149403823929     
          34          24  0.988081631922150     
          35          24  0.982698163101758     
          36          19   1.32581288573386     
          37          36  0.978980976657882     
          38          37  0.962690784858783     
          39          38   1.89255026210685     
          40          37  0.982004989758119     
          41          40  0.960490809539667     
          42          41   1.67319381335806     
          43          41   1.28823237743503     
          44          36  0.868379927785440     
          45          37  0.939701879815447     
          46          40  0.938356891840172     
          47          40  0.961005327929308     
          48          43  0.929941475170888     
          49          43  0.926191110463126     
          51          50   1.03253323597103     
          52          51  0.968039713943359     
          53          52   1.87104024553846     
          54          51  0.935547651813509     
          55          54   1.02082258040869     
          56          55   1.21435252076125     
          57          55   1.52803651121264     
          58          56   1.27569348149529     
          59          57   1.29532260933319     
          59          58   1.53300286991129     
          60          50  0.913691689798562     
          61          51  0.923783728210105     
          62          54  0.944463592456025     
          63          54  0.966508228347468     
          64          56  0.888532499108120     
          65          57  0.945282946823157     
          66          58  0.964576319885995     
          68          67   1.01232750318565     
          69          68  0.948736322089130     
          70          69   1.57577111882781     
          71          68  0.972884301101327     
          72          71  0.989875647014567     
          73          72   1.00948092243248     
          74          72   1.00870350911101     
          75          67  0.953471575783785     
          76          68  0.947973756410629     
          77          71  0.971698875910083     
          78          71  0.974936942681672     
          79          72  0.970391184466518     
          80          73  0.985317491785963     
          81          73  0.987749537161728     
          82          73  0.981762640305892     
          83          74  0.979355479411247     
          84          74  0.972133231348764     
          85          74  0.981823488761083     
          86          69   1.32272611191178     
          87          86  0.973355326293477     
          88          87  0.947163882150725     
          89          88   1.62220341743040     
          90          87  0.958831749800290     
          91          90  0.994174156446322     
          92          90   1.01040457210506     
          93          91   1.02059001102981     
          94          86  0.914355180689349     
          95          87  0.933200514001068     
          96          90  0.959206336526896     
          97          91  0.973463682157388     
          98          91  0.973914141159506     
          99          92  0.983229590435077     
         100          92  0.979370863868480     
         101          92  0.977704985071921     
         102          93  0.974036720324093     
         103          93  0.977685810291473     
         104          93  0.975123365595124     
         105          88   1.28446304261193     
         106         105  0.982467291450081     
         107         106  0.940426615534962     
         108         107   1.61455268156478     
         109         106  0.965644372318494     
         110         109   1.01583150736041     
         111         105  0.914602906458278     
         112         106  0.936970580299504     
         113         109  0.963834601199095     
         114         109  0.960360044473296     
         115         110  0.865408524907006     
         116         107   1.28911633009292     
         117         116  0.975523480697470     
         118         117  0.935647915598288     
         119         118   1.58023839597122     
         120         117  0.971286634638187     
         121         120   1.00606117458788     
         122         116  0.919648327808745     
         123         117  0.941930490105178     
         124         120  0.946809975519438     
         125         120  0.959779588363678     
         126         121  0.876494464978208     
         127         118   1.33731291406567     
         128         127  0.978276991191958     
         129         128  0.945435929457152     
         130         129   1.55627099406443     
         131         128  0.970879783003064     
         132         131  0.991961179258693     
         133         132   1.00521256428041     
         134         132   1.00963102522297     
         135         127  0.843041488365758     
         136         128  0.942077009217131     
         137         131  0.966166501602058     
         138         131  0.969525078332775     
         139         132  0.940981434107136     
         140         133  0.986408599101388     
         141         133  0.979950556324353     
         142         133  0.985720253281903     
         143         134  0.981769015862630     
         144         134  0.985506138037905     
         145         134  0.984181811087542     
         146         129   1.34342830063590     
         147         146  0.978619569946562     
         148         147  0.940745829234847     
         149         148   1.56357174894565     
         150         147  0.960615571564792     
         151         150   1.00583249455939     
         152         150   1.00996441309371     
         153         146  0.867170175795446     
         154         147  0.940763051071894     
         155         150  0.957223052908101     
         156         151  0.977519760758890     
         157         151  0.975053733580777     
         158         151  0.978988654697987     
         159         152  0.981836164643460     
         160         152  0.968656135258281     
         161         152  0.983168618726032     
         162         148   1.34385081578212     
         163         162  0.981267058731928     
         164         163  0.941910470726144     
         165         164   1.54870619132425     
         166         163  0.961316192216041     
         167         166   1.01015927545524     
         168         166   1.00946004079070     
         169         162  0.843993184066843     
         170         163  0.940552918922772     
         171         166  0.952646302141798     
         172         167  0.983591866716250     
         173         167  0.971177470898815     
         174         167  0.982124522429264     
         175         168  0.983059855992554     
         176         168  0.979204120597622     
         177         168  0.984373986128714     
         178         164   1.34405802096452     
         179         178  0.974440422493212     
         180         179  0.935734367135350     
         181         180   1.54744125638884     
         182         179  0.985541469847015     
         183         182  0.990025307815423     
         184         183   1.00495102319746     
         185         183   1.01209339496931     
         186         178  0.843987569148947     
         187         179  0.951902365946682     
         188         182  0.960920270192310     
         189         182  0.967409344101529     
         190         183  0.966556602436837     
         191         184  0.970885288385701     
         192         184  0.977160595560137     
         193         184  0.973879051416099     
         194         185  0.980128862836377     
         195         185  0.979522274270872     
         196         185  0.985997218499160     
         197         180   1.36273933605058     
         198         197  0.983134499183279     
         199         198  0.941771118439170     
         200         199   1.65172499571215     
         201         198  0.960426119905651     
         202         201   1.00965893906871     
         203         201   1.00936384714993     
         204         197  0.835425012826124     
         205         198  0.923999309541626     
         206         201  0.948887476239145     
         207         202  0.982869680828353     
         208         202  0.976019810457377     
         209         202  0.979425518646172     
         210         203  0.979546010331979     
         211         203  0.969815146342667     
         212         203  0.981428243423607     
         213         199   1.26115821971494     
         214         213   1.00426460987685     
         215         214  0.981649458331445     
         216         215   1.16645837006534     
         217         214  0.936615887132056     
         218         217   1.00686534385480     
         219         218   1.40424189809920     
         220         218   1.39575452473428     
         221         219   1.45007074626256     
         222         220   1.44788676849223     
         223         221   1.36348717499621     
         223         222   1.33922853620392     
         224         223   1.08048064914917     
         225         213  0.858804651783767     
         226         214  0.930790143274224     
         227         217  0.958256221544552     
         228         217  0.948411564842982     
         229         219  0.956945414352892     
         230         220  0.966957701915944     
         231         221  0.960055550499417     
         232         222  0.961439212173964     
         233         224  0.841029962992341     
         234         215   1.46016411893525     
         235         234  0.976871169611975     
         236         235  0.914390868449489     
         237         236   1.55839974328869     
         238         235  0.982214057545265     
         239         238   1.00350959814058     
         240         239   1.42405866723598     
         241         239   1.40073162397989     
         242         240   1.43338801296331     
         243         241   1.45501019636551     
         244         242   1.44254181903572     
         244         243   1.42848022316598     
         245         234  0.779719247660189     
         246         235  0.949988639170269     
         247         238  0.951268704425585     
         248         238  0.957314204629288     
         249         240  0.965879819719261     
         250         241  0.968629009855156     
         251         242  0.968494412382114     
         252         243  0.969134872824405     
         253         244  0.970335807134384     
         254         236   1.36415924734150     
         255         254  0.971280482266898     
         256         255  0.944139587790391     
         257         256   1.56677472391986     
         258         255  0.971115351604355     
         259         258  0.995490073864543     
         260         259   1.00865258943765     
         261         259   1.00385013710887     
         262         254  0.808174438386193     
         263         255  0.949552532874385     
         264         258  0.948918182602154     
         265         258  0.964901302274066     
         266         259  0.945607565256960     
         267         260  0.983678580615444     
         268         260  0.978907633828211     
         269         260  0.977730435293341     
         270         261  0.980437536319687     
         271         261  0.968505496877389     
         272         261  0.982092354404765     
         273         256   1.30937797137571     
         274         273  0.964970189919795     
         275         274  0.954487815432438     
         276         275   1.62091137362320     
         277         274  0.947631561239119     
         278         277   1.02435463101658     
         279         273  0.939854765254328     
         279         278   1.05049211810264     
         280         274  0.951328277079188     
         281         277  0.946940121987217     
         282         277  0.974561763897589     
         283         216  0.834858947303315     
         284         278  0.954840117122026     
         285         279  0.907477241330373     
         286         279  0.944420689737105     
         287         275   1.26344158550310     
         288         287  0.983194167928915     
         289         288  0.927125454171640     
         290         289   1.60906151595521     
         291         288  0.997068312009051     
         292         287  0.906535548272687     
         293         288  0.958717743140672     
         294         291  0.983549734381827     
         295         291  0.976797516539283     
         296         291  0.976655673316163     
         297         289   1.32671793542742     
         298         297  0.978727555642381     
         299         298  0.930150271195262     
         300         299   1.63072032581765     
         301         298  0.989378102516575     
         302         301   1.00932487489056     
         303         302  0.967501773385532     
         304         303   1.67306081565338     
         305         303   1.27997712942891     
         306         297  0.873560438302301     
         307         298  0.944575366409371     
         308         301  0.968987465705077     
         309         301  0.971143634074332     
         310         302  0.960104096704285     
         311         302  0.954750710678986     
         312         305  0.934449235448912     
         313         305  0.923898969138214     
         314         299   1.28040432090392     
         315         314  0.980101041453353     
         316         315  0.934188564246155     
         317         316   1.68447847507297     
         318         315  0.975934928529144     
         319         314  0.932786193503351     
         320         315  0.937876173613989     
         321         318  0.954470067132306     
         322         318  0.967988923207116     
         323         318  0.971456977414695     
         324         316   1.24980817586569     
         325         324  0.997708490727968     
         326         325  0.997235988037624     
         327         326   1.84662571929361     
         328         324  0.919111995794587     
         329         325  0.945039436729137     
         330         325  0.929788359646676     
         332         331   1.02638636896700     
         333         332  0.994677014715088     
         334         333   1.82611392516382     
         335         332  0.947872980096956     
         336         335  0.996077693251495     
         337         336   1.00713999779688     
         338         337   1.00683471100194     
         339         338  0.939961554189344     
         340         331  0.915951867291186     
         341         332  0.925467521933312     
         342         335  0.956421412399516     
         343         335  0.966718316105194     
         344         336  0.971619778080008     
         345         336  0.970019548171241     
         346         337  0.953699119735504     
         347         337  0.951970693105424     
         348         338  0.961035094849974     
         349         338  0.960950603899548     
         350         339  0.849084454298132     
         351         339  0.903243585258797     
         352         339  0.869694227879992     
         354         353   1.00835551258403     
         355         354  0.946153108746285     
         356         355   1.59975033682391     
         357         354  0.975954954576269     
         358         357  0.995546093197078     
         359         358   1.00714650227503     
         360         358   1.00765027563552     
         361         353  0.951325273352900     
         362         354  0.961612679369047     
         363         357  0.967956827998017     
         364         357  0.953815776271216     
         365         358  0.969583824671210     
         366         359  0.983517118050482     
         367         359  0.986762958913644     
         368         359  0.973730886380510     
         369         360  0.981922378636219     
         370         360  0.983673804432082     
         371         360  0.977208453683912     
         372         355   1.31338483703259     
         373         372  0.986168821801192     
         374         373  0.985973941171051     
         375         374   1.83219945773254     
         376         373  0.946795506918456     
         377         376   1.01711105717573     
         378         372  0.864318776356519     
         379         373  0.937536557343465     
         380         376  0.952536785536766     
         381         376  0.954286107541396     
         382         377  0.868575774014282     
         384         383   1.01414817506427     
         385         384  0.943099967203557     
         386         385   1.56782485181623     
         387         384  0.959236404086880     
         388         387   1.00758212279100     
         389         387   1.00867901850860     
         390         383  0.940016912807630     
         391         384  0.962644323896412     
         392         387  0.955906535355558     
         393         388  0.983481556299678     
         394         388  0.979332768490569     
         395         388  0.985337921145402     
         396         389  0.983264924012346     
         397         389  0.985369335208111     
         398         389  0.976041489414665     
         399         385   1.33478285937349     
         400         399  0.976968048949729     
         401         400  0.983265466125887     
         402         401   1.86482122803155     
         403         400  0.964186732631606     
         404         403  0.987253647742924     
         405         404   1.00666492075292     
         406         404   1.00954775429758     
         407         399  0.875012563162463     
         408         400  0.933729279118474     
         409         403  0.975289124430769     
         410         403  0.972407040765433     
         411         404  0.956336496497450     
         412         405  0.984688466619990     
         413         405  0.986128432590210     
         414         405  0.984244013691953     
         415         406  0.981362395411983     
         416         406  0.976405101995096     
         417         406  0.981975157081845     
         419         418   1.01899986826731     
         420         419  0.972175441461550     
         421         420   1.88608136230349     
         422         419  0.960788405886143     
         423         422   1.01009970938114     
         424         423  0.983632767336636     
         425         424   1.61258940880482     
         426         424   1.28944077482871     
         427         418  0.891401932861988     
         428         419  0.956187285728018     
         429         422  0.964763362087471     
         430         422  0.963946058758569     
         431         423  0.915345561054235     
         432         423  0.958202986203767     
         433         426  0.928711299016943     
         434         426  0.926911059674500     
         436         435   1.00889275655376     
         437         436  0.975037417884960     
         438         437   1.88340366142359     
         439         436  0.967046675889855     
         440         439   1.00603752480889     
         441         440   1.40140793618650     
         442         440   1.41843302252924     
         443         441   1.45302082689527     
         444         442   1.43637154339085     
         445         443   1.43134007381651     
         445         444   1.44474954928104     
         446         435  0.953995699353754     
         447         436  0.958336947053719     
         448         439  0.952535031166677     
         449         439  0.960781741287677     
         450         441  0.968519929678940     
         451         442  0.963187398945646     
         452         443  0.969733741409979     
         453         444  0.971249926429672     
         454         445  0.971066765696887     
         456         455   1.00979219822699     
         457         456  0.980622744995896     
         458         457   1.76489178390628     
         459         456  0.943829371913901     
         460         459  0.998186738684644     
         461         459   1.00777437364748     
         462         460   1.01686190876330     
         463         455  0.949590036213978     
         464         456  0.957704726097420     
         465         459  0.965263363095983     
         466         460  0.974405451644907     
         467         460  0.978664556241116     
         468         461  0.981307699702581     
         469         461  0.985270796526205     
         470         461  0.982504486232236     
         471         462  0.987847781743416     
         472         462  0.961370979750802     
         473         462  0.983896955417928     
         475         474   1.01524655255360     
         476         475  0.940629776549462     
         477         476   1.55141883222802     
         478         475  0.978794118904970     
         479         478  0.966917955645177     
         480         479   1.64670235571975     
         481         479   1.29614272416999     
         482         474  0.955243690366275     
         483         475  0.957144623178719     
         484         478  0.960506040006213     
         485         478  0.933154872895927     
         486         481  0.925805662117182     
         487         481  0.929705509262694     
         488         476   1.34762942681190     
         489         488  0.983861479567121     
         490         489  0.968984426144944     
         491         490   1.86991322886395     
         492         489  0.975619085240128     
         493         492  0.992607416714173     
         494         488  0.837971421988341     
         495         489  0.930422462526110     
         496         492  0.971401582607419     
         497         492  0.964067066567690     
         498         493  0.918195596619299     
         500         499   1.01836002980817     
         501         500  0.991253390078025     
         502         501   1.86466590768643     
         503         500  0.932916380639277     
         504         503   1.00912724741100     
         505         503   1.00814530296102     
         506         499  0.868728467315283     
         507         500  0.955483563575988     
         508         503  0.932352427143014     
         509         504  0.982049442966078     
         510         504  0.955798105615965     
         511         504  0.983054224932506     
         512         505  0.979642533477050     
         513         505  0.984990776453587     
         514         505  0.985244516558366     
         516         515   1.01314476079088     
         517         516  0.937227430402765     
         518         517   1.58389598675734     
         519         516  0.965195949025665     
         520         519  0.994560265487752     
         521         519   1.00523712269671     
         522         520   1.01867940228463     
         523         515  0.956318065597340     
         524         516  0.960147717131782     
         525         519  0.963916492226372     
         526         520  0.975989192652799     
         527         520  0.974171328687193     
         528         521  0.978643428975283     
         529         521  0.981791183182180     
         530         521  0.975119187832130     
         531         522  0.985689861649185     
         532         522  0.987347930525290     
         533         522  0.985657428865935     
         534         517   1.31845206808567     
         535         534  0.965350653825861     
         536         535  0.979152313414842     
         537         536   1.81610362403156     
         538         535  0.971940326135294     
         539         538  0.880985039935329     
         540         539   1.51273843082748     
         541         539   1.50990895512543     
         542         534  0.920679795891210     
         543         535  0.949649895490983     
         544         538  0.977927730242985     
         545         538  0.967870422268482     
         547         546   1.01174605475212     
         548         547  0.937180516293187     
         549         548   1.60667260291070     
         550         547  0.995345191871554     
         551         546  0.957771436073812     
         552         547  0.963142763679845     
         553         550  0.983835805173359     
         554         550  0.982135516791946     
         555         550  0.979083274411943     
         556         548   1.31160925458284     
         557         556  0.984000860852452     
         558         557  0.963426173215327     
         559         558   1.83211623950483     
         560         557  0.973622025210526     
         561         560  0.989764742429492     
         562         556  0.881132564186425     
         563         557  0.941096054906065     
         564         560  0.962103698734270     
         565         560  0.966612672393762     
         566         561  0.925873174292892     
         568         567   1.01776372815392     
         569         568  0.955876667049821     
         570         569   1.58129402108771     
         571         568  0.952027317976573     
         572         571  0.994510202112023     
         573         571   1.00568021121342     
         574         572   1.01947782260372     
         575         567  0.904086023435975     
         576         568  0.960336250664568     
         577         571  0.967660688227428     
         578         572  0.963354895151236     
         579         572  0.950820187784045     
         580         573  0.962234497441252     
         581         573  0.986134175374926     
         582         573  0.980922052747883     
         583         574  0.983211861391842     
         584         574  0.984174713211778     
         585         574  0.977169180376498     
         586         569   1.30783773552449     
         587         586  0.978791602902444     
         588         587  0.970119215069821     
         589         588   1.89775389287666     
         590         587  0.983439572563554     
         591         586  0.905492661658437     
         592         587  0.946027915384164     
         593         590  0.980684421414770     
         594         590  0.973784887441065     
         595         590  0.982794073834190     
         597         596   1.01034175015681     
         598         597  0.986777205726844     
         599         598   1.87057301127571     
         600         597  0.955866017264703     
         601         600  0.995663737028582     
         602         601   1.00821299226107     
         603         601   1.00716174755707     
         604         596  0.897539546134524     
         605         597  0.956094948275698     
         606         600  0.963947497846452     
         607         600  0.973462524302233     
         608         601  0.969319256503174     
         609         602  0.982748364887653     
         610         602  0.985854781292596     
         611         602  0.985921522508400     
         612         603  0.970967685332383     
         613         603  0.986434915001746     
         614         603  0.987304879959841     
         615           1  0.958019728550543     
         616           3  0.956658151743762     
         617          17  0.952311421310745     
         618          38  0.953972319104424     
         619          50  0.951562958115418     
         620          52  0.954868620451816     
         621          67  0.955227670692618     
         622         326  0.954202213116476     
         623         331  0.953239875244880     
         624         333  0.954628456025703     
         625         353  0.958960094166328     
         626         374  0.955490409002034     
         627         383  0.957979977955883     
         628         401  0.955915970718755     
         629         418  0.960045970140350     
         630         420  0.955619514726452     
         631         435  0.954323663935395     
         632         437  0.953783204243587     
         633         455  0.954902705310527     
         634         457  0.954686523136395     
         635         474  0.957496184061388     
         636         490  0.955066087394335     
         637         499  0.961282459958644     
         638         501  0.954539331234601     
         639         515  0.951785112216541     
         640         536  0.954959387247743     
         641         546  0.957607629315336     
         642         558  0.956452499736120     
         643         567  0.959718608613822     
         644         588  0.954742890696187     
         645         596  0.960116510374783     
         646         598  0.955966878468032     
