$grad                                                                           
  cycle =      1    SCF energy =  -635.24166116489   |dE/dxyz| =  0.665390
   73.94685963527608    115.91053807433070     67.36437775330710      n 
   71.76544033487004    116.71608457702813     65.94865900945933      c 
   72.45555218019007    118.42158635577047     63.72234703301499      c 
   71.21746780407760    118.27175198949404     61.75918227362983      o 
   69.90228035989303    118.09954101259001     67.64584437528552      c 
   68.37240499374444    115.89704178407062     69.82261673526939      s 
   74.03678646452042    116.38044364321325     69.20825551441874      h 
   70.84121021564684    115.03938778189374     65.13000957864290      h 
   70.85489678203481    119.55747647206157     68.73606563101370      h 
   68.44200159564680    118.96360892737530     66.48195627964058      h 
   70.02310186174667    116.22707445629845     71.68387412660175      h 
   76.19648193121526    114.48219367797475     58.90365628050608      n 
   74.28912050170109    112.79368985451114     57.90997629508873      c 
   72.51239263229112    114.27955778655341     56.21285084283478      c 
   71.68219883239125    113.40696581085137     54.22550796929558      o 
   72.82428064066850    111.65731419127874     60.12966590023162      c 
   70.27401094351636    110.61388396527093     59.47396431320576      c 
   68.26711409991427    110.95975666754842     61.12712581753797      c 
   69.89675142011961    109.17913239620313     57.31668843234118      c 
   65.99547140612204    109.76325003402452     60.69181276893871      c 
   67.63174763443160    107.93364479059437     56.89973046630915      c 
   65.69711904381531    108.18137288911470     58.62687013875086      c 
   76.09572359231764    114.80530949100118     60.79192951658581      h 
   75.17473990076597    111.32712594471653     56.74921626337458      h 
   73.97414563789079    110.16608097672224     60.98163587868459      h 
   72.56915605481612    113.13361824674780     61.53765652099261      h 
   68.48576480591778    112.14305804901745     62.77526867802295      h 
   71.40476843846238    109.02794713665511     55.95658046152626      h 
   64.43609481669716    110.00962540113686     61.97013295110225      h 
   67.41211857232868    106.74685162945212     55.25881313229522      h 
   63.95430178991441    107.15376430215464     58.42178685796136      h 
   71.96535497783863    116.61306921106171     56.95430293282066      n 
   70.67202780387805    118.24951819887349     55.20333886682886      c 
   72.35565246473367    118.63801598844215     52.89500831819569      c 
   71.40623636756425    118.99542037974194     50.80922750932268      o 
   69.95208444671263    120.79614470735194     56.37516756974780      c 
   68.07365972547649    120.60312205875967     58.22241866383299      o 
   72.35556566999875    117.25681675852815     58.71690495751839      h 
   68.93080255848486    117.33938874225247     54.53062159341466      h 
   71.67601574243761    121.68063294934480     57.11257591076382      h 
   69.16055084642149    121.96823707844136     54.87140266099114      h 
   68.75608071801877    119.69256685670886     59.66417491541493      h 
   71.02055097114339    101.54606250672980     86.33755885371946      n 
   69.14691903427597    103.13060182612534     87.54389546179668      c 
   67.43703930796272    101.81967486849304     89.47088600764894      c 
   66.68425237754927    103.13829083282982     91.24052509550391      o 
   67.56291006873576    104.70436998369885     85.66060222995978      c 
   65.76401954611580    103.13679477988151     84.01815629379085      c 
   69.32430577742514    106.27179477118878     83.99375150870996      c 
   63.25035291444686    102.50842511883448     85.27307057960125      c 
   71.02516867467057    101.41451644577472     84.42447296412548      h 
   70.17396663284435    104.50707584071168     88.71810348388743      h 
   66.43212510889074    105.98947798758398     86.82414972177754      h 
   65.34036461317329    104.23446162085651     82.32215859899196      h 
   66.73642171944427    101.42193276086732     83.43010657449642      h 
   68.21454132609554    107.49063588106564     82.76939043714766      h 
   70.56557440639078    107.45703917228039     85.11643193813732      h 
   70.47981911996747    105.04145769226743     82.82276191856771      h 
   62.05341873174974    101.46330190889157     83.97182263784352      h 
   63.47902941086320    101.36511145112321     86.95297013329711      h 
   62.31098482009602    104.25259959810064     85.81112387369028      h 
   66.62411908705222    104.24441271134744     96.40593054584394      n 
   64.27319723356972    105.30835935637145     97.35457190186141      c 
   63.09845313496654    103.85485288785841     99.56368814978937      c 
   61.62113660099453    104.86794610656551    101.01848707104308      o 
   62.37019541731631    105.38997732480040     95.17449447393111      c 
   61.59596115619178    102.97462887842158     94.37872825884469      o 
   66.65771986951971    103.71480165096285     94.55449819253383      h 
   64.58539168141883    107.21966423160362     98.10169814931201      h 
   60.66360816619369    106.38733010579480     95.77530571003751      h 
   63.25829863853182    106.40298757206612     93.59388171271759      h 
   62.97283171710743    101.79676356671109     94.64157748105049      h 
   63.07196458007285    109.06420996813054    106.87735386021690      n 
   60.46259519711788    109.50845256861567    106.15589142095790      c 
   60.21759066706684    112.15002948010276    104.97779239323323      c 
   61.55182629257350    113.92486084454953    105.60375989040044      o 
   58.91583314105372    109.25522213652945    108.59335809346759      c 
   60.82812445965649    109.21146026059398    110.77340403969740      c 
   63.44377777684552    108.83916949889344    109.58527701058054      c 
   59.92838493570189    108.11610092618115    104.71679665826912      h 
   57.62355124972679    110.84307607983760    108.80052606738997      h 
   57.81988370021796    107.51623843643623    108.54330232066283      h 
   60.77647058662347    110.99073713787325    111.80281109603993      h 
   60.40592087536037    107.68146230338772    112.07968351134363      h 
   64.75039366374133    110.29845308980208    110.24788443630402      h 
   64.23500967974323    106.98515783104513    110.05110084983622      h 
   58.33880452024715    112.35564496686801    103.29063248673990      n 
   57.62893199926997    114.69723931466746    102.07458049671295      c 
   54.91486674843133    114.33823772340483    101.16561660359329      c 
   53.87032991667103    112.27315459681697    101.10171785707497      o 
   59.44714085786680    115.31724280744794     99.87725605178122      c 
   59.35491341899311    118.02287236700234     98.83799055273087      c 
   60.18736062978217    119.98462182067310    100.78270483240343      c 
   61.03101562092824    118.20539718619051     96.49130194010982      c 
   57.26420867782566    110.84782528504722    102.81327234299523      h 
   57.75891114179775    116.20691394108658    103.48855386813108      h 
   61.34779311302984    114.97063558116615    100.60132316796833      h 
   59.07400850274632    113.98341175752715     98.34566901514249      h 
   57.43228987088372    118.44852379975663     98.21162291289690      h 
   60.05902893956555    121.87027800797790     99.97789174897652      h 
   59.04271982870164    119.93580170924201    102.48815674052207      h 
   62.14017709812398    119.64836939365082    101.32697771669177      h 
   60.97487310811505    120.11480882247284     95.73498716762698      h 
   62.98710480132877    117.75867253819638     96.93383910128716      h 
   60.37630295791622    116.89636387001967     95.04992694187200      h 
   53.75757729007479    116.46613561947089    100.47263592789305      n 
   51.18989503630598    116.51916379286594     99.54853792432426      c 
   51.00436936084518    115.32945407215723     96.90718677291615      c 
   52.43993273614971    115.83486756895034     95.18137198393597      o 
   50.35103289264547    119.29821559150143     99.41357439471228      c 
   50.49861465664643    120.54736854338753    102.02374590699533      c 
   47.68348353309815    119.48642801298756     98.34888835812787      c 
   50.19083789106887    123.41154391743893    101.91458946440744      c 
   54.76747432741158    118.07959821686217    100.39371429717143      h 
   50.03861055650804    115.40597035840126    100.86226629749737      h 
   51.68130153778717    120.21953005765970     98.11686679714848      h 
   49.03793272862859    119.73719489344649    103.23099632040123      h 
   52.31307938931465    120.13601342506669    102.90816774949855      h 
   47.19871158730442    121.45562526326245     98.12997244155957      h 
   47.62461136633120    118.57531076203087     96.51512972193855      h 
   46.34519594568368    118.60185088357728     99.63074599615260      h 
   50.72360594576570    124.21119501091185    103.72878839899508      h 
   51.41747081705665    124.21136827591572    100.47360227459509      h 
   48.24671237932635    123.94546702573727    101.55606809313765      h 
   48.92569737142522    113.87108724758883     96.59107085969643      n 
   48.57088025683493    112.43114368330944     94.28992623227990      c 
   48.08593626358775    114.06799284100001     91.97580741016725      c 
   48.87474063889292    113.43194538083516     89.88974276974790      o 
   48.07835138777506    113.17846872010337     98.15251947504321      h 
   50.23995650550064    111.27268525975587     93.87610203469438      h 
   46.94097823099958    111.18961416558226     94.52691863913427      h 
   46.76458660317339    116.20230705019335     92.29537077065632      n 
   45.95623618199316    117.64036950208330     90.08099781687521      c 
   48.20238663581274    118.15829137593705     88.30907202815177      c 
   47.97619303161289    117.91202341121007     86.02499687174767      o 
   44.43218937884821    119.99108250324288     90.84628531978113      c 
   45.94774790247034    122.11848208481220     92.08439840347637      c 
   44.25862027895908    124.32924189807400     92.90402867311418      c 
   42.90926967175423    123.91000201047943     95.42829447206405      c 
   44.24756674200248    125.22137124826567     97.55416718927037      n 
   45.75471789509625    116.43306508956944     93.90393297342369      h 
   44.70122637507137    116.44450009114149     88.93264332428042      h 
   43.59234430784119    120.74722114022813     89.12153874015677      h 
   42.88770256945659    119.34649356758075     92.05316175472092      h 
   47.07373823565283    121.42954234503577     93.65898276222225      h 
   47.24574998555305    122.82105091704055     90.66456677314517      h 
   45.40785085492903    126.03447070061173     93.00740632448945      h 
   42.87636741023226    124.65432537237145     91.41673226472355      h 
   40.98009751760686    124.61784576759780     95.34123879170470      h 
   42.85156638382383    121.90051816550093     95.86491388613337      h 
   43.81118049762758    124.37716712127805     99.25651943698412      h 
   46.17800358900532    125.14702722599986     97.27783064846740      h 
   43.72779508552579    127.09551565311027     97.67579723626069      h 
   50.39694354591126    118.89726273574190     89.35675836448453      n 
   52.55768729328997    119.51203375443609     87.77148957213318      c 
   53.52610887210082    117.23462939299395     86.26620248099853      c 
   54.59813986923777    117.47351199312685     84.22802349764615      o 
   54.69181703915244    120.61043429417207     89.39287672830083      c 
   53.95030656117007    122.93658161936135     90.87821014096487      c 
   55.57483920321898    123.85062183378781     92.74186536927155      c 
   51.69540070372638    124.21126833870376     90.48180599691680      c 
   54.90460089535971    125.86947511179905     94.25134348951427      c 
   50.97445120808857    126.19942982602844     92.02398406121986      c 
   52.55664061849521    127.01876012113597     93.94692587092651      c 
   51.86754049918925    128.89492316695544     95.55578900555932      o 
   50.66475684990697    118.92634968082339     91.24709177185731      h 
   51.96904888581192    120.88017149999985     86.32407767862135      h 
   55.33884968866576    119.15113745363888     90.70995050240822      h 
   56.28681813594938    121.05162145648514     88.15662723923549      h 
   57.40901413299582    122.99197369856748     92.99892828387978      h 
   50.47591789469563    123.68838421930680     88.93783898121399      h 
   56.17897924884377    126.59618214017739     95.66705470979612      h 
   49.20574367405735    127.15822280175078     91.68252119809533      h 
   50.34856876786429    129.70484461690589     94.93752117296198      h 
   53.15466281204147    114.98547513285058     87.35777138666163      n 
   53.88236309152816    112.64861692526244     86.14706940317126      c 
   52.30871295773368    112.18579525809557     83.78205919695037      c 
   53.26338601341260    111.35212655207444     81.82420714487996      o 
   53.53870227076651    110.43672476799173     87.97831659886519      c 
   55.10146976534858    110.77246609557638     90.37229704900774      c 
   58.48126510481573    111.10189644827142     89.75886696624114      s 
   59.23372177443907    107.88334246486708     88.86593789744479      c 
   51.95282448418135    114.81971027893375     88.83878195181705      h 
   55.86791029096754    112.79048713034268     85.55898052157420      h 
   51.54815748771971    110.31002597107064     88.50466468835037      h 
   54.06832717660620    108.69084099192018     87.01952632960835      h 
   54.57838263571644    112.49568695827936     91.37164349182352      h 
   54.86509803312410    109.15194750016281     91.62037240564722      h 
   61.25440251608696    107.83127628972568     88.52356792712523      h 
   58.75982481730225    106.60798949353946     90.40425499122922      h 
   58.22650389833456    107.38198037194569     87.14964293288038      h 
   49.86674465792427    112.73690401851358     83.95194204565783      n 
   48.19655239985180    112.37559865535417     81.81691997025723      c 
   49.23433985768776    113.69675822993604     79.48212836054218      c 
   48.81783582423780    112.85231210313157     77.36140125692476      o 
   45.56044578181610    113.45737580182490     82.33205606227298      c 
   44.20119677175849    112.32175871106027     84.62584503593371      c 
   41.61653568258016    113.58342813200251     84.88365544449132      c 
   43.86948256544509    109.47040931955391     84.41550730354514      c 
   49.12154799924699    113.43759469142722     85.56778691850818      h 
   48.08521597167648    110.35126963921314     81.35698909586554      h 
   45.74968444354544    115.49146310368666     82.62809934519862      h 
   44.42018785160950    113.14213507341567     80.64144315063729      h 
   45.31681972407507    112.73499381398211     86.31827573032901      h 
   40.63230315225564    112.87754575848554     86.54222220678946      h 
   41.81614019279665    115.62186745647385     85.02914733940004      h 
   40.46366890765488    113.15770251918988     83.23633580418780      h 
   42.90276836536778    108.74919702898799     86.07693783950580      h 
   42.73824409934018    109.00156218012846     82.76953717890297      h 
   45.67015884223748    108.50180597972030     84.24912493216357      h 
   50.50676566600765    115.84813941797123     79.84627110734124      n 
   51.41621341381903    117.31577949419066     77.71348745843690      c 
   53.51043202007585    115.86050665877063     76.37632941974870      c 
   53.64397420346445    115.68288949377758     74.07440963751920      o 
   52.30638869837302    119.94533129503714     78.51552949535285      c 
   50.43185604706446    121.25432732710398     80.22078443298943      c 
   51.30282256705438    123.14562862905335     81.82307218794701      c 
   47.88280520633105    120.61504281533186     80.29562492594637      c 
   49.69336750241309    124.29627878189628     83.53147207157012      c 
   46.27985792908033    121.74070638504006     82.02849773495559      c 
   47.18674373328136    123.55641987148125     83.67353327616536      c 
   50.66568408457310    116.62870852613736     81.57896706483571      h 
   49.88016724452597    117.52041513613038     76.34325920656531      h 
   54.11938844783315    119.82064110067769     79.49843930481821      h 
   52.61753689623776    121.04892347036983     76.79421855844674      h 
   53.25874251266958    123.72334438256098     81.72336677260094      h 
   47.10957682818797    119.23182248137421     79.01094016946232      h 
   50.41928356898783    125.76754894702015     84.74248821614142      h 
   44.31794952526872    121.18130678820175     82.07934431517333      h 
   45.93786574275698    124.40961703909954     85.03859441654770      h 
   55.19958125222539    114.77683820124849     77.91070300224165      n 
   57.16221270789300    113.23018259798239     76.80750835646263      c 
   55.92997103012326    111.11840715113118     75.27939844486137      c 
   56.68783054755604    110.57747472576581     73.15877132399832      o 
   59.04881867845191    112.17645302294359     78.77908456799523      c 
   58.06418278858015    110.18687121683952     80.22523288226709      o 
   60.09287835006365    114.31151666229951     80.42498351233007      c 
   54.99139269646621    114.84592953975384     79.80636897964966      h 
   58.22327963110131    114.37539845967683     75.43871250363253      h 
   60.59878675172097    111.31941902057545     77.70157136362964      h 
   56.53517569103405    110.73267889213533     81.10631732928208      h 
   61.43973605800824    113.51986091692604     81.75681877222010      h 
   61.04857535658279    115.69304468374172     79.24931828382044      h 
   58.59924377665057    115.24278631171718     81.48822617699031      h 
   53.97076899865274    109.96009032077457     76.37386155557780      n 
   52.83416591672893    107.80766223212238     75.12068423272763      c 
   51.59797026236540    108.66335904834611     72.64972107626092      c 
   51.91990034341234    107.42687852913409     70.71750234146495      o 
   51.01422965000424    106.34384996248706     76.85682483653966      c 
   48.25324038546177    106.98117625254721     76.37996125608269      c 
   46.16400342524167    105.84070455786404     78.87757909041670      s 
   43.28595267888117    107.26467884239774     77.65159715895578      c 
   53.51953454934931    110.31298510559581     78.20232058100910      h 
   54.36423512718593    106.53416414359907     74.52308471456239      h 
   51.31719509659202    104.32576498544174     76.57000753377045      h 
   51.49101055079351    106.78763803399262     78.81586645276481      h 
   47.99697455820380    109.01683706533422     76.34714254047879      h 
   47.59364657789717    106.15825378002828     74.60820296227392      h 
   41.79721200623776    106.87508370068662     79.00307327812992      h 
   43.58467498584501    109.28607832732648     77.45543791488697      h 
   42.81818767476894    106.42803247781282     75.83561430871009      h 
   50.17425467980238    110.74237990045151     72.69014287613190      n 
   48.80396479036155    111.48571267253624     70.43824573281928      c 
   50.61509200206374    112.29810125268800     68.37495845550885      c 
   50.15888549935045    111.78489142239408     66.15890656714917      o 
   46.83809151511915    113.60570981432573     70.83924338528833      c 
   48.12845102716621    115.99739261131516     71.82460034715022      c 
   44.72425546876297    112.70041461456603     72.56896293540656      c 
   46.43406671291960    118.31245812943664     72.08314302829264      c 
   49.93233373350170    111.73943741460093     74.30875835707680      h 
   47.84447720315873    109.80821729773498     69.66544796841801      h 
   46.04004053443264    113.99445301145406     68.96837822963141      h 
   49.00479820731526    115.54338150244779     73.62321830968322      h 
   49.63123531706560    116.50526457164845     70.51706195765102      h 
   43.27627185699552    114.14599600991924     72.70760457318215      h 
   43.86834925332960    110.99467095128011     71.80794491301459      h 
   45.48410864026924    112.32102351261278     74.43552192605556      h 
   47.58042786985971    119.92244550682318     72.65386869212786      h 
   45.59888937007611    118.74330504130128     70.25924170040868      h 
   44.93046602267074    118.06177773247475     73.45740729467477      h 
   52.61419867588415    113.66679551196135     69.07061202894471      n 
   54.44954262206959    114.35788507351960     67.15553749947608      c 
   55.61395395580680    111.91620234909566     66.20439595306874      c 
   55.39992357381344    111.34439828631336     63.95312626925806      o 
   56.33945317056897    116.25659760285241     68.22561784703296      c 
   58.91004386224004    116.46898171795969     66.99870852651529      c 
   60.71497491445494    117.91640472287114     68.25388071796586      c 
   59.60046206690742    115.30410385945157     64.74990071134198      c 
   63.16314850226181    118.05776077131509     67.36445863641231      c 
   62.08204223439231    115.35827191856279     63.90734016745165      c 
   63.87431807821826    116.70350583545485     65.24036585415632      c 
   53.03509368297497    114.00127185586169     70.91440915374936      h 
   53.41998514939966    115.13914645085090     65.52813691521817      h 
   55.41181231105812    118.10016497704380     68.19221844472304      h 
   56.66105637267936    115.75662300568246     70.20460189086735      h 
   60.19940850991972    118.96376000680756     69.92987899498932      h 
   58.19406069962266    114.37596281045788     63.61806723856578      h 
   64.50111708069241    119.21017871572940     68.38036934164556      h 
   62.65457207703899    114.36287981497921     62.21509980587602      h 
   65.79543799312162    116.69331872272819     64.56085723468162      h 
   56.77786390046315    110.44995444418757     67.85356093400536      n 
   58.11784293527655    108.22437275573785     66.96724470133128      c 
   56.30522851057508    106.73983796034622     65.28127237081200      c 
   56.92879793511914    106.08889746963051     63.13395450174863      o 
   59.32480403957646    106.77869222139289     69.19820624170434      c 
   57.67733054780170    104.66667863732467     70.25590981876282      c 
   61.88722990685579    105.70275390197229     68.42292675577178      c 
   56.90691589147274    110.86833919847577     69.72211162191664      h 
   59.65364296776472    108.86472282614716     65.71810002549996      h 
   59.62211377601525    108.17219421862535     70.69775639452081      h 
   58.59507458351480    103.86484276554137     71.90983800626657      h 
   55.83648607500633    105.36996950719312     70.81656047710743      h 
   57.43846359365480    103.17910658670405     68.85978345894908      h 
   62.74395638693923    104.72301629268802     70.01341255064513      h 
   61.65699324608166    104.35869703055646     66.88562433748571      h 
   63.16203385402464    107.19493408484712     67.81772672960285      h 
   54.01445706321546    106.27027923989024     66.18434809783777      n 
   52.20005431922755    104.85460642072943     64.71610500175311      c 
   51.61589502712192    106.21032928417975     62.25824192936786      c 
   51.32716909774241    104.93550176135687     60.34050589286471      o 
   49.78439434094353    104.29971337260412     66.22260467503838      c 
   50.36128552783995    102.40226691657159     68.33093390539874      c 
   47.72800645817623    103.25474313106349     64.49464947851313      c 
   48.27167554800069    102.32734071566114     70.30696885595576      c 
   53.44022992730262    106.90328235684201     67.89949726978065      h 
   53.03457401665370    103.03957151163299     64.13915608731941      h 
   49.16416588082413    106.08675519598103     67.05129969284772      h 
   50.60580948149586    100.53330695540471     67.49459339617125      h 
   52.12252815512141    102.93711115194181     69.24847384522910      h 
   46.04038409870447    102.82947618270673     65.57796824073658      h 
   47.22829480560068    104.59342636926614     63.02177542058403      h 
   48.38571756843822    101.52395792271952     63.60218458801499      h 
   48.85008644891506    101.18841148502867     71.91328257756201      h 
   47.88831603893939    104.23853201458431     70.95403752270080      h 
   46.53846924450231    101.53896963410710     69.54151904562188      h 
   51.45354006443890    108.71614322486194     62.23445310707418      n 
   50.94172592733860    110.00884057206088     59.87468484567912      c 
   53.14764078014237    109.69441940872517     58.06605567933891      c 
   52.82723739602870    109.08374117077518     55.86084192128740      o 
   50.32689741637802    112.81240118386796     60.26193742338815      c 
   52.42668741925910    114.33501586254860     60.78595442593281      o 
   51.38396463256944    109.78159026107812     63.82813706034912      h 
   49.31806834084291    109.11372356306468     58.96827751158469      h 
   49.51920374526298    113.54824582692764     58.50859541470093      h 
   48.92055631736708    112.93509625054563     61.78471520450444      h 
   53.49141112639648    113.45049547140404     62.00416040061888      h 
   55.44384810488645    110.10973213871662     58.98926210737022      n 
   57.60604941395253    109.78497460737448     57.36603438401718      c 
   57.64207750915072    107.13110052083493     56.25452796233157      c 
   58.43894486622498    106.78663393755809     54.10442501516411      o 
   59.99784794664080    110.33591755681263     58.88904741749485      c 
   60.63930901849412    108.47270802509541     60.63740209849531      o 
   55.69873693382063    110.46854216959362     60.85051720419732      h 
   57.50192475787792    111.08988867416564     55.75357458406282      h 
   61.61975038685525    110.47802170939848     57.61600716893995      h 
   59.67650090481968    112.17379901490855     59.80159764234767      h 
   59.20358681795964    107.86475434337447     61.63369434412205      h 
   49.66982800791553    127.62976251965175     59.34731006921953      n 
   49.69302659320622    125.99260114106190     61.54063081924571      c 
   51.83148784964796    126.77627443798323     63.30607759600252      c 
   51.53074191510044    126.82211935637598     65.61226964476894      o 
   49.99963202481528    123.22592077898435     60.71030826041165      c 
   47.73567351363511    122.29668726638027     59.15206236318620      c 
   50.47453305741067    121.49347383540253     62.96302315503883      c 
   45.17143847621117    122.49763476873515     60.43994549671314      c 
   49.85904826031263    126.81472421150524     57.62079900466623      h 
   47.93305175623004    126.26090840109042     62.61148649093501      h 
   51.65831834894040    123.17226366265247     59.47363866410284      h 
   47.66851546341957    123.36796029897430     57.39892287661795      h 
   48.09330599542392    120.32336720459227     58.67014740315939      h 
   50.62325913721236    119.55465034986575     62.30137610675108      h 
   52.21685799197041    121.99206275020208     63.92793619098448      h 
   48.92962391883582    121.64192662360435     64.30403245369992      h 
   43.72824967705529    121.80265931551934     59.15571457341157      h 
   45.09290267726168    121.38762613911263     62.16381732181765      h 
   44.72887580959167    124.45130188171730     60.88824758853016      h 
   51.42818119470969    129.50999271775208     70.02856428505639      n 
   52.73192822798168    128.17352889200114     72.03014693771989      c 
   54.54604534990790    129.98092966882214     73.36657227013119      c 
   54.75098493555826    129.99989053346701     75.67733263443709      o 
   54.19421576316413    125.89872974700387     70.96498731823813      c 
   52.61242880655908    124.03866892409549     69.96203637605289      o 
   51.82308013103209    129.01065906214490     68.21564508289718      h 
   51.35823441109318    127.51537882088888     73.43753518981524      h 
   55.54285896733356    126.59581445619942     69.54825924398187      h 
   55.25212875039264    125.00792972925557     72.49946842216916      h 
   51.80286750832794    124.72219462491643     68.45893120558507      h 
   50.23842163739236    133.94429256540616     76.81706539865300      n 
   49.58107009114489    132.69597046441490     79.16234246479148      c 
   51.69724936479697    133.25957334353333     81.06081539199171      c 
   51.26313825295517    134.14892143645781     83.15258187662864      o 
   49.25173092339607    129.88577498039126     78.66108111316046      c 
   49.82977684812080    132.99151672163691     75.19632375642900      h 
   47.84098211419743    133.55513514507408     79.91599173762683      h 
   48.69087305811289    128.90218704824920     80.37016395772562      h 
   47.82755543690597    129.58491734319801     77.20865470636437      h 
   51.03603576446199    129.11737964174804     77.99754511616769      h 
   50.75459302408422    137.87905864454569     87.08000856197033      n 
   51.61376907465752    136.75110490726684     89.40572538339988      c 
   53.81376617865250    138.33074872491687     90.43986281874622      c 
   53.91667899202623    138.77578599862738     92.71984076621131      o 
   52.12067781370651    133.93436832244078     88.95039266161966      c 
   49.53665575179856    132.63966511864098     88.65106305304957      c 
   53.70561298476809    132.83463935033794     91.08528095576141      c 
   49.65349126188832    130.06801192836593     87.36459087773349      c 
   51.02078836267454    136.86061785515881     85.47481408063530      h 
   50.11739395472134    136.93682662138582     90.83992258284115      h 
   53.19169703437370    133.77235598256811     87.19284878681296      h 
   48.67964489384899    132.48691009473839     90.51903420037362      h 
   48.35233024733527    133.86950461798000     87.49816368639877      h 
   53.91700080441854    130.80465754688703     90.86878258619805      h 
   55.58649842001903    133.67580009636092     91.06799734119339      h 
   52.87029707115533    133.25792906671765     92.91388272183124      h 
   47.81520086180574    129.15602720759392     87.46153766849318      h 
   50.15293143057584    130.32258808324457     85.39410970739749      h 
   51.07268936688625    128.87159982460321     88.23090001845506      h 
   74.04767722615293    114.21303158529527     67.33489038115508      h 
   73.89488793641662    119.63669768746300     63.87361235004695      h 
   77.74008704928100    113.83359582855091     58.60504944581330      h 
   74.23594390771819    118.60168012340516     53.08007035619785      h 
   72.57709212164559    102.10586043568841     86.73299266279885      h 
   66.99169730176992     99.99619801633200     89.25255866040050      h 
   67.87379320872556    105.38512015879141     96.57816028035673      h 
   63.53681310039664    102.03734257817504     99.83857172188389      h 
   63.66897178820572    107.70831480570425    106.04207386254656      h 
   57.01650995944157    105.67000872108527     57.27675110680304      h 
   48.19307512174655    128.47091655903733     59.28232724323794      h 
   53.51295469707070    127.26422776330186     62.59499746228703      h 
   49.75041702887989    129.28760374453734     70.19653011790416      h 
   55.59810359651509    131.18221876786620     72.35605650590503      h 
   49.40697138006271    135.42402144415655     76.70910759732948      h 
   53.49572606899246    132.90051297442375     80.60516052333769      h 
   49.08033585607969    138.16370767878425     87.17165917484814      h 
   55.14147455070160    138.98487458682558     89.26496963267093      h 
  -0.6134366932152D-02  -0.1187120721202D+00  -0.9761053455477D-04
  -0.4832276465653D-02  -0.9545465161831D-03  -0.2802293595639D-03
   0.7174718983311D-01   0.5512950386726D-01   0.1855577576545D-01
  -0.1291188259165D-01  -0.4682881072391D-02  -0.2188525021675D-01
   0.6452182567180D-02  -0.7640665936568D-02   0.2978192190662D-02
   0.1275656410672D-02  -0.4151091995382D-03  -0.1349786755992D-02
   0.5460068043364D-02  -0.1249535842797D-01  -0.1225599472095D-02
   0.3314513571501D-02  -0.3887707027213D-02   0.3906904045999D-03
  -0.3014279409505D-03  -0.2843695227574D-03   0.1449407731910D-03
   0.2430056045021D-02  -0.4770708427755D-03  -0.2830077879521D-02
  -0.9359971123508D-03   0.1164637943985D-02  -0.1502929314807D-02
   0.1000249480396D+00  -0.5580490555933D-01  -0.2326190587730D-01
   0.4629326532715D-02  -0.2516613467874D-02  -0.1111472185784D-01
   0.3158429042740D-02   0.1090127316071D-01   0.1066945849483D-01
  -0.5442683789526D-02  -0.1374564217428D-02   0.1493643983239D-02
   0.4824436273567D-02   0.4552184740605D-02   0.5478076734545D-03
   0.9037448094748D-03   0.2253256614932D-02  -0.1783183762132D-02
  -0.1325802541428D-03   0.4617057396953D-03   0.8120076304119D-03
  -0.1716072454683D-02   0.4015819600436D-02   0.1059172490172D-02
  -0.7676563307471D-04   0.1082305405082D-02  -0.5538148223444D-03
  -0.4258819241755D-02  -0.1954941602089D-02  -0.7278815073569D-03
  -0.1029862515900D-03  -0.3138569326867D-03  -0.2418039667630D-02
   0.7475387629426D-02   0.1256598733824D-02   0.1146875405940D-02
   0.2800203386054D-02   0.3690221775572D-05   0.2533503251615D-03
   0.2927398633960D-03   0.1189057675839D-02  -0.1988653950464D-03
   0.4706507266746D-03  -0.2285713572369D-02  -0.1197455122755D-02
  -0.1115725698836D-04   0.1374670987753D-03  -0.4221705098295D-03
  -0.3198886243679D-03   0.3152833433876D-02   0.6775334846621D-03
   0.5779502123383D-03   0.5621397181789D-03  -0.1900924774860D-02
   0.6119290296901D-03   0.1440595684319D-03   0.1610410159530D-02
  -0.6397009327495D-03   0.1611074125382D-02   0.1909918095367D-02
   0.7088090323188D-03  -0.1001285604267D-01  -0.3292442219054D-02
  -0.3208628050217D-02   0.4067167354205D-02   0.5379635152246D-02
   0.9680330757114D-01  -0.5639991536871D-02   0.3412750937517D-01
  -0.1253550408145D-01   0.2061701994686D-02  -0.2000362286238D-01
  -0.2391712910182D-03  -0.3790463436617D-02  -0.1075956906439D-02
  -0.1436341453548D-02  -0.1728751618288D-03  -0.6106458994377D-04
  -0.2394292723991D-02   0.1593221874565D-02   0.3623316427057D-02
  -0.2302686472103D-03   0.7219542160517D-03  -0.8541713703195D-04
   0.8903526508356D-03  -0.1590104168101D-02  -0.1593942683459D-02
  -0.4837415917942D-03  -0.1542935523501D-02  -0.4422505381244D-03
   0.7955069316154D-03  -0.2255371185733D-03   0.2355507806312D-02
   0.1103502637169D+00   0.5403480212396D-01   0.2992904123668D-01
  -0.2183834378274D-02  -0.4050440276839D-03   0.7494553427615D-03
  -0.1930826618979D-01  -0.9690302391204D-01  -0.1463791490356D-01
  -0.1269855137045D-02   0.2342697812952D-01   0.2194136269442D-01
   0.8024854018351D-02  -0.5875830444261D-02  -0.2085343870805D-02
  -0.1952136322898D-02   0.3284125643858D-03   0.7993614375172D-03
   0.6095473809998D-03  -0.1550095018114D-03   0.2413904436104D-03
  -0.2045675584361D-02  -0.9139470392222D-03   0.1231177704341D-02
   0.1522827247416D-01  -0.6625174140623D-03  -0.1509462944305D-02
   0.1777285185762D-02  -0.2449143468768D-02   0.3658985644305D-03
   0.1044153861801D-02  -0.1758399173265D-02   0.1039559415760D-02
  -0.7461248282891D-03   0.8289305344027D-03   0.4613378255244D-03
   0.1066602911417D-02   0.2667544366899D-02   0.8032934236079D-03
  -0.3726728080745D-03   0.2680653043457D-03   0.4425210016403D-03
  -0.8660517894855D-03  -0.4068121931674D-03  -0.1791451190746D-02
   0.8232840031658D-04  -0.1325091410090D-02   0.1769149784256D-02
   0.5287519317193D-03  -0.1259706449605D-02   0.5928532152110D-03
  -0.1959329896846D-02   0.1343567872586D-02  -0.3415208712008D-02
   0.2293372440388D-02   0.5800406715090D-03   0.3009111449022D-03
   0.8543274154165D-01   0.9050771227644D-01   0.2381700933338D-02
  -0.1514857197235D-02   0.4880292040219D-02   0.1603643761127D-02
   0.2524735963965D-01  -0.7912343866486D-01   0.2838869506408D-02
  -0.8142600491758D-02   0.2321677388880D-02   0.9642312720629D-02
   0.8781214059783D-02  -0.1996575754043D-02  -0.4665815164425D-03
   0.3655368774323D-04   0.1988785429028D-02  -0.3391261790397D-02
   0.1106401512574D-01   0.4337718787575D-03  -0.5755401797306D-02
   0.2645267823961D-02  -0.1444264399949D-02   0.3619158464698D-02
   0.1500050740540D-02  -0.1200412005573D-02   0.1788495779309D-02
   0.8651687033464D-03  -0.6091812931073D-03   0.1263445859421D-04
   0.4835078433412D-03  -0.2994909646890D-02   0.3680001277215D-02
   0.3637101645047D-01  -0.9925471313913D-01  -0.5371016901709D-01
  -0.7009322769570D-02  -0.4127649888526D-03   0.1245961968930D-03
  -0.4083207840194D-03   0.1091322584001D-02  -0.8427328440419D-02
   0.1244999373981D-02  -0.1964087874250D-02   0.1862184136517D-02
   0.5306013555750D-02  -0.1641811051569D-02  -0.2323575250839D-02
   0.2730987133988D-02  -0.5321792107463D-03  -0.3661811532577D-02
   0.7060816454122D-02  -0.1473708080245D-02   0.9375998630531D-03
   0.3329560581578D-02  -0.6716507351980D-03  -0.3796463071570D-03
   0.1721340818165D-02   0.5890356822385D-03  -0.7732919702043D-04
   0.6624033305508D-03   0.6008463425561D-03  -0.9563386264210D-04
   0.5594995549273D-03  -0.2077288438820D-04  -0.4438173196845D-03
   0.8909871260394D-03  -0.7076815107384D-03  -0.1578552957354D-02
  -0.1087340201135D-02   0.1458686194400D-03   0.1173925095591D-02
  -0.6464752586559D-03  -0.3895429175088D-03  -0.9310684280672D-03
  -0.8686755815354D-03   0.4945019571502D-03   0.1048801069048D-02
  -0.3287368717504D-03   0.3525902982195D-03   0.4176196425808D-03
  -0.4720913325124D-03   0.2105784039527D-03   0.6236220032632D-03
  -0.1124270062537D-02   0.6908336331415D-03  -0.3077220641691D-03
  -0.3023281428365D-03  -0.8257789224927D-04   0.2404063951080D-03
   0.6472218778872D-04  -0.8452258180608D-04   0.3305452971402D-03
  -0.3164137780193D-06  -0.3483538726841D-04   0.5158387353356D-04
  -0.7291926050170D-04   0.2265156383857D-03   0.2024930065582D-03
   0.1332867475656D-03   0.2884416685104D-03  -0.1496732175312D-03
   0.1525252411572D-02   0.6988491286300D-03  -0.1523250078915D-03
  -0.3604281816135D-03   0.8854007804026D-03   0.9169555165506D-03
  -0.1236368061791D-02   0.1631807040350D-03   0.2003306118945D-03
  -0.2108916772747D-03  -0.3149436086260D-03   0.1180380843518D-02
  -0.2956588535633D-03  -0.1485624901504D-03   0.9772181035053D-05
  -0.1816921340878D-04   0.4197147373016D-03   0.1245816880431D-03
   0.1982620329204D-03   0.2386250123507D-03  -0.5450421838497D-03
   0.1097832799082D-03   0.3639208026699D-03   0.4964569777814D-03
   0.3506076737390D-03   0.6221704326691D-03  -0.1027083145968D-02
  -0.6410824700807D-03  -0.1932702725506D-03   0.8942979765041D-03
  -0.4950406206573D-03   0.4817835143230D-03   0.7064225672874D-03
  -0.2694929648968D-03  -0.5641688273752D-03   0.1741771871011D-04
  -0.3013202850678D-04  -0.1529773482878D-03  -0.2097907690372D-03
   0.3764357010464D-03  -0.4329272051989D-03   0.1689095406501D-03
   0.3079330765595D-03  -0.3145373553102D-03  -0.3833808628588D-03
   0.2378306216784D-03  -0.4848680494524D-04  -0.6044228281063D-03
   0.2620154075296D-03  -0.7489834949472D-05  -0.2436838517021D-03
  -0.1530125100481D-03  -0.2909075927200D-03  -0.3272898879468D-03
   0.5104377528969D-03  -0.7718119569012D-03  -0.4275261500685D-03
   0.4430051835674D-03  -0.2077250505400D-02  -0.5098799086499D-03
   0.1063131591500D-02  -0.1575467595512D-02  -0.7488505065602D-03
  -0.1090440780421D-03   0.3279283132899D-03  -0.9697849604296D-03
   0.9760267765616D-04   0.9319836661699D-03   0.1596321374603D-03
  -0.1422018716796D-02  -0.5115463731487D-03  -0.7332955954341D-03
   0.1215101302285D-02   0.9058824585075D-03  -0.7485824165144D-03
   0.4981440103749D-04   0.1492841400583D-02   0.7145665424087D-03
  -0.4005555517067D-03  -0.1079439786700D-02   0.5783596064104D-04
   0.2017629284299D-03  -0.7878756271594D-03  -0.1663015574011D-03
  -0.6314885695893D-04   0.2713971783140D-04  -0.1948366659538D-03
  -0.2237803560100D-03   0.8317125243641D-03  -0.7213573927825D-03
   0.3724175640666D-03  -0.1484811962189D-03   0.1391193041568D-03
   0.1382518582083D-03   0.1861253622163D-03   0.7729347286079D-03
   0.9864838735303D-04  -0.5437221497758D-03   0.4871170978673D-03
   0.5164124089113D-03  -0.2050384774707D-03  -0.1863338014338D-03
   0.1075467317644D-02   0.3209189839740D-03   0.3114003320616D-03
  -0.4451738182880D-03   0.8999288439832D-03   0.8447113404940D-04
   0.5345500692112D-03   0.5004124668955D-03   0.5023804667352D-03
  -0.9297057205337D-04   0.7517697439420D-04   0.1745855981357D-03
   0.1400017314764D-03   0.2237933774127D-03   0.5267851208393D-03
   0.3070254646619D-03   0.3392874359868D-03   0.4904376949162D-03
  -0.3756055464254D-03  -0.2125590391568D-05   0.3204591485395D-03
  -0.2530496014144D-03  -0.2479090003801D-03   0.8084516400200D-03
   0.5537683633378D-03   0.3440043534266D-03   0.2943841449649D-03
   0.2957221410733D-03   0.5870063894735D-03   0.1364119815166D-03
   0.3045411950074D-03  -0.2393621077745D-03   0.4229066149965D-03
  -0.4739845883421D-03  -0.4772793605274D-03   0.6557365806525D-04
   0.2588671845993D-03   0.3341508796828D-03  -0.7915974092805D-03
   0.8036177308703D-03   0.1339042072662D-02   0.2535410340733D-03
  -0.6981793361411D-03  -0.7444568552237D-03  -0.4815229812182D-03
   0.8030975345631D-03   0.4944273887559D-03   0.3549885888628D-03
  -0.9175181265349D-03  -0.2509562429489D-03   0.4171381847683D-03
   0.7839682306166D-03   0.2625840663359D-03  -0.7020065699331D-03
   0.1329342173864D-02   0.2147299839331D-03  -0.3010477879405D-03
   0.2655123629697D-03   0.7742119966779D-04  -0.4130871377166D-03
   0.7595570640336D-03   0.8420489261577D-03   0.8173069546846D-03
   0.1041257398133D-02  -0.1202129439850D-02   0.2714421064882D-03
   0.1169844167199D-03  -0.8453845582613D-03  -0.3054480880438D-03
   0.2163308062835D-03  -0.3843995664095D-03   0.1753168774918D-02
   0.3792028546332D-03  -0.4809470342046D-03   0.1857730626908D-03
   0.1119258810723D-03   0.7092644662224D-05  -0.6193563767283D-04
  -0.2695547104183D-04  -0.1068430426080D-03  -0.2122596189046D-03
   0.9966908814385D-03  -0.2190305038803D-04   0.6365650968378D-03
   0.1307357279964D-03  -0.5395168466158D-04   0.2702929837370D-03
  -0.1223115095834D-03  -0.4216267210245D-04   0.3024277325990D-03
   0.4284491837596D-03   0.5144089602097D-03  -0.4868594093359D-04
  -0.8361890646872D-03  -0.2647160150815D-03  -0.5667869424930D-04
   0.2677920119694D-04   0.3874091432276D-03  -0.1912573222740D-03
  -0.1019760089462D-02   0.1649436022608D-04  -0.2928536650918D-03
  -0.3879084393256D-03  -0.1824539906481D-03  -0.5362365841444D-03
   0.4146231948600D-06   0.1041533746191D-03  -0.9385239828469D-03
   0.1579628447169D-03   0.6307226292002D-03   0.3757540093609D-03
   0.3870060329341D-03  -0.3043488808228D-03  -0.6770796310530D-03
   0.3208340524478D-03  -0.4516295367040D-03   0.2284681979777D-04
   0.3210972719228D-03   0.2219298529588D-04   0.4346979033401D-03
   0.1068450499383D-02   0.1508527520751D-02  -0.4040053740575D-04
  -0.1439461304558D-02   0.1668021690152D-03   0.2899914815897D-03
   0.3396290324980D-03   0.6408194883589D-03  -0.2627604661355D-03
  -0.9943589686198D-03   0.5062002762482D-03  -0.6511800317860D-03
  -0.5706661716322D-03  -0.5055466496266D-03  -0.4629020989706D-03
  -0.5681024730283D-03   0.1296511318839D-04  -0.5452738856140D-03
   0.9393799813138D-04   0.4450832340570D-04  -0.1077159362181D-03
   0.2579780196847D-03   0.2151777438325D-03   0.1085211028268D-03
   0.6629689722398D-03  -0.1666786332321D-03   0.4552571529731D-03
  -0.1557136544669D-03   0.5971171662975D-04  -0.8137730450453D-04
  -0.6787394888973D-03   0.3824797467121D-03   0.1262275941174D-03
  -0.7176240167787D-03  -0.1251502759839D-03  -0.5108198028754D-03
  -0.1266310077478D-03  -0.2045333022966D-03  -0.9755675050140D-04
  -0.5290919945610D-03   0.1708887605758D-03  -0.2153833336380D-03
   0.5641125784025D-04  -0.6297221665140D-04  -0.1213717849328D-02
  -0.1272772235368D-03   0.1012949062149D-03   0.1113538651993D-03
  -0.5090341687184D-05  -0.7817092774478D-04   0.1465966141640D-03
  -0.3977888996711D-03   0.8217151753276D-03  -0.1550639623552D-03
   0.7274991783832D-04  -0.1061284088221D-03  -0.3122074040741D-03
  -0.5433345982949D-04  -0.1469652365452D-03  -0.1581405844928D-03
  -0.1542960788983D-03   0.1597425020518D-03   0.1870041177698D-03
  -0.5510717326590D-03   0.2806877424958D-03   0.1579442888417D-04
  -0.1210975269486D-03   0.3346564901833D-03  -0.2018019459855D-03
   0.2107534539137D-03  -0.6357177826985D-03  -0.3726877112284D-03
  -0.6239577063596D-03  -0.1566235450367D-02   0.7962252533874D-03
  -0.1812576080831D-02  -0.1207770817788D-02  -0.9022226880157D-03
   0.1105361789083D-03  -0.3397602648363D-03  -0.3260920599549D-03
  -0.8052744892499D-04   0.2108665941927D-03  -0.2459352132851D-03
  -0.9570682924041D-04  -0.1987766940187D-03  -0.5839903255673D-04
   0.3319581600962D-04   0.3884760708130D-03  -0.1760611532881D-03
  -0.8051686438402D-03  -0.1226342059811D-03  -0.7463028522719D-03
   0.7505622601731D-03  -0.1143880107286D-02  -0.4826685755506D-03
  -0.4396920451697D-03  -0.2459047077611D-03  -0.7341478351918D-04
  -0.3046882003810D-04  -0.2269230372087D-03  -0.3811398869401D-03
  -0.7096119864464D-04   0.5432259016176D-03  -0.2868359482298D-03
  -0.3259585477032D-03  -0.3847211812529D-03  -0.2624123605383D-03
   0.2365439212262D-03  -0.2482476670558D-03  -0.1142632498759D-03
   0.1423560848577D-04  -0.5254471669185D-03  -0.1308311436145D-04
  -0.1177026305030D-03   0.4092312304001D-03  -0.3683472781894D-03
  -0.1840088460151D-03  -0.6499396575765D-04   0.1736434329018D-03
   0.3930048469567D-04   0.6434150117519D-03  -0.5272248623887D-03
   0.1601431766373D-02   0.2197074750224D-03   0.2405150839407D-03
   0.1221214290616D-03  -0.3876553665098D-03  -0.3014789981156D-03
  -0.9407782828175D-05  -0.4961592544456D-03  -0.6776977826127D-03
  -0.4136085282440D-03   0.1061145571482D-03   0.2975211509161D-04
   0.3888835957652D-03   0.1818985905815D-03  -0.1479113318388D-03
   0.2787161033761D-03  -0.3467556005458D-03  -0.1788915736240D-03
   0.3164803607098D-03   0.2714712816026D-03   0.2700112511250D-03
  -0.3100747398090D-03  -0.8118608634218D-03  -0.1327016224377D-03
   0.6388554057238D-04  -0.1697903781889D-03   0.1726998133735D-03
   0.4968756822761D-04  -0.6872311863476D-03   0.2682743241330D-04
   0.3189149968926D-03  -0.7245483697118D-03  -0.1770511861034D-03
  -0.5716363056408D-03   0.4797207319399D-03  -0.1920313089470D-02
   0.3507456014805D-03  -0.7651834989536D-03  -0.6560805150417D-03
   0.9786639761761D-03   0.1412205888152D-02  -0.7614688639148D-03
   0.4824019349944D-03  -0.1979411768152D-03  -0.6824284683126D-03
  -0.6937775233622D-04   0.9911552743087D-03  -0.4107245263032D-03
  -0.8178335704603D-03  -0.2793156801613D-03  -0.3385187326403D-03
   0.4573890862515D-03   0.4362016372784D-03  -0.4560881856028D-04
  -0.4441534597022D-03  -0.5293435499639D-03  -0.1585094505660D-03
   0.1442221319905D-03  -0.6402918149985D-03  -0.2644580790023D-04
  -0.1417020905781D-02  -0.9229968193792D-03  -0.6976356498850D-03
   0.1085638765684D-03  -0.2091315264599D-03  -0.5282137983785D-03
  -0.3114631087785D-03   0.7032864576000D-04   0.1167460508957D-05
   0.6864111671313D-04   0.1007538779660D-03  -0.1065716908672D-03
  -0.9203988773923D-04   0.2432957051403D-03  -0.1785086437647D-03
   0.3802027745268D-03   0.6221049207985D-03   0.6723514678314D-03
  -0.1435554903667D-03   0.2253668972768D-04  -0.6358504570720D-04
   0.1679928014528D-03  -0.6755585001048D-03  -0.2750449562133D-03
  -0.3575883902816D-03  -0.4126774674086D-03  -0.1134507243461D-02
  -0.2778604250131D-03  -0.1581703643804D-04  -0.3107325746032D-03
   0.4909687986893D-04  -0.6448530779060D-05   0.6914897976685D-03
  -0.1548920018936D-03  -0.9768603804153D-04  -0.9637920604978D-04
   0.2086011582906D-03  -0.5784874490391D-03  -0.3206162184361D-03
  -0.4287746376658D-03  -0.2546291563250D-04  -0.2566027611239D-03
  -0.8868353534114D-03   0.4892165806154D-03  -0.6802576263630D-03
   0.2793070227216D-03  -0.3878676221883D-03  -0.1786535923232D-03
   0.5150455833220D-03  -0.2891130064705D-03   0.2417658488612D-03
   0.1462213868049D-02  -0.8922314851519D-03  -0.2238184694173D-03
   0.3775479927697D-03  -0.3579205134701D-03   0.2435039749572D-04
   0.3307962125623D-03  -0.4194440102964D-03  -0.3730621257650D-03
  -0.3777879991765D-03   0.8727816703718D-03  -0.2878391891184D-03
  -0.4645536300026D-03   0.4799412960193D-03  -0.4072566913208D-03
   0.3618004048451D-05  -0.6148405726611D-03  -0.1535385273710D-03
  -0.1023589000721D-03  -0.6797394287764D-03  -0.1327037332591D-02
   0.8242135535709D-03  -0.1825650100533D-03  -0.7073838802730D-03
  -0.2680687244969D-03   0.4834281040812D-03   0.1414315042966D-03
   0.1024302086229D-02  -0.4089226966932D-03  -0.5968257709531D-03
  -0.4837883242814D-03  -0.4665763198162D-03  -0.5941740209552D-04
   0.1704260229239D-03   0.3796438841010D-03   0.3141476405763D-03
   0.7076554670513D-03   0.2702798991157D-03  -0.1666294880188D-03
  -0.6214035417116D-03   0.2482244441727D-03  -0.2996714611194D-03
   0.8060638487748D-03  -0.2370907851600D-03  -0.5895521212293D-03
  -0.1805420517432D-03  -0.6914082550405D-03  -0.3137038571145D-03
   0.3955020285093D-04   0.1487299102021D-03   0.5689597981958D-03
   0.3881342435619D-03  -0.6571694703591D-03   0.1191140549339D-03
  -0.1328921833926D-04  -0.3777802332777D-03   0.3227530803761D-03
   0.3254354361461D-04  -0.5304892000763D-03   0.9688651235186D-03
  -0.1370978040739D-03  -0.4644542277044D-04  -0.2933967687951D-03
   0.7290847458399D-03   0.7581769806644D-04   0.8306988661759D-03
   0.3020488925522D-03  -0.9571269900139D-03  -0.4001654065304D-03
   0.7642469436952D-03  -0.5846946591163D-03  -0.2131741717072D-02
  -0.2445476647591D-03   0.1588997780373D-03   0.5448901934029D-03
   0.1765557568095D-02   0.2477680362577D-03   0.3099557873472D-03
  -0.8917716535142D-03  -0.1141342664497D-02  -0.2962349681800D-04
   0.4413304758655D-03   0.6085015238323D-03  -0.3396745978239D-03
  -0.2417755852635D-04   0.3286329841949D-03  -0.1223685313827D-02
   0.1090266935776D-02  -0.5914006232086D-04  -0.8168019711350D-03
   0.5932742129006D-03   0.4347535017771D-03   0.3494735933339D-03
   0.1922916660671D-02  -0.8123230166483D-03   0.3042498535672D-03
  -0.4912928658027D-03   0.1433945586628D-02  -0.2609414778391D-03
  -0.1073685568737D-02   0.1131737492678D-02   0.3113300071869D-03
  -0.9112636082991D-03  -0.6298246280694D-03  -0.3859228101853D-03
  -0.2019817734117D-02  -0.8878240811289D-03  -0.1800354542291D-03
  -0.2211491637580D-02  -0.2469056682262D-03  -0.7748655535767D-03
  -0.3982180754263D-04  -0.8920207060882D-03  -0.7294794085472D-03
   0.3848034492853D-03  -0.2603073312092D-03   0.4211687952810D-03
  -0.2232516827684D-03   0.5318776770889D-03   0.6978800641602D-03
   0.5052464193987D-03  -0.8376926641864D-03  -0.2141856759822D-03
   0.6165165707829D-04  -0.4345455253490D-03  -0.3185319891880D-03
   0.9410683940085D-03  -0.1052698360577D-02  -0.4534949256114D-03
  -0.3894120860354D-03  -0.9165664254067D-03  -0.1599783593677D-03
   0.1359334554948D-02  -0.6836338615234D-03   0.1234620140872D-02
  -0.4735500372968D-03  -0.2396074541340D-02  -0.1999836041063D-02
  -0.1212827770680D-02  -0.1442131307017D-02  -0.1794955982925D-02
   0.5740828781200D-03  -0.9706557771297D-03  -0.5869422115085D-03
   0.7375607857280D-03   0.1974568785495D-02   0.8764847237061D-04
  -0.1385947702552D-02   0.8930900157408D-03   0.1081969831822D-02
  -0.6589225919693D-03  -0.4171407292345D-03   0.4708010743544D-03
   0.3202516408967D-02  -0.7885827778463D-03  -0.6718122140913D-03
   0.1697538543577D-03  -0.1033788368814D-02  -0.3503245602768D-04
  -0.3712041239427D-02  -0.4512869811229D-03  -0.2648555429348D-02
   0.7147517659278D-04  -0.7113758485344D-03  -0.2839695171900D-02
  -0.1305345325138D-02   0.1098875615926D-02   0.7019054154899D-02
  -0.1729812624312D-02   0.4104312417545D-02  -0.6441766595988D-03
   0.2049069772433D-03   0.3147680748714D-03   0.9714827094477D-03
  -0.4510769950992D-03   0.3681043259381D-03  -0.3658579512169D-03
  -0.5193342989598D-03   0.3706644162902D-03  -0.2802632658271D-03
   0.1868528976638D-02  -0.8396710078441D-03  -0.2807297746878D-03
   0.7416252233893D-03   0.1892927880974D-03   0.2428542002536D-03
  -0.2456094200007D-03   0.1376492327175D-03   0.2445067308050D-03
  -0.2194343736395D-04   0.4554114884845D-03   0.5984709295238D-04
   0.3573669737441D-03  -0.3066107908549D-03   0.5766414306222D-03
   0.9946113149150D-03   0.4712723053469D-03   0.1939531718138D-03
   0.2589103040473D-03  -0.2963703094794D-03   0.3960005886703D-03
  -0.4143361062553D-03  -0.6898051808602D-03   0.9602268911110D-03
   0.2515263139112D-03   0.3357143471427D-03   0.8099562527488D-03
   0.1607079385199D-02   0.2401339820877D-02  -0.3982724246521D-02
   0.4217996117070D-03  -0.9307728516818D-03  -0.3201129759567D-02
  -0.1090251431885D-02   0.1101891340238D-01   0.1104506450757D-01
  -0.5329092054124D-03  -0.5664513834532D-03   0.6338955557731D-02
  -0.6859786958858D-03   0.1482719394527D-03   0.1802695605975D-03
   0.8953853134266D-03   0.6026456134709D-04  -0.7639216192722D-03
   0.9847001239120D-03  -0.3111813356437D-04  -0.1097742090090D-02
   0.5988770989212D-03   0.4220498412670D-03  -0.8405592415920D-03
  -0.5907662884918D-03   0.1216031911380D-03  -0.2788865582966D-03
  -0.1633208562036D-02  -0.1392937117627D-02   0.4129060602114D-03
   0.9470435822236D-03  -0.5763089719506D-03  -0.3853446141807D-03
  -0.7401242616752D-03   0.4747241652482D-04  -0.3918100224049D-03
  -0.2254898571189D-03   0.1091151926552D-03  -0.3915125888567D-03
   0.7918130007273D-03  -0.8916835108852D-04  -0.3616620929381D-03
  -0.2000318294787D-03   0.4322325495540D-04   0.7077395767619D-03
   0.2128609803185D-03  -0.9325853141160D-03   0.1456172088772D-02
   0.5452525546394D-04   0.5152161591468D-03  -0.2395883111102D-03
  -0.9523546499010D-04  -0.2354149083782D-04  -0.5885270049743D-03
  -0.5288188258545D-04   0.2675134187099D-03   0.2804333634237D-04
   0.3152645957369D-02  -0.6799652230643D-02  -0.8099503262783D-03
   0.7186245474820D-03  -0.9799069105056D-03  -0.2819930077510D-02
   0.6861389644026D-03   0.6809625122618D-02   0.4537727267431D-02
   0.3993139956492D-02   0.3138084024285D-03   0.9441099167091D-02
  -0.2351204473025D-03  -0.9404846197378D-04  -0.3089006244120D-03
   0.1050664893912D-03  -0.1429342253521D-02  -0.6455806450160D-03
  -0.1127043388223D-03   0.1926668569895D-02  -0.1180088376233D-02
   0.2880510879364D-02   0.2519580984055D-02   0.2600174597134D-02
   0.1072926138435D-02   0.8294863513012D-04  -0.3283682349337D-03
  -0.2722772106005D-03  -0.1351820100250D-02  -0.5952274397991D-03
   0.5900290941532D-03   0.1364284491787D-02  -0.7681542032563D-03
  -0.1574554778079D-02  -0.1866056214380D-02  -0.9802738123178D-03
   0.3258677223108D-02   0.7566957142306D-02   0.6143378113395D-03
  -0.3450564079604D-01  -0.5954391393698D-01   0.7110415524110D-01
   0.6626886733336D-02  -0.1151328822688D-02  -0.2141314659493D-01
  -0.6468791719917D-03   0.1010336162473D-02  -0.1370791375827D-02
  -0.1971473780381D-02  -0.1852643169716D-02  -0.1889619405168D-02
  -0.5170818325409D-03   0.2589971240544D-02   0.6631541009817D-03
   0.2463694852432D-03  -0.4720667566272D-03  -0.1368038168278D-02
   0.1153156473970D-02  -0.2292139319227D-02   0.9394312380702D-03
  -0.1396537643784D-02  -0.5852704587985D-03  -0.1721611649326D-02
   0.4074613330013D-02   0.1269611059871D-02   0.3007514492934D-02
  -0.1085077461453D+00   0.4980939189769D-01   0.3284255894512D-02
  -0.4738087112747D-02  -0.2632533318490D-02   0.1364967815388D-02
   0.7400746645688D-01   0.2311870687891D-01  -0.4682085755368D-01
  -0.1721422705988D-02   0.5054986292761D-02   0.2589723129284D-01
  -0.2810002500180D-02   0.6743631156401D-02  -0.5777821336505D-02
  -0.1014377925674D-02  -0.5620792447745D-03  -0.1384321176738D-02
   0.6377333654743D-03   0.7387969452386D-03   0.1806606995078D-03
   0.8875048259557D-03  -0.4911145018988D-03  -0.1886767561499D-03
  -0.8201093235901D-02   0.8019107839804D-02  -0.7070030247112D-02
  -0.2525531858624D-02   0.4300333610801D-02  -0.1377574491016D-02
  -0.1059789223882D-02   0.1007280516844D-02  -0.2018994499730D-03
   0.1043607301304D-02   0.8504291108283D-04   0.3601011927936D-02
  -0.4154694754767D-03  -0.3062064962533D-03   0.1021336626519D-02
  -0.4059870835209D-03   0.1144256866498D-02  -0.1675131482866D-02
  -0.7456110889908D-03   0.7669391178991D-03   0.1741660136764D-03
   0.5212683440785D-04   0.1334743423975D-02  -0.1023435650032D-02
   0.1014548458674D-02   0.6221672356715D-03  -0.4103121345824D-03
  -0.6734089157984D-03   0.3416725212552D-03   0.2620892379940D-03
   0.1381357500578D-02  -0.1835785179070D-03  -0.3167330757902D-03
  -0.1161900974362D+00  -0.2796891954622D-01   0.1483887760481D-01
  -0.4631161197551D-02  -0.6294281930640D-02   0.3861799630233D-02
   0.3955403015910D-01   0.5125680957896D-01  -0.6886378619461D-01
   0.2039015468589D-02   0.3249425508064D-02   0.2237759296936D-01
  -0.8931461090857D-02   0.2784672114232D-02  -0.5500906863511D-02
   0.2421011185334D-02   0.4407884658261D-03   0.1344554123126D-02
  -0.1117909420495D-01   0.4975071997539D-03  -0.7655039708587D-02
  -0.2518869127714D-02   0.1609951716675D-02   0.1084761020587D-04
   0.6847401570012D-03   0.7012276587619D-03   0.2530123983995D-03
  -0.9495362536387D-03   0.2066079572323D-02   0.1949678349895D-03
  -0.7836721218416D-03   0.5612875610918D-03  -0.2553993942361D-02
  -0.6419833267153D-01   0.1016666899586D+00   0.4790206888466D-02
  -0.1392530227945D-02  -0.1395635266441D-02   0.1966345667754D-02
   0.7760198547209D-01  -0.1729455553524D-01  -0.3465161871140D-01
   0.1143662267784D-02   0.8151031424561D-02   0.2047233973477D-01
  -0.2248812743519D-02   0.5035448529038D-02  -0.7430385227554D-02
  -0.3651006738694D-02   0.7432869076500D-02  -0.8545925895176D-02
   0.1061713877011D-02   0.5160562415421D-02  -0.4613193517424D-02
   0.7031668101486D-03   0.2114281780408D-02  -0.7798716872539D-03
   0.5131648771407D-03  -0.1546568785571D-02  -0.1764281005584D-02
  -0.1040532237841D-02   0.1188749123531D-05  -0.1472624983217D-04
  -0.1158033609105D+00   0.4650349486426D-02   0.1855785806894D-01
  -0.4116087132072D-02  -0.5783491498794D-02   0.2040550430374D-02
   0.5806330773201D-01   0.3664169076571D-01  -0.7337118645156D-01
  -0.2470363326404D-02   0.7036877537668D-03   0.2280652324413D-01
  -0.5929649603265D-02   0.5860951343030D-02  -0.7210000830318D-02
  -0.2951322322994D-02  -0.3270276270546D-03  -0.1267602028273D-02
  -0.1532796328067D-02   0.1786585447409D-02  -0.1062932067773D-02
  -0.7411455653848D-03  -0.1765344653556D-02  -0.5705612160135D-03
  -0.1007348733052D-01   0.2230157632075D-02  -0.7026365900652D-02
  -0.2848462314067D-02   0.8527411719801D-03  -0.8035273910830D-03
   0.1084115422109D-02   0.4273940428437D-03   0.6646369198051D-03
   0.4718874058982D-03   0.3550160443411D-03  -0.5526120218588D-03
   0.1731206898507D-02   0.1024539269337D-02  -0.3665257097398D-03
  -0.3894491795610D-03   0.2130113726484D-03  -0.4462784633363D-03
   0.7618949367580D-03   0.7688965725849D-03  -0.5635802159456D-04
   0.2691002635788D-03   0.5028132029894D-03  -0.8370480730292D-04
  -0.4485226007298D-03   0.1500376406300D-03   0.8336820160093D-03
  -0.9175253671880D-04  -0.8465002767714D-04   0.1713223777658D-02
  -0.6790778405255D-03   0.1830318229558D-03  -0.1549318096953D-03
  -0.1415827682072D-01   0.1379821266324D+00   0.6869749495328D-02
  -0.5713661177431D-01  -0.4586167289859D-01  -0.1003131907458D-01
  -0.1269139460833D+00   0.4763416460692D-01   0.2709024807189D-01
  -0.7395231867519D-01   0.2757801030026D-02  -0.1398732736805D-01
  -0.1260154187994D+00  -0.4065543020827D-01  -0.3720667323763D-01
   0.1582035992456D-01   0.7049454900505D-01   0.7109230450057D-02
  -0.1030662436534D+00  -0.8882083559567D-01  -0.1865200463675D-01
  -0.2254471200727D-01   0.7367045562038D-01  -0.4621154475887D-02
  -0.5184739047448D-01   0.1053557429765D+00   0.6665607095408D-01
   0.2610847063447D-01   0.5389767096258D-01  -0.4692833082922D-01
   0.1168755611305D+00  -0.7411321684269D-01   0.3419787175178D-02
  -0.6357923423610D-01  -0.1910166558100D-01   0.3535625417171D-01
   0.1367982197572D+00   0.1310905599971D-01  -0.1500839686291D-01
  -0.3723290363599D-01  -0.4504702967189D-01   0.4778621963321D-01
   0.6059327253531D-01  -0.1246648280814D+00   0.8094736700493D-02
  -0.6880137093385D-01   0.1703268277946D-01   0.2919135360383D-01
   0.1343326608395D+00  -0.2995837123727D-01  -0.7029709627202D-02
  -0.4885228409077D-01  -0.2489651981576D-01   0.5053451710558D-01
$end                                                                            
