           2           1   1.02509525095217     
           3           2  0.984090918209593     
           4           3   1.88082360424561     
           5           2  0.956282311428181     
           6           5  0.992243546967130     
           7           6   1.00598712024432     
           8           6   1.01083227588788     
           9           1  0.953451037876672     
          10           2  0.932321323775229     
          11           5  0.973792696471261     
          12           5  0.973719944815363     
          13           6  0.965369701299628     
          14           7  0.985079077925193     
          15           7  0.986389658263645     
          16           7  0.986597526763081     
          17           8  0.968450797035979     
          18           8  0.985643960611199     
          19           8  0.976729068598635     
          21          20   1.03013096342772     
          22          21  0.990328590461945     
          23          22   1.88296261025418     
          24          21  0.926768532337686     
          25          24   1.00923185729709     
          26          25   1.40790002720894     
          27          25   1.39983452983497     
          28          26   1.44942342031464     
          29          27   1.45925034506075     
          30          28   1.37207050396610     
          30          29   1.36823189625697     
          31          30   1.06082360001532     
          32          20  0.951609964827026     
          33          21  0.945878760227342     
          34          24  0.973618653945252     
          35          24  0.965218741149554     
          36          26  0.967720630720397     
          37          27  0.961091027516581     
          38          28  0.968000045396445     
          39          29  0.961269447588061     
          40          31  0.880735635117887     
          42          41   1.00749763050584     
          43          42  0.939551469546805     
          44          43   1.64305681811057     
          45          42  0.980353010045478     
          46          45  0.994506532606936     
          47          46   1.00914840621489     
          48          46   1.00726344270128     
          49          41  0.956155117861492     
          50          42  0.964941775680524     
          51          45  0.972962929521636     
          52          45  0.971961537927827     
          53          46  0.961318645351954     
          54          47  0.982908490462856     
          55          47  0.984195798693753     
          56          47  0.985755829357216     
          57          48  0.983359981868246     
          58          48  0.984320379937917     
          59          48  0.980973510432263     
          60          43   1.28524577980714     
          61          60  0.981500713288530     
          62          61  0.932757081431560     
          63          62   1.64328225893852     
          64          61  0.992797585804093     
          65          60  0.923061478216760     
          66          61  0.950921162334398     
          67          64  0.980846443743547     
          68          64  0.979019358872000     
          69          64  0.982614325995494     
          70          62   1.28693890879771     
          71          70  0.994561740403358     
          72          71  0.955715674488923     
          73          72   1.61420107580729     
          74          70  0.921212644771119     
          75          71  0.950608145293415     
          76          71  0.955462932868743     
          77          72   1.30219421359890     
          78          77  0.988641578978358     
          79          78  0.950200273522365     
          80          79   1.65093697373519     
          81          77  0.924951228245942     
          82          78  0.947191130604687     
          83          78  0.959960698891686     
          84          79   1.24283823640621     
          85          84  0.964386414199250     
          86          85  0.939491253027259     
          87          86   1.65285480589281     
          88          85   1.00091480224227     
          89          84  0.914088618571337     
          90          85  0.951439096351665     
          91          88  0.981966691915705     
          92          88  0.979271624663544     
          93          88  0.974346518304570     
          94          86   1.27380111515830     
          95          94  0.989244933223062     
          96          95  0.939814994890365     
          97          96   1.63410333989643     
          98          95  0.956260331821493     
          99          98  0.992907375776349     
         100          98   1.00001552511455     
         101          94  0.914200624284519     
         102          95  0.944496216437391     
         103          98  0.960508148515717     
         104          99  0.861520287080373     
         105         100  0.980734944334759     
         106         100  0.983916633320883     
         107         100  0.979227428177488     
         108          96   1.30227480114616     
         109         108  0.988878071073383     
         110         109  0.981371410670461     
         111         110   1.90548884596446     
         112         109  0.947326651981934     
         113         112   1.00930875013658     
         114         108  0.914967107704303     
         115         109  0.940338360882059     
         116         112  0.965617300687182     
         117         112  0.964285115007033     
         118         113  0.858847342230454     
         119           1  0.955155633658980     
         120           3  0.952441090672273     
         121          20  0.951046012044756     
         122          22  0.954900206238944     
         123          41  0.955181992659928     
         124         110  0.950895031438095     
