           2           1  0.942035371377476     
           3           2  0.919996290333807     
           4           3   1.67441129161798     
           5           2  0.969199986616890     
           6           5   1.00837365192060     
           7           1  0.878389718560767     
           8           1  0.909994521864403     
           9           1  0.887087169351730     
          10           2  0.922788639453482     
          11           5  0.959500693341450     
          12           5  0.958144387525912     
          13           6  0.870602135706742     
          14           3   1.30713560499566     
          15          14  0.968987988658626     
          16          15  0.922882691047321     
          17          16   1.68289786663551     
          18          15  0.964594260038692     
          19          18  0.992898699971255     
          20          18   1.01013474705917     
          21          19   1.02097475217087     
          22          14  0.911102473049718     
          23          15  0.955304721779170     
          24          18  0.964494837036824     
          25          19  0.974623139080432     
          26          19  0.971254628307421     
          27          20  0.971823793815414     
          28          20  0.979984479690311     
          29          20  0.983158190618486     
          30          21  0.978297485044172     
          31          21  0.984435026469205     
          32          21  0.977999418566474     
          33          16   1.26743719619058     
          34          33  0.979493086762913     
          35          34  0.955411819501994     
          36          35   1.93200296456307     
          37          34  0.955703326694817     
          38          37  0.991019000618793     
          39          37   1.00387769102665     
          40          33  0.933147780474463     
          41          34  0.952066032236961     
          42          37  0.964801338303049     
          43          38  0.864605614034636     
          44          39  0.977783066173437     
          45          39  0.975670538732661     
          46          39  0.981994054119113     
          48          47   1.01567615384783     
          49          48  0.974981901328119     
          50          49   1.84096461736333     
          51          48  0.948658331698025     
          52          51   1.00606387122923     
          53          52  0.953434075277593     
          54          53   1.60640378095930     
          55          53   1.36501432316476     
          56          47  0.951214153777884     
          57          48  0.960156724227075     
          58          51  0.959459395745908     
          59          51  0.948424799358100     
          60          52  0.963385381036340     
          61          52  0.935373526382493     
          62          55  0.926181407574017     
          63          55  0.919199083706230     
          65          64   1.01367756943533     
          66          65  0.944689440065272     
          67          66   1.61119225024102     
          68          65  0.952840310731154     
          69          68   1.01658419423548     
          70          69   1.40501580302627     
          71          69   1.40439963736897     
          72          70   1.45707596946915     
          73          71   1.45725319661373     
          74          72   1.43259479260750     
          74          73   1.43516897702545     
          75          64  0.942498488584279     
          76          65  0.963775142874516     
          77          68  0.959402995417652     
          78          68  0.961034887690187     
          79          70  0.970771926488282     
          80          71  0.969135066253357     
          81          72  0.971297104702428     
          82          73  0.972360834353545     
          83          74  0.973435412547661     
          84          66   1.30421868300680     
          85          84  0.988895655513363     
          86          85  0.970294779802749     
          87          86   1.88860861589501     
          88          85  0.972449293423797     
          89          88  0.987495624755980     
          90          89   1.00884880735653     
          91          89   1.01035113807008     
          92          84  0.900740059683123     
          93          85  0.907593936675418     
          94          88  0.973191491596285     
          95          88  0.972363580671492     
          96          89  0.954546732362248     
          97          90  0.981570128934362     
          98          90  0.977810996664344     
          99          90  0.982089208788057     
         100          91  0.979805054699881     
         101          91  0.983763012809776     
         102          91  0.962700018221216     
         104         103   1.01467803777686     
         105         104  0.935346395006338     
         106         105   1.65690233981150     
         107         104  0.952368273384042     
         108         107   1.01158010523975     
         109         107   1.00947209301817     
         110         103  0.950880357839626     
         111         104  0.960258977253050     
         112         107  0.969491210653185     
         113         108  0.981158769878652     
         114         108  0.980131839702509     
         115         108  0.984322680275028     
         116         109  0.980766801228338     
         117         109  0.977770067471824     
         118         109  0.983153894102740     
         119         105   1.26361855244865     
         120         119  0.986622995238109     
         121         120  0.953103961274841     
         122         121   1.92303906648532     
         123         120  0.951507232770525     
         124         123  0.987829590745162     
         125         123   1.00442263468611     
         126         119  0.926906339828830     
         127         120  0.954618233635722     
         128         123  0.964512701621863     
         129         124  0.860916787272002     
         130         125  0.978482847001166     
         131         125  0.978168287804686     
         132         125  0.981628128457511     
         134         133   1.01878515087339     
         135         134  0.934978901488360     
         136         135   1.63665956894895     
         137         134  0.959771602117017     
         138         137   1.00846085121310     
         139         138   1.41558054682432     
         140         138   1.40457679886350     
         141         139   1.44438421072022     
         142         140   1.45991732391184     
         143         141   1.44427576871842     
         143         142   1.43068636566219     
         144         133  0.952646801430314     
         145         134  0.963902741327519     
         146         137  0.967163905156299     
         147         137  0.970585915307960     
         148         139  0.964475537818979     
         149         140  0.970493804637086     
         150         141  0.971625401036289     
         151         142  0.964972852549119     
         152         143  0.968475461158317     
         153         135   1.28373438677105     
         154         153  0.979346922586961     
         155         154  0.970416631430264     
         156         155   1.91339144720392     
         157         154  0.987303877981680     
         158         157   1.00669132757158     
         159         158  0.933962498851200     
         160         159   1.49180037783479     
         161         159   1.48266967525634     
         162         153  0.925450510433557     
         163         154  0.928771678541776     
         164         157  0.975006964829844     
         165         157  0.968834295428769     
         166         158  0.964190828285897     
         167         158  0.967469286722887     
         169         168   1.02063880621714     
         170         169  0.945574303488360     
         171         170   1.64981383325418     
         172         169  0.965547387574480     
         173         172  0.987826718934664     
         174         168  0.955988696992908     
         175         169  0.958336188316226     
         176         172  0.970307627066838     
         177         172  0.966224158830142     
         178         173  0.888445252988663     
         179         170   1.28318600608775     
         180         179   1.00231173672110     
         181         180  0.952353398382419     
         182         181   1.63206918898935     
         183         179  0.934445393288953     
         184         180  0.950401085353800     
         185         180  0.935626900420939     
         186         181   1.29273134479307     
         187         186  0.985235597470970     
         188         187  0.929822570039340     
         189         188   1.66563384602278     
         190         187  0.982474690380802     
         191         190  0.985679432764636     
         192         191   1.00737920339559     
         193         191   1.01242321893258     
         194         186  0.915880055966795     
         195         187  0.950531136939568     
         196         190  0.975023909212460     
         197         190  0.969369017267224     
         198         191  0.954951263519648     
         199         192  0.979480567302846     
         200         192  0.980990669976155     
         201         192  0.943571864773292     
         202         193  0.958797338552189     
         203         193  0.982864859338095     
         204         193  0.979040502564853     
         205         188   1.26509140128289     
         206         205  0.970280628991287     
         207         206  0.924282335628004     
         208         207   1.67640481784299     
         209         206  0.955936310496717     
         210         209   1.01160497455321     
         211         209   1.00650894367422     
         212         205  0.934704251714333     
         213         206  0.955788604195081     
         214         209  0.965428450052191     
         215         210  0.978613692566664     
         216         210  0.983797094247422     
         217         210  0.977942572742635     
         218         211  0.972682493360780     
         219         211  0.973652715096606     
         220         211  0.940755895447070     
         221         207   1.25943958965752     
         222         221  0.982865602628974     
         223         222  0.927701353053464     
         224         223   1.70398707604995     
         225         222  0.961133823275848     
         226         225   1.01038535408388     
         227         226   1.55472467129851     
         228         226   1.21059009375090     
         229         227   1.26166114432591     
         230         228   1.25832026861275     
         230         229   1.18196139920961     
         231         228   1.30897632491583     
         232         230   1.31883032598876     
         233         231   1.52527075226596     
         234         232   1.52680378552973     
         234         233   1.34624525970433     
         235         221  0.876242094571969     
         236         222  0.954877521204082     
         237         225  0.961186222592610     
         238         225  0.966661142784112     
         239         227  0.963274002512007     
         240         229  0.927057586897940     
         241         231  0.913034854552792     
         242         232  0.967920360693095     
         243         233  0.966146826269932     
         244         234  0.970918362333055     
         245         223   1.21971862127810     
         246         245  0.989818730339181     
         247         246  0.916170659142537     
         248         247   1.67200546197691     
         249         246  0.955699191743413     
         250         249  0.980848920229490     
         251         249   1.00132004360435     
         252         245  0.913955686393225     
         253         246  0.957397673821654     
         254         249  0.967627142383318     
         255         250  0.859686422846416     
         256         251  0.978885741664395     
         257         251  0.978380634997742     
         258         251  0.985557957545796     
         259         247   1.26831029431980     
         260         259  0.977640016238548     
         261         260  0.920479187142050     
         262         261   1.70190130443213     
         263         260  0.973502465840628     
         264         263   1.00706890297374     
         265         259  0.870309154190303     
         266         260  0.954053882790893     
         267         263  0.965760083291932     
         268         263  0.971366924143023     
         269         264  0.851456226830116     
         270         261   1.25081121353088     
         271         270  0.993615047848260     
         272         271  0.943086322870902     
         273         272   1.67590448586305     
         274         270  0.933957672655429     
         275         271  0.948043016427501     
         276         271  0.966873895623593     
         277         272   1.24378604251073     
         278         277  0.968212935593573     
         279         278  0.911146851332620     
         280         279   1.68889604176421     
         281         278  0.986472776179099     
         282         281   1.00209060438537     
         283         277  0.959788206135850     
         283         282   1.00601595498405     
         284         278  0.954577799134389     
         285         281  0.967482176141567     
         286         281  0.967813100090251     
         287         282  0.935856114449376     
         288         282  0.966465603110623     
         289         283  0.957230776348512     
         290         283  0.965426653023664     
         291         279   1.26133644564725     
         292         291  0.965208115699873     
         293         292  0.903875032426092     
         294         293   1.46668228675178     
         295         292  0.997068330102998     
         296         293   1.53147478790335     
         297         291  0.933995415921737     
         298         292  0.966389144579222     
         299         295  0.979874866814540     
         300         295  0.980473474510249     
         301         295  0.942251966472740     
         302          35  0.949052528131814     
         303          47  0.956109126610637     
         304          49  0.951131467080451     
         305          64  0.953484147000500     
         306          86  0.951369311986344     
         307         103  0.960652405855219     
         308         121  0.949646414226654     
         309         133  0.951663319153673     
         310         155  0.947872670773791     
         311         168  0.947643888031997     
