           2           1   1.00802814672604     
           3           2  0.993709227797454     
           4           3   1.83107970665062     
           5           2  0.936691735294402     
           6           5   1.01847099376162     
           7           6   1.56331418134979     
           8           6   1.21202737734014     
           9           7   1.21927938816631     
          10           8   1.24123065218463     
          10           9   1.18803087380442     
          11           8   1.32856332401819     
          12          10   1.33626700174725     
          13          11   1.50573425698633     
          14          12   1.49442573976836     
          14          13   1.36673861529563     
          15           1  0.951921160400729     
          16           2  0.956912891260444     
          17           5  0.962351392091880     
          18           5  0.970134835342735     
          19           7  0.963825269656959     
          20           9  0.909478781614963     
          21          11  0.968255566033182     
          22          12  0.968400672498461     
          23          13  0.971396670509636     
          24          14  0.970868956080768     
          26          25   1.02316426003619     
          27          26  0.933776289621299     
          28          27   1.60665611311411     
          29          26  0.952943364995480     
          30          29   1.02202995323625     
          31          25  0.947517803378430     
          32          26  0.964247838758389     
          33          29  0.963871148610243     
          34          29  0.962131983813298     
          35          30  0.810307483187425     
          36          27   1.32570893506571     
          37          36  0.972857156676625     
          38          37  0.973499446639200     
          39          38   1.89370467700555     
          40          37  0.970268062513766     
          41          40  0.989521464630353     
          42          41   1.01086657410252     
          43          41   1.00961919769770     
          44          36  0.885550313398089     
          45          37  0.949575315470901     
          46          40  0.966202255825093     
          47          40  0.971987205439704     
          48          41  0.967090451073131     
          49          42  0.985631358639871     
          50          42  0.985889512323179     
          51          42  0.980867208313891     
          52          43  0.985640941633673     
          53          43  0.985968666102906     
          54          43  0.986145110741655     
          56          55   1.01197174630430     
          57          56  0.934929578919791     
          58          57   1.59802119694038     
          59          56  0.980175325298865     
          60          59  0.993097673302922     
          61          60   1.00689556397689     
          62          60   1.01059188965393     
          63          55  0.953816520543735     
          64          56  0.959755216440714     
          65          59  0.968232788881159     
          66          59  0.974512205471067     
          67          60  0.965518559482206     
          68          61  0.984942249141520     
          69          61  0.984275805685066     
          70          61  0.986485876369803     
          71          62  0.985349382592496     
          72          62  0.986239374164353     
          73          62  0.982670042519913     
          74          57   1.32872129687140     
          75          74  0.977450101028051     
          76          75  0.970593262735857     
          77          76   1.89954106941079     
          78          75  0.983785374112231     
          79          74  0.890295104173203     
          80          75  0.949727207897784     
          81          78  0.981349312424418     
          82          78  0.972274541049917     
          83          78  0.977850557170831     
          85          84   1.00969619151545     
          86          85  0.973754816558420     
          87          86   1.88063112260360     
          88          85  0.953064400432422     
          89          88   1.00800357341701     
          90          88   1.00790981198948     
          91          84  0.931638391079315     
          92          85  0.961515663131457     
          93          88  0.961311590591722     
          94          89  0.984721861092584     
          95          89  0.983456649631790     
          96          89  0.986199070748061     
          97          90  0.982723649065446     
          98          90  0.986471244452417     
          99          90  0.978006452774395     
         101         100   1.01128589256472     
         102         101  0.936867410163490     
         103         102   1.60146104045942     
         104         101  0.993140765829107     
         105         100  0.952046765228792     
         106         101  0.963931996739659     
         107         104  0.984025773203738     
         108         104  0.980785930168038     
         109         104  0.982132056930814     
         110         102   1.31734463312706     
         111         110  0.977429569906087     
         112         111  0.941709679980831     
         113         112   1.62023944768054     
         114         111  0.963631665076446     
         115         114   1.00786900757363     
         116         114   1.00818819658847     
         117         110  0.912199404937458     
         118         111  0.943390079592842     
         119         114  0.962140056990263     
         120         115  0.983119365873462     
         121         115  0.981237053537645     
         122         115  0.983852142442012     
         123         116  0.981544133382424     
         124         116  0.984447360353029     
         125         116  0.981798162766643     
         126         112   1.28764369241150     
         127         126  0.982515454069035     
         128         127  0.938366867645483     
         129         128   1.59607959069724     
         130         127  0.960757998143079     
         131         130   1.01740295558739     
         132         126  0.913533769958870     
         133         127  0.944819162371841     
         134         130  0.967561564452633     
         135         130  0.958317995787669     
         136         131  0.873837195714958     
         137         128   1.31944110205054     
         138         137  0.975637457370021     
         139         138  0.934982205359685     
         140         139   1.59627735648303     
         141         138  0.966756117328205     
         142         141   1.00724542985327     
         143         141   1.00799919192333     
         144         137  0.912780778222824     
         145         138  0.949408559287458     
         146         141  0.955467914969322     
         147         142  0.977658977957522     
         148         142  0.982874252668735     
         149         142  0.981671253374315     
         150         143  0.981897178791992     
         151         143  0.984345664396523     
         152         143  0.981585665314867     
         153         139   1.32771386269079     
         154         153  0.976637415057050     
         155         154  0.937572938857351     
         156         155   1.58703962483611     
         157         154  0.980134122711637     
         158         157  0.991586868749255     
         159         158   1.00722762567406     
         160         158   1.01050095910625     
         161         153  0.883290043789459     
         162         154  0.949090894897896     
         163         157  0.964766350839485     
         164         157  0.971278261611037     
         165         158  0.964170077905095     
         166         159  0.984849279700676     
         167         159  0.980432741141196     
         168         159  0.986024647425910     
         169         160  0.984278743367012     
         170         160  0.985427805329749     
         171         160  0.980758432074134     
         172         155   1.32814836725244     
         173         172  0.979780340744617     
         174         173  0.938027683823887     
         175         174   1.57346453535627     
         176         173  0.978085134361212     
         177         176  0.992034704102621     
         178         177   1.00992145425597     
         179         177   1.00703643917423     
         180         172  0.882168067757091     
         181         173  0.946976186115382     
         182         176  0.964565749232073     
         183         176  0.968929227040957     
         184         177  0.969022848633334     
         185         178  0.984263329385709     
         186         178  0.985520969992389     
         187         178  0.976872018369403     
         188         179  0.985439767555525     
         189         179  0.982204384597784     
         190         179  0.982697770617295     
         191         174   1.34070170137072     
         192         191  0.978311810194579     
         193         192  0.935472153111711     
         194         193   1.59602987160249     
         195         192  0.980677119660764     
         196         195  0.992455725596985     
         197         196  0.971306908781524     
         198         197   1.61884824907803     
         199         197   1.32067441688337     
         200         191  0.873152613248264     
         201         192  0.948876889140058     
         202         195  0.966111222504423     
         203         195  0.971617785463824     
         204         196  0.953355018962790     
         205         196  0.961425202670110     
         206         199  0.928817847674192     
         207         199  0.926067139199160     
         208         193   1.32363714407814     
         209         208  0.980254714184353     
         210         209  0.937327623361562     
         211         210   1.58609794046021     
         212         209  0.981361958750741     
         213         212  0.996500199595844     
         214         213  0.921919343528522     
         215         214   1.45480295477587     
         216         214   1.53301253913199     
         217         208  0.895039403973094     
         218         209  0.942790499295231     
         219         212  0.967057647146139     
         220         212  0.974803083514046     
         221         213  0.973536893488638     
         222         213  0.974119456831906     
         223         210   1.33647099294038     
         224         223  0.975336828368876     
         225         224  0.938322806983888     
         226         225   1.59024434774131     
         227         224  0.964273625849676     
         228         227   1.00761419628121     
         229         227   1.00778535157183     
         230         223  0.879769866849957     
         231         224  0.951385120189255     
         232         227  0.958241165581262     
         233         228  0.982825134953011     
         234         228  0.984711432981321     
         235         228  0.985627066791740     
         236         229  0.982788668591573     
         237         229  0.985295927671079     
         238         229  0.977632352913127     
         239         225   1.32665587258895     
         240         239  0.983405298292243     
         241         240  0.932885275326178     
         242         241   1.61571216195117     
         243         240  0.963660696992821     
         244         243   1.00762082792561     
         245         244   1.40633132538701     
         246         244   1.41729789322401     
         247         245   1.44576894695136     
         248         246   1.44176634426252     
         249         247   1.43566953914351     
         249         248   1.44068215531527     
         250         239  0.876275402591611     
         251         240  0.947520743804764     
         252         243  0.961031900929449     
         253         243  0.971593327251318     
         254         245  0.959106793548556     
         255         246  0.968542662824009     
         256         247  0.969906767013616     
         257         248  0.970183781467119     
         258         249  0.969179147747743     
         259         241   1.31970775322836     
         260         259  0.974431249765149     
         261         260  0.931744001009166     
         262         261   1.63099442737938     
         263         260  0.983488333043044     
         264         263   1.00607085762922     
         265         264   1.00547304047688     
         266         265  0.988355079349825     
         267         266   1.30837494621763     
         268         267   1.34590207000919     
         269         267   1.28802586101338     
         270         259  0.883679703522704     
         271         260  0.952708245616380     
         272         263  0.966735103753237     
         273         263  0.962204013296675     
         274         264  0.973706774947321     
         275         264  0.969326967632046     
         276         265  0.958871843916981     
         277         265  0.958889523801516     
         278         266  0.911168970001221     
         279         268  0.848563397574356     
         280         268  0.926753756716097     
         281         269  0.921811953564522     
         282         269  0.919241562469922     
         283         261   1.30742001583270     
         284         283  0.977560664657859     
         285         284  0.933828975888838     
         286         285   1.61709148126876     
         287         284  0.968975189250704     
         288         287   1.00506777190293     
         289         288   1.41377423801010     
         290         288   1.41423023116024     
         291         289   1.44618993975702     
         292         290   1.44436577105069     
         293         291   1.43781638409821     
         293         292   1.43910003447572     
         294         283  0.894024321165560     
         295         284  0.955154249956806     
         296         287  0.965207690043702     
         297         287  0.962467563987893     
         298         289  0.969608897526191     
         299         290  0.968159661509214     
         300         291  0.970391354579282     
         301         292  0.970037235552317     
         302         293  0.970576754388024     
         303         285   1.32005446428293     
         304         303  0.976847086693197     
         305         304  0.972946145046967     
         306         305   1.89325675538111     
         307         304  0.982560023156172     
         308         303  0.879802799557676     
         309         304  0.949200405583576     
         310         307  0.980892148626350     
         311         307  0.976136138468735     
         312         307  0.979363043436147     
         314         313   1.01257582126826     
         315         314  0.968306508577389     
         316         315   1.89460115181616     
         317         314  0.962231282881516     
         318         317   1.00873391344168     
         319         318   1.41469635943736     
         320         318   1.40745505194788     
         321         319   1.44149276406937     
         322         320   1.44419835956839     
         323         321   1.44025245469816     
         323         322   1.43434106144747     
         324         313  0.947901654289275     
         325         314  0.959398813983553     
         326         317  0.952268116497979     
         327         317  0.968443671681889     
         328         319  0.964294260759768     
         329         320  0.967487595365137     
         330         321  0.971138745402050     
         331         322  0.966677173072188     
         332         323  0.971160366206734     
         334         333   1.01290043281611     
         335         334  0.936524000356782     
         336         335   1.60679266997640     
         337         334  0.965627448659663     
         338         337   1.00819969617246     
         339         337   1.00811063177025     
         340         333  0.950738412128000     
         341         334  0.963755635055850     
         342         337  0.964723927101218     
         343         338  0.984373901183587     
         344         338  0.982350682983382     
         345         338  0.986804396435645     
         346         339  0.983599405277586     
         347         339  0.985710121223318     
         348         339  0.982598027668121     
         349         335   1.31160651971818     
         350         349  0.971648749334797     
         351         350  0.976405017473464     
         352         351   1.87637970543943     
         353         350  0.954573764724148     
         354         353   1.00824997116327     
         355         353   1.00695545831758     
         356         349  0.915818111778669     
         357         350  0.944851706981677     
         358         353  0.965087508942086     
         359         354  0.983151796156568     
         360         354  0.980822297334331     
         361         354  0.982865263923542     
         362         355  0.980849008906409     
         363         355  0.983161153515866     
         364         355  0.981747019963929     
         366         365   1.00988893219673     
         367         366  0.937051062655462     
         368         367   1.62026371757439     
         369         366  0.972943717002859     
         370         369   1.01457379912753     
         371         370   1.27815444910732     
         372         370   1.54988893520410     
         373         371   1.53525731336287     
         374         372   1.21483660231358     
         374         373   1.27486730249758     
         375         365  0.926271450269705     
         376         366  0.966666268686360     
         377         369  0.969432181754853     
         378         369  0.957748242935711     
         379         372  0.969550795631100     
         380         373  0.964053616524978     
         381         374  0.925325789465877     
         382         367   1.30997699854698     
         383         382  0.977264334197048     
         384         383  0.971252743831607     
         385         384   1.87412549423077     
         386         383  0.968737528441906     
         387         386  0.988696809094034     
         388         387   1.01047409252420     
         389         387   1.00774863752503     
         390         382  0.897299251727302     
         391         383  0.944110078073276     
         392         386  0.970037372341769     
         393         386  0.967577649554180     
         394         387  0.965282257038420     
         395         388  0.981851354745499     
         396         388  0.978272531959088     
         397         388  0.984484268984064     
         398         389  0.984410734468922     
         399         389  0.986413625836249     
         400         389  0.985688449766175     
         401           1  0.958566435955508     
         402           3  0.952431015434587     
         403          25  0.956645018029404     
         404          38  0.953308648233065     
         405          55  0.958827726784923     
         406          76  0.954453595896203     
         407          84  0.958145791172944     
         408          86  0.954709754103049     
         409         100  0.957599896154618     
         410         305  0.955669125655863     
         411         313  0.955282539906002     
         412         315  0.952740317065674     
         413         333  0.955711236598246     
         414         351  0.953593587320521     
         415         365  0.958444941664862     
         416         384  0.955660577983161     
