           2           1   1.00171850608348     
           3           2  0.988787605870050     
           4           3   1.85830159795669     
           5           2  0.952081601939747     
           6           5  0.991339050754372     
           7           6  0.998262818053739     
           8           6   1.00934964031352     
           9           1  0.950645247590719     
          10           2  0.967412976413662     
          11           5  0.966618749269286     
          12           5  0.975752611816172     
          13           6  0.971142329448962     
          14           7  0.985044017304766     
          15           7  0.987125863072809     
          16           7  0.982824280055480     
          17           8  0.983196889725955     
          18           8  0.980489874897400     
          19           8  0.981523916888485     
          21          20   1.00476945523757     
          22          21  0.984828212857991     
          23          22   1.86890604384975     
          24          21  0.942954016010339     
          25          24  0.990860881929412     
          26          24   1.00275699686550     
          27          25   1.01111522588939     
          28          20  0.930239373696057     
          29          21  0.963592347293543     
          30          24  0.975618162323300     
          31          25  0.965062841393503     
          32          25  0.976162758777562     
          33          26  0.983385261170380     
          34          26  0.984289052733817     
          35          26  0.984129603900968     
          36          27  0.982944546526056     
          37          27  0.986236218750445     
          38          27  0.984699593333752     
          40          39   1.01333201476612     
          41          40  0.980113839324248     
          42          41   1.87244151217681     
          43          40  0.957437091872863     
          44          43  0.983559320735073     
          45          44   1.00866491167046     
          46          44   1.00402527621684     
          47          39  0.952565579767600     
          48          40  0.954331704097638     
          49          43  0.971207821402198     
          50          43  0.974355478372120     
          51          44  0.977244171843270     
          52          45  0.979458238994694     
          53          45  0.978877951678076     
          54          45  0.986440151698691     
          55          46  0.980761283216945     
          56          46  0.986084397467710     
          57          46  0.985507142830081     
          59          58   1.00618968711794     
          60          59  0.945806439521888     
          61          60   1.62594090641311     
          62          59  0.948120696042817     
          63          62   1.01077537497798     
          64          62   1.00633232879245     
          65          58  0.951851307535215     
          66          59  0.972289536484620     
          67          62  0.974217887668156     
          68          63  0.981057109485425     
          69          63  0.982193368202875     
          70          63  0.983222344178602     
          71          64  0.981889481961099     
          72          64  0.985034605182348     
          73          64  0.984535028889079     
          74          60   1.29143879197976     
          75          74  0.967822223724325     
          76          75  0.942375900783942     
          77          76   1.65217869846756     
          78          75  0.974382439967446     
          79          78  0.989305136979147     
          80          74  0.927397305538596     
          81          75  0.959461852353012     
          82          78  0.973283800613378     
          83          78  0.975538130688838     
          84          79  0.864522247387284     
          85          76   1.28694092066761     
          86          85  0.965651780371425     
          87          86  0.936504702245127     
          88          87   1.63447585517265     
          89          86  0.972305872077151     
          90          89  0.968537005839491     
          91          90   1.64334446365064     
          92          90   1.30800079200738     
          93          85  0.931792108019639     
          94          86  0.951604708391877     
          95          89  0.968275011481275     
          96          89  0.944670251779827     
          97          92  0.925862941390355     
          98          92  0.925183018485016     
          99          87   1.30785269780866     
         100          99  0.968029989882945     
         101         100  0.938072551021313     
         102         101   1.61028750531598     
         103         100  0.980937869161218     
         104         103   1.00236761282926     
         105         104  0.986168552531957     
         106         105   1.01262149308891     
         107          99  0.930308227687938     
         108         100  0.936975846945121     
         109         103  0.966540714938902     
         110         103  0.968531947408862     
         111         104  0.979170432554367     
         112         104  0.974552445222227     
         113         106  0.972747032723823     
         114         106  0.981681388182203     
         115         106  0.982599450846609     
         116         101   1.31928296918200     
         117         116  0.973018829794738     
         118         117  0.929723696333801     
         119         118   1.62178782380756     
         120         117  0.979427039189997     
         121         120  0.988302141672443     
         122         116  0.907970130442095     
         123         117  0.961842090381782     
         124         120  0.973415081888605     
         125         120  0.974123485207854     
         126         121  0.872855706291083     
         127         118   1.32553843222852     
         128         127  0.960314161265256     
         129         128  0.941206623403981     
         130         129   1.62022844057697     
         131         128  0.971421049835788     
         132         131  0.994975857961366     
         133         132   1.00265738262117     
         134         133  0.972445602517292     
         135         134   1.34030042983340     
         136         135   1.33865920581986     
         137         135   1.26542708780616     
         138         127  0.919379845140105     
         139         128  0.960592207425431     
         140         131  0.974728972684188     
         141         131  0.970604456103897     
         142         132  0.967659728669093     
         143         132  0.975272775365460     
         144         133  0.965856171388789     
         145         133  0.956287895193367     
         146         134  0.917279569156284     
         147         136  0.916337521242946     
         148         136  0.916787295579720     
         149         137  0.925141431995289     
         150         137  0.923014447542130     
         151         129   1.30827320212955     
         152         151  0.963775038483726     
         153         152  0.938094547121366     
         154         153   1.60225786130867     
         155         152  0.994431988150092     
         156         151  0.922810901165567     
         157         152  0.959136551604410     
         158         155  0.973539253702607     
         159         155  0.970220246680452     
         160         155  0.974612695619869     
         161         153   1.32070227629598     
         162         161  0.970761762177145     
         163         162  0.942985901030925     
         164         163   1.61533256020431     
         165         162  0.978014802329559     
         166         165  0.986208191207007     
         167         166  0.966387658348565     
         168         167   1.64649672622083     
         169         167   1.30272928560176     
         170         161  0.905917758503451     
         171         162  0.958473203033821     
         172         165  0.974164696388323     
         173         165  0.972339501090724     
         174         166  0.960889741809627     
         175         166  0.968278109935912     
         176         169  0.935196200194546     
         177         169  0.927790119738791     
         178         163   1.30674106146812     
         179         178  0.957232768692610     
         180         179  0.945165893461198     
         181         180   1.62949332030347     
         182         179  0.962887025146692     
         183         182  0.987306349961247     
         184         182   1.00127681189128     
         185         183   1.01472318070277     
         186         178  0.921439467417645     
         187         179  0.962923076975910     
         188         182  0.975712177668371     
         189         183  0.980511143948561     
         190         183  0.973521126351916     
         191         184  0.976666947848724     
         192         184  0.984269152827833     
         193         184  0.985509040637468     
         194         185  0.981200299603493     
         195         185  0.985777120312150     
         196         185  0.981357252718644     
         197         180   1.29883341239327     
         198         197  0.960226636580971     
         199         198  0.939442381785346     
         200         199   1.61982920990424     
         201         198  0.977438235781855     
         202         201  0.989929908467128     
         203         202   1.00432207204810     
         204         202   1.00817182149003     
         205         197  0.904612203488748     
         206         198  0.964801773881537     
         207         201  0.973150810298841     
         208         201  0.967641299376976     
         209         202  0.973375508708187     
         210         203  0.983249618797388     
         211         203  0.983565436541013     
         212         203  0.979483080152886     
         213         204  0.982753039053117     
         214         204  0.983913451564956     
         215         204  0.983684724126806     
         216         199   1.30360229225290     
         217         216  0.969592642829153     
         218         217  0.947316238458146     
         219         218   1.60884529445901     
         220         217  0.971834884036308     
         221         220   1.00289005645845     
         222         221  0.977331907576140     
         223         222   1.62659541572829     
         224         222   1.31205556252663     
         225         216  0.897968278522380     
         226         217  0.944592257745691     
         227         220  0.965676506072969     
         228         220  0.969484433697394     
         229         221  0.942929542656062     
         230         221  0.958372510627952     
         231         224  0.928984809251997     
         232         224  0.926297288876326     
         233         218   1.30358606198797     
         234         233  0.974244293133495     
         235         234  0.939876901953678     
         236         235   1.62634044505359     
         237         234  0.975157072307692     
         238         237  0.982905690810742     
         239         238  0.974229306341006     
         240         239   1.65524196669163     
         241         239   1.28628251154343     
         242         233  0.898741724832443     
         243         234  0.960637722516222     
         244         237  0.953109273130854     
         245         237  0.977186710456499     
         246         238  0.971270313284372     
         247         238  0.970771420549893     
         248         241  0.933137132307466     
         249         241  0.931090825716602     
         250         235   1.30592753756402     
         251         250  0.969996513932798     
         252         251  0.941579628300658     
         253         252   1.62991884678682     
         254         251  0.985484936660681     
         255         250  0.904727889642256     
         256         251  0.963773332962213     
         257         254  0.978907599601998     
         258         254  0.978100197670022     
         259         254  0.980094132213692     
         260         252   1.30159195235614     
         261         260  0.972491424849826     
         262         261  0.993675919411836     
         263         262   1.89915675666057     
         264         260  0.914992545846487     
         265         261  0.964283933069060     
         266         261  0.947038039811583     
         267           1  0.953486636742913     
         268           3  0.955031894846693     
         269          20  0.953663108987051     
         270          22  0.958022308188095     
         271          39  0.957665946743528     
         272          41  0.956240936944032     
         273          58  0.956217235922284     
         274         262  0.955976297514882     
