           2           1   1.01256088514757     
           3           2  0.986230074257656     
           4           3   1.84647336596221     
           5           2  0.950166963849889     
           6           5   1.01067618820360     
           7           6   1.40359919949948     
           8           6   1.41053004878197     
           9           7   1.45477059407317     
          10           8   1.42430844897188     
          11           9   1.42008008224442     
          11          10   1.44465765175962     
          12           1  0.950342028739637     
          13           2  0.956915995813161     
          14           5  0.953142998337359     
          15           5  0.966483486033229     
          16           7  0.967610442049057     
          17           8  0.953911382908843     
          18           9  0.963614243753691     
          19          10  0.960324179383690     
          20          11  0.962280962691517     
          22          21   1.02459252269943     
          23          22  0.981061118894598     
          24          23   1.88682852602655     
          25          22  0.921215763965168     
          26          25  0.997416271559385     
          27          25  0.998952994394073     
          28          21  0.899420674986137     
          29          22  0.960512705865611     
          30          25  0.962745271090710     
          31          26  0.861154390864536     
          32          27  0.980987811992809     
          33          27  0.983438593381541     
          34          27  0.970798232992652     
          36          35   1.01371955463015     
          37          36  0.944195705150598     
          38          37   1.56950611256376     
          39          36  0.972889973939061     
          40          39  0.992631598830808     
          41          40   1.00659089292610     
          42          40   1.01062984017801     
          43          35  0.943396842268895     
          44          36  0.958446257083985     
          45          39  0.970548068537503     
          46          39  0.973602789802031     
          47          40  0.958904838473437     
          48          41  0.981528978662279     
          49          41  0.983723758398570     
          50          41  0.975711295274133     
          51          42  0.980857783668718     
          52          42  0.980638055316321     
          53          42  0.981755864634250     
          54          37   1.32810618689583     
          55          54  0.974775498513807     
          56          55  0.937851547183291     
          57          56   1.62991344680037     
          58          55  0.979676262476696     
          59          58  0.991056412536886     
          60          59   1.00693387910628     
          61          59   1.00990624674910     
          62          54  0.905379684829519     
          63          55  0.949430457078356     
          64          58  0.970048377425445     
          65          58  0.970218021944278     
          66          59  0.961041013222866     
          67          60  0.984506249468950     
          68          60  0.985617107731372     
          69          60  0.985675382939280     
          70          61  0.984247824475612     
          71          61  0.985918522909396     
          72          61  0.985293420138816     
          73          56   1.28555930689818     
          74          73  0.978815697808694     
          75          74  0.931897694395280     
          76          75   1.62355445132394     
          77          74  0.966369627996160     
          78          77   1.01665601015750     
          79          73  0.913504015826064     
          80          74  0.947120781271773     
          81          77  0.963638217982186     
          82          77  0.957533189456075     
          83          78  0.867251292029099     
          84          75   1.30758209853560     
          85          84  0.967854866807236     
          86          85  0.939266712771917     
          87          86   1.59747475233839     
          88          85  0.979746950482043     
          89          88  0.989699997241697     
          90          89   1.01060932118165     
          91          89   1.00695024089536     
          92          84  0.910723349105416     
          93          85  0.948033832515322     
          94          88  0.965728630580264     
          95          88  0.968705864499900     
          96          89  0.970563701287041     
          97          90  0.958941788335798     
          98          90  0.977807365903988     
          99          90  0.984915284823820     
         100          91  0.970052712661787     
         101          91  0.983327728270911     
         102          91  0.987409420364851     
         103          86   1.32076394168703     
         104         103  0.983611187497226     
         105         104  0.941489969953021     
         106         105   1.58819569298082     
         107         104  0.948189428159134     
         108         107   1.00281767661117     
         109         107   1.00498094161668     
         110         103  0.879717125301066     
         111         104  0.949652340752042     
         112         107  0.956610225288750     
         113         108  0.851026817377851     
         114         109  0.980233047501927     
         115         109  0.980157600165908     
         116         109  0.983422829434811     
         117         105   1.32597639951992     
         118         117  0.976677363639315     
         119         118  0.939548867178261     
         120         119   1.58650614643198     
         121         118  0.962500760226083     
         122         121   1.00807935915704     
         123         121   1.00528376421361     
         124         117  0.879583444518050     
         125         118  0.950710233341573     
         126         121  0.965599832253493     
         127         122  0.983191296778397     
         128         122  0.983466619795828     
         129         122  0.984775919555431     
         130         123  0.980934876338546     
         131         123  0.968480516801410     
         132         123  0.971577561566459     
         133         119   1.32675937805202     
         134         133  0.977698196260283     
         135         134  0.936569423914794     
         136         135   1.59313207091744     
         137         134  0.983058167789828     
         138         137   1.00582977618443     
         139         138   1.40641026381675     
         140         138   1.41624893716190     
         141         139   1.45144714516506     
         142         140   1.43967794641455     
         143         141   1.43218619557224     
         143         142   1.44220901013885     
         144         133  0.876731089592747     
         145         134  0.949455310160874     
         146         137  0.953658477743454     
         147         137  0.958166000581161     
         148         139  0.968916513308342     
         149         140  0.964436379476166     
         150         141  0.969978665199084     
         151         142  0.970753899405897     
         152         143  0.970013530159199     
         153         135   1.32906139588327     
         154         153  0.978101675564217     
         155         154  0.937263196150069     
         156         155   1.57658542748782     
         157         154  0.978912693013672     
         158         157  0.989980753312578     
         159         158   1.00707692577193     
         160         158   1.00989160789840     
         161         153  0.878774495503516     
         162         154  0.943489080194173     
         163         157  0.972385002624692     
         164         157  0.970403408883740     
         165         158  0.955134630548517     
         166         159  0.975104989318686     
         167         159  0.983930816479922     
         168         159  0.983736616255796     
         169         160  0.982714926455966     
         170         160  0.985469940181701     
         171         160  0.981759458151851     
         172         155   1.33550580586992     
         173         172  0.981598034338179     
         174         173  0.933055320636089     
         175         174   1.61711103571957     
         176         173  0.980519154987130     
         177         176  0.990459319015220     
         178         177   1.00711285917247     
         179         177   1.01076209371284     
         180         172  0.873179121100665     
         181         173  0.945308496908406     
         182         176  0.970358847776068     
         183         176  0.972372992100685     
         184         177  0.958364988026325     
         185         178  0.982990837634243     
         186         178  0.985271796738453     
         187         178  0.985973782210633     
         188         179  0.984041583911400     
         189         179  0.986136748271863     
         190         179  0.982419291047960     
         191         174   1.31140210216390     
         192         191  0.981989244572455     
         193         192  0.945376710347171     
         194         193   1.59985780553707     
         195         192  0.963264357843650     
         196         195   1.00830551304901     
         197         195   1.00712316484335     
         198         191  0.880065448941505     
         199         192  0.948747286767349     
         200         195  0.966673268798689     
         201         196  0.983731460453572     
         202         196  0.985087654022401     
         203         196  0.985349631345726     
         204         197  0.983379199165321     
         205         197  0.985339931223885     
         206         197  0.975160578874988     
         207         193   1.32058833151000     
         208         207  0.976939020044402     
         209         208  0.930696395777942     
         210         209   1.61470141062764     
         211         208  0.967872044585015     
         212         211  0.992936497584020     
         213         211   1.00909027747523     
         214         212   1.01890922437073     
         215         207  0.880181325165171     
         216         208  0.951642458243918     
         217         211  0.961274019820227     
         218         212  0.976355677018357     
         219         212  0.966173292528077     
         220         213  0.981227090976576     
         221         213  0.985046272857995     
         222         213  0.985707815240119     
         223         214  0.986536908866104     
         224         214  0.980312396162538     
         225         214  0.984980074223605     
         226         209   1.32049004893585     
         227         226  0.985203873164855     
         228         227  0.985464749443000     
         229         228   1.87949111580170     
         230         227  0.944629876962176     
         231         230   1.00919482725846     
         232         230   1.00470055396714     
         233         226  0.882943387839713     
         234         227  0.927178781354763     
         235         230  0.963202917979886     
         236         231  0.981696530659036     
         237         231  0.973419156810817     
         238         231  0.984751501857586     
         239         232  0.982171364533910     
         240         232  0.985220595230188     
         241         232  0.967071702183525     
         243         242   1.01848862965147     
         244         243  0.945238888122439     
         245         244   1.60329381618062     
         246         243  0.941945609032895     
         247         246  0.998237381101646     
         248         246  0.996386017071885     
         249         242  0.946619159775854     
         250         243  0.962046497794472     
         251         246  0.962470110824941     
         252         247  0.870236348878788     
         253         248  0.982770783812806     
         254         248  0.984359978377148     
         255         248  0.978188929222425     
         256         244   1.30807311669555     
         257         256  0.979991600443417     
         258         257  0.939598999530153     
         259         258   1.60866332871347     
         260         257  0.971694179371635     
         261         260   1.01557123526995     
         262         261  0.987931528224348     
         263         262   1.01096601182226     
         264         256  0.911350017328237     
         265         257  0.944322062984355     
         266         260  0.973042990473757     
         267         260  0.963399072526958     
         268         261  0.964719047806698     
         269         261  0.969077436191518     
         270         263  0.980921017904391     
         271         263  0.979914876617170     
         272         263  0.983487099188601     
         273         258   1.30294704538479     
         274         273  0.977498149447074     
         275         274  0.948318475237908     
         276         275   1.60161434978471     
         277         274  0.954123857799048     
         278         277  0.996716696395147     
         279         277   1.00735433046043     
         280         278   1.01788757089347     
         281         273  0.908788894374560     
         282         274  0.944356898926351     
         283         277  0.962486454912781     
         284         278  0.969961850954987     
         285         278  0.970160933315906     
         286         279  0.979047541854080     
         287         279  0.984520129894234     
         288         279  0.979691175823180     
         289         280  0.985198167193381     
         290         280  0.987148042786578     
         291         280  0.984666778907308     
         292         275   1.29944226755108     
         293         292  0.970622325368804     
         294         293  0.940766134559095     
         295         294   1.52578227089800     
         296         293  0.983273947791619     
         297         296   1.00584966877794     
         298         297   1.40174460131889     
         299         297   1.42352613294734     
         300         298   1.45743605398137     
         301         299   1.43141543322940     
         302         300   1.42737001902459     
         302         301   1.45018351086349     
         303         292  0.914872549895471     
         304         293  0.945833188117890     
         305         296  0.957029166470668     
         306         296  0.956507355420693     
         307         298  0.968640714947010     
         308         299  0.959727590452184     
         309         300  0.970215455623193     
         310         301  0.965721755567347     
         311         302  0.970386555153545     
         312         294   1.37433626889242     
         313         312  0.970238922445712     
         314         313  0.944552619567825     
         315         314   1.55078503227271     
         316         313  0.963325096732969     
         317         316   1.01116314612088     
         318         316   1.00870424832252     
         319         312  0.872327445534683     
         320         313  0.944009521654623     
         321         316  0.954863416582194     
         322         317  0.983072169199285     
         323         317  0.970342608052453     
         324         317  0.985111749841089     
         325         318  0.983275000408356     
         326         318  0.984162133982587     
         327         318  0.984360949650366     
         328         314   1.35000813902746     
         329         328  0.981109597920210     
         330         329  0.946999137046577     
         331         330   1.56095510267813     
         332         329  0.960091563208714     
         333         332  0.993540575673466     
         334         332   1.00919755443878     
         335         333   1.01899481028278     
         336         328  0.857749584348359     
         337         329  0.939225125874435     
         338         332  0.959842046411507     
         339         333  0.975815822855298     
         340         333  0.970612057152716     
         341         334  0.979953474386652     
         342         334  0.983540611899321     
         343         334  0.984043172588187     
         344         335  0.985865385422496     
         345         335  0.980538623487597     
         346         335  0.984620680331781     
         347         330   1.33404053156509     
         348         347  0.979200493606991     
         349         348  0.943470912276984     
         350         349   1.58737796553236     
         351         348  0.967137221458574     
         352         351   1.01619622873108     
         353         347  0.859250294795387     
         354         348  0.934516652837977     
         355         351  0.969899625504101     
         356         351  0.957470340640289     
         357         352  0.827696102693920     
         358         349   1.32229039012770     
         359         358  0.984179151719039     
         360         359  0.940054299040611     
         361         360   1.56276914989046     
         362         359  0.963020155079809     
         363         362   1.02381230666635     
         364         358  0.859005050231086     
         365         359  0.944964205368759     
         366         362  0.961130808730874     
         367         362  0.954123385925783     
         368         363  0.812234500410318     
         369         360   1.34292426646791     
         370         369  0.977120681805787     
         371         370  0.941921164402506     
         372         371   1.53432945565851     
         373         370  0.959783711469415     
         374         373  0.993364531247626     
         375         373   1.00770067098014     
         376         374   1.02096377000283     
         377         369  0.876757765187947     
         378         370  0.943112522178330     
         379         373  0.942680618168157     
         380         374  0.972223787234899     
         381         374  0.973172094225204     
         382         375  0.973313123322136     
         383         375  0.979860223591362     
         384         375  0.976236095556271     
         385         376  0.983094467669333     
         386         376  0.982967632440065     
         387         376  0.984539402725918     
         388         371   1.36087308564968     
         389         388  0.982071199573327     
         390         389  0.941272128468052     
         391         390   1.58711022033069     
         392         389  0.957502536725089     
         393         392  0.991727625096085     
         394         392   1.00838733841167     
         395         393   1.01944872051519     
         396         388  0.826526692956800     
         397         389  0.943514500628827     
         398         392  0.961872240199209     
         399         393  0.962783452629957     
         400         393  0.956187407546387     
         401         394  0.982259098245907     
         402         394  0.985605773356746     
         403         394  0.982002361778376     
         404         395  0.986000416674683     
         405         395  0.987240013142058     
         406         395  0.987271295332286     
         407         390   1.31873280174846     
         408         407  0.973579662972989     
         409         408  0.937633278291413     
         410         409   1.58180246846799     
         411         408  0.971245603017144     
         412         411  0.993300794841194     
         413         411   1.00637747270105     
         414         412   1.01934879797855     
         415         407  0.863666709014033     
         416         408  0.951957752042853     
         417         411  0.959104118931650     
         418         412  0.975934048930451     
         419         412  0.968312528004220     
         420         413  0.980671931915605     
         421         413  0.978024590190015     
         422         413  0.980891113133593     
         423         414  0.985875468675658     
         424         414  0.984713105704950     
         425         414  0.984647742712995     
         426         409   1.31811825099157     
         427         426  0.974115211094943     
         428         427  0.939104467499834     
         429         428   1.56035465084921     
         430         427  0.960276048295153     
         431         430   1.00395645053183     
         432         430  0.990353119677038     
         433         426  0.843801637036884     
         434         427  0.934334508066281     
         435         430  0.955829151508955     
         436         431  0.816860300804984     
         437         432  0.982413580430227     
         438         432  0.985664796678448     
         439         432  0.969686292608375     
         440         428   1.33350673093509     
         441         440  0.975383673821237     
         442         441  0.944154706590663     
         443         442   1.59925737276790     
         444         441  0.964835185743953     
         445         444   1.00832942361838     
         446         444   1.00737872785579     
         447         440  0.866572410567390     
         448         441  0.945426522992050     
         449         444  0.959196820764114     
         450         445  0.983873083282514     
         451         445  0.984131515673040     
         452         445  0.985858652624645     
         453         446  0.977111880210817     
         454         446  0.984587818080156     
         455         446  0.975315342496476     
         456         442   1.31218783134583     
         457         456  0.985095695884322     
         458         457  0.939463994778676     
         459         458   1.59748406409226     
         460         457  0.961107371867479     
         461         460   1.00849242634898     
         462         460   1.00812401257103     
         463         456  0.867597824565496     
         464         457  0.950404540692444     
         465         460  0.964494973838292     
         466         461  0.983079608270018     
         467         461  0.986241173563932     
         468         461  0.985843805940448     
         469         462  0.983104828487253     
         470         462  0.985763096512590     
         471         462  0.981077909754368     
         472         458   1.32870898972997     
         473         472  0.986903546946977     
         474         473  0.941896045712473     
         475         474   1.60158653010241     
         476         473  0.955721417608398     
         477         476   1.00903838696284     
         478         476   1.00240333222742     
         479         472  0.843095626594034     
         480         473  0.949407449598158     
         481         476  0.966987224434441     
         482         477  0.980390979110831     
         483         477  0.984760100467086     
         484         477  0.978322222992546     
         485         478  0.977515843339549     
         486         478  0.955122121549709     
         487         478  0.986700618551016     
         488         474   1.32000921126753     
         489         488  0.976054940754784     
         490         489  0.984468788057530     
         491         490   1.87634108529317     
         492         489  0.939690746799325     
         493         492  0.994698262715493     
         494         492   1.00618857763017     
         495         493   1.01879369575697     
         496         488  0.870547256255731     
         497         489  0.946266433102326     
         498         492  0.964694279921586     
         499         493  0.962096006974290     
         500         493  0.971053664331566     
         501         494  0.963325721550091     
         502         494  0.979997727245972     
         503         494  0.969639357225450     
         504         495  0.985455992574066     
         505         495  0.986847352350431     
         506         495  0.979820206500169     
         508         507   1.01190779174913     
         509         508  0.982181760827370     
         510         509   1.87993887580638     
         511         508  0.947022041081233     
         512         511  0.991832718691681     
         513         511   1.00925295480777     
         514         512   1.02113735193025     
         515         507  0.950371772233393     
         516         508  0.952091880994011     
         517         511  0.965527509436507     
         518         512  0.973602213459146     
         519         512  0.972337565491205     
         520         513  0.983781143424025     
         521         513  0.984327608141725     
         522         513  0.983721952069063     
         523         514  0.985614128603650     
         524         514  0.985342357123339     
         525         514  0.983171513962233     
         527         526   1.00659607770393     
         528         527  0.974266714339971     
         529         528   1.87665507344005     
         530         527  0.982348342798737     
         531         526  0.951309237138498     
         532         527  0.962011184177394     
         533         530  0.984640765694781     
         534         530  0.976718428872730     
         535         530  0.984644719440253     
         537         536   1.01352133574678     
         538         537  0.987618217433730     
         539         538   1.87395091547199     
         540         537  0.955885254681385     
         541         540  0.990822408458975     
         542         541   1.00962487521286     
         543         541   1.00873976182942     
         544         536  0.924343063804538     
         545         537  0.947755407305557     
         546         540  0.964785202207467     
         547         540  0.974868841871721     
         548         541  0.956440858372763     
         549         542  0.982816022898279     
         550         542  0.987244173278546     
         551         542  0.986446051018597     
         552         543  0.975139535071411     
         553         543  0.979419303680626     
         554         543  0.982054022025620     
         556         555   1.01036242302560     
         557         556  0.974080572578445     
         558         557   1.89109911970185     
         559         556  0.967230379155970     
         560         559   1.00452833059675     
         561         560   1.40284530543439     
         562         560   1.41927634250194     
         563         561   1.45231317812759     
         564         562   1.43407811991937     
         565         563   1.43107414774638     
         565         564   1.44334633228466     
         566         555  0.950035543208054     
         567         556  0.958102276215437     
         568         559  0.959629331206300     
         569         559  0.960923038023957     
         570         561  0.969581339832906     
         571         562  0.962738912094353     
         572         563  0.969012641907590     
         573         564  0.958420196107722     
         574         565  0.968279390070148     
         575           1  0.953644824493350     
         576           3  0.954151085403268     
         577          21  0.952038835548125     
         578          23  0.953278147203140     
         579          35  0.956985218683511     
         580         228  0.957779221515228     
         581         242  0.952319961208535     
         582         490  0.955074819118100     
         583         507  0.956254353149408     
         584         509  0.954563556860057     
         585         526  0.957345297813486     
         586         528  0.954310169982947     
         587         536  0.956551319796093     
         588         538  0.954668143201056     
         589         555  0.953650869861457     
         590         557  0.953256618143076     
