   -0.35986165
    0.03410083
    0.18611549
   -0.37407596
   -0.06921965
   -0.01268943
   -0.11049576
   -0.11688377
    0.16698297
    0.05128825
    0.05399473
    0.04093920
    0.04575219
    0.04596136
    0.03505307
    0.03574716
    0.04578820
    0.03754485
    0.03734245
   -0.38907282
    0.04017557
    0.20145362
   -0.38340413
   -0.02192347
   -0.05584803
   -0.11495690
   -0.11003896
    0.15476271
    0.04584553
    0.05968207
    0.02260399
    0.03524921
    0.05121101
    0.05769146
    0.02886412
    0.04648590
    0.04482253
    0.03864259
   -0.39163551
    0.03337634
    0.20511463
   -0.38689540
   -0.01657139
   -0.05994541
   -0.11549116
   -0.11043817
    0.15117364
    0.06256496
    0.03170913
    0.04091289
    0.03279347
    0.05626486
    0.03212729
    0.04367559
    0.04602274
    0.03401065
    0.05007010
   -0.39327836
    0.03443864
    0.19814155
   -0.37466445
   -0.01505005
   -0.11670483
   -0.11666884
    0.16236701
    0.05378681
    0.04125231
    0.05316471
    0.03348259
    0.05245374
    0.05090875
    0.05044852
    0.04031307
   -0.40811617
    0.02748138
    0.20530866
   -0.36712848
    0.07306456
   -0.47282450
    0.18844796
    0.04930810
    0.05752660
    0.05559374
    0.32980267
   -0.28117996
    0.02440395
    0.27363864
   -0.47207590
   -0.06358749
   -0.06178898
    0.01662990
    0.02337142
    0.04040046
    0.04566687
    0.04313727
    0.04598380
    0.03609600
    0.01976707
   -0.18790713
    0.01521924
    0.27076307
   -0.46543614
   -0.07096918
   -0.00690547
   -0.11520308
   -0.11106539
    0.19289203
    0.07076740
    0.05308025
    0.05493340
    0.02514582
    0.03662765
    0.03732721
    0.04732896
    0.04137257
    0.04249941
    0.03510922
   -0.16827876
    0.00362356
    0.26280371
   -0.45680746
   -0.02352353
   -0.06685529
   -0.11477749
   -0.11280863
    0.19572285
    0.07981356
    0.06218961
    0.02402842
    0.06334036
    0.05700199
    0.05327300
    0.02234783
    0.03600734
    0.05024960
    0.03569123
   -0.16578319
   -0.04490102
    0.27258146
   -0.43760275
    0.21847056
    0.08518404
    0.08875341
   -0.17394605
    0.00490607
    0.26222295
   -0.47723766
   -0.08438153
   -0.07794878
   -0.09332717
   -0.05309629
   -0.14598986
    0.19910348
    0.09531268
    0.07086026
    0.06393777
    0.06884259
    0.06681504
    0.07644179
    0.07332835
    0.11804261
    0.11765182
    0.30126638
    0.29707220
    0.29305222
   -0.18386444
    0.01077652
    0.27652681
   -0.47840250
   -0.08514112
   -0.00449902
   -0.04569907
   -0.05030702
   -0.06010846
   -0.07890547
    0.14391735
   -0.42607492
    0.22885186
    0.08711584
    0.08954636
    0.07010153
    0.04732576
    0.05067354
    0.04289001
    0.04979857
    0.33736164
   -0.18360576
    0.01562269
    0.27402150
   -0.49521575
   -0.08235162
   -0.01682969
   -0.11881966
   -0.12197059
    0.21587907
    0.08146494
    0.05609586
    0.06716950
    0.05235049
    0.04245172
    0.04542822
    0.04390175
    0.04829296
    0.04207273
    0.04216806
   -0.18114597
    0.01467226
    0.27452716
   -0.49746228
   -0.02703347
   -0.06548797
   -0.11501116
   -0.11351466
    0.22049364
    0.07694267
    0.06412996
    0.04328760
    0.04250882
    0.06161886
    0.03279363
    0.04337658
    0.04998569
    0.04720201
    0.04103185
   -0.17769179
    0.02922858
    0.27338475
   -0.49918950
   -0.08148994
    0.01149804
   -0.04564817
   -0.03822413
   -0.03182368
   -0.03052850
   -0.03728395
    0.23146875
    0.06525927
    0.07831148
    0.06737506
    0.04529007
    0.03138968
    0.04010746
    0.04450744
    0.04368213
   -0.18554654
    0.01985161
    0.28340740
   -0.50818845
   -0.02100846
   -0.11645252
   -0.12694076
    0.23921992
    0.06768195
    0.05390294
    0.06374922
    0.02954785
    0.04530340
    0.06392530
    0.04908976
    0.06003365
   -0.19174828
    0.03072943
    0.27524615
   -0.50745510
   -0.07202107
   -0.00946239
   -0.24363589
   -0.06740258
    0.23334883
    0.07016542
    0.08665112
    0.05614256
    0.06726899
    0.04403115
    0.07696886
    0.06875338
    0.07034728
   -0.19531425
    0.03315995
    0.27762896
   -0.50136697
   -0.08037868
    0.00603597
   -0.03816547
   -0.04538014
   -0.03085068
   -0.03291556
   -0.03468005
    0.25004929
    0.05576463
    0.06856091
    0.07230662
    0.03504514
    0.04070239
    0.04298691
    0.03865977
    0.04252524
   -0.19126868
    0.02956480
    0.28567927
   -0.50519143
   -0.01761596
   -0.11589215
   -0.11928098
    0.24129530
    0.06157513
    0.04563419
    0.06381367
    0.02522950
    0.04801993
    0.06215042
    0.04485981
    0.05969487
   -0.20714701
    0.03035157
    0.29357842
   -0.51661420
    0.08046406
   -0.49337168
    0.23455511
    0.06697467
    0.05511759
    0.03524683
    0.35993188
   -0.20789266
    0.04019472
    0.28352802
   -0.53020203
   -0.05228525
   -0.00540530
   -0.22152507
   -0.05764905
    0.23612985
    0.04756860
    0.05898055
    0.04768095
    0.04597010
    0.06009092
    0.08513823
    0.05345271
    0.04906743
   -0.17359317
    0.03720062
    0.20756727
   -0.37660565
   -0.06486863
   -0.00852121
   -0.11740921
   -0.11090680
    0.23128706
    0.09133715
    0.04756048
    0.06273487
    0.04549290
    0.05504273
    0.04310164
    0.04468475
    0.05185680
    0.03985634
    0.02123969
   -0.38825981
    0.03294011
    0.19577852
   -0.36932441
   -0.01909241
   -0.05994490
   -0.10890052
   -0.10191913
    0.16094531
    0.06151874
    0.03704758
    0.04324785
    0.03312764
    0.04450776
    0.04303963
    0.04467790
    0.03507266
    0.02614752
    0.03979061
   -0.40669630
    0.04997331
    0.19713342
   -0.38182285
   -0.11963035
    0.19623561
    0.04897896
    0.05315388
    0.07271214
    0.05940357
   -0.39265939
    0.03465918
    0.26574763
   -0.49285061
   -0.07234011
   -0.00731638
   -0.11359316
   -0.11285809
    0.15175288
    0.04079205
    0.04333819
    0.04836510
    0.02384139
    0.04053346
    0.03140679
    0.04577588
    0.04105611
    0.04428960
    0.03113576
   -0.18345682
    0.01708378
    0.20233544
   -0.35561415
    0.11605996
   -0.46197381
   -0.12855646
    0.23691967
    0.08756688
    0.03564380
    0.33378715
    0.07268661
    0.04600404
    0.07057391
   -0.41588028
    0.05123204
    0.20459535
   -0.38623794
   -0.06463049
    0.01020251
   -0.04492233
   -0.03039424
   -0.04052723
   -0.03204491
   -0.03954762
    0.18736385
    0.04257946
    0.06996120
    0.04267858
    0.04291360
    0.00667783
    0.06247265
    0.02529706
    0.04760450
    0.17668248
    0.05314376
    0.18111212
    0.06888003
    0.18538826
    0.07021155
    0.18331333
    0.07238520
    0.17958770
    0.07016350
    0.16215597
    0.06694229
    0.18604040
    0.07240350
    0.17471597
    0.08237025
    0.17847679
    0.07237532
    0.17778027
    0.06077587
