   -0.37133744
    0.03346860
    0.18905945
   -0.38303795
   -0.07864679
   -0.01863147
   -0.12025047
   -0.11377277
    0.15389435
    0.06732406
    0.07047939
    0.06125134
    0.05976648
    0.03657301
    0.05289888
    0.03949936
    0.03748708
    0.03291168
    0.02876958
   -0.40619220
    0.03950040
    0.19753745
   -0.39133267
   -0.07303835
   -0.07537110
   -0.09361142
   -0.04879626
   -0.14642958
    0.19490286
    0.05500429
    0.06235103
    0.04577761
    0.05985704
    0.06547391
    0.07143184
    0.07708500
    0.11778718
    0.11181173
    0.30799492
    0.29353691
    0.29789408
   -0.39499224
    0.03438027
    0.26421190
   -0.50525844
   -0.07369096
   -0.01004918
   -0.12198188
   -0.10773057
    0.16399577
    0.03157786
    0.05663951
    0.03843543
    0.03468855
    0.05357201
    0.04790079
    0.04651637
    0.04301980
    0.03394227
    0.02341950
   -0.17764119
    0.01390788
    0.20058565
   -0.36886745
    0.11848104
   -0.46222381
   -0.12834705
    0.24519076
    0.08514088
    0.03698683
    0.33785604
    0.07611076
    0.04472391
    0.06431988
   -0.39138452
    0.03753943
    0.26931364
   -0.52139737
   -0.11288391
    0.15517782
    0.03620721
    0.04568141
    0.05114534
    0.05268399
   -0.16937404
   -0.03059263
    0.27701911
   -0.50742670
    0.22805532
    0.08733394
    0.08348958
   -0.17479982
    0.02013270
    0.28052392
   -0.46751621
   -0.01276635
   -0.11680497
   -0.11325844
    0.22471127
    0.05794043
    0.05075522
    0.06510697
    0.04622069
    0.04325248
    0.05647695
    0.04568310
    0.03328413
   -0.19035425
    0.01333042
    0.26855399
   -0.47449156
    0.11933879
   -0.49235193
   -0.13971319
    0.21249497
    0.08195781
    0.02408232
    0.34278202
    0.06071237
    0.07136215
    0.05932701
   -0.15921604
   -0.03806034
    0.27883763
   -0.47771082
    0.20598033
    0.08773429
    0.09955494
   -0.16642178
    0.01313183
    0.27453202
   -0.47950260
    0.11416998
   -0.49287735
   -0.15038235
    0.22137385
    0.06748270
    0.03036194
    0.34481650
    0.06725009
    0.07184995
    0.07328181
   -0.16115453
    0.00899762
    0.26790651
   -0.46129303
   -0.14177865
    0.21433113
    0.08556320
    0.07253143
    0.07073402
    0.07623985
   -0.16806948
    0.00778574
    0.20014696
   -0.35567424
    0.06700290
   -0.45769621
    0.21658640
    0.11057698
    0.07729978
    0.05809377
    0.33213703
   -0.40297690
    0.02338583
    0.27219351
   -0.50392130
   -0.01318956
   -0.11759585
   -0.11303191
    0.16428609
    0.05633709
    0.01616788
    0.05237228
    0.02700380
    0.05213595
    0.04242780
    0.04789396
    0.03013310
   -0.17954879
    0.01666924
    0.26828008
   -0.47357922
   -0.09106257
   -0.06883406
   -0.09598236
   -0.05084675
   -0.14673092
    0.22949699
    0.06043409
    0.06748498
    0.08914244
    0.04215395
    0.04809930
    0.07750279
    0.08664809
    0.12466467
    0.10850326
    0.29690753
    0.30392708
    0.29808981
   -0.16261814
    0.00812535
    0.26819084
   -0.48558790
   -0.01074805
   -0.12020964
   -0.11058137
    0.19705135
    0.09460321
    0.04209483
    0.05002285
    0.03060885
    0.05397508
    0.04860472
    0.05423473
    0.03374810
   -0.16150444
   -0.03067589
    0.20485442
   -0.33570870
    0.22766210
    0.11980801
    0.08502023
   -0.39666908
    0.04601715
    0.20018430
   -0.35882074
   -0.06219447
    0.00172218
   -0.04012135
   -0.04352908
   -0.05859574
   -0.07379053
    0.14224425
   -0.43811334
    0.19053722
    0.04095835
    0.05339319
    0.03485946
    0.05523401
    0.03554262
    0.05219118
    0.03407816
    0.33821367
    0.17722794
    0.05870930
    0.17843922
    0.07829275
    0.17726382
    0.07990873
    0.18473075
    0.09176042
    0.17363177
    0.07754522
    0.17843401
    0.06598635
