           2           1   1.02391919261637     
           3           2  0.975721205101417     
           4           3   1.91230442015838     
           5           2  0.953188689215305     
           6           5   1.00305496684709     
           7           6   1.00144212252121     
           8           7  0.976526683241889     
           9           8   1.35099114574239     
          10           9   1.29168390659287     
          11           9   1.29034827479409     
          12           1  0.951369031697866     
          13           2  0.952371999123898     
          14           5  0.972264689407011     
          15           5  0.973625076892886     
          16           6  0.968554334689764     
          17           6  0.971836222211696     
          18           7  0.962019328159522     
          19           7  0.963849991113689     
          20           8  0.849497188935784     
          21          10  0.888722987712160     
          22          10  0.925771112134809     
          23          11  0.915593488290241     
          24          11  0.932434477524559     
          26          25   1.02861315019622     
          27          26  0.980741711669708     
          28          27   1.89655801180048     
          29          26  0.951764613948861     
          30          29   1.00162461253749     
          31          30  0.992857102718357     
          32          31  0.981073706629010     
          33          32   1.32367886196854     
          34          33   1.31610568823236     
          35          33   1.29437426473746     
          36          25  0.953127465114609     
          37          26  0.939361950444082     
          38          29  0.975895927589277     
          39          29  0.972740218739197     
          40          30  0.973906669320195     
          41          30  0.973542015438555     
          42          31  0.960317996210611     
          43          31  0.958852655772639     
          44          32  0.911658507546224     
          45          34  0.904414940776814     
          46          34  0.861440547173744     
          47          35  0.919235162051157     
          48          35  0.914456560638042     
          50          49   1.01467478700154     
          51          50  0.971841633784483     
          52          51   1.88155981462791     
          53          50  0.979513642842611     
          54          49  0.946725396510527     
          55          50  0.962541304788995     
          56          53  0.984308233936984     
          57          53  0.979540467396091     
          58          53  0.979639130265963     
          60          59   1.00942450085850     
          61          60  0.934542534378210     
          62          61   1.62786522273950     
          63          60  0.978225623500377     
          64          63  0.907280440848016     
          65          64   1.49891666779995     
          66          64   1.50221990508775     
          67          59  0.956332333557114     
          68          60  0.965571285250216     
          69          63  0.977030315800571     
          70          63  0.964995105202915     
          71          61   1.29987540118984     
          72          71  0.980063735033187     
          73          72  0.974869515737768     
          74          73   1.89864036483815     
          75          72  0.974352654891815     
          76          75   1.01710787722378     
          77          71  0.903135072056457     
          78          72  0.923563460852696     
          79          75  0.964515512297241     
          80          75  0.973068207869909     
          81          76  0.846767845407489     
          83          82   1.00289659520299     
          84          83  0.942622065203135     
          85          84   1.60813104798035     
          86          83  0.976876985767097     
          87          86  0.993985509883510     
          88          87   1.00963762507282     
          89          87   1.00804851668968     
          90          82  0.962166695581319     
          91          83  0.949562821279707     
          92          86  0.971201429598505     
          93          86  0.962234218777370     
          94          87  0.969442455392922     
          95          88  0.975687192325033     
          96          88  0.981150205616828     
          97          88  0.985545161795544     
          98          89  0.985695784706672     
          99          89  0.986683033114598     
         100          89  0.983452782846935     
         101          84   1.31481642407664     
         102         101  0.991918927751510     
         103         102  0.938340563222680     
         104         103   1.62603463745751     
         105         102  0.964601200009310     
         106         105  0.993548676167821     
         107         106   1.00997715403306     
         108         106   1.00598145286854     
         109         101  0.870388273428123     
         110         102  0.947027946614355     
         111         105  0.957923928590551     
         112         105  0.971470203639142     
         113         106  0.965120492862438     
         114         107  0.985369159278228     
         115         107  0.983382032255253     
         116         107  0.984643396100393     
         117         108  0.984173847591878     
         118         108  0.980531003064736     
         119         108  0.982992363938872     
         120         103   1.29738292925581     
         121         120  0.979691220053024     
         122         121  0.939845320351315     
         123         122   1.61827760336386     
         124         121  0.954615175493942     
         125         124   1.00982815878839     
         126         124   1.00768911354502     
         127         120  0.924846796418213     
         128         121  0.950820729893685     
         129         124  0.964467395303475     
         130         125  0.982312935125663     
         131         125  0.980899618407250     
         132         125  0.984041569279207     
         133         126  0.982010884856598     
         134         126  0.986222361490202     
         135         126  0.980295146965028     
         136         122   1.30718545217813     
         137         136  0.976948050634945     
         138         137  0.928163878947346     
         139         138   1.67291205694101     
         140         137  0.956065677662024     
         141         140   1.00868600503586     
         142         140   1.00765053741008     
         143         136  0.915784644877125     
         144         137  0.951338028409055     
         145         140  0.958415000510831     
         146         141  0.977523015799581     
         147         141  0.978573523774344     
         148         141  0.979655684224276     
         149         142  0.981495644516200     
         150         142  0.985808981321184     
         151         142  0.984085048445028     
         152         138   1.25995801327470     
         153         152  0.965181653771624     
         154         153  0.936294925628985     
         155         154   1.65067361733468     
         156         153  0.978342558518596     
         157         156  0.919388365110959     
         158         157   1.51083951749697     
         159         157   1.46641598828502     
         160         152  0.935570018037393     
         161         153  0.953265624229971     
         162         156  0.969445359735836     
         163         156  0.973264717228665     
         164         154   1.27516140442159     
         165         164  0.990170602420859     
         166         165  0.943503574194171     
         167         166   1.61365762774604     
         168         165  0.965910857766566     
         169         168   1.01551599361995     
         170         169  0.905706156203006     
         171         170   1.49562144566119     
         172         170   1.50404044607019     
         173         164  0.809826943244619     
         174         165  0.953150606384288     
         175         168  0.976821774750738     
         176         168  0.969589021402429     
         177         169  0.960279967584654     
         178         169  0.961733962623985     
         179         166   1.28872882267455     
         180         179  0.973529803199741     
         181         180  0.954371793731785     
         182         181   1.59028212463144     
         183         180  0.954064780315644     
         184         183  0.991071646143353     
         185         183   1.00503313871446     
         186         179  0.903896241352469     
         187         180  0.931968082253525     
         188         183  0.947244815438392     
         189         184  0.860935971816712     
         190         185  0.979623806018410     
         191         185  0.983715529907243     
         192         185  0.974990266218377     
         193         181   1.30898337512921     
         194         193  0.960058075173834     
         195         194  0.943047393400881     
         196         195   1.58393661597047     
         197         194  0.974197293440327     
         198         197  0.989324413431498     
         199         198   1.00657355505077     
         200         198   1.01003179848135     
         201         193  0.912768528055798     
         202         194  0.946959428599208     
         203         197  0.959039692180372     
         204         197  0.971243046702453     
         205         198  0.963281184692105     
         206         199  0.981796194083598     
         207         199  0.982109130931991     
         208         199  0.981069580346560     
         209         200  0.983149741451539     
         210         200  0.985542966188274     
         211         200  0.980237990819027     
         212         195   1.31693817474963     
         213         212  0.974414575355080     
         214         213  0.939307291831943     
         215         214   1.62655703096740     
         216         213  0.974311223926672     
         217         216  0.988036908990714     
         218         217   1.00891627430733     
         219         217   1.00975180419882     
         220         212  0.909155756412484     
         221         213  0.939431731741870     
         222         216  0.965206126198196     
         223         216  0.969044034251127     
         224         217  0.965547980626418     
         225         218  0.983721358823895     
         226         218  0.985477627276499     
         227         218  0.982192138724849     
         228         219  0.982582327515267     
         229         219  0.984098290504239     
         230         219  0.985840733693629     
         231         214   1.27976810366431     
         232         231  0.994030782454401     
         233         232  0.927919116003224     
         234         233   1.61594392059191     
         235         232  0.981101679664764     
         236         235   1.00380795665052     
         237         236  0.911205029922560     
         238         237   1.47887535644219     
         239         237   1.51460400594285     
         240         231  0.905418993056633     
         241         232  0.929914748073469     
         242         235  0.970293534910451     
         243         235  0.976059365999842     
         244         236  0.982189863186067     
         245         236  0.961763839048535     
         246         233   1.31333061327838     
         247         246  0.981783002437859     
         248         247  0.933372623369854     
         249         248   1.63274125531469     
         250         247  0.974479471792636     
         251         250  0.967659883891583     
         252         251   1.61394428871235     
         253         251   1.33731133945338     
         254         246  0.849830767473188     
         255         247  0.938924293470669     
         256         250  0.947765124319139     
         257         250  0.963447020901105     
         258         253  0.914170356783891     
         259         253  0.929416066711467     
         260         248   1.29149118877074     
         261         260  0.978621131133957     
         262         261  0.931952640860547     
         263         262   1.60132302006347     
         264         261  0.979783485253332     
         265         264  0.963431261891276     
         266         265   1.63295882777100     
         267         265   1.32723151685260     
         268         260  0.899086960476260     
         269         261  0.941392501528765     
         270         264  0.957743514040717     
         271         264  0.965543221052667     
         272         267  0.933119361317266     
         273         267  0.869560339993277     
         274         262   1.32264442041385     
         275         274  0.964833369240313     
         276         275  0.930744340468030     
         277         276   1.67357624047787     
         278         275  0.979325523191445     
         279         278   1.00500265957157     
         280         274  0.971707257171131     
         280         279   1.00202007949778     
         281         275  0.942179087106688     
         282         278  0.960778425506481     
         283         278  0.967700123903461     
         284         279  0.978048221986931     
         285         279  0.965463590541014     
         286         280  0.963787094394761     
         287         280  0.960893448518491     
         288         276   1.26369177852044     
         289         288  0.987617065571949     
         290         289  0.925532025191747     
         291         290   1.65168355323788     
         292         289  0.954693517912867     
         293         292  0.996765416643979     
         294         292   1.00324933956811     
         295         288  0.916953878990658     
         296         289  0.951444375337736     
         297         292  0.955251588152855     
         298         293  0.857738977998358     
         299         294  0.977573975559853     
         300         294  0.984014808682159     
         301         294  0.983207662881295     
         302         290   1.29091860642705     
         303         302  0.972946023587448     
         304         303  0.936001708080804     
         305         304   1.64966758429437     
         306         303  0.980841793033179     
         307         306  0.994343695034911     
         308         307   1.00575648114531     
         309         307   1.00988110084383     
         310         302  0.918667583089262     
         311         303  0.918662403298429     
         312         306  0.966348345890250     
         313         306  0.975735352945502     
         314         307  0.966650970642707     
         315         308  0.986167361746814     
         316         308  0.985521937331162     
         317         308  0.977724844187206     
         318         309  0.985934692566995     
         319         309  0.980923949432897     
         320         309  0.982335585702528     
         321         304   1.28612222584464     
         322         321  0.965964853731724     
         323         322  0.959729267906522     
         324         323   1.90260873672616     
         325         322  0.975224598675942     
         326         325  0.991261907473324     
         327         326   1.00962996107941     
         328         326   1.00820302232924     
         329         321  0.924875475737479     
         330         322  0.955210964192200     
         331         325  0.969595313777968     
         332         325  0.970169353642795     
         333         326  0.966218542799521     
         334         327  0.985064253046449     
         335         327  0.983284660082992     
         336         327  0.985004598485745     
         337         328  0.984801564605063     
         338         328  0.985641727797783     
         339         328  0.986111522243752     
         341         340   1.04269667863493     
         342         341  0.996310648222484     
         343         342   1.87652564526788     
         344         340  0.956405259971061     
         345         341  0.939805160256093     
         346         341  0.932139054095301     
         348         347   1.00866359751614     
         349         348  0.942503810739401     
         350         349   1.60347661382519     
         351         348  0.988825054559354     
         352         351   1.00588940808877     
         353         352   1.00612466455542     
         354         353  0.981339751300249     
         355         354   1.33302302460246     
         356         355   1.30896105383062     
         357         355   1.30012507406991     
         358         347  0.961079831570154     
         359         348  0.944391476830831     
         360         351  0.971530452797390     
         361         351  0.968826102541133     
         362         352  0.969364191501861     
         363         352  0.969206545503430     
         364         353  0.957441481624493     
         365         353  0.960984840112691     
         366         354  0.876400138254423     
         367         356  0.916612371813581     
         368         356  0.915723545215607     
         369         357  0.902397882891796     
         370         357  0.921619526623670     
         371         349   1.31239471827576     
         372         371  0.977624039230009     
         373         372  0.931164548335426     
         374         373   1.64886344086029     
         375         372  0.980594950484877     
         376         375   1.00427317282080     
         377         371  0.974016710539316     
         377         376   1.00582632510186     
         378         372  0.946707641030601     
         379         375  0.974614245963875     
         380         375  0.974742892334824     
         381         376  0.972641778508295     
         382         376  0.973723729175757     
         383         377  0.961955747788994     
         384         377  0.961548093549558     
         385         373   1.28293693155893     
         386         385  0.988385989204192     
         387         386  0.934188708567807     
         388         387   1.65031260912838     
         389         386  0.965190084562858     
         390         389  0.994440516470182     
         391         390   1.00807402202398     
         392         390   1.00933608810550     
         393         385  0.918593601612720     
         394         386  0.947145664569998     
         395         389  0.967489994836725     
         396         389  0.973960495519206     
         397         390  0.967203328598893     
         398         391  0.984089080375234     
         399         391  0.982211293911643     
         400         391  0.985561401262636     
         401         392  0.985511526873250     
         402         392  0.985283470603111     
         403         392  0.980450121902817     
         404         387   1.28625524355761     
         405         404  0.987513321574054     
         406         405  0.990339075208319     
         407         406   1.86528615059183     
         408         405  0.924235740138305     
         409         408   1.00807483690679     
         410         408   1.00623478548924     
         411         404  0.905514436388756     
         412         405  0.937775746750694     
         413         408  0.955097262977556     
         414         409  0.979650078805972     
         415         409  0.979414787557318     
         416         409  0.978301909282131     
         417         410  0.977950649565893     
         418         410  0.983132067761546     
         419         410  0.985675451609640     
         421         420   1.03415261006281     
         422         421  0.995909132092024     
         423         422   1.87323831523587     
         424         421  0.908639256770149     
         425         424  0.997996575153968     
         426         424   1.00207215038717     
         427         420  0.938774249205129     
         428         421  0.944222283853474     
         429         424  0.957744575430106     
         430         425  0.876299123865310     
         431         426  0.977382981757965     
         432         426  0.981724007339540     
         433         426  0.972540229342227     
         435         434   1.01958230712562     
         436         435  0.975074463191622     
         437         436   1.90436721241086     
         438         435  0.952834008044804     
         439         438   1.00638986851079     
         440         439   1.41642223836398     
         441         439   1.40654287604193     
         442         440   1.43994995298934     
         443         441   1.44780277228073     
         444         442   1.44136023953637     
         444         443   1.43571286431474     
         445         434  0.954498190868136     
         446         435  0.945077770959623     
         447         438  0.955365222703996     
         448         438  0.969681855899275     
         449         440  0.945902120593746     
         450         441  0.968706260309483     
         451         442  0.967653370055896     
         452         443  0.968227780917804     
         453         444  0.970674070582861     
         455         454   1.02931486310983     
         456         455  0.996039070752982     
         457         456   1.87070045580800     
         458         455  0.922613485117821     
         459         458  0.990415715356766     
         460         458   1.00521682190956     
         461         454  0.923444719526491     
         462         455  0.946227896382048     
         463         458  0.955022108673577     
         464         459  0.866986669505549     
         465         460  0.982265728621015     
         466         460  0.970614992555556     
         467         460  0.984912940595115     
         469         468   1.02037740940506     
         470         469  0.953721782958532     
         471         470   1.63123873702741     
         472         469  0.979692323723620     
         473         472  0.989601642031181     
         474         473  0.967471962975472     
         475         474   1.63846285244062     
         476         474   1.30404294770434     
         477         468  0.957276574979517     
         478         469  0.936845423461337     
         479         472  0.957948248838533     
         480         472  0.973042379772661     
         481         473  0.971171233833530     
         482         473  0.965185645779681     
         483         476  0.915277668044407     
         484         476  0.939146377875352     
         485         470   1.29343355791389     
         486         485  0.995133941673149     
         487         486  0.990672441784716     
         488         487   1.89983221291507     
         489         486  0.951677958296648     
         490         489  0.959733485102978     
         491         490   1.64510940568531     
         492         490   1.32520878545734     
         493         485  0.906353779220924     
         494         486  0.912148206133739     
         495         489  0.954096122390015     
         496         489  0.972630719967117     
         497         492  0.920864603050450     
         498         492  0.907044244956632     
         500         499   1.02028350657098     
         501         500  0.936794457463521     
         502         501   1.63711776301901     
         503         500  0.951032362192160     
         504         503  0.993497175262477     
         505         503   1.00061239261774     
         506         499  0.951024067351933     
         507         500  0.962149445559715     
         508         503  0.960261291751471     
         509         504  0.861623772409832     
         510         505  0.981100448237174     
         511         505  0.979688858458007     
         512         505  0.980772282631040     
         513         501   1.29550574111693     
         514         513  0.997297364371508     
         515         514  0.937499315616421     
         516         515   1.63016500595486     
         517         514  0.962675321318818     
         518         517  0.926973387606530     
         519         518   1.54098844993529     
         520         518   1.43908283579961     
         521         513  0.881343968172833     
         522         514  0.938824752216198     
         523         517  0.976762306886880     
         524         517  0.969826121055505     
         525         515   1.29812692786417     
         526         525  0.983702389802344     
         527         526  0.932607845358927     
         528         527   1.64394984531317     
         529         526  0.956095833160249     
         530         529   1.00561615020064     
         531         530   1.39681964395126     
         532         530   1.41503757663679     
         533         531   1.46742410995385     
         534         532   1.44678501454993     
         535         533   1.35694824286515     
         535         534   1.37293286710156     
         536         535   1.08693420926490     
         537         525  0.921977998665280     
         538         526  0.948137358908730     
         539         529  0.975564167408927     
         540         529  0.960919459381855     
         541         531  0.963862963871641     
         542         532  0.959994037881334     
         543         533  0.964842748438200     
         544         534  0.965415779823315     
         545         536  0.852994000961507     
         546         527   1.28656818753901     
         547         546  0.979366151354597     
         548         547  0.942213676897769     
         549         548   1.65484210075838     
         550         547  0.944630038061239     
         551         550   1.00843982087825     
         552         550   1.00955871154703     
         553         546  0.916382457300691     
         554         547  0.957084660719687     
         555         550  0.962780153099384     
         556         551  0.980019874600934     
         557         551  0.982690660988822     
         558         551  0.985127819576017     
         559         552  0.978450692820127     
         560         552  0.985802537143267     
         561         552  0.982735222512947     
         562         548   1.27519721672214     
         563         562  0.987896208631244     
         564         563  0.974114363803583     
         565         564   1.89513381872928     
         566         563  0.949040957026275     
         567         566  0.995268511471993     
         568         567  0.912930255085361     
         569         568   1.53658217328631     
         570         568   1.44699026980328     
         571         562  0.931317339586641     
         572         563  0.939652023104752     
         573         566  0.975249412710074     
         574         566  0.972429882007025     
         575         567  0.973605731733827     
         576         567  0.976660071757748     
         577           1  0.951698481520317     
         578           3  0.954604505001036     
         579          25  0.949967478815925     
         580          27  0.953439953180204     
         581          49  0.956668781304474     
         582          51  0.949001250481254     
         583          59  0.951987980644236     
         584          73  0.951260749459474     
         585          82  0.949630842831304     
         586         323  0.953727299046201     
         587         340  0.954655372525726     
         588         342  0.953672275540061     
         589         347  0.945828415335916     
         590         406  0.950422036910261     
         591         420  0.947545007799989     
         592         422  0.954790018243275     
         593         434  0.934698289846448     
         594         436  0.955405219823459     
         595         454  0.951402172493125     
         596         456  0.956163419919918     
         597         468  0.955007133445765     
         598         487  0.947169969068364     
         599         499  0.943839219093337     
         600         564  0.949240016577313     
