   -0.39125277
    0.02452683
    0.26720891
   -0.50027615
   -0.02667772
   -0.06070003
   -0.11422650
   -0.10965284
    0.16642536
    0.04672585
    0.03769849
    0.03671300
    0.03944551
    0.04846977
    0.03487754
    0.04372336
    0.03787514
    0.03930844
    0.03825406
   -0.16616673
    0.01945611
    0.26492511
   -0.49486158
   -0.02652450
   -0.06669070
   -0.11514192
   -0.11365973
    0.21591909
    0.07182176
    0.05267683
    0.04819859
    0.04119398
    0.05921116
    0.04066111
    0.04896642
    0.04338567
    0.04371068
    0.04338425
   -0.09368952
    0.02086299
    0.27700690
   -0.46837398
   -0.07458689
   -0.08059719
   -0.01600394
    0.08057963
    0.06468226
    0.07687533
    0.06957214
    0.08070699
    0.06090804
    0.08286857
   -0.16992009
    0.02736212
    0.26688708
   -0.50666741
   -0.01772163
   -0.27618463
    0.21201442
    0.08355674
    0.07543870
    0.07480928
    0.18908478
   -0.17888767
    0.01966874
    0.27256083
   -0.49974903
   -0.02293566
   -0.06520688
   -0.11752469
   -0.11667983
    0.24493175
    0.07348637
    0.05310971
    0.04797328
    0.04335294
    0.06164423
    0.03991822
    0.04336213
    0.04556152
    0.02761514
    0.05516569
   -0.18349877
    0.02407850
    0.26478072
   -0.48759741
   -0.07276373
   -0.01457237
   -0.11726403
   -0.11632530
    0.23842975
    0.07268666
    0.05342355
    0.06173396
    0.04981654
    0.04999303
    0.03933747
    0.04295769
    0.04842934
    0.04314148
    0.02870531
   -0.20707004
    0.01333777
    0.27272153
   -0.48926579
   -0.02097990
   -0.06648942
   -0.11586071
   -0.11143092
    0.24528977
    0.08453252
    0.04866371
    0.04403556
    0.04850036
    0.06069327
    0.03465694
    0.04763862
    0.03842794
    0.03358004
    0.05368081
   -0.19121741
    0.01805069
    0.26610195
   -0.49023350
    0.07513462
   -0.46246643
    0.22408129
    0.07887463
    0.04228486
    0.05865959
    0.33855716
   -0.19204822
    0.02425386
    0.28167846
   -0.49875848
   -0.01482628
   -0.06354088
   -0.12642624
   -0.11127546
    0.22637544
    0.06773664
    0.04339394
    0.04088355
    0.03419353
    0.05625181
    0.07340331
    0.03032106
    0.04271954
    0.04765606
    0.04207834
   -0.17967038
    0.02889333
    0.27043825
   -0.49242727
   -0.07589045
   -0.02378162
   -0.11568422
   -0.11754330
    0.22717355
    0.06580606
    0.05275393
    0.05969392
    0.05820858
    0.04696822
    0.03730510
    0.04676958
    0.04879108
    0.04186678
    0.03437649
   -0.19917338
    0.02484838
    0.26842088
   -0.49171604
   -0.13455040
    0.24243891
    0.06908631
    0.07611472
    0.07745597
    0.05654666
   -0.20462964
    0.02013743
    0.28840282
   -0.52898854
   -0.03390166
   -0.06854171
   -0.11132728
   -0.10788172
    0.23871576
    0.07781913
    0.07540574
    0.04894781
    0.04403286
    0.05513686
    0.03932753
    0.03125587
    0.05249181
    0.02780531
    0.04177009
   -0.20798034
    0.04009583
    0.27711841
   -0.54092931
   -0.07043120
   -0.00749682
   -0.11471698
   -0.11412003
    0.23172921
    0.06138417
    0.05192634
    0.04426572
    0.04280430
    0.04855765
    0.04198863
    0.03235053
    0.04732724
    0.02813614
    0.03886920
   -0.19899350
    0.03366094
    0.28707336
   -0.52449279
   -0.01457784
   -0.11834131
   -0.12080379
    0.22518404
    0.05566303
    0.05186950
    0.05694424
    0.03919696
    0.04762049
    0.05907895
    0.04436966
    0.04810200
   -0.18202815
    0.03905392
    0.20704248
   -0.36942590
   -0.06451835
    0.02260530
   -0.03237700
   -0.03205966
   -0.03768548
   -0.03255495
   -0.03824379
    0.23308039
    0.08704293
    0.04819933
    0.07352912
    0.02865766
    0.02880700
    0.04386052
    0.04806816
    0.05010196
   -0.39711622
    0.03724526
    0.26369578
   -0.47661929
   -0.12744792
    0.17008045
    0.03916170
    0.04957425
    0.05921045
    0.05917363
   -0.15025167
    0.02401319
    0.21087531
   -0.38334149
   -0.07992688
   -0.01289364
   -0.12059975
   -0.12284873
    0.22058198
    0.09074406
    0.06488645
    0.07043757
    0.03913951
    0.04711828
    0.04372359
    0.04822410
    0.04486052
    0.05107652
    0.04054908
   -0.39013696
    0.03744497
    0.26763967
   -0.50509131
   -0.12158115
    0.15869008
    0.02518617
    0.04318779
    0.05285086
    0.05589396
   -0.19537854
    0.02068103
    0.28497579
   -0.47686913
   -0.01920838
   -0.11853185
   -0.12588600
    0.25149527
    0.06263317
    0.04686556
    0.05542343
    0.04260258
    0.04939648
    0.04764617
    0.05271227
    0.05089374
   -0.17997856
    0.01693423
    0.20088951
   -0.35160994
    0.11791623
   -0.46546689
   -0.12909799
    0.22063397
    0.08287830
    0.03245935
    0.33807344
    0.07567220
    0.04513208
    0.06610346
   -0.41159526
    0.04380617
    0.27048189
   -0.52673117
   -0.07394676
    0.01880106
   -0.04628796
   -0.03011504
   -0.03823913
   -0.03475307
   -0.04211847
    0.19402355
    0.01664193
    0.07047494
    0.03991393
    0.03618059
    0.03341416
    0.03935621
    0.02330436
    0.03042121
   -0.16969366
    0.03255228
    0.21160125
   -0.38393842
   -0.07004704
   -0.01715793
   -0.11562645
   -0.12180644
    0.23548353
    0.08292286
    0.05487374
    0.05744063
    0.05772725
    0.04526919
    0.03557028
    0.04678205
    0.05240061
    0.04453605
    0.04026770
   -0.39115820
    0.03293243
    0.19318780
   -0.37078218
    0.08013832
   -0.47761179
    0.17233278
    0.07451203
    0.04525672
    0.03015080
    0.33793293
   -0.39510077
    0.03553347
    0.20829497
   -0.38823178
   -0.02208405
   -0.06449994
   -0.11463854
   -0.10803391
    0.16544026
    0.05519788
    0.04679127
    0.03896671
    0.04450423
    0.04727742
    0.04619539
    0.03510106
    0.04619869
    0.02879424
    0.03803114
   -0.38983802
   -0.00501008
    0.19883329
   -0.38237894
    0.17375014
    0.06139598
    0.07636153
    0.18384229
    0.06656592
    0.18051273
    0.08042213
    0.17869606
    0.07096025
    0.16302780
    0.06564549
    0.18786834
    0.08521027
    0.18527463
    0.07075161
    0.18660108
    0.08037887
