   -0.37763638
    0.01561677
    0.27002965
   -0.50513002
    0.11331724
   -0.47711916
   -0.11590899
    0.15593384
    0.04019730
    0.04058171
    0.33412968
    0.05455910
    0.02101912
    0.03655761
   -0.16434413
    0.02461819
    0.27460583
   -0.49800740
   -0.07089973
   -0.01301123
   -0.12316745
   -0.11901389
    0.21240945
    0.06631378
    0.06009668
    0.05414932
    0.04087847
    0.05589793
    0.03970284
    0.04214774
    0.05449466
    0.04622873
    0.04057387
   -0.17883900
    0.01633831
    0.26706513
   -0.47488819
    0.13035320
   -0.47604764
   -0.11411012
    0.22298255
    0.05947628
    0.00497723
    0.34600509
    0.06636392
    0.03248763
    0.05518058
   -0.15673778
    0.01764772
    0.27187883
   -0.49002092
   -0.01806055
   -0.06328476
   -0.11822781
   -0.11154438
    0.18806407
    0.08048556
    0.04189769
    0.02396618
    0.05322369
    0.06560255
    0.03666115
    0.05933351
    0.04460353
    0.06008958
    0.03041990
   -0.16740268
    0.03404207
    0.20716564
   -0.34242428
   -0.06914014
   -0.10770507
    0.28647049
   -0.50735046
   -0.28988293
    0.22096047
    0.06087658
    0.07909132
    0.08275134
    0.09876872
    0.06773625
    0.23377617
    0.23249614
   -0.37406337
    0.02818190
    0.21280458
   -0.36951778
    0.13712861
   -0.50657293
   -0.11583910
    0.16439378
    0.06780929
   -0.01296153
    0.30743763
    0.03724101
    0.06297146
    0.06180439
   -0.37441883
    0.05225125
    0.19794980
   -0.37127394
   -0.08313146
    0.37726062
   -0.62047074
   -0.61786952
    0.15562244
    0.06446758
    0.02493184
    0.01947833
    0.19974908
    0.07812127
    0.19073266
    0.05278899
    0.16375905
    0.06584015
