$grad                                                                           
  cycle =      1    SCF energy =  -178.36722760601   |dE/dxyz| =  0.391150
  269.27897576305531    102.95301495343924    232.77175918141307      n 
  266.54955186604207    102.80330184029451    232.91121319914618      c 
  265.84941825712622    103.31857975454199    235.67208248045279      c 
  265.76682076266843    101.66217196048825    237.28635905594282      o 
  265.61585008055715    100.19017303256759    232.01052085684864      c 
  266.50575107365728     99.67246395394996    229.56209726207811      o 
  262.74056587578991    100.05921064200680    232.14655157328568      c 
  270.27731428463119    102.00254332130599    234.11906994057153      h 
  265.75768251190539    104.26160016702154    231.67430462677100      h 
  266.45314801981476     98.74335717562769    233.23830315119741      h 
  265.53361650687714    100.68949960000172    228.37201517219393      h 
  262.09395546116247     98.20427824166140    231.55337252927310      h 
  262.06278300847623    100.41067684824552    234.05414878976472      h 
  261.93225633353933    101.45880121209291    230.86856611525599      h 
  265.58773729770627    105.77424253151015    236.18822145078573      n 
  265.02468213713496    106.67774644227910    238.71508596571215      c 
  262.29427967539647    105.94881927371559    239.34783665326060      c 
  260.54022970847234    106.73840023171064    238.05274703943252      o 
  265.25978403399267    109.55704655109331    238.83022749881582      c 
  267.96910661410510    110.56584531863670    238.97587403396739      c 
  269.59125137992515    109.65212919825770    236.77289657004539      c 
  267.88063446868449    113.45186148361704    239.00841140868374      c 
  265.29853533539972    106.99552481525757    234.73968301736929      h 
  266.32324567688340    105.73912673174959    240.02333590033709      h 
  264.32043185302410    110.31990621195628    237.15770035715445      h 
  264.21228118324666    110.20225456721251    240.48549235278932      h 
  268.81766401999209    109.89501688167780    240.73814734102521      h 
  271.42892310036149    110.56696904946369    236.83709650146344      h 
  269.86140787852452    107.61684436251097    236.84798552360320      h 
  268.69801067037537    110.10815970909258    234.97627189025471      h 
  269.77278983265461    114.21905752866253    239.21500671721986      h 
  267.08309139115312    114.13859950822530    237.24222422218222      h 
  266.71972603527973    114.12115190758576    240.56369977349368      h 
  261.96645431135875    104.53757444187984    241.41643503294154      n 
  259.51260479692570    103.59659521631750    242.19739137184391      c 
  258.50668655489847    105.37661568696282    244.24041516239757      c 
  259.19884400512598    105.21649848313588    246.44886344870528      o 
  259.83384779553836    100.89877526804534    243.24767760938934      c 
  261.71580335613822    100.86350859728931    245.12377721994329      o 
  260.56414621841458     99.06578257538882    241.14941174210699      c 
  263.45072979931149    103.73871767543450    242.32221131516499      h 
  258.23373663297627    103.58109189877132    240.57355498590397      h 
  257.99570753588313    100.31549930339034    244.04381326948933      h 
  261.24522503366831    102.10188073538913    246.40920534510499      h 
  260.84131140688095     97.19186392193045    241.93652540700634      h 
  259.07069735385079     98.98973606443332    239.73897060977262      h 
  262.30686116859977     99.66518744361767    240.23750335964931      h 
  256.95397086866512    107.19625225335648    243.44243556799853      n 
  256.12089358998537    109.21102896881851    245.11111118890483      c 
  253.58011739393342    108.49399263811904    246.29503066307120      c 
  251.59247308510575    108.52890179426835    245.10915633978681      o 
  255.84076276236817    111.73593375422067    243.70222016928693      c 
  258.23474819515110    112.42879448107804    242.22458412555372      c 
  255.06048930711802    113.79472238640791    245.57301610976256      c 
  260.55999632127049    112.95373953521738    243.84037278718290      c 
  256.26013949446735    107.20670731769540    241.65851954163716      h 
  257.54473236529475    109.36028123922030    246.60559982811813      h 
  254.32701356535995    111.47682851829272    242.31784456913363      h 
  258.64584811448628    110.90405539251631    240.89344977522279      h 
  257.81843310141483    114.11148469078208    241.10804709408717      h 
  254.94559954560407    115.60746431356480    244.61425678798065      h 
  253.22484079644695    113.36205407201361    246.38923977251028      h 
  256.42388520096273    113.94849237304717    247.10068150642002      h 
  262.13263386941458    113.46440547483088    242.62067167096333      h 
  260.22060610956714    114.51820654991865    245.12414384132836      h 
  261.10321170792565    111.29334039410537    244.92376382405396      h 
  253.66387957468169    107.87071147671766    248.74210498104171      n 
  251.38470690917447    107.22460756325773    250.13299669604095      c 
  249.64287193576686    109.55849403921854    250.17308242534838      c 
  250.38728431527844    111.57504417763531    251.01809221205011      o 
  252.08270764488256    106.46891934094070    252.82892688094722      c 
  249.78560796641187    105.55364925733959    254.30716066880879      c 
  248.71675043595033    103.08175311728249    253.29646635779474      c 
  249.91838105023638    101.60995397194506    251.97347812999371      o 
  246.35626227060476    102.63729415564833    254.07368810481387      n 
  255.33838124393327    107.69915846383877    249.63695182328888      h 
  250.42249710786896    105.65547710288988    249.18233470878931      h 
  253.46823471212650    104.94280536620187    252.74677854089950      h 
  252.89802085184087    108.10728879260610    253.77672341324723      h 
  250.32843203145200    105.19966284378887    256.26663013259491      h 
  248.28692245524687    106.96845315102921    254.31474255583092      h 
  245.40864924411156    103.96622893357134    255.06748909637577      h 
  245.44821856082783    101.02828966025487    253.58111113844919      h 
  246.40515262333835    102.23721072386974    244.30479963065685      n 
  248.44100422115642    103.86882377938916    243.53562520808248      c 
  247.86988015244646    104.92661294326972    240.90076788333650      c 
  246.47425966357665    103.82976028712950    239.42678679654529      o 
  251.00497871412693    102.42593633426350    243.38340163143070      c 
  251.10989085831091    100.98018225367433    241.14630991399744      o 
  251.34742696143064    100.67685430209151    245.66365819668817      c 
  246.04153239181142    100.76391563669989    243.13227050251555      h 
  248.62609842493990    105.40227600577546    244.90482767910322      h 
  252.50413519923362    103.86397421215719    243.37808901576764      h 
  252.53396616702690    101.53891186839738    240.08498248715375      h 
  253.29565084240392    100.03230503990289    245.74411252762448      h 
  250.87560512426404    101.60472450743632    247.43338528397840      h 
  250.13280425239739     99.03556881677039    245.43035506023071      h 
  253.03659135655224    106.91708200991101    235.24575446344767      n 
  255.69076535979647    106.49933948106538    234.79612688874803      c 
  256.62536916571213    108.29524476939920    232.74548791760253      c 
  255.29267076064457    108.94558276691633    230.97210824875583      o 
  256.24883460033789    103.76306539570504    234.10354121433716      c 
  255.67285870069321    101.88909950590092    236.31131981143710      c 
  254.92163975073305    102.82363676776285    238.35176672557699      o 
  256.02963197662729     99.61745519639300    235.87169459435955      o 
  251.80866230155090    106.22267090747627    233.96874213604721      h 
  256.65222685494842    106.93373429273966    236.57264067223903      h 
  255.16601005530740    103.15969348134877    232.45150941198798      h 
  258.24975625502128    103.54693340828743    233.63866991865825      h 
  269.80678882497710    102.32279164622456    231.28286901519542      h 
  247.88052359638436    109.43383838640383    249.50252037568663      h 
  246.76097918946857    101.56363596576315    245.82540690164959      h 
  248.64817603027763    106.55758762838751    240.34828144315955      h 
  252.59307407143686    106.20766151081399    236.72648973540549      h 
  258.38340415138026    108.98407499596640    232.82223471866499      h 
   0.2400918659305D-01  -0.5674779544959D-01  -0.1136451517349D+00
  -0.2650323273940D-02   0.8487078166880D-02  -0.9607441395326D-02
   0.4356496320524D-03   0.4993005730018D-02   0.4592547551408D-02
  -0.6641112058678D-03  -0.5998544734813D-03  -0.2140328732605D-03
   0.6611298016393D-02   0.8073937857206D-03  -0.5519656464982D-02
   0.2296665769182D-02  -0.3908145276285D-02   0.5648916138936D-02
   0.1477203146517D-04   0.1435789589189D-02   0.3633920065237D-02
   0.1321299950958D-01  -0.1200163260615D-02  -0.4270349051676D-02
  -0.9434307707432D-03  -0.1084092652739D-02   0.2922384796427D-03
   0.7559510935415D-03  -0.3959248695922D-03   0.4962963005563D-03
  -0.4138287992362D-02   0.4054533208388D-02  -0.4667160428194D-02
   0.1244827044962D-02   0.8882117074271D-03  -0.7212495648472D-03
  -0.9326270979296D-04   0.4397158794135D-03   0.6451991990650D-03
   0.1385132943491D-02  -0.6315769943543D-03  -0.1278687325618D-02
   0.3321109956731D-02  -0.4762479489910D-02   0.2020625311893D-02
  -0.7927855867564D-03   0.3037922013722D-03   0.4278388597710D-03
   0.3784489429426D-02  -0.3552621178136D-02   0.2728357184272D-02
  -0.2600306658821D-02   0.1467923933665D-02  -0.2790267321059D-02
   0.5789172129734D-04   0.7679243146862D-03   0.1895765975535D-03
  -0.5467808172054D-03   0.7349754520841D-03   0.6400049206175D-03
   0.6159927263499D-03   0.7401237390972D-03   0.7664799804348D-03
  -0.1073050387788D-03   0.1188187984916D-02   0.5689501489840D-03
  -0.2286223949656D-02   0.1761274614341D-02  -0.4366885442137D-02
   0.1310012019686D-03  -0.3577393184318D-03   0.7990848615954D-04
   0.9655718307778D-03  -0.8667670947764D-03  -0.1103247235822D-02
   0.3935371702552D-04  -0.1076460552808D-03   0.2812939244375D-03
  -0.3990984765131D-04  -0.2283565090927D-03  -0.3919302249374D-03
  -0.4483320145490D-04   0.6917394150642D-03   0.1658085673253D-03
  -0.9572289587793D-03  -0.1039101699784D-02   0.2054012446808D-03
  -0.1151175583165D-02  -0.1129702316052D-02  -0.1044097473841D-02
   0.9469452054287D-04  -0.3804462078483D-03  -0.2778241991079D-03
  -0.4331243090687D-04  -0.7937289494030D-03  -0.8569085799523D-03
  -0.1679872410726D-03  -0.7225161470606D-03  -0.8152283434888D-04
   0.1291000068431D-03   0.2982834092182D-04  -0.1381662950538D-05
   0.4295745551964D-04   0.1109473068211D-03  -0.2405423897725D-04
   0.3936236450253D-03  -0.2978584978724D-03   0.6285139670572D-03
  -0.9194104638230D-04   0.3455955167674D-04  -0.4867330201436D-03
  -0.4641752803204D-04   0.1315704668471D-03   0.5482379178775D-04
   0.1181161956869D-03  -0.1085718419601D-03  -0.7654811920618D-03
  -0.1406163575823D-03   0.6552030055182D-04   0.5492142990299D-04
   0.3251840858940D-03  -0.9201399340918D-04  -0.1714304505112D-03
   0.9438531107570D-04   0.7936218880360D-04  -0.3441274189046D-03
  -0.3236039975455D-03  -0.1839419815968D-03  -0.1340121135314D-03
   0.7290876266417D-04   0.3569548986961D-03   0.1284036699011D-02
   0.1766131508355D-04  -0.1695180583798D-03  -0.1198901803875D-03
  -0.6149059590948D-04   0.4588078635378D-04   0.2525555954451D-04
  -0.8338541931393D-04   0.3501165668755D-04   0.5850242718125D-05
   0.1825084475160D-02  -0.2850016854163D-02   0.2181390061204D-02
  -0.7997057227271D-03  -0.3116832539508D-03  -0.1306269369005D-02
   0.5286049405745D-02  -0.1889235790999D-03   0.8143760879830D-03
  -0.1652657187014D-02  -0.1525893669993D-02   0.1207605189418D-03
  -0.1171853475824D-02   0.9541260120508D-03   0.5115654534916D-04
  -0.5871069437681D-03  -0.8609219751992D-03   0.9872631493571D-03
  -0.1320605242638D-02  -0.2635637534558D-03   0.1129991640172D-03
  -0.5734405404333D-03   0.2147233172395D-03  -0.5697464249441D-03
  -0.2705354946362D-02   0.2576670840749D-02  -0.2203346331063D-02
  -0.6423141168552D-04   0.1554145810140D-03   0.5876277385760D-03
   0.2170358241740D-02  -0.1292285686449D-03   0.2826066462964D-04
  -0.1160925755240D-02  -0.1258191140055D-03   0.2524731473695D-03
   0.5594842476248D-03  -0.9405586874699D-04   0.2344013235591D-03
   0.6373119980187D-03   0.7751812491864D-03   0.1810719229771D-03
  -0.1444832245891D-04  -0.4568508399058D-03   0.2883770495432D-03
   0.2713066880242D-03   0.4445068394506D-03  -0.7591274029970D-04
   0.1422283513886D-03  -0.2191254961785D-04  -0.4278557588888D-04
  -0.6157599482450D-04   0.6195950337263D-03  -0.2164302836461D-03
   0.1099051501226D-03  -0.1520190338153D-03  -0.8944655356919D-04
  -0.1434415999124D-02   0.1012153348453D-03  -0.1837482935843D-02
   0.5877434688915D-02  -0.2302941184920D-02   0.2370171475743D-02
  -0.8173543925422D-01  -0.2549112529378D-01  -0.3593178386770D-01
   0.4395991433792D-02   0.1803659759110D-01   0.8793654979962D-02
  -0.1748933152436D-03  -0.2693706187182D-03  -0.2730664118573D-02
   0.2029337614016D-02   0.4470427658190D-03  -0.9050133078984D-03
  -0.6327421571147D-02   0.3111801183535D-02   0.3205551788697D-02
   0.3082964105497D-02  -0.3520738255216D-02  -0.2059707669085D-02
   0.8764677791829D-02   0.4689241907676D-03  -0.2277605779102D-02
  -0.3430400493105D-03  -0.3044313753126D-03  -0.6433530805017D-03
   0.2812272109481D-03  -0.1072006557160D-02   0.9926322785145D-03
   0.1583569378892D-03  -0.2942396564938D-03   0.3999148547166D-03
  -0.8138579577033D-03  -0.8602179978555D-04   0.9879071196632D-04
  -0.1303720178341D-02  -0.2809926514597D-03   0.3588534727897D-04
  -0.1527432642776D-02  -0.1757948132375D-02   0.7631106297240D-03
  -0.9765490155966D-03   0.4695758934561D-02   0.1432623618642D-02
  -0.2486904540307D-02  -0.3039921421111D-02  -0.9834499412788D-04
   0.4125307582682D-01  -0.4882662769367D-01   0.1073618574670D+00
   0.6732198651095D-02   0.3463779642221D-02   0.1723457296262D-01
   0.4321534955046D-01   0.7696543392254D-01  -0.1690506875881D-01
  -0.8180684972289D-02  -0.5411185452025D-02  -0.9984946760452D-02
  -0.8943023961484D-02  -0.6170056694696D-02  -0.2488967477685D-03
  -0.2639655102846D-02   0.3118342362756D-02   0.4520935114063D-02
   0.8209910533005D-03   0.2859274998238D-03  -0.7881022515713D-03
  -0.5038553914066D-02  -0.7197439709965D-02   0.9759561404297D-02
   0.1614071849955D-04  -0.1190899023131D-02   0.2439852384446D-02
  -0.1464280517768D-02   0.2204959637962D-03   0.5810013397579D-03
   0.2642051735279D-02   0.2078560036674D-02  -0.2231464639374D-02
   0.1975628199087D-03   0.1165223506334D-03   0.5144523482447D-03
  -0.1481706846923D-02  -0.7467096656270D-03  -0.1540177648593D-03
  -0.1739804922956D-02   0.8948226012500D-03   0.3205804366324D-03
  -0.1956488450146D-01  -0.6649288329299D-01   0.1024874124614D+00
   0.1611883448523D-02  -0.8557944407687D-02   0.5863065096369D-02
   0.8590805954742D-01   0.2716519369653D-01   0.1808713973630D-01
  -0.6512365089414D-02   0.5449408916156D-02  -0.1057797198513D-01
  -0.1088578445993D-01   0.4801738786937D-02   0.4554361337993D-02
   0.2292386153547D-04  -0.1542159682244D-02   0.1720596523410D-02
   0.4562648054192D-03  -0.1689072298798D-02  -0.2561254816478D-02
  -0.3971980490441D-03  -0.1912810686184D-03   0.7658179246994D-03
  -0.5655416145328D-02   0.1564285776968D-02   0.1402231083657D-01
  -0.3013296908720D-02  -0.1746602111637D-03   0.1815959284013D-02
   0.1417792581362D-02  -0.7125214747237D-03  -0.6718394723518D-03
  -0.1032891538785D-02   0.1885033025544D-02  -0.8431872398714D-03
  -0.4193807846510D-01   0.4892633366108D-01   0.1261623496733D+00
   0.6947350290391D-01   0.1257034642185D-01   0.2804244378976D-01
  -0.2738193534288D-01   0.5191514392857D-01  -0.1262571106729D+00
  -0.3841458001178D-01  -0.6616468527182D-01   0.1420630392084D-01
   0.3362608213570D-01   0.5722114807343D-01  -0.1239390323078D+00
  -0.7365448677559D-01  -0.2104392263515D-01  -0.1088375778855D-01
$end                                                                            
