$grad                                                                           
  cycle =      1    SCF energy =  -644.18192654799   |dE/dxyz| =  2.643041
  364.59994520550640    132.94222053305919    181.57242811227377      n 
  365.14985545675194    135.24390673930321    182.99728147804387      c 
  367.51012316742413    134.92643277982128    184.66968894317191      c 
  367.25878961616758    133.98534925707125    186.79563063613128      o 
  362.85950760620364    136.09806286838554    184.56764374190985      c 
  363.79114249920718    131.81027468943017    182.41335615971101      h 
  365.50890338711838    136.56293545191267    181.77651851479786      h 
  363.28469594479554    137.62496143541770    185.48794027921761      h 
  361.44410287018007    136.43065463546185    183.45270543182448      h 
  362.40408365242303    134.77714442982679    185.75439163806851      h 
  371.07036685590003    137.09394844366517    189.27306135565993      n 
  371.08170521159582    138.74745864930023    191.45380510114893      c 
  373.78023386719224    139.07438123852867    192.42890369098626      c 
  375.16540298802715    137.22244980821739    192.68968587198930      o 
  369.42063610216360    137.65141759870787    193.61376186119563      c 
  369.43197445785938    139.44098807269233    195.88710217820019      c 
  366.71265881682069    137.26213405315264    192.63488381945967      c 
  370.14818059264303    135.77114027915712    189.47526203223475      h 
  370.39762441795028    140.36695378784796    190.93602019104148      h 
  370.10282716985989    136.03759163800802    194.15233375674535      h 
  368.39073545979659    138.73989974550307    197.22313842435332      h 
  371.14973534577052    139.64696820116572    196.49559393387389      h 
  368.76301147180817    141.07182156693582    195.38443507568712      h 
  365.66953009280860    136.57805325950704    193.97847896940999      h 
  366.02290884532721    138.87029083600456    192.08497356821420      h 
  366.73533552821226    136.09239369053765    191.22325853533465      h 
  378.09258848348856    141.21355101313313    198.26626714836539      n 
  378.21731039614212    141.82582222070542    200.94589854446883      c 
  379.29256446129227    139.68476272015167    202.49736354884183      c 
  379.29445418724157    137.51535733035846    201.72257590963000      o 
  378.68218297966922    139.74901340242778    197.88076305470875      h 
  379.24910076445843    143.32248517254882    201.18022456218168      h 
  376.53734402721693    142.23211329980433    201.55439030014253      h 
  379.43240418154028    136.65931147532680    210.54948581879731      n 
  378.05668369045185    136.65175257152964    212.94187887060755      c 
  379.61003842077417    135.21934030196235    214.87884796863722      c 
  380.92150822958644    133.40709311658631    214.26279730916630      o 
  375.49421530320484    135.40453344499349    212.62251518517633      c 
  380.12215415303370    135.23634783550600    210.16965090298854      h 
  377.78456315375308    138.37518263728867    213.50123775159955      h 
  374.60415438108583    135.41398207473995    214.22500279018038      h 
  374.51533726146891    136.32671970825052    211.37718578458947      h 
  375.72098241712052    133.67354447543721    212.06126657823506      h 
  378.78233845498204    130.77659459516457    203.21545940957481      n 
  376.01955911710945    130.42321584264599    202.95845668047036      c 
  375.27122764118781    128.93033234270121    200.62653485903760      c 
  373.35126607670179    127.59240637059878    200.61708622929112      o 
  374.58525712159292    132.95544861470427    203.02081763679718      c 
  374.28479069565464    134.01936432415860    205.63052917277662      c 
  373.60448935390764    132.69088698180266    207.42198937271041      o 
  374.93863587411147    136.43821353925904    205.98957710314309      n 
  379.19240898597951    132.25058083561640    203.76347993487099      h 
  375.53012009624149    129.42921999331566    204.41921483927715      h 
  375.47531804371192    134.17243212605169    201.97768891278511      h 
  372.92607773810994    132.72112259699142    202.27626561277410      h 
  374.88761327348044    137.08072036202012    207.48057087713860      h 
  375.41106736143576    137.34906144682031    204.72912989496186      h 
  373.15284485202562    122.15755454041998    201.13676086534784      n 
  370.68486276224343    121.58874702968151    202.27248616087547      c 
  370.73777508882375    119.78027929620407    204.51748058864058      c 
  369.38851076102554    117.89055334690686    204.55905455952512      o 
  368.90474091800547    120.50782378668352    200.21457460209081      c 
  368.44931696422481    121.83819085498875    197.70690826737339      c 
  366.82982182567713    120.23570324998471    196.03639052819466      c 
  367.33248892819017    124.44601266501891    198.09052263508076      c 
  373.40039895138352    123.73736543403245    200.84574306915610      h 
  370.08204018441762    123.18367573088838    202.94522859882531      h 
  369.52646075532419    118.83163686965689    199.81206297489052      h 
  367.26256906806617    120.29617448036223    201.00070059699846      h 
  370.06503265087395    122.07629632460019    196.87353912373334      h 
  366.55014238518112    121.09930800881354    194.44335155293712      h 
  367.66697042121581    118.63510537092998    195.72458574656062      h 
  365.21788559092658    119.93145737214786    196.85653159018966      h 
  367.06603756933924    125.24347701562233    196.46157886678654      h 
  365.73000132318612    124.30239349287233    198.96924520150395      h 
  368.48522175726146    125.46457495169011    199.08640821036039      h 
  368.60049504016860    120.30751283605801    210.50224267006487      n 
  366.07015199405964    120.19034982720157    211.42064948142331      c 
  364.36372946184423    119.03383754623168    209.43454750871194      c 
  363.85917263338189    116.80396092606097    209.69532968971492      o 
  365.26134928776042    122.83218670431908    212.26157752886056      c 
  366.57848827442064    123.61642297327744    214.76168495978081      c 
  365.55236708395222    126.04850027002294    215.85772601037317      c 
  365.01379518840253    127.85507827755109    214.41586511105939      o 
  365.25756983586183    126.13164821179201    218.20098618750171      o 
  369.25434021862549    121.79283743220562    210.58161115993533      h 
  365.94543008140602    119.09808822850779    212.88707681807796      h 
  365.66764036685930    124.04539076376790    210.94821799409902      h 
  363.44343292453647    122.87376067520364    212.48645491682694      h 
  366.38006704974435    122.27282782332709    215.99189655277328      h 
  368.37561765220227    123.80539556820716    214.45932880789323      h 
  363.61161853402393    120.41333748921865    207.45222498789914      n 
  361.95999805433820    119.38343684685167    205.47368191898497      c 
  362.16786790876091    116.48459724062972    205.12975179621287      c 
  360.37262825692852    115.12399455713573    205.72690519619078      o 
  362.46077543090195    120.71947309300479    202.92822106528163      c 
  364.04247605046373    121.96291276764238    207.21789897018630      h 
  360.24790634427490    119.71413888797868    206.04059970377412      h 
  361.35717547651240    120.02027449176482    201.64320741975951      h 
  362.13196311572426    122.51471274483714    203.10396557856626      h 
  364.20877193400185    120.46436008984968    202.43689231846434      h 
  363.85161372958470    124.63309553399934    188.23749153544506      n 
  362.49479049798930    126.99525297062085    188.74582781580600      c 
  361.65008299865349    128.08184539146677    186.25894846653085      c 
  363.20910690682365    128.58073304208122    184.61677661659158      o 
  364.16152878526941    128.93033234270121    190.17824008537332      c 
  362.76124185684023    131.38319662488900    190.67901746193706      c 
  365.12717874536037    127.79271732122427    192.60464820427092      c 
  365.44843215674086    124.82395785487836    188.00883469558008      h 
  361.05481932462482    126.63431531430508    189.82108188095611      h 
  365.59205132888741    129.33851314774941    189.10865519807106      h 
  363.86106235933119    132.54348835775747    191.57474756190393      h 
  362.25101585052994    132.13341782676000    189.08597848667952      h 
  361.27402753474331    131.04304595401550    191.69569002265897      h 
  366.16652801747381    129.01914946231818    193.48526049664343      h 
  363.70988428338745    127.32217555984928    193.66667418777595      h 
  366.12684377253856    126.30361327317807    192.22670301441147      h 
  359.17454200507410    128.40876798069516    185.96037176654193      n 
  358.19944341523671    129.45756588255512    183.60199378181898      c 
  356.27759212480146    131.51736716728911    184.11221978812924      c 
  354.92832779700325    131.40965278817916    186.03974025641239      o 
  356.98812908173721    127.40721322756767    181.90313015340078      c 
  358.92131872786825    125.43433933650134    181.20582127811011      c 
  354.72990657232702    126.19211944216954    183.23916639955391      c 
  358.04826533929298    128.04405087248080    187.07531007662726      h 
  359.63752486265190    130.16810283949090    182.71382258564930      h 
  356.38719622986071    128.20089812627248    180.36489323067283      h 
  358.14086191080855    124.16066404667504    180.14190556865577      h 
  360.30270839680452    126.22613450925689    180.29686309649816      h 
  359.56571527657860    124.64443388969512    182.72894039324368      h 
  353.99102372615187    124.91277497449532    182.15257397870803      h 
  355.28926545331899    125.41544207700839    184.80196975962272      h 
  353.47512854199368    127.47524336174233    183.60955268561619      h 
  356.14153185645205    133.31449654507074    182.36989246287720      n 
  354.29904905588728    135.34784166651457    182.55886505780691      c 
  352.05972380597007    134.56927457540411    180.92425211166483      c 
  352.44333817367738    133.73212597986543    178.74350836617583      o 
  355.45934078875575    137.83472101578968    181.60455345341182      c 
  353.80394085717137    140.18742982266471    181.97871919137268      c 
  352.11452585849969    140.68820719922849    179.73372476360760      c 
  353.61307853629239    141.04914485554426    177.32054472635505      c 
  351.80083135091633    141.17953594604577    175.15302906251111      n 
  357.10151263869506    133.39008558304263    181.06031238001424      h 
  353.77559496793197    135.62374165511196    184.29363347926176      h 
  357.05804894186122    138.10117237464058    182.46248903439277      h 
  355.83161680076734    137.65897650250506    179.81876243132595      h 
  352.77215048885512    139.97200106444484    183.47916159511468      h 
  354.87730519637222    141.64440852957287    182.26973698756444      h 
  350.94856494778332    139.28980999674855    179.52396518323559      h 
  351.10352247562565    142.18298042512257    180.05308844903882      h 
  354.60896411157205    142.58549205232291    177.41314129787060      h 
  354.78848807675524    139.66208600876010    177.08621870864218      h 
  352.65498747999868    141.14363115300912    173.70360925940017      h 
  350.75203344905640    139.86617641128419    175.21727974478725      h 
  350.91643960664527    142.60627903776515    175.24562563402671      h 
  349.74669924403025    134.75257799248595    181.94092467238673      n 
  347.53949933525109    133.95133418998390    180.50662267687014      c 
  346.47558362579679    135.86562657662199    178.60366864592785      c 
  346.84219045996042    138.15597442717021    178.84366384148859      o 
  345.44757270937907    133.11229586849595    182.33020821794196      c 
  346.17133774795997    131.11863499198739    184.28985402736319      c 
  348.40688354597853    128.82828714143915    183.01428901158752      s 
  346.40188431377419    127.15965912820973    180.72394116103933      c 
  349.43300473644695    135.32516495512300    183.42813899448365      h 
  348.13854246117836    132.56427534319977    179.46916313070597      h 
  344.83152204990824    134.59384101274497    183.21837941411164      h 
  344.04917550689913    132.46223014193771    181.33999182051022      h 
  346.90644114223653    131.93877605398237    185.75439163806851      h 
  344.66333644042078    130.24747132936139    184.86244099000024      h 
  347.38265208145947    125.85574822319462    179.88868229144995      h 
  344.98458985180127    126.39243039279505    181.59699454961464      h 
  345.77827475050611    128.34829675031764    179.47672203450315      h 
  345.64032475620741    139.79247709926159    188.33197783290993      n 
  347.69823631499207    139.65830655686150    190.16501200372821      c 
  349.68433828770344    137.70055047338957    189.52439490691646      c 
  350.04338621806994    137.04103611708487    187.32475390193449      o 
  344.26649399106833    139.04981480118778    188.78173260884265      h 
  348.49948011749410    141.30236813275008    190.28406473853394      h 
  347.00092743970140    139.28036136700206    191.81852220936327      h 
  350.94478549588467    136.80293064747340    191.50860715367853      n 
  352.91387993505236    134.85462319374798    191.32719346254601      c 
  351.59674094839221    132.28270617675449    191.68057221506459      c 
  349.59174171618793    132.11452056726702    192.92023243780355      o 
  354.93966615269903    135.27414235449197    193.37754611753348      c 
  356.49302088302136    137.70999910313608    193.15455845551639      c 
  358.55282216775532    137.79503677085447    195.22002891809825      c 
  357.72323247601383    137.73078608857836    190.56752363092852      c 
  350.68022386298310    137.31504637973296    193.02794681691350      h 
  353.76425661223618    134.92265332792266    189.70391887209971      h 
  354.11385591285614    135.26280399879619    195.01404878962487      h 
  356.09239898177032    133.84928898872187    193.34920022829402      h 
  355.40453873622613    139.16886753599351    193.36998721373629      h 
  359.52036185379546    139.34461204927817    195.05751248645871      h 
  357.76291672094908    137.74023471832481    196.87353912373334      h 
  359.67153992973925    136.35506559748998    195.02916659721924      h 
  358.72100777724273    139.25768465561049    190.37666131004949      h 
  358.81171462280901    136.26624847787298    190.39555856954249      h 
  356.42688047479595    137.68354293984589    189.27306135565993      h 
  352.74191487366636    130.34195762682623    190.59586952016798      n 
  351.69122724585714    127.79460704717359    190.71492225497369      c 
  353.74724907869245    125.78015918522274    190.57508253472571      c 
  355.27792709762321    125.72913658459173    188.83464493542300      o 
  349.79583211871204    127.39776459782115    188.61354699935521      c 
  354.14031207614630    130.45534118378407    189.77383873222371      h 
  350.84840947247056    127.62642143768613    192.33441739352142      h 
  349.11553077696499    125.69890096940296    188.71748192656653      h 
  348.43333970926875    128.61285838321928    188.78173260884265      h 
  350.62164235855488    127.62642143768613    186.99405186080750      h 
  353.71512373755445    124.12286952768910    192.45347012832715      n 
  355.57083461976430    122.08952440624527    192.51583108465394      c 
  354.63164082296362    119.98625942467747    190.76594485560472      c 
  352.91010048315383    118.59731085194403    191.40845167836579      o 
  355.89775720899269    121.06340321577687    195.23136727379404      c 
  357.84417493676887    118.98092521965137    195.14255015417709      c 
  356.68766265579899    123.17611682709118    196.94534870980661      c 
  352.65876693189728    124.13609760933416    193.68746117321822      h 
  357.20166811400776    122.71502369546266    191.96025165556057      h 
  354.32739494512674    120.38499159997919    195.88899190414949      h 
  358.08794958422817    118.29873415195506    196.82629597500090      h 
  357.26591879628387    117.64866842539682    194.02383239219313      h 
  359.43154473417849    119.65366765760116    194.52083031685831      h 
  356.89364278427240    122.53549973027943    198.64988151607270      h 
  358.27692217915791    123.87720515428045    196.35953366552451      h 
  355.40453873622613    124.48380718400485    196.93590008006015      h 
  345.10742203850560    124.53294005868659    196.81873707120371      n 
  345.16411381698452    127.28249131491404    197.24014595789700      c 
  347.09163428526767    127.92310841172579    199.26782190149291      c 
  346.75526306629280    127.38453651617610    201.53549304064956      o 
  342.50148995442476    128.25192072690351    197.93367538128908      c 
  341.48670711965212    126.98391461492507    200.08985268943718      o 
  343.89799743095540    123.73358598213386    197.55195073953104      h 
  345.67433982329476    128.12530908830058    195.69435013137186      h 
  342.57707899239659    130.05282955658376    198.26626714836539      h 
  341.37710301459288    128.01759470919066    196.50504256362038      h 
  340.25649552665965    127.80783512881865    200.65866020017566      h 
  349.16655337759602    129.06261315915199    198.45712946924442      n 
  351.13186836486517    129.80149600532724    200.24858966917816      c 
  351.23769301802577    132.63041575142515    200.53771773942066      c 
  350.07173210730940    134.02692322795582    199.08073903251250      o 
  353.75480798248969    128.79238234840250    199.40766162174091      c 
  349.47835815923008    129.42355081546776    196.90377473892210      h 
  350.70668002627326    129.05883370725343    201.86997453367519      h 
  355.02659354636671    129.30638780661135    200.62464513308831      h 
  353.70378538185867    126.96312762948281    199.31317532427602      h 
  354.17432714323365    129.47835286799739    197.75982059395375      h 
  352.78537857050020    133.57716845202307    202.27437588682477      n 
  353.11797033757648    136.25302039622792    202.73168956655471      c 
  355.84295515646312    136.73490051329870    203.34585050007630      c 
  357.17710167666689    134.96989647665512    204.16221211017270      o 
  351.43989369460058    137.12418405885393    204.99936070571135      c 
  348.97002187886915    136.08483478674049    204.74235797660694      o 
  351.28304644080890    139.94554490115468    205.11652371456782      c 
  353.69433675211218    132.64175410712093    203.24380529881427      h 
  352.62097241291133    137.19221419302863    201.23691634066060      h 
  352.20523270406596    136.52514093292672    206.55460516198298      h 
  348.48436230989972    135.51980672790060    206.14453463098548      h 
  350.23424853894898    140.44254282581986    206.53570790249000      h 
  352.96490253568345    140.64285377644535    205.32817302088910      h 
  350.54794304653234    140.58238254606783    203.56316898424549      h 
  356.78781813111169    138.98934357081029    202.82050668617168      n 
  359.39752966709119    139.62807094167275    203.48946967222290      c 
  359.37296322975027    141.02835787010198    206.04815860757134      c 
  357.71567357221659    142.60060985991726    206.52247982084492      o 
  360.60506454869210    141.28914005110499    201.45423482482980      c 
  363.45477128023225    141.48378182388262    201.62431016026653      c 
  364.39585480298234    143.93664610607041    200.56039445081223      c 
  364.66608561373181    144.25223033960302    198.26059797051749      o 
  364.81915341562490    145.75456246929431    202.18366904125853      n 
  355.96389761721809    140.17987091886755    202.08162383999647      h 
  360.39152551642150    138.09361347084339    203.61608131082579      h 
  360.15530977275938    140.62395651695240    199.80639379704263      h 
  359.89074813985775    142.97288587192884    201.56572865583831      h 
  363.97633564223833    141.33449347388813    203.37608611526505      h 
  364.22011028969763    140.08727434735198    200.71535197865458      h 
  364.61695273905008    145.48811111044341    203.77481829056677      h 
  365.29914380674637    147.21721035405037    201.66021495330318      h 
  361.14930562208968    140.34427707645639    207.69788936130780      n 
  361.36851383220818    141.53669415046292    210.14886391754629      c 
  363.16186375809122    143.76846049658295    210.04114953843634      c 
  364.49412055234575    144.18986938327623    208.16465167078422      o 
  362.38518639293005    139.60917368217977    212.05748712633647      c 
  360.71466865375135    137.27914158669631    212.28803369215072      c 
  361.64252409485624    135.23445810955673    212.95321722630334      o 
  358.30715779434667    137.53425458985143    211.66064467698405      n 
  362.24912612458064    139.18020589168930    207.41632019486252      h 
  359.71122417467450    142.13195782449154    210.65720019790723      h 
  364.07082193970314    139.09516822397092    211.55482002382342      h 
  362.53447474292454    140.40852775873250    213.69965897627574      h 
  357.31505167096560    136.24735121838003    211.70410837381789      h 
  357.73457083170962    138.98745384486099    211.20900017510201      h 
  362.98045006695867    145.26323372247705    212.01969260735052      n 
  364.46577466310629    147.58948636606192    212.47133710923256      c 
  367.19642865984082    147.60460417365630    211.42442893332191      c 
  367.84271493450041    149.27701163878433    209.92776598147850      o 
  364.46577466310629    148.28112606350470    215.30592603317839      c 
  364.14830070362439    146.02479328004381    216.99534103185007      c 
  366.44242800607122    144.37884197820594    217.09738623311213      c 
  366.05314446051597    142.18864960297046    218.85483136595857      c 
  365.11584038966458    143.09193860673454    221.33226208548720      n 
  361.93354189104798    144.95709811869091    213.22533776300216      h 
  363.59272127453096    148.86883083373615    211.49056934154729      h 
  366.03802665292159    149.12583356284057    215.71977601607446      h 
  363.11462060935878    149.47354313751126    215.63473834835608      h 
  363.74389935047481    146.59549051673159    218.69042520836970      h 
  362.72344733785422    145.03268715666280    216.40952598756797      h 
  366.83171155162643    143.75901186683646    215.41741986418691      h 
  367.88428890538495    145.36527892373911    217.65107593625623      h 
  364.85316848271225    141.00946061060901    218.12539714952985      h 
  367.62917590222980    141.27969142135851    219.07781902797564      h 
  365.64307392951849    142.05258933462110    222.54546614493603      h 
  365.70543488584525    144.63962415920898    221.62516960762827      h 
  363.43398429479004    143.12784339977119    221.31714427789282      h 
  368.63262038130665    145.66574534967737    212.07260493393085      n 
  371.22721410969172    145.49000083639271    211.28080976117533      c 
  371.71098395271179    144.32781937757494    208.65409069165219      c 
  373.72165236276402    144.82481730224009    207.54860101131331      o 
  372.89017294507329    144.14640568644239    213.31982406046700      c 
  371.89617709574298    141.49700990552768    214.01335348385911      c 
  370.04235593948238    140.64285377644535    212.81526723200466      o 
  372.94119554570432    140.31593118721693    215.78591642429987      o 
  368.12050464904706    144.42041594909051    212.98345284149212      h 
  371.72799148625552    147.24366651734056    211.10317552194138      h 
  374.60982355893378    144.00278651429582    212.69999394909752      h 
  372.95064417545080    145.18386523260656    214.82971509395551      h 
  369.89306758948788    142.95587833838516    207.65253593852466      n 
  370.20676209707125    141.77857907197298    205.20156138228614      c 
  369.40929774646781    139.04603534928921    205.07494974368325      c 
  369.05402926799991    137.98211963983488    203.00003065135490      o 
  368.45687586802205    142.67997834978775    208.36118316951112      h 
  369.24300186292970    142.72911122446948    203.96568061144578      h 
  371.96987640776553    141.89952153272802    204.71401208736748      h 
  369.10883132052959    137.84416964553617    207.27648047461452      n 
  368.33782313321626    135.19477386462148    207.35584896448498      c 
  365.74322940483125    134.85084374184939    206.14453463098548      c 
  364.32404521690898    136.63852448988456    205.84973738289511      o 
  368.31136696992610    134.18754993364607    210.09217213906737      c 
  366.89785195985183    135.73712521206977    211.75324124849962      o 
  369.34126761229311    138.52825043918176    208.73156945557338      h 
  369.56614500025950    134.22723417858131    206.39964763414059      h 
  367.61216836868618    132.49435548307576    210.10540022071245      h 
  370.03479703568519    134.06093829504314    210.70444334663966      h 
  365.40874791180562    135.19666359057078    211.84205836811660      h 
  365.15741436054907    132.54915753560536    205.36596753987502      n 
  362.72533706380358    132.01436509195426    204.14520457662903      c 
  361.34016794296866    129.99424805215554    205.63052917277662      c 
  362.31337680685681    127.89476252248633    206.02737162212907      o 
  363.07871581632213    131.22634937109731    201.34841017166914      c 
  360.56349057780756    130.59707062998135    200.14843419386543      c 
  364.92497806878555    129.04749535155764    201.11030470205770      c 
  360.82616248475983    129.56716998761436    197.33841170726046      c 
  366.13440267633575    131.25847471223537    205.52092506771740      h 
  361.71811313282814    133.54504311088499    204.13953539878113      h 
  363.79303222515648    132.65120273686742    200.44323144195576      h 
  359.70555499682661    129.34040287369871    201.17266565838452      h 
  359.50713377215038    132.09562330777405    200.14276501601753      h 
  365.11017121181663    128.59396112372630    199.34341093946480      h 
  366.55392183707971    129.54827272812139    201.78682659190611      h 
  364.29380960172028    127.60563445224385    202.04760877290911      h 
  359.16320364937832    129.19489397560281    196.66566926931063      h 
  361.63685491700835    130.83706582554211    196.29528298324840      h 
  361.83905559358317    128.04027142058223    197.33841170726046      h 
  359.12918858229096    130.65943158630816    206.59806885881682      n 
  357.70055576462227    128.88875837181666    208.10229071445741      c 
  355.13241819952736    128.37097346170921    206.96278596703118      c 
  354.01936961539127    130.05471928253306    205.84784765694582      o 
  357.50402426589534    129.87897476924840    210.78570156245945      c 
  357.57961330386729    132.53970890585890    210.87829813397499      o 
  358.43565915889883    132.11641029321632    206.40342708603922      h 
  358.57738860509619    127.28060158896473    208.13063660369687      h 
  355.94122090582653    129.28749054711838    211.53970221622902      h 
  358.87785503103441    129.19489397560281    211.78914604153627      h 
  359.00446666963734    133.01214039318319    211.39419331813315      h 
  354.34818193056901    125.98235986179755    206.96467569298048      n 
  351.87264093698963    125.26426400106462    205.93666477656279      c 
  349.77504513326971    126.08251533711029    207.76025031763459      c 
  350.18322593831795    126.16944273077799    210.04492899033494      o 
  351.67232998636416    122.34274768345111    205.47179219303567      c 
  353.90220660653483    121.38276690120813    203.88442239562602      c 
  349.04939036873958    121.65677716385622    204.30016210447141      c 
  353.45812100845001    118.77872454307655    202.68822586972087      c 
  355.21745586724575    124.74080991310929    207.55238046321190      h 
  351.67988889016135    126.11464067824834    204.32472854181225      h 
  351.77815463952476    121.47725319867298    207.08372842778621      h 
  354.25180590715485    122.59597096065693    202.55594505327008      h 
  355.39509010647964    121.30339841133764    204.94455865318173      h 
  348.95679379722401    119.84641970442949    204.02426211587400      h 
  347.71335412258651    122.16889289611576    205.44722575569480      h 
  348.84718969216482    122.52794082648224    202.69956422541665      h 
  354.93399697485114    118.29117524815787    201.71690673178210      h 
  353.15954430846102    117.54284377223618    204.00725458233035      h 
  351.99925257559255    118.85431358104844    201.58273618938199      h 
  347.61508837322299    126.81950845733621    206.73034967526763      n 
  345.49103640621291    127.67177486046927    208.31205029482939      c 
  344.12287481892179    125.34741194283369    209.40620161947248      c 
  344.03405769930481    123.38398668151387    208.17221057458138      o 
  343.66367141324253    129.29126999901698    206.75680583855777      c 
  344.38743645182336    132.05404933688951    206.73412912716620      c 
  344.68223369991375    133.28615065583128    208.70511329228319      o 
  344.61987274358694    133.12930340203962    204.47401689180674      n 
  347.32596030298055    126.84596462062636    205.13164152216217      h 
  346.12787405112613    128.70167550283622    209.68966051186703      h 
  343.61642826451009    128.66388098385031    205.03526549874800      h 
  341.97047696267219    129.11552548573235    207.43710718030476      h 
  344.98081039990274    134.70911429565209    204.35874360889960      h 
  344.40822343726563    132.24491165776851    203.12664228995783      h 
  363.64814015307462    133.32757394601575    180.21665089558081      h 
  369.20155076486094    135.47624920485057    184.03106640580134      h 
  370.46788946259710    137.93705490009151    187.92444930400072      h 
  374.42762764182277    140.79711478853042    192.85801274453857      h 
  376.47182375051420    141.24424854008279    197.75173696031462      h 
  380.02610959170846    140.03037500761087    204.20426947824629      h 
  378.36635582791297    137.04867753236411    209.28279842486052      h 
  379.57719670588267    135.74646309102550    216.69326995664932      h 
  379.40161126462618    129.63222435446301    204.31066711218847      h 
  376.33452111623239    129.01834567796811    199.06681539641369      h 
  374.39128545546345    121.64125330158744    202.18187323960220      h 
  371.88128349373892    120.12519833543112    205.98188611562787      h 
  369.58653232718279    119.27012114352760    211.42099776112829      h 
  363.75046746188605    115.72750983611806    204.42742603168551      h 
  363.65692330675739    123.57225689403207    189.55251206448290      h 
  345.45912167314219    135.26569810369404    177.12787899634992      h 
  345.24014866663020    141.42052880446906    188.04585073685897      h 
  355.43214635696933    119.73847204016289    189.07217495816053      h 
  344.94823750476354    124.21670560692651    195.15524134597169      h 
  343.31398543883006    125.44304004956678    211.11137533479803      h 
  -0.1752645713584D+00  -0.1198994313636D+00   0.1045220887430D-01
   0.1319823712044D-01   0.6575027720410D-01  -0.6095789547302D-01
   0.9045606089293D-01   0.4849001142628D-01  -0.6180252822434D-01
  -0.1052486332477D-01  -0.1614312102472D-01   0.3151060137847D-01
  -0.7646703129556D-01   0.2870849363711D-01   0.4621881403606D-01
   0.9556554990665D-01   0.1606001879663D+00  -0.1268222860212D+00
  -0.2603903961300D-01  -0.7986097674528D-01   0.7645221898193D-01
  -0.2818884287704D-01  -0.9391185104472D-01  -0.5669183466803D-01
   0.8481873288976D-01  -0.1944302702382D-01   0.7207778375449D-01
   0.2573395731006D-01   0.8283625323886D-01  -0.7340096986419D-01
  -0.1624372453767D+00  -0.1032879061032D+00  -0.6585557998796D-01
  -0.3716372950112D-01   0.8244191037422D-01  -0.3595312778561D-01
   0.1154270508021D-01   0.1036552394700D+00   0.1539857607967D-01
   0.1227062110369D-01  -0.2360832484668D-01   0.8946401197675D-03
   0.3691642344241D-01  -0.8811210296253D-01   0.2989430599318D-01
   0.4873003316251D-03   0.5778338938626D-01   0.8052215199539D-01
  -0.9306772811583D-01  -0.1669988495092D-01  -0.3207429903220D-01
   0.1151061359737D+00   0.1876893159493D+00  -0.3384832896405D-01
   0.3882896344593D-01  -0.1030847842444D+00   0.2538871065669D-01
  -0.4427956546564D-01   0.9885731656569D-01  -0.2942543173118D-01
   0.6365058729576D-01   0.4465750334212D-01  -0.8176941671732D-01
  -0.1054570803129D+00  -0.1078333913329D-01  -0.3726327705077D-01
   0.4253882772733D-01  -0.1011304086085D+00   0.3089129980687D-01
   0.6059308432415D-01   0.4149866758174D-01  -0.8435572707742D-01
   0.4109020325076D-01  -0.1000160986603D+00   0.3214894345276D-01
  -0.1737035659780D-02   0.7280153225305D-01   0.8642667041898D-01
  -0.3729821425821D-01  -0.1864263447951D+00  -0.8122402452161D-01
  -0.4347732952443D-01   0.1058743074595D+00   0.4146599217588D-01
   0.3115026448101D-01   0.2618062983251D-01   0.7094105492680D-01
   0.9543881209093D-03  -0.9172866896891D-03  -0.3184292514242D-03
  -0.9327117951008D-01   0.2000075401989D+00   0.4816573380174D-01
  -0.6999547233162D-01  -0.9136484356926D-01  -0.1459710814488D-01
   0.1051833435338D+00  -0.2149548792234D-01  -0.4188296899980D-01
   0.6842383990188D-02  -0.1581142245127D+00  -0.1368304589710D+00
  -0.3473192424964D-01   0.9050109608691D-01   0.2828767748462D-01
  -0.1622095346309D-01   0.4495684069086D-01   0.8147895449295D-01
   0.1147167820806D-01  -0.1586708282051D-01  -0.5645292233531D-02
  -0.7926332319431D-01  -0.2991812265932D-01  -0.1629664278085D-01
  -0.1004361262997D+00   0.1965064173543D+00   0.3869656123568D-01
   0.1388152183801D-01  -0.1066753734675D+00  -0.3482882798463D-01
   0.5602980599527D-01  -0.2605886918498D-02  -0.9910763898262D-01
   0.5972390905079D-01  -0.5960340206421D-01   0.7342160142838D-01
  -0.1421983900086D-01   0.1084280297239D+00   0.3538811932382D-01
   0.1058872164509D+00   0.1038828584518D+00   0.1595775004460D+00
  -0.4051181667586D-01  -0.5045294818472D-01   0.6696941682368D-01
   0.7158375682043D-01   0.2245730520651D-01  -0.5534547937267D-01
  -0.2946718211176D-01  -0.2314439447806D-01  -0.3377178484033D-02
  -0.4295941175251D-01   0.4374624035172D-01  -0.7870505911155D-01
   0.8989973756207D-03   0.3015858071599D-01  -0.2879395657587D-01
  -0.1659615955582D-02  -0.6518680375792D-02   0.9662080751000D-02
   0.5046036085993D-01   0.1891718033955D+00   0.3990855449879D-01
  -0.5250660781059D-01  -0.2074542153268D+00  -0.6303351805417D-01
   0.4213573443926D-01   0.6223363934831D-01  -0.8942458659523D-01
  -0.6043760793102D-01  -0.7423274146287D-01   0.6386483043810D-01
   0.1051135944025D+00   0.1844777869119D-01   0.4034346128936D-01
   0.1194643430215D-01  -0.8428810656595D-01  -0.2024176523187D+00
  -0.6363638535336D-01  -0.1203563376345D+00   0.1708362235031D+00
   0.1131252135333D+00   0.1785409496504D+00   0.3054173001721D-01
  -0.3321786447701D-01   0.7840843413719D-01   0.4946097654084D-01
   0.5884290953578D-01   0.3726671949216D-01   0.7010481530502D-01
  -0.1152474604340D-01  -0.1772854897142D-01  -0.2926985840881D-02
  -0.4582380322298D-01  -0.8680983491351D-01   0.1033766836579D-01
   0.5437846773316D-01  -0.6755468983898D-02  -0.5174941706029D-01
  -0.4073249113082D-01  -0.4440581869358D-01  -0.5176370809162D-01
  -0.2893906918693D-01   0.8369587724682D-01   0.1015840766510D-01
  -0.2077455227327D-01  -0.2185240833336D+00   0.4673733942641D-01
   0.4724342792046D-01  -0.9727848545797D-01  -0.4247970474245D-01
  -0.4412304378748D-01   0.1034824424758D+00   0.2437381011850D-01
   0.9830825093719D-01   0.1097241169309D-01  -0.5109760159987D-01
  -0.1025602896435D+00  -0.1346171338381D-01   0.5031325006696D-01
   0.1551228883760D-01  -0.5418131533018D-01   0.9759341569204D-01
  -0.5216372153147D-01   0.9887842015568D-01   0.1905000367721D-01
   0.1004483469739D+00   0.1941227853553D-01  -0.5080426833438D-01
   0.1403814585172D-01  -0.4702011653520D-01   0.9984492003806D-01
   0.9890271966629D-01   0.1108765786416D-01  -0.5459221539968D-01
  -0.7319366341397D-01  -0.6117174462672D-01  -0.6087296224628D-01
   0.1278922003428D+00   0.1201078588281D+00   0.8593726709324D-01
   0.5767657539615D-02  -0.7851756506881D-01   0.6603821188612D-01
  -0.3754227165563D-02  -0.3877689749167D-03   0.7480152006184D-02
   0.1104838983300D-01   0.1557475127896D-01   0.7789474276956D-02
  -0.6718268582739D-01   0.5644947175550D-01  -0.5835762052847D-01
   0.8189624422262D-01  -0.3874206120488D-01   0.6650002112741D-01
   0.1572899113101D-01  -0.2723404376762D-01  -0.4868525683409D-02
  -0.3820008376208D-02   0.5870394245017D-02   0.5154814217365D-02
  -0.2792291195605D-02   0.4363463114552D-02  -0.6355819392557D-02
  -0.8212967261426D-01  -0.2089005795605D+00  -0.2658386692748D-02
   0.8469250732071D-02   0.7267790144109D-01  -0.8873337399222D-01
  -0.2976925391149D-01  -0.7677071283397D-01   0.7953251342992D-01
   0.1140277227722D+00  -0.2794086516320D-03  -0.2099130276588D-01
   0.1953005326236D-01   0.8110913478881D-01  -0.7985249549148D-01
  -0.1121011037431D+00  -0.1946841293900D-01   0.2146547343422D-01
   0.4898443039058D-01   0.2051479206002D+00  -0.2499004601534D-01
  -0.9144541182029D-01   0.2715643812646D-01   0.3555552992904D-01
   0.8479032737909D-01  -0.1703719457834D-01  -0.5364415328730D-01
  -0.2309366328514D-01  -0.1935232134973D-01   0.1463559797473D-01
   0.1469244584504D-01   0.4764505956570D-01  -0.9096118288618D-01
  -0.5957891534233D-01  -0.2052534282145D+00   0.2586565420951D-01
   0.1080198335907D+00  -0.1807218069181D-01  -0.3182077671915D-01
   0.6962177091442D-01   0.4571640650490D-01   0.7589416499877D-01
   0.2101815997661D-01  -0.1102469949292D+00  -0.1532644988870D-01
  -0.1048687918237D+00   0.1770296669560D-01   0.2602768674783D-01
   0.1947413649563D+00  -0.5182152994189D-01   0.6341088786742D-01
  -0.7973160069499D-01  -0.1820511150995D-01   0.4368483323958D-01
  -0.1824177676352D-01   0.1004522481192D-02   0.9970126039812D-02
   0.2904765695868D-02  -0.3319081676587D-02   0.2265424311740D-02
   0.7229082599830D-01   0.1949335056128D-01  -0.3911354732082D-01
  -0.3653979298915D-01   0.8137307215258D-01   0.1413218859663D-01
   0.3369243848044D-01  -0.3265064709566D-01   0.7293457083348D-01
  -0.2176079475848D+00  -0.3496336248062D-01   0.4505265185394D-01
   0.9090872891191D-01   0.2536864129333D-01  -0.6128334014568D-01
  -0.8998450031062D-01  -0.2429285637947D-01   0.6917949301850D-01
  -0.6991443745822D-01  -0.6905941031138D-01  -0.5392522816802D-01
   0.2955006951047D-01  -0.4474984823092D-01   0.9868101235435D-01
   0.9281774201571D-01   0.2198872900370D-01  -0.6318975040130D-01
  -0.6480348946058D-01  -0.7657304770421D-01  -0.5226958083251D-01
   0.8865681724762D-01   0.2943442439781D-01  -0.6491555954709D-01
  -0.6337254012736D-01   0.9104534096272D-01   0.2383149592557D-01
  -0.1296203587827D+00  -0.5648599223660D-01   0.1506352700608D+00
   0.7080176603401D-01   0.3989467044767D-01  -0.4602318144037D-01
   0.1954695334472D-01   0.1718238314930D-01  -0.3875804969344D-01
  -0.1661361180403D-01  -0.1125547971958D-01   0.2507385679807D-01
  -0.2054489998414D-01   0.3583528419924D-01  -0.8806955374883D-01
   0.5835285060235D-01  -0.6069006812429D-01  -0.2269184391583D-01
  -0.7752628062279D-01  -0.3896158232696D-01   0.4609344398819D-01
   0.1468679905739D+00   0.5251509610025D-01  -0.1489623298278D+00
  -0.8834587775314D-01  -0.4152357198202D-01   0.5492069136276D-01
   0.3671747118029D-01  -0.5263643559821D-01   0.9351967910492D-01
   0.4964540314660D-01   0.7708016408031D-01   0.6508443936746D-01
  -0.8623720152936D-01  -0.4915341016602D-01   0.5544976138105D-01
  -0.4063035134101D-01   0.4909633816748D-01  -0.9445944079204D-01
   0.4360001872479D-01   0.7740567800079D-01   0.6836497600558D-01
  -0.3475390494610D-01   0.4723328700391D-01  -0.9510228075891D-01
   0.7627256301069D-01  -0.7991341218612D-01  -0.2200861988473D-01
   0.1231240107779D+00  -0.6162633808964D-02  -0.1690030016869D+00
  -0.1806960003463D-01   0.5671743458306D-02   0.9183332140271D-01
  -0.1532326618481D-02   0.1678584357413D-01   0.3423911578217D-01
   0.8630553236058D-02  -0.1454757505495D-01  -0.2961155955717D-01
   0.9648128978591D-01   0.5645349272791D-02  -0.4035757516947D-01
  -0.1741105581349D-02   0.6938432541261D-01   0.8461014785220D-01
  -0.1014418638376D+00   0.5475743739383D-02   0.1073207679294D-01
   0.1085184487839D+00   0.5320054889453D-02  -0.5193865559164D-02
  -0.1056026993681D+00   0.6375758700071D-02  -0.1177210008400D+00
  -0.1269031963258D+00  -0.2495254885853D-02   0.1728576456674D+00
   0.3316076209036D-01  -0.7940962586549D-02  -0.1067209488628D+00
  -0.9471245414048D-01  -0.1447794218794D-01  -0.6015354891502D-01
  -0.2112767646658D-01   0.1621402052876D-01   0.1088937408242D+00
   0.6653856841823D-01   0.1667014081172D-01  -0.9108321192184D-01
  -0.7035353728801D-01  -0.8791514333728D-01  -0.1378894832522D-01
   0.6901927401628D-01   0.9061696956040D-01   0.1206370693448D-01
   0.5875002001623D-01  -0.9525165728006D-01  -0.2333707875324D-01
  -0.5698328581513D-01  -0.1001134234660D+00  -0.4907316556495D-02
  -0.6601973281543D-01   0.8964398443344D-01   0.1950914279543D-01
  -0.9175733632755D-01   0.3785484520693D-02   0.1510275218820D+00
   0.1092538564178D+00   0.1395330844073D+00  -0.1015741473836D-01
   0.9326261577756D-01  -0.1513291532146D+00  -0.1310514426771D-01
  -0.3564406368485D-01   0.6365997162216D-01   0.2003398844596D+00
   0.2645818683677D-01  -0.6868170184958D-01  -0.4750399934589D-01
  -0.4899621807519D-01  -0.6847589579744D-01  -0.7682749858968D-01
   0.1560521369027D-02   0.3187101760700D-01   0.6922592727570D-02
  -0.9482973829687D-01   0.3653903922283D-01   0.2239671746575D-02
  -0.4237102724745D-01  -0.5135105357785D-02   0.1112675818296D+00
  -0.5058118960483D-02   0.4505029207399D-02   0.3492888612927D-02
  -0.4845256174351D-01  -0.4875470888270D-01  -0.6271016541836D-01
   0.3338896414785D-01  -0.8028894069294D-01  -0.2022973139031D+00
  -0.3380805730517D-01   0.9144212665158D-01   0.6385756052364D-01
   0.3313456915437D-01  -0.9271661685412D-01  -0.5847451128375D-01
   0.8403653224436D-01   0.4345762440570D-01   0.6588316639304D-01
  -0.5715073637813D-01  -0.4717289741356D-01  -0.8548693774250D-01
   0.9160234747081D-01   0.5735791800111D-01  -0.2818178389467D-01
  -0.6662384112291D-01   0.7627593206884D-01   0.4515397582481D-01
   0.8399343063096D-01   0.4610264127265D-01  -0.5938623836624D-01
   0.3459470083274D-01  -0.7634447513637D-01   0.7512319436301D-01
  -0.2025234650797D+00   0.1935808978147D-01   0.4660907210765D-01
   0.1565268446054D-01   0.6379855995920D-01   0.8173367308927D-01
   0.3992498239418D-02   0.7783947380053D-02   0.2828921939684D-01
  -0.4522880202356D-02   0.2590097275938D-02  -0.8385241169047D-02
   0.1798946046929D+00   0.1154015202400D+00  -0.6382571178927D-01
  -0.5475914769447D-01  -0.1009716879746D+00  -0.5546758630110D-03
   0.4122769247192D-01   0.2991776164927D-01  -0.1063653089586D+00
  -0.5356223943469D-01   0.6950742724956D-01   0.1904980069329D+00
   0.4886228347466D-01  -0.1520359637988D-02  -0.8800151838523D-01
   0.3066687021621D-01  -0.1059934786321D-01  -0.2367927991750D-01
  -0.2769545955075D-01   0.2107980187957D-02   0.1771900306395D-01
   0.2321421337301D-01  -0.6941347847138D-01   0.7242022973012D-01
  -0.5679821571700D-01   0.8019554534841D-01   0.1137607813523D-01
   0.7498994934769D-01   0.6676464673873D-02   0.7219684796337D-01
   0.3657913401625D-01  -0.4319131903928D-02  -0.8056908318718D-01
   0.4141801206061D-01  -0.6750231471552D-01  -0.2006646425744D+00
  -0.4157403234212D-01  -0.1372335515993D-02   0.1012137380501D+00
   0.5570991334775D-01  -0.1594358935200D-02  -0.1029306260902D+00
  -0.7217486384415D-01   0.8803711162343D-01   0.8188464599322D-02
   0.6634160614245D-01  -0.8854790825754D-01  -0.1119929334265D-01
  -0.5729448879293D-01  -0.9512348862249D-01   0.1278750691281D-01
   0.5046287851757D-01   0.4383553777450D-02  -0.1014918730574D+00
  -0.6812458806308D-01   0.8885399816748D-01   0.1286197573394D-01
  -0.6130009123432D-01  -0.9415841545633D-01   0.1068324573082D-01
  -0.6749060398270D-01   0.9096605206331D-01   0.9249653550314D-02
   0.7963588318183D-01   0.8582522179299D-03   0.7953527419378D-01
   0.1686351776739D+00   0.3021931083358D-01  -0.1076534501072D+00
  -0.4688527699961D-01  -0.1147877247786D-01   0.6917258270003D-01
  -0.9581870397437D-02  -0.1505223982711D-01   0.2459155659612D-01
   0.1552531985054D-02   0.9424140169809D-03  -0.1247399490533D-01
  -0.5970764456249D-01  -0.8790978051079D-02  -0.6360103297721D-01
  -0.1820397886876D+00  -0.2193445285081D-01   0.1149888149692D+00
   0.5453036341897D-01   0.8148994786775D-02  -0.1002506238356D+00
   0.4092347999300D-01   0.1056377782673D+00  -0.7424175686557D-02
   0.8151549589234D-01  -0.7600493591116D-01  -0.1382056768981D-01
  -0.5399046916118D-01  -0.1428931200224D-01   0.9720051275648D-01
  -0.1405585108001D+00   0.1185357695012D-01   0.1490689494610D+00
   0.8686996812865D-01   0.4229838377447D-01  -0.3168997785731D-01
   0.4867245660542D-01   0.7016027184791D-02  -0.7434311703388D-01
  -0.7692581742217D-02  -0.9587341647581D-02   0.4919877104770D-02
  -0.6691106491141D-01  -0.3437641099919D-01   0.4629179847199D-01
   0.5738405741740D-01  -0.6559195204858D-01  -0.2653397267513D-02
   0.1826093068241D-01   0.5938622746927D-01   0.5266753842348D-01
   0.1447863472547D+00  -0.3408175556869D-02  -0.1602274079064D+00
  -0.9662768112568D-01  -0.3991625429535D-01   0.3965954099739D-01
   0.9948103604700D-01   0.4384112410568D-01  -0.3305114539602D-01
  -0.1404331307562D-01   0.4169396400307D-01  -0.1045266608509D+00
   0.3622953173493D-01   0.8279005865314D-01   0.6825263247173D-01
  -0.9917799493366D-01  -0.4173537594442D-01   0.3830640534059D-01
  -0.1294660281183D-01   0.4106220387115D-01  -0.1047615673054D+00
  -0.9955086836064D-01  -0.4364764381829D-01   0.3532698853761D-01
   0.7818761558954D-01  -0.7945095311005D-01   0.6822595726634D-03
  -0.1732468416691D+00  -0.1285127129119D+00  -0.2129518028646D-01
   0.3592735765416D-01   0.5778478300349D-01  -0.8434298864530D-01
   0.1752089850911D-01   0.1575869875391D-01  -0.3929811444993D-01
  -0.4026406252051D-02  -0.9095017105842D-02   0.2507672102948D-01
  -0.5349133535383D-01   0.7735686505454D-01  -0.6633724403507D-01
  -0.1412540133610D+00   0.9779379779378D-01   0.6205748208818D-01
   0.1611278610566D+00   0.1023211319017D+00  -0.1182919101927D+00
  -0.3073810712457D-01  -0.5056214432748D-01   0.9400792630021D-01
  -0.1154109665398D-01  -0.1147554390143D+00  -0.2526042078250D-01
   0.6884620924274D-01   0.2408820139663D-01   0.9253505883519D-01
   0.1396290222971D+00  -0.9254931110489D-01  -0.6373384417567D-01
   0.1849100962319D-01   0.4131473316374D-01  -0.2014762032632D+00
  -0.3054537379865D-01  -0.2815458442773D-01   0.8445550989470D-01
   0.1307264420028D-01  -0.3118055707021D-01   0.2794192856360D-01
   0.1541906337356D-03   0.6303856579671D-02  -0.4140558219855D-02
   0.9398395432292D-01  -0.3728186111542D-01  -0.2515940957655D-01
  -0.3420909984446D-01  -0.5171297210286D-01   0.2083573399375D+00
   0.2657824465161D-01   0.4349700737188D-01  -0.9897441663690D-01
  -0.7399823033658D-01  -0.3240709772478D-01  -0.7641451584930D-01
   0.7934115162173D-02   0.1111997105771D+00   0.2316072637518D-02
  -0.2375285001021D-01  -0.4484548855925D-01   0.1015786825574D+00
   0.1051400013532D+00  -0.1198437249902D+00   0.1167308670558D+00
  -0.1109220887887D-01   0.4664681126750D-01  -0.7523285345181D-01
  -0.2597621257762D-01   0.4413667346342D-01  -0.1106585810398D-01
   0.1239137087182D-01  -0.2339281870247D-01   0.4006228417390D-02
   0.4255819852001D-01  -0.1419663070904D-01   0.8037441559132D-01
  -0.5448384397440D-01  -0.6112991505860D-01   0.1588763977161D+00
  -0.7108286383435D-02   0.7665647822933D-01   0.9349874903052D-02
  -0.1182052833784D+00   0.1303126618931D+00  -0.1334365365434D+00
   0.3386575490926D-01  -0.5474469493121D-01   0.9151176082791D-01
  -0.4721745000519D-01   0.4309026599939D-01  -0.9399285953761D-01
   0.5327539214915D-01   0.6349431276937D-01  -0.1572453180926D+00
   0.6500595650001D-01  -0.2816550739323D-01  -0.8759510822965D-01
  -0.1042822819661D+00  -0.4318599067914D-01  -0.1543972296753D-01
   0.4749874182757D-01  -0.3869619988791D-01   0.9659159890467D-01
  -0.1198469935448D+00   0.1354735470743D+00  -0.9064076103551D-01
   0.4793393321609D-01  -0.8016461926124D-01  -0.2536529913832D-02
   0.2198064863403D-01  -0.1115774696825D-01   0.4330053621684D-02
  -0.1250283364070D-01   0.1025242087655D-01   0.1984574286647D-02
  -0.4111522638867D-01   0.4217902557612D-01  -0.7131175679827D-01
   0.5554849675495D-01  -0.6800679326874D-01   0.3049726435004D-01
   0.5624338010048D-02   0.1411613653190D-01   0.5420439270610D-01
   0.6953802215099D-03   0.3025353210736D-02  -0.1280127857653D-01
   0.3151391407144D-01   0.1303700147513D+00   0.1090372224631D+00
   0.1144416514059D+00  -0.1567052615713D+00   0.9467379830522D-01
  -0.5743496054209D-01   0.9564351042755D-01  -0.1238118253972D-01
   0.2582706231140D-01   0.4617561102139D-01   0.1005458225325D+00
   0.4521047650115D-01  -0.1074184903564D+00  -0.1232100217101D-01
  -0.3156252807254D-01   0.4096653158993D-02  -0.1096881575656D+00
  -0.4681693961457D-01   0.8404106102764D-01   0.6033419871081D-01
   0.2706503794977D-01   0.3676557285028D-01  -0.2164988326062D+00
  -0.6564419566988D-01  -0.1964086037870D+00   0.7334463693927D-01
   0.1387934514336D+00  -0.1492264099663D+00  -0.4013612687658D-01
  -0.8275598850451D-01   0.3942748765832D-01   0.2607458555419D-01
  -0.1701292549549D-01  -0.9106348961629D-02   0.4216952909240D-01
   0.6474591332004D-02   0.6128694629411D-02  -0.1782151917502D-01
   0.1012370928083D+00   0.1055699331308D-01   0.6045174955316D-01
  -0.2575165172619D-01   0.2254356669962D-01  -0.3485420747150D-02
   0.6748559329580D-02  -0.1394011737960D-01   0.6307890636176D-02
  -0.1873980426864D+00   0.9072176450102D-02  -0.5320143450536D-01
  -0.1468786931926D+00   0.1547519078966D+00   0.4770021209490D-01
   0.1018080346878D+00  -0.4068657691780D-01  -0.2834917347894D-01
  -0.1039194482692D+00   0.3695673568561D-01   0.3262720745597D-01
  -0.4392146002511D-02  -0.4640678067367D-01  -0.1023509689971D+00
   0.1335140654426D+00   0.1760331077175D+00  -0.6893225729512D-02
   0.7775568790767D-01  -0.1933218629539D+00   0.6075664645582D-01
  -0.1515249631815D+00  -0.5130213905993D-01   0.1345863797853D+00
  -0.4678108437649D-01   0.7056445544811D-01  -0.4461627909040D-01
   0.1554834258430D-01  -0.1271609465160D-01   0.3299805359381D-01
   0.3255022935551D-02   0.1092282145941D-01  -0.1945988169117D-01
   0.7256659636268D-02   0.9938367201716D-01   0.4745022357543D-01
  -0.7192963579054D-01  -0.1656111399082D-01   0.4495602443922D-01
   0.7798944246420D-01   0.1490561291340D-01  -0.5493543438270D-01
   0.1996711633034D-01  -0.9344985031983D-01  -0.2399448258377D-01
  -0.4771644292477D-01   0.4899194486594D-01   0.1281147341984D+00
   0.1426661296826D+00   0.4281585903612D-01  -0.1530487817603D+00
   0.4975419277104D-01  -0.8471172291011D-01   0.5773256243864D-01
  -0.1005558079551D+00  -0.5109233761840D-01  -0.2125686595179D-01
   0.8808005120569D-01  -0.7072334912267D-01  -0.1646652915080D-01
   0.2252195950879D-01  -0.4561233327932D-01  -0.1008956068532D+00
   0.8874262358134D-01   0.6283976061545D-01   0.3330153842767D-01
  -0.1727980295914D-01   0.4894201069758D-01   0.9162614989177D-01
  -0.9086513684838D-01  -0.6242032162256D-01  -0.3706188046659D-01
   0.7744733971911D-01   0.7297244462523D-01   0.4422955623320D-01
  -0.1020776277963D+00   0.5371428297167D-01  -0.1321850801516D-01
  -0.5608404227846D-01   0.1114037707730D+00  -0.1265493880771D+00
  -0.6670302183423D-01  -0.1629310655267D+00  -0.3215696150753D-01
   0.1774186370563D+00  -0.2339896864137D-02   0.1571905772045D-02
  -0.7344896660986D-01  -0.1438495062226D+00   0.1118764512529D+00
   0.1656258305189D-01   0.9548167857384D-01  -0.6769254956016D-02
  -0.2788943582296D-01  -0.1944304863704D-01  -0.3599162873436D-02
   0.1781784080317D-01   0.1038866508372D-01  -0.1227888704800D-01
   0.1025751264204D+00   0.3714394134764D-01   0.5682438921872D-01
   0.7511830306475D-02   0.2958579810279D-01  -0.1027800176788D-01
   0.1314336793001D-02  -0.8804394000506D-02   0.7693031191146D-02
  -0.3200916991306D-02  -0.1504546394726D-01   0.6900555796018D-02
   0.6723279890356D-01   0.1650214836611D+00  -0.1089635042064D+00
  -0.4244990157832D-01  -0.1080407054419D+00   0.1155349055443D-01
  -0.1025492898355D+00   0.1318808518238D-01   0.4317084085295D-01
   0.1971054412025D-02  -0.6224827133303D-01  -0.9396343851375D-01
  -0.1739314569966D+00  -0.1913602716564D-01   0.9638749719411D-01
   0.4245662226982D-01   0.5205452277354D-01  -0.8957888437562D-01
   0.1300352762651D-01   0.2645883170236D-01   0.2907436173559D-01
  -0.8839534411277D-02  -0.1602018821154D-01  -0.2886078284714D-01
   0.1897675078837D+00   0.3153168231154D-01  -0.9943016758202D-01
   0.6552585958996D-01  -0.5639152894744D-01   0.7832983903102D-01
  -0.1126499333226D+00  -0.5701864475166D-02   0.2613406984119D-01
   0.3366921101922D-01   0.9564560960149D-01   0.1820785645368D+00
   0.6752780465036D-01  -0.5295122030065D-01  -0.4654346343863D-01
   0.7435369047449D-03  -0.1494646719009D-01   0.2525058946456D-02
   0.7743939952332D-02  -0.1046014667077D-01  -0.3389415323430D-02
   0.5879158197165D-01  -0.9991927304131D-01   0.2916988950609D-01
  -0.1716611901555D+00  -0.6608788428901D-01   0.1483609709499D-01
  -0.3066049284921D-01  -0.9597228959563D-01  -0.1960805484374D+00
  -0.7241730887491D-01   0.6235065962572D-01   0.5734606740812D-01
   0.4691383326277D-01   0.1069613548905D+00   0.3234085948701D-02
  -0.1079910642188D+00  -0.1521243616642D-02  -0.3841450229091D-01
   0.1724268922683D+00   0.6315376976295D-01  -0.1525941557847D-01
   0.1317279809574D+00  -0.1473710711378D+00   0.2816295285328D-01
  -0.5115814659067D-01   0.7767458189168D-01   0.5415254257387D-02
  -0.2746240751155D-01   0.2912348848455D-01  -0.9486009042790D-02
   0.8966374701321D-02  -0.1461462289658D-01   0.5052446414580D-02
   0.2687491053578D-01   0.7252411105359D-01  -0.4675869088847D-01
  -0.8761872991424D-01   0.2479546459453D-01   0.7295286089705D-01
   0.5919100794553D-01  -0.6725692973700D-01  -0.8580989553802D-02
   0.7880639348337D-02  -0.4218080278703D-01  -0.1170932872651D+00
  -0.1308335835244D+00   0.1684768976948D+00  -0.2398385252673D-01
   0.6008262356999D-01  -0.9472542685891D-01  -0.3683498197053D-02
  -0.4477123225365D-01  -0.9076372567702D-01   0.5155152007178D-01
   0.4898667005274D-01   0.8298745072897D-01  -0.6001419094621D-01
   0.6183547529518D-01  -0.9486180819472D-01   0.4364607580864D-02
  -0.1192025646980D-01   0.2287596051524D-01   0.1053321424896D+00
  -0.1002935916692D+00  -0.3105416481356D-01  -0.4030038381970D-01
   0.3971474425043D-01   0.8902012764755D-01  -0.5966145412137D-01
   0.1038369922559D+00   0.2056481654051D-01   0.3582887149902D-01
  -0.5016183080725D-01  -0.8035521390272D-01   0.5943816346133D-01
  -0.5924931361965D-01   0.9254872326394D-01   0.1030446121832D-02
  -0.7854652911691D-01   0.1896056517175D+00  -0.2379654935554D-01
   0.4115378661359D-01  -0.7025120584625D-01   0.8792792816698D-02
   0.3777640168492D-02  -0.1562864102477D-01   0.1798376253859D-01
   0.1205556491763D-01  -0.2567288075292D-02  -0.6103992049883D-03
  -0.8432710037123D-02  -0.6925233696423D-01   0.7480207408311D-01
   0.1681023372656D+00   0.4543362383405D-01   0.5942231171347D-01
   0.9123203486197D-01  -0.1971039382112D+00   0.3114805413448D-01
  -0.6098165921476D-01   0.9741054390699D-01  -0.3033677748957D-02
   0.1039115163740D+00   0.3240713048281D-01  -0.4483406819307D-01
  -0.9130583618495D-01   0.4135056265586D-01  -0.5940070671429D-01
  -0.1665051147685D+00  -0.5108016978412D-01  -0.5993324656044D-01
   0.1188360742953D+00  -0.1415404263282D+00   0.7588099131681D-01
  -0.6579745804256D-02   0.5664919430035D-01  -0.7859315402762D-01
  -0.1653472795776D-01  -0.4356490322716D-02  -0.1732616204750D-01
   0.1514525588208D-02   0.3011527930020D-02   0.4046742391198D-03
   0.1447255975260D-01  -0.4492111793846D-01   0.8064500796550D-01
   0.9488176086830D-01   0.5024810107832D-01  -0.6296472351537D-02
  -0.1003691818446D+00  -0.3241987239067D-01  -0.3916877836927D-01
  -0.1100076820717D-01  -0.8927988819345D-01  -0.4190095399945D-01
  -0.1163971349476D+00   0.1589059111156D+00  -0.8506885602773D-01
   0.1445373635752D-01  -0.5296845623826D-01   0.9625009403211D-01
  -0.3904754837109D-02   0.5004329001175D-01  -0.1023214283492D+00
  -0.1669622370712D-01  -0.7445678895361D-01   0.8631202733126D-01
  -0.9018916871297D-01   0.9270897694892D-02  -0.6923880199501D-01
   0.3355181773375D-02   0.1084159092156D+00   0.1267313277178D-01
   0.7940381312289D-01  -0.3043238635865D-01  -0.7133950881866D-01
   0.1173468827634D-01  -0.5506852030347D-01   0.9795115848025D-01
  -0.9268547249240D-01   0.2766564685548D-01   0.5734031018471D-01
   0.1725058645988D-01   0.7629095166358D-01  -0.8278615087727D-01
   0.8851771945793D-01  -0.5505846797566D-02   0.6920684894409D-01
  -0.1805810460489D-01  -0.5984131243875D-02  -0.2086206076183D+00
   0.2760169958303D-01   0.6183924351983D-01   0.6748340062316D-01
  -0.3384882077459D-01   0.2988577301426D-01   0.9594716231656D-01
  -0.9365211755143D-03  -0.2187250578243D-01  -0.1885919043934D-01
  -0.8819950323342D-01  -0.3551336572980D-01  -0.4454765491542D-01
  -0.5274593865800D-02  -0.1671506844743D-01  -0.3765275751735D-01
   0.2965499922519D-04   0.1265749021847D-01   0.1534250858283D-01
   0.2637740756873D-01   0.9361137233784D-01  -0.1745454699598D+00
   0.3551042403185D-01   0.7572053111714D-03   0.2181662196626D+00
  -0.4147303070830D-01  -0.5964540488446D-01  -0.8657369040845D-01
  -0.2578288524313D-02   0.4061943423816D-01   0.1080886400879D+00
   0.1023402170286D+00   0.6508732982116D-02  -0.4919427592556D-01
  -0.5037446295007D-01  -0.2148463730245D+00   0.1373905712801D-01
   0.2597579546177D-01   0.1204918209443D+00   0.1800680164579D+00
   0.7070965141662D-01  -0.3692185383177D-01   0.1178057124078D+00
  -0.6420153822392D-01  -0.2035830240974D-01   0.2805946013482D-01
   0.4086893012462D-01  -0.7329359486488D-01   0.1130434757867D+00
  -0.2173688258046D-01  -0.7126666920913D-01  -0.1610793161552D-01
   0.1353212935605D+00  -0.1007117140939D-01   0.4549477097219D-01
  -0.2809530131724D-01  -0.2284424610068D-01  -0.6879829885439D-01
   0.8792972679819D-01  -0.4227515809568D-01   0.1031990024357D+00
   0.7759824772121D-02  -0.2544233371227D-01  -0.7103201581358D-01
  -0.5108664073236D-01   0.1018325788174D+00  -0.8394042194289D-01
  -0.4676357543175D-01  -0.7047086633650D-02   0.5816181076930D-01
  -0.1054400930447D+00   0.5247679961266D-01  -0.8358756116068D-01
  -0.4868745489371D-01  -0.1938871777665D-01  -0.5516270943758D-01
  -0.8136426224244D-01   0.9453900156132D-01  -0.6907134544809D-01
  -0.6432121378785D-01   0.2357307629014D-01   0.2845119815806D-01
   0.2464914231698D-01   0.9031288830637D-01  -0.1072714896947D+00
   0.3935545422930D-01   0.3288268487204D-01   0.5373226214570D-01
   0.2517146802246D-01  -0.1366048869117D+00   0.3106077663321D-01
  -0.3646475811518D-01   0.3525248544430D-02   0.6694020895978D-01
   0.4914245057374D-02   0.2334344238053D-01   0.1411200891877D+00
   0.3085790676479D-01  -0.1021383836241D-01  -0.6663669941526D-01
$end                                                                            
