           2           1   1.01276430849162     
           3           2  0.968141364638967     
           4           3   1.90908021097605     
           5           2  0.939845762976901     
           6           5   1.00738057169092     
           7           5  0.999504824876478     
           8           1  0.955812950240405     
           9           2  0.972758187595565     
          10           5  0.978608065456072     
          11           6  0.982196883116521     
          12           6  0.981058326257048     
          13           6  0.983998425592646     
          14           7  0.981592452744105     
          15           7  0.986391556474622     
          16           7  0.983245145780967     
          18          17   1.01533731777463     
          19          18  0.994145932706719     
          20          19   1.87360248126098     
          21          18  0.931542488319072     
          22          21  0.927158199379525     
          23          22   1.50044899140752     
          24          22   1.48898671325454     
          25          17  0.953804309202256     
          26          18  0.955201734965395     
          27          21  0.972326414266034     
          28          21  0.967058808457850     
          30          29  0.990441453441935     
          31          30  0.990253538632035     
          32          31   1.87887353943944     
          33          30  0.978011946241158     
          34          33  0.992567165758408     
          35          34   1.00552949590306     
          36          34   1.00318293451536     
          37          29  0.952539295539943     
          38          30  0.935835064134364     
          39          33  0.974474241075081     
          40          33  0.959821252008477     
          41          34  0.976601789280258     
          42          35  0.982979969824510     
          43          35  0.983681168294810     
          44          35  0.984957701228801     
          45          36  0.980713263585401     
          46          36  0.984241511713065     
          47          36  0.983979590595316     
          49          48  0.995189966940062     
          50          49  0.967014875393850     
          51          50   1.89711212514981     
          52          49  0.982694595811882     
          53          48  0.948630639709933     
          54          49  0.976291383922420     
          55          52  0.981996561491049     
          56          52  0.978408998718198     
          57          52  0.968299800037471     
          59          58   1.01281353568902     
          60          59  0.982804367421637     
          61          60   1.86162437514862     
          62          59  0.945324826051052     
          63          62  0.989256794886654     
          64          63  0.998330873369383     
          65          63   1.01037003824448     
          66          58  0.941695770476852     
          67          59  0.965848833879996     
          68          62  0.977352360579944     
          69          62  0.971237215456101     
          70          63  0.965302018855538     
          71          64  0.980032105185511     
          72          64  0.984400096998939     
          73          64  0.984729091388018     
          74          65  0.980829792271729     
          75          65  0.983696523756257     
          76          65  0.981092009636144     
          78          77   1.00304257739926     
          79          78  0.976096523945388     
          80          79   1.88839831369008     
          81          78  0.949757381350363     
          82          81   1.00219073776860     
          83          81   1.00154454792957     
          84          77  0.935516503173884     
          85          78  0.976744699096484     
          86          81  0.969998853001671     
          87          82  0.981205975318009     
          88          82  0.977541962657593     
          89          82  0.983712246662647     
          90          83  0.979481479132263     
          91          83  0.986589555868700     
          92          83  0.983425562951175     
          94          93   1.01386359220203     
          95          94  0.960219226071550     
          96          95   1.64987960690004     
          97          93  0.958651984437755     
          98          94  0.975333041375678     
          99          94  0.956972380889594     
         100          95   1.27473230195489     
         101         100  0.981590211620605     
         102         101  0.920571691389749     
         103         102   1.66133862700659     
         104         101  0.965918829233854     
         105         104  0.968242816191777     
         106         104   1.00404767026556     
         107         100  0.932252316593176     
         108         101  0.963136074904009     
         109         104  0.975302768440643     
         110         105  0.869204804760745     
         111         106  0.977890093308621     
         112         106  0.976144916447585     
         113         106  0.981727794669005     
         114         102   1.29135370433444     
         115         114  0.976485478327440     
         116         115  0.942974831040889     
         117         116   1.61426195100828     
         118         115  0.976889555816252     
         119         114  0.931222427910867     
         120         115  0.950543817888289     
         121         118  0.973947471278787     
         122         118  0.976259460982344     
         123         118  0.981070322500702     
         124         116   1.32220225227333     
         125         124  0.979263404689812     
         126         125  0.943385088668337     
         127         126   1.64799553328186     
         128         125  0.962949350029288     
         129         128  0.989769814813064     
         130         124  0.915413399307227     
         131         125  0.958981557531228     
         132         128  0.973868462999074     
         133         128  0.974463057149279     
         134         129  0.871395189047842     
         135         126   1.29526467329021     
         136         135  0.959067384752313     
         137         136  0.945236425019224     
         138         137   1.63007353390554     
         139         136  0.956626792900354     
         140         139   1.00267703923288     
         141         139   1.00456102772280     
         142         135  0.932696922672234     
         143         136  0.966467806290669     
         144         139  0.974988886043295     
         145         140  0.979755742769816     
         146         140  0.983680463614174     
         147         140  0.984190057649428     
         148         141  0.978900645053461     
         149         141  0.979957017126564     
         150         141  0.980854071237805     
         151         137   1.30193393984926     
         152         151  0.981202428985183     
         153         152   1.00507758490511     
         154         153   1.87342558482924     
         155         152  0.917605511819558     
         156         155   1.00317198218642     
         157         155   1.00362819033310     
         158         151  0.917639174282026     
         159         152  0.951172615115069     
         160         155  0.968690724628314     
         161         156  0.976753907471559     
         162         156  0.982762812750837     
         163         156  0.984425729739645     
         164         157  0.980053548132011     
         165         157  0.972719858194603     
         166         157  0.978104089388681     
         168         167   1.02179588895187     
         169         168  0.978520684406121     
         170         169   1.89306405726497     
         171         168  0.952019297481091     
         172         171  0.997998981836948     
         173         172  0.989232288075731     
         174         173  0.997022611849132     
         175         167  0.953512539950598     
         176         168  0.956013104263824     
         177         171  0.972104129543326     
         178         171  0.977695947655923     
         179         172  0.973501390115205     
         180         172  0.974318713324154     
         181         174  0.979198319999258     
         182         174  0.984547726632569     
         183         174  0.983627887886707     
         185         184   1.01157710700570     
         186         185  0.939931576878073     
         187         186   1.61690845456657     
         188         185  0.964235089589833     
         189         188  0.991036628711116     
         190         189  0.998580230282848     
         191         189   1.00871104066504     
         192         184  0.956875015202441     
         193         185  0.966185640871215     
         194         188  0.979626459443968     
         195         188  0.977262759912088     
         196         189  0.980336813947495     
         197         190  0.984416209040235     
         198         190  0.986317438399886     
         199         190  0.986588438597945     
         200         191  0.984165948141773     
         201         191  0.985588262861256     
         202         191  0.980258759802592     
         203         186   1.31552480617696     
         204         203  0.964751710589353     
         205         204  0.944159063619417     
         206         205   1.62579948159856     
         207         204  0.977855019535235     
         208         203  0.921072389285702     
         209         204  0.961465401741520     
         210         207  0.979102334128305     
         211         207  0.978221831243526     
         212         207  0.973471482063236     
         213         205   1.31046819900436     
         214         213  0.961470602739825     
         215         214  0.925783632834654     
         216         215   1.61604270043703     
         217         214  0.968833352128392     
         218         217   1.00330896552564     
         219         217   1.00621715178952     
         220         213  0.922941427819855     
         221         214  0.962552049061022     
         222         217  0.971745536267506     
         223         218  0.979175227305990     
         224         218  0.981012902585497     
         225         218  0.982615341510342     
         226         219  0.978331852185457     
         227         219  0.983048753133935     
         228         219  0.975310243746382     
         229         215   1.32322663236077     
         230         229  0.975061650244189     
         231         230  0.945920837690327     
         232         231   1.60924758158592     
         233         230  0.969954819338049     
         234         233  0.997591595288166     
         235         234   1.00173086447793     
         236         235   1.00274042690123     
         237         236  0.934303425662823     
         238         229  0.909384097917121     
         239         230  0.960102705329740     
         240         233  0.970721858697275     
         241         233  0.974498730795501     
         242         234  0.978413732479339     
         243         234  0.978767737860909     
         244         235  0.972023910898273     
         245         235  0.971923712068639     
         246         236  0.967929075556823     
         247         236  0.973339227196767     
         248         237  0.902316138382728     
         249         237  0.887515156131782     
         250         237  0.896034480556785     
         251         231   1.31067418163486     
         252         251  0.961086407374054     
         253         252  0.950226362967620     
         254         253   1.59866183788243     
         255         252  0.959354657968861     
         256         255   1.00122188442577     
         257         255   1.00392368752660     
         258         251  0.920557101770052     
         259         252  0.959846221704677     
         260         255  0.974414833651023     
         261         256  0.976541067690741     
         262         256  0.983341433517760     
         263         256  0.983241115520120     
         264         257  0.979393306670827     
         265         257  0.983482642811888     
         266         257  0.982663582967134     
         267         253   1.31049377119069     
         268         267  0.981044895579620     
         269         268  0.938758855966558     
         270         269   1.62876741600728     
         271         267  0.926333767741770     
         272         268  0.967730844033887     
         273         268  0.964658182318332     
         274         269   1.31611907729164     
         275         274  0.972798007311255     
         276         275  0.942028137981060     
         277         276   1.63185980175583     
         278         275  0.956624182119441     
         279         278  0.927870504868819     
         280         279   1.48348511789951     
         281         279   1.50623305234007     
         282         274  0.916862941708491     
         283         275  0.957208481030144     
         284         278  0.978725461795452     
         285         278  0.964962391366993     
         286         276   1.30561428682161     
         287         286  0.965231609928552     
         288         287  0.941789041907941     
         289         288   1.62293015582488     
         290         287  0.967941373545312     
         291         290  0.916523225273071     
         292         291   1.50189458203689     
         293         291   1.49955804734639     
         294         286  0.921396060970914     
         295         287  0.963623388956583     
         296         290  0.974706921979853     
         297         290  0.953439016873505     
         298         288   1.30264648253384     
         299         298  0.967481025928313     
         300         299  0.940063712960664     
         301         300   1.60230745746868     
         302         299  0.956475149566418     
         303         302   1.00188518369905     
         304         303   1.41263450677568     
         305         303   1.41430559134334     
         306         304   1.44104374677459     
         307         305   1.44988394408556     
         308         306   1.39063585650178     
         308         307   1.36984312058442     
         309         308   1.03411816615797     
         310         298  0.931272596571443     
         311         299  0.964737552375310     
         312         302  0.970994147047524     
         313         302  0.963033262560093     
         314         304  0.974812635404172     
         315         305  0.972920315610055     
         316         306  0.974844193643538     
         317         307  0.971035262717186     
         318         309  0.873335749608079     
         319         300   1.33137248880148     
         320         319  0.972188199047438     
         321         320  0.937420283866857     
         322         321   1.61802098527331     
         323         320  0.949911463793497     
         324         323   1.00497997102165     
         325         324   1.39752531468673     
         326         324   1.41082026896799     
         327         325   1.47285127222182     
         328         326   1.44925242943439     
         329         327   1.35798000064654     
         329         328   1.38160677441310     
         330         329   1.05860238701562     
         331         319  0.922141812159708     
         332         320  0.959639503300324     
         333         323  0.966676166244096     
         334         323  0.966378267105983     
         335         325  0.958655500419501     
         336         326  0.974889883750184     
         337         327  0.970027909739657     
         338         328  0.969477955118036     
         339         330  0.866983084752843     
         340         321   1.31479027740200     
         341         340  0.968935355408037     
         342         341  0.941127133819517     
         343         342   1.63051263668350     
         344         341  0.979211439268311     
         345         344  0.988719675315730     
         346         340  0.914017643299759     
         347         341  0.963628659745926     
         348         344  0.975873234350119     
         349         344  0.967495770810653     
         350         345  0.878474827297065     
         351         342   1.31639842405506     
         352         351  0.974786899606799     
         353         352  0.999133234378438     
         354         353   1.89227170475163     
         355         352  0.952850787171192     
         356         351  0.928165613252842     
         357         352  0.935797405853657     
         358         355  0.975348798293509     
         359         355  0.971706128966499     
         360         355  0.983337229849302     
         362         361  0.999771093733977     
         363         362  0.996580390670007     
         364         363   1.88037309845577     
         365         362  0.927892981761423     
         366         365  0.999184599952211     
         367         365   1.00792561618634     
         368         366  0.999986803984273     
         369         361  0.951640059595590     
         370         362  0.973548044664134     
         371         365  0.972001903141916     
         372         366  0.979456147189164     
         373         366  0.981354736333726     
         374         367  0.971922731294218     
         375         367  0.981542957015229     
         376         367  0.980818108166962     
         377         368  0.986135339564642     
         378         368  0.986257382305850     
         379         368  0.981323477127533     
         381         380   1.01399919130423     
         382         381  0.982373309712001     
         383         382   1.89246596191257     
         384         381  0.932157146064718     
         385         384  0.991688408055704     
         386         384  0.998227925455287     
         387         385   1.00670071228863     
         388         380  0.952094156352616     
         389         381  0.962479973926738     
         390         384  0.979720941811602     
         391         385  0.980629718657186     
         392         385  0.979228760106813     
         393         386  0.979090048201963     
         394         386  0.984351195081250     
         395         386  0.986035733914968     
         396         387  0.981447763468852     
         397         387  0.986128805815528     
         398         387  0.984079906347863     
         400         399   1.01692836549891     
         401         400  0.941812769782198     
         402         401   1.65594778437408     
         403         400  0.967009138330630     
         404         403  0.984293066842114     
         405         404   1.00310318859223     
         406         404   1.01054827289020     
         407         399  0.951764390658771     
         408         400  0.963189531742225     
         409         403  0.979737426156754     
         410         403  0.977060286917817     
         411         404  0.976780247665608     
         412         405  0.982859179613386     
         413         405  0.985002277573644     
         414         405  0.985046229189512     
         415         406  0.983009095701908     
         416         406  0.984920242162034     
         417         406  0.981568347335305     
         418         401   1.26895522599243     
         419         418  0.968647932792417     
         420         419  0.935368576424769     
         421         420   1.63725652149508     
         422         419  0.975372168668848     
         423         422  0.975841359655035     
         424         423   1.66089189016627     
         425         423   1.28289626960158     
         426         418  0.939375629890031     
         427         419  0.964426580410626     
         428         422  0.960235464046418     
         429         422  0.948752955145129     
         430         425  0.924383605189575     
         431         425  0.939418575045815     
         432         420   1.31349564339534     
         433         432  0.971606962637382     
         434         433  0.939799567736956     
         435         434   1.61561366844603     
         436         433  0.970769267620469     
         437         436   1.00073225918822     
         438         437   1.00145923438956     
         439         438   1.00768747738656     
         440         439  0.921929727398466     
         441         432  0.914338109537661     
         442         433  0.951471599862836     
         443         436  0.970900133928738     
         444         436  0.970319748898375     
         445         437  0.954697174335887     
         446         437  0.969708760770059     
         447         438  0.962349573864766     
         448         438  0.970423011999506     
         449         439  0.962655284462610     
         450         439  0.965017604642479     
         451         440  0.904716538986810     
         452         440  0.894347848491019     
         453         440  0.900960841320612     
         454         434   1.31070776074469     
         455         454  0.972486902874958     
         456         455  0.978583990512352     
         457         456   1.90305210479698     
         458         455  0.950531582303890     
         459         458  0.986007958270439     
         460         459  0.996780331869000     
         461         459   1.01260003916484     
         462         454  0.899129610735588     
         463         455  0.957068073811577     
         464         458  0.973334670015183     
         465         458  0.970824536243190     
         466         459  0.977934802618131     
         467         460  0.982973493579464     
         468         460  0.984259160766883     
         469         460  0.985591357573237     
         470         461  0.977717309310064     
         471         461  0.984170424681491     
         472         461  0.978221428657744     
         474         473   1.00622157928385     
         475         474  0.948415414023316     
         476         475   1.62383560460008     
         477         474  0.965293988327428     
         478         477  0.996323058257309     
         479         478  0.938893402575735     
         480         479   1.47819706877522     
         481         479   1.48753510922904     
         482         473  0.954989079309985     
         483         474  0.971217959386891     
         484         477  0.979789032022058     
         485         477  0.979108966470136     
         486         478  0.980468988242818     
         487         478  0.968565407833274     
         488         475   1.30564183206679     
         489         488  0.974985175030678     
         490         489  0.945467167135497     
         491         490   1.62598539292863     
         492         489  0.944913132427730     
         493         492   1.00011840537228     
         494         492   1.00882345475435     
         495         488  0.918271815300169     
         496         489  0.963893072792516     
         497         492  0.974338223440681     
         498         493  0.980845884964627     
         499         493  0.984844743558179     
         500         493  0.986246800235311     
         501         494  0.980281023851153     
         502         494  0.983113781499253     
         503         494  0.979617278056760     
         504         490   1.29838218796863     
         505         504  0.975203047801249     
         506         505  0.997114359020139     
         507         506   1.88017413243266     
         508         505  0.922638516400387     
         509         508   1.00544296109624     
         510         508   1.00340627130899     
         511         504  0.927421652323810     
         512         505  0.956191996741123     
         513         508  0.969044794799180     
         514         509  0.980870245347690     
         515         509  0.982025652312339     
         516         509  0.982912189282657     
         517         510  0.980789825792281     
         518         510  0.984567502848511     
         519         510  0.975373242441226     
         520           1  0.951954356767205     
         521           3  0.952740872569534     
         522          17  0.951227850876889     
         523          19  0.954912820480154     
         524          29  0.956266464250410     
         525          31  0.954899622808682     
         526          48  0.959048198457498     
         527          50  0.955839446206468     
         528          58  0.956328488787307     
         529          60  0.957898482256439     
         530          77  0.953734020105865     
         531          79  0.956117432372506     
         532          93  0.957010002759643     
         533         153  0.954572531763660     
         534         167  0.953226919522365     
         535         169  0.955200868620720     
         536         184  0.956801626877356     
         537         353  0.949124999999262     
         538         361  0.949705980359532     
         539         363  0.958540858876999     
         540         380  0.957936128598807     
         541         382  0.956673975167181     
         542         399  0.956818822119663     
         543         456  0.953153094697679     
         544         473  0.954495654041700     
         545         506  0.953725434312183     
