$grad                                                                           
  cycle =      1    SCF energy =  -667.24351019579   |dE/dxyz| =  2.685151
  258.89812423156656    123.39532503720966    242.48207491002165      n 
  258.95103655814694    121.94779496004799    240.12747637719733      c 
  258.52773794550433    123.70335036694510    237.96562989120130      c 
  259.96959884481811    123.78460858276489    236.16094160962248      o 
  257.81153181072068    122.87376067520364    243.57244678276615      h 
  260.56297279289743    121.09363883096565    239.94417296011551      h 
  257.65657428287830    120.64955323288081    240.15204281453819      h 
  263.79629389214494    127.75681252818762    236.68061624567920      n 
  265.67090203384777    126.24503176874985    235.36347725901905      c 
  265.04918219652905    126.15621464913289    232.54022669076900      c 
  266.70269240216413    126.30361327317807    230.92829045601846      o 
  265.76160887941404    123.48225243087732    236.39148817543673      c 
  266.48537391799493    123.37075859986879    239.19017230634591      c 
  267.63810674706616    121.91944907080853    234.90238412739055      c 
  266.67434651292461    120.72892172275128    240.26731609744533      c 
  263.00827817128800    126.94989954783773    237.85035660829416      h 
  267.30362525404058    127.02926803770821    235.64126697356573      h 
  264.07030415479306    122.80195108913033    236.20251558050700      h 
  268.09731015274542    124.21546609920465    239.41504969431227      h 
  265.24571369525592    124.31373184856811    240.15771199238608      h 
  267.67212181415351    120.20924708669455    235.56378820964454      h 
  267.13921909645177    121.88165455182259    233.13926981669621      h 
  269.30673476029563    122.66400109483163    235.04978275143569      h 
  267.13732937050247    120.82151829426685    242.03798931193680      h 
  265.05485137437688    119.88421422341543    240.10290993985646      h 
  267.94991152870028    119.78405874810268    239.35079901203619      h 
  262.62088435168215    125.86897630483971    231.96197055028404      n 
  261.73271315551239    125.70645987320016    229.33147202886232      c 
  262.33742545928754    128.15554470348934    227.96897961941903      c 
  263.23882473710233    128.12719881424991    225.82225094101739      o 
  258.90001395751585    125.22080030423076    229.26533162063694      c 
  261.43791590742205    125.76126192572977    233.07123968252151      h 
  262.58308983269615    124.31562157451739    228.49432343332367      h 
  258.33687562462529    125.11686537701942    227.52300429538491      h 
  258.52962767145362    123.64287913656760    230.12137747566857      h 
  258.02507084299128    126.59274134342054    230.11003911997278      h 
  269.83396830014954    129.01348028447029    227.62315977069764      n 
  270.86197921656725    127.35052144908875    225.65028587963135      c 
  270.00782308748495    128.25758990475140    223.01033872846313      c 
  271.55550863995933    128.68088851739398    221.31714427789282      o 
  270.07018404381171    124.57829348146973    226.11704818910778      c 
  270.86953812036444    123.74870378972824    228.62471452382519      o 
  271.21157851718726    122.84352506001487    224.15362292778795      c 
  268.84186217676853    128.26892826044718    228.67195767255760      h 
  272.69123393548693    127.42800021300992    225.71642628785676      h 
  268.24281905084132    124.49892499159924    225.99988518025131      h 
  269.86042446343976    124.30995239666950    229.71508639656966      h 
  270.69001415518119    121.11820526830651    224.48432496891496      h 
  270.63899155455022    123.34619216252794    222.48688464050781      h 
  273.03894351015765    122.95312916507409    224.22921196575984      h 
  282.39308695917890    121.06151348982760    243.52520363403372      n 
  281.80160273704882    119.46280533672214    241.33123180689964      c 
  282.19655546045198    120.70246555946112    238.76876341965263      c 
  280.88508565163971    122.48447712964840    238.03743947727460      o 
  279.05394120677073    118.50282455447918    241.51453522398148      c 
  278.55316383020693    116.58097326404389    239.41127024241368      c 
  278.56639191185201    117.37087871085014    244.10157004856939      c 
  281.15909591428778    121.22025046956857    244.57022208399508      h 
  283.00724789270049    118.08330539373519    241.41060029677013      h 
  277.89931865175009    119.91067038670559    241.29721673981228      h 
  276.82595431254930    115.98004041216738    239.53032297721941      h 
  278.81205628526067    117.37654788869803    237.78043674817019      h 
  279.70400693332897    115.16556852802027    239.58890448164760      h 
  276.83540294229579    116.77561503682151    244.19227689413566      h 
  279.70967611117680    115.96681233052229    244.37935976311604      h 
  278.84040217450013    118.64644372662575    245.38847342004081      h 
  280.57706032190424    121.05017513413182    232.52510888317462      n 
  278.51914876311957    120.19790873099878    230.90372401867759      c 
  279.12197134094544    119.00927110889081    228.36204261687286      c 
  277.97868714162058    117.14600132288376    227.61560086690045      o 
  276.55950295369837    122.30306343851586    230.54278636236185      c 
  275.06850917970286    122.59786068660624    232.95596639961440      c 
  277.92577481504026    124.78427360994311    229.95697131807972      c 
  280.36163156368434    122.53927918217802    233.13926981669621      h 
  277.87664194035852    118.77683481712725    231.86748425281920      h 
  275.43322628791719    121.87976482587328    229.15950696747629      h 
  273.82317977911600    123.92633802896216    232.74620681924239      h 
  274.22002222846839    121.02182924489236    233.34713967111892      h 
  276.20423447523052    123.03627710684319    234.32601771285488      h 
  276.69367349609843    126.12219958204554    229.72642475226544      h 
  279.03882339917629    125.21324140043359    231.34780961676248      h 
  278.91221176057337    124.59341128906409    228.42440357319967      h 
  284.23368003379437    111.27084334651872    227.23576595109174      n 
  283.67432115280241    108.56664551307439    226.85782076123226      c 
  280.87563702189323    107.97705101689367    226.67829679604904      c 
  279.26370078714268    109.50583930987511    227.39072347893409      o 
  284.90642247174418    107.00384215300561    228.91762204596625      c 
  284.23745948569297    107.87500581563162    231.57835618257673      c 
  284.13352455848161    105.64323946951161    233.40194172364852      c 
  285.86451352803783    105.25206619800709    234.83813344511441      o 
  282.03592875476176    104.23728336323447    233.36225747871327      n 
  282.96756364776525    112.15712481673911    227.73465360170619      h 
  284.38485810973816    108.11689073714166    225.22887699293810      h 
  284.40564509518043    105.25206619800709    228.71920082129003      h 
  286.72622856091743    107.06809283528170    228.70786246559425      h 
  285.47900943438123    109.09009960102973    232.16039177496026      h 
  282.61796434714523    108.73105167066325    231.55756919713446      h 
  280.84729113265377    104.58121348600656    232.30779039900546      h 
  281.87530204907148    102.99006423669832    234.39026839513099      h 
  280.27848362191531    105.78307918975960    225.59926327900033      n 
  277.64798510049360    105.01396072839563    225.32714274230153      c 
  276.81083650495492    104.24106281513306    228.02189194599936      c 
  278.29238164920389    103.05809437087301    229.42784805227649      o 
  277.40610017898354    102.72928205569529    223.53946199426636      c 
  278.55505355615622    103.19415463922240    220.95053744372916      c 
  277.17933306506785    103.03919711138005    219.05892176848266      o 
  280.86996784404533    103.74973406831579    220.88628676145308      o 
  281.36318631681189    104.72105320625455    225.01722768661679      h 
  276.62375363597448    106.35944560429525    224.61849551131507      h 
  278.22246178907994    101.27797252663504    224.30669072968101      h 
  275.63353723854277    102.30598344305271    223.34293049553946      h 
  274.51104002466013    104.95537922396741    228.76455424407317      n 
  273.54539006456929    104.30342377145988    231.25332331929758      c 
  270.75615456340660    104.84766484485746    231.60292261991759      c 
  269.89254980457781    107.01140105680278    231.41583975093715      o 
  275.11386260248599    105.62245248406934    233.29611707048790      c 
  274.64710029300954    104.55664704866571    235.91338751026453      c 
  274.03104963353866    102.33621905824148    236.19117722481121      o 
  275.01748657907183    106.11000177898802    237.84279770449700      n 
  273.48491883419183    105.82087370874554    227.84803715866403      h 
  273.71168594810752    102.48550740823595    231.41395002498786      h 
  276.89398444672401    105.46182577837907    232.88793626543969      h 
  274.72268933098150    107.41391268400309    233.29422734453857      h 
  274.82662425819279    105.57520933533691    239.36591681963054      h 
  275.44834409551157    107.65390787956385    237.57256689374751      h 
  269.34452927928163    102.85967314619680    232.14149451546729      n 
  266.66111843127953    103.08455053416317    232.57424175785633      c 
  265.94680202244518    103.88012515881729    235.27088068750348      c 
  265.75782942751550    102.30976289495132    236.97730321971889      o 
  265.24760342120521    100.62412734817819    231.86748425281920      c 
  266.15845132876649     99.80776573808180    229.44674531176946      o 
  262.35443299283116    101.07388212411092    231.67284248004160      c 
  269.92089569381727    101.34411293486043    232.26432670217162      h 
  266.12821571357773    104.44515321765718    231.46686235156818      h 
  265.54995957309279     99.36745959189554    233.16761570593567      h 
  265.41578903069268     98.46983976597936    229.02533642507618      h 
  261.51917412324178     99.50351986024495    231.22875688195674      h 
  261.71759534791806    101.66914579813955    233.28477871479211      h 
  262.01617204790699    102.33054988039359    230.38215965667158      h 
  265.68413011549285    106.34621752265018    235.66394368495730      n 
  265.03028493703601    107.34966200172700    238.15460248613104      c 
  262.29585148840295    106.84888462516324    238.91994149559639      c 
  260.59320840808618    107.95626403145140    237.81445181525754      o 
  265.49704724651247    110.15401531048406    238.18861755321836      c 
  268.19746562805818    111.09131938133548    238.65915931459341      c 
  270.07396349571030    109.82142354340775    236.91683198934135      c 
  268.28628274767516    113.96559255021654    238.27932439878464      c 
  265.87688216232118    107.47627364032991    234.51121085588599      h 
  266.09420064649038    106.47660861315167    239.36591681963054      h 
  264.94146781741910    110.83242692628176    236.57857104441715      h 
  264.41801372946378    110.88533925286208    239.47930037658838      h 
  268.66422793753458    110.66613104274360    240.38069965440314      h 
  271.75770931653415    110.45637146237162    237.26454156401206      h 
  270.03616897672435    108.00917635803171    237.19273197793873      h 
  269.63365734952407    110.18236119972352    235.17450466408931      h 
  269.99081555394122    114.57030485399166    238.57412164687503      h 
  267.78361564516212    114.37188362931545    236.56345323682277      h 
  267.13921909645177    114.77439525651575    239.45851339114611      h 
  261.91790629854353    104.99884292080125    240.59612841262305      n 
  259.38945297838387    104.39413061702615    241.58067563220689      c 
  258.57876054613536    106.45393190176010    243.41937898087309      c 
  259.68425022647426    106.78841339478571    245.41115013143238      o 
  259.38567352648528    101.76741154750302    242.96206530114313      c 
  260.95603579035128    101.90914099370029    245.16926520992229      o 
  260.26061664100985     99.66603629188451    241.19895099044885      c 
  263.10654392065146    104.06531830184844    241.19139208665166      h 
  258.21593316387026    104.30342377145988    240.17471952592976      h 
  257.67169209047273    101.36489992030270    243.47418103340272      h 
  260.97682277579355    103.40202449364511    245.70972683142131      h 
  260.24171938151687     98.06732813877906    242.09468109041572      h 
  259.13433997522873     99.56966026847034    239.75520036518577      h 
  261.96325972132666    100.02130477035239    240.62069484996391      h 
  256.63045309240994    107.85799828208795    242.70317284608942      n 
  255.69881819940639    109.90268175922753    244.36802140742026      c 
  253.43303678619901    108.85577358331687    245.75696998015374      c 
  251.58488480778638    108.07342704030782    244.58911934348808      o 
  255.13945931841442    112.32342070027727    242.99608036823048      c 
  257.49594757718802    113.26450422302727    241.56366809866321      c 
  254.25128812224474    114.32275075463372    244.81966590930230      c 
  259.88645090304902    113.29473983821605    243.16048652581938      c 
  255.82542983800931    107.68225376880329    241.30288591766018      h 
  257.01028800821865    110.39212078009551    245.55098985168033      h 
  253.80720252415986    111.99271865915026    241.78287630878168      h 
  257.76995783983614    112.19491933572506    240.10102021390716      h 
  257.17658389175682    114.95769867359758    240.93816880944581      h 
  253.89790936972614    115.87232603305743    243.90503854984243      h 
  252.72627928116185    113.75016379199667    245.66059395673955      h 
  255.55708875320911    114.63455553626775    246.06877476178778      h 
  261.29051728337686    113.90323159388973    242.14948314294531      h 
  259.64645570748826    114.40211924450421    244.60045769918386      h 
  260.24927828531406    111.59776593574713    243.75008102200007      h 
  247.33678087376620    109.24505712887211    249.16603559268594      n 
  245.20328027700964    110.96848719463117    249.23406572686062      c 
  242.91293242646145    109.86677696619088    250.56632252111515      c 
  241.31611399930529    111.21415156803980    251.47339097677784      o 
  244.39069811881183    111.79240770852475    246.52986789341628      c 
  246.59600830164169    113.05285491670600    245.12958096498707      c 
  243.49307829289566    109.50394958392582    245.06910973460955      c 
  247.03820417377725    107.82398321500060    248.43471165030792      h 
  245.79098504724109    112.41979672369142    250.18648760530641      h 
  243.02820570936854    113.00939121987216    246.66970761366431      h 
  246.04987750229481    113.55174256732045    243.45150432201115      h 
  247.14402882693787    114.53440006095501    246.05932613204129      h 
  247.98873632627374    111.86988647244593    244.99163097068836      h 
  242.98663173848402    110.01417559023606    243.38347418783644      h 
  244.85368097638965    108.27940716878122    244.95383645170241      h 
  242.06444547522696    108.74805920420692    245.93271449343837      h 
  245.56610765927473    101.14947116208283    244.07889333717782      n 
  247.43693634907893    103.14124231264209    243.60835157580280      c 
  247.51441511300018    104.06909775374702    240.89281538666268      c 
  246.22751174152876    102.98439505885042    239.25631271457129      o 
  250.12223692303033    102.34188823608936    244.35101387387661      c 
  250.75718484199416    100.03264312604817    243.11702282898551      o 
  250.47750540149818    102.15858481900754    247.22150759085909      c 
  245.70027820167482     99.83800135327056    243.13025091063059      h 
  246.86434938644189    104.51696280373046    244.67604673715573      h 
  251.27685947805091    103.65146831895234    243.78976526693535      h 
  252.22928135649667     99.60178560960840    243.52520363403372      h 
  252.19904574130794    101.64835881269728    247.59378360287062      h 
  250.14680336037119    103.79130803920033    247.98495687437517      h 
  249.31343421673111    100.91892459626857    247.90369865855538      h 
  248.83344382560958    106.14212712012606    240.42416335123698      n 
  249.12068216990281    107.29485994919737    237.96562989120130      c 
  251.89479986347109    107.59532637513563    237.42894772160091      c 
  253.18359296089181    109.06553316368887    238.65915931459341      o 
  247.86590413956941    109.92724819656839    237.85224633424349      c 
  245.04832274916728    109.70803998644992    238.40215658548897      c 
  248.40825548701773    111.12344472247354    235.30300602864153      c 
  243.78031663718883    112.22326522496452    238.85758053926958      c 
  249.62145954646653    106.94904010047598    241.59390371385197      h 
  248.30810001170499    106.21582643214866    236.72596966846234      h 
  248.56888219270800    111.02517897311009    239.14103943166418      h 
  244.22818168717231    108.87089139091125    236.99242102731324      h 
  244.80643782765722    108.64223455104629    239.87425309999151      h 
  247.62212949211010    112.77695492810859    235.22363753877104      h 
  250.22050267239376    111.29729950980888    235.08190809257377      h 
  247.72984387122000    110.06141873896848    233.97263896033630      h 
  241.99830506700158    111.95870359206290    239.19584148419381      h 
  244.55888372829929    113.04907546480740    240.29755171263406      h 
  243.96928923211860    113.28151175657095    237.37225594312198      h 
  252.82643475647461    106.11567095683591    235.62992861786995      n 
  255.51551478232454    106.06653808215418    234.92695056473138      c 
  256.25628735444906    107.77674006626816    232.72730955974941      c 
  254.94103809373820    107.88445444537811    230.78845073577048      o 
  256.33943529621814    103.39824504174651    234.34869442424645      c 
  255.63834696902887    101.47639375131124    236.45006967986492      c 
  254.69537372032957    102.27007865001607    238.46262781586645      o 
  256.06731475951932     99.21061233810387    236.07968339380270      o 
  251.90991767106550    105.09143949231682    234.76254440714251      h 
  256.38478871900128    106.73550106820539    236.39526762733533      h 
  255.57409628675276    102.86534232404469    232.77077325658328      h 
  258.15546193349280    103.37367860440565    234.09736087298992      h 
  258.42569274424227    109.00884138520995    233.04856297112994      n 
  259.51228516508820    110.68313857628728    231.13616031044117      c 
  261.74216178525893    109.34521260418485    229.89461036175291      c 
  262.85898982129351    107.71626883589065    231.11159387310033      o 
  260.37400019796769    113.22481997809203    232.36259245153505      c 
  258.18191809678291    114.50416444576626    233.72130540907978      c 
  261.50027686374887    114.93124251030743    230.40294664211387      c 
  258.83009409739191    117.04773557352030    234.80600810397638      c 
  259.31953311825987    108.89545782825212    234.39971702487748      h 
  258.24994823095761    111.07431184779180    229.86626447251345      h 
  261.66468302133774    112.86010286987768    233.61359102996983      h 
  256.78541062025226    114.69502676664527    232.54967532051549      h 
  257.59988250439937    113.41190284707247    235.07245946282725      h 
  262.02751040360278    116.50160477417340    231.18907263702150      h 
  262.95347611875843    114.11299117426174    229.64138708454706      h 
  260.25116801126336    115.28462126282601    229.10848436684526      h 
  257.35610785694007    117.75071362665886    235.63937724761644      h 
  260.19069678088590    116.86632188238778    236.02110188937448      h 
  259.36299681509371    118.17023278740285    233.45863350212744      h 
  262.37144052637490    109.98016052314871    227.53245292513137      n 
  264.46147742629762    108.76695646369991    226.19830640492754      c 
  266.64978007558375    110.53385022629280    225.56713793786227      c 
  266.33041639015255    112.30830289268287    224.11204895690341      o 
  263.50338637000391    107.54997295235249    223.81536198286375      c 
  261.68547000678001    105.38623674040718    224.35393387841347      c 
  259.53685160242907    105.40513399990014    223.39962227401838      o 
  262.48671380928198    103.63068133351007    225.71264683595814      o 
  261.60043233906157    111.11966527057494    226.66884816630252      h 
  265.13421986424737    107.51217843336656    227.35292895994814      h 
  262.66056859661734    108.81042016053374    222.78546134049677      h 
  264.92257055792612    106.92258393718582    222.84026339302639      h 
  268.90233340714605    109.93858655226417    226.50255228276438      n 
  271.07740797478715    111.48060292689071    226.03201052138940      c 
  272.83674283358283    110.11433106554882    224.21598388411476      c 
  272.98603118357732    107.78807842196395    224.30858045563033      o 
  272.40399559119379    112.17791180218138    228.49432343332367      c 
  270.70513196277562    113.60654461985008    230.29712198895319      c 
  272.04305793487805    114.24716171666184    232.78022188632974      c 
  269.87554227103413    115.98004041216738    228.97620355039444      c 
  269.18957175143925    108.62900646940120    227.42284882007212      h 
  270.55017443493324    113.05474464265529    225.25533315622823      h 
  273.00303871712106    110.65101323514924    229.31068504342008      h 
  273.87987155759492    113.19836381480188    228.11826796941352      h 
  269.26894024130974    112.55963644393941    230.74309731298735      h 
  270.89221483175601    115.15989935017238    233.87815266287143      h 
  272.57596065257985    112.69947616418740    233.60603212617264      h 
  273.50948527153270    115.29029044067390    232.43251231165908      h 
  268.77950122044172    116.94569037225826    230.08358295668262      h 
  271.34574905958738    116.98537461719350    228.54534603395470      h 
  268.96658408942216    115.54351371787972    227.44552553146369      h 
  274.04994689303163    111.51272826802875    222.51523052974727      n 
  275.66944203157936    110.40723858768987    220.60471759500780      c 
  278.07695289098399    111.94925496231642    220.26267719818500      c 
  277.98813577136707    114.25850007235762    220.07181487730597      o 
  274.24080921391072    110.32787009781941    218.11216906788476      c 
  271.75204013868625    108.88600919850562    218.20287591345104      c 
  272.13754423234286    106.11945040873449    218.80380876532755      c 
  269.73381282483683    104.66814087967424    218.34460535964831      c 
  270.22514157165415    101.90347181585241    218.73766835710214      n 
  273.94979141771887    113.13411313252577    222.44531066962327      h 
  276.13809406700511    108.71782358901817    221.13951003865890      h 
  273.90632772088509    112.04752071167987    217.56981772043645      h 
  275.31795300501011    109.56442081430333    216.84038350400772      h 
  270.65788881404313    109.63812012632592    219.46710257353087      h 
  270.89599428365460    109.04663590419588    216.58904995275120      h 
  273.48491883419183    105.43725934103821    217.76445949321408      h 
  272.65721886839958    105.92669836190619    220.55180526842744      h 
  268.42045329007527    105.24450729420988    219.48599983302384      h 
  269.13099024701103    104.96671757966320    216.64007255338223      h 
  268.80784710968123    101.03797733107429    218.46743754635264      h 
  271.40999974186343    101.38568690574498    217.66241429195202      h 
  270.74859565960941    101.64457936079869    220.31558952476530      h 
  256.34321474811674    116.20302807418445    215.68009177113922      n 
  255.90101887598121    114.73282128563122    217.99500605902833      c 
  255.92369558737278    116.45814107733958    220.25700802033711      c 
  254.07554360896006    116.65845202796507    221.58548536269302      o 
  257.94003317527290    112.72971177937617    218.36350261914129      c 
  258.50506123411276    111.20470293829331    215.97677874517890      c 
  256.77974144240443    110.90990569020295    214.38373976992136      o 
  260.62155429732564    110.23527352630384    215.71410683822657      o 
  257.65279483097970    115.70980960141787    214.85239180534705      h 
  254.27018538173769    113.91079049768693    217.82871017549016      h 
  259.48204954989944    113.54418366352327    218.93042040393044      h 
  257.41846881326688    111.58264812815275    219.69575941339582      h 
  258.03451947273771    117.80173622728989    220.59526896526128      n 
  258.38978795120562    119.46469506267145    222.76089490315590      c 
  256.14101407154197    121.22591964741646    222.92719078669407      c 
  254.96938398297769    121.47158402082509    224.92841056699982      o 
  260.82375497390041    121.03127787463883    222.44720039557257      c 
  263.29929596747979    119.48737177406301    222.36594217975281      c 
  265.52728286170122    121.19946348412628    221.85004699559465      c 
  263.66401307569419    118.06818758614079    224.82825509168705      c 
  259.29496668091900    117.76772116020254    219.57103750074219      h 
  258.53340712335222    118.46125058359462    224.28779347018806      h 
  260.69336388339894    122.00826619042549    220.90140456904746      h 
  260.92957962706112    122.22936412649327    223.83047979045813      h 
  263.18591241052195    118.26660881081702    221.00344977030949      h 
  267.06551978442911    120.20357790884665    221.80469357281152      h 
  265.29484656993765    122.03661207966495    220.23622103489481      h 
  265.65200477435485    122.45613124040895    223.17852433795059      h 
  265.22303698386435    117.10631707794852    224.75455577966449      h 
  263.74905074341251    119.26249438609663    226.21531393847121      h 
  262.25427751751840    116.92679311276528    225.09092699863936      h 
  249.67437187304688    118.05684923044502    224.79424002459973      n 
  249.72539447367788    117.73559581906449    227.54001182892858      c 
  248.84289245535606    120.15633476011423    228.93273985356061      c 
  247.58055552122556    119.97114161708309    230.83002470665502      o 
  252.48061490775322    117.03639721782453    228.38849878016302      c 
  252.68092585837871    116.91923420896811    231.25521304524690      c 
  253.39524226721309    114.60620964702829    227.13183102388035      c 
  251.06521017172963    117.63544034375174    224.06858526006960      h 
  248.56510274080938    116.38822121721559    227.98220770106411      h 
  253.59933266973721    118.37243346397766    227.82158099537386      h 
  254.39679702034064    116.48459724062972    231.73142398446979      h 
  252.24439916409108    118.55195742916089    231.96575000218266      h 
  251.52819302930746    115.64555891914178    231.89771986800795      h 
  255.09788534752985    114.23015418311816    227.69496935677094      h 
  252.28219368307705    113.22481997809203    227.58914470361029      h 
  253.38768336341587    114.81785895334959    225.31202493470715      h 
  241.84523726510849    119.60642450886874    228.90628369027047      n 
  241.02131675121493    117.35009172540785    230.35948294528001      c 
  241.21217907209393    118.07952594183658    233.10336502365956      c 
  239.56244831835747    117.47292391211218    234.63404304259032      o 
  242.72395983153169    115.06352332675823    229.88516173200642      c 
  241.79988384232536    112.66924054899866    231.18529318512287      c 
  243.75763992579732    110.57164474527875    230.93773908576495      c 
  244.54754537260351    110.16535366617984    228.32613782383621      n 
  243.04332351696294    109.28096192190874    226.55924406124331      c 
  243.85779540111005    109.02584891875362    224.21976333601336      n 
  240.66604827274705    108.71404413711959    227.12427212008316      n 
  243.21528857834900    119.37209849115588    228.06346591688390      h 
  239.32623257469530    116.87010133428636    229.85492611681767      h 
  242.83356393659096    114.76116717487068    228.08047345042755      h 
  244.41904400805132    115.44713769446557    230.46908705033925      h 
  241.47296125309694    113.00939121987216    232.95596639961440      h 
  240.21251404491568    112.13066865344895    230.44263088704909      h 
  245.22406726245191    110.98927418007342    231.95630137243614      h 
  243.06411050240519    109.01451056305784    231.61048152371478      h 
  246.08011311748356    110.52440159654631    227.92173647068662      h 
  245.38280424219289    109.43969890164971    223.83992842020461      h 
  242.86379955177969    108.44570305231937    223.07269968478994      h 
  240.11802774745084    108.92569344344086    228.63983233141954      h 
  239.67394214936598    108.13389827068534    225.97531874291047      h 
  243.26820090492930    119.39666492849675    233.70051842363748      n 
  243.80866252642829    120.29050530251433    236.21952311405067      c 
  241.71862562650560    122.10086276194106    237.06423061338654      c 
  240.70195306578367    121.82307304739436    239.14103943166418      o 
  246.32955694279079    121.68512305309568    236.24031009949297      c 
  248.54242602941784    120.09775325568602    237.12659156971336      c 
  250.97639305211266    120.95190938476834    236.75242583175250      c 
  248.19849590664575    117.81118485703639    238.37947987409740      c 
  253.02863543304940    119.54784300444052    237.60469223488553      c 
  250.28475335466985    116.39766984696206    239.26576134431781      c 
  252.68470531027734    117.30284857667543    238.86702916901609      c 
  244.40770565235553    119.79728682974775    232.61392600279157      h 
  243.89370019414665    118.85998275889634    237.36091758742620      h 
  246.68104596936010    122.29928398661728    234.54900537487194      h 
  246.18404804469492    123.15532984164892    237.32501279438955      h 
  251.24662386286215    122.47880795180050    235.92472586596031      h 
  246.56955213835155    117.20269310136268    238.63837232915111      h 
  254.65946892729292    120.13743750062125    237.31556416464306      h 
  250.03530952936262    114.87455073182851    240.10668939175505      h 
  254.07365388301076    116.39955957291136    239.44906476139963      h 
  235.81890121279969    118.61998756333560    238.44939973422140      n 
  236.02299161532378    117.48993144565586    240.95139689109092      c 
  235.44662520078813    119.49682040380949    242.96206530114313      c 
  234.07279443564906    118.99415330129644    244.72895906373603      o 
  238.72718944876809    116.39011094316487    241.36902632588561      c 
  237.14737855515560    118.46880948739182    237.52532374501504      h 
  234.81356700777354    116.11988013241537    241.08934688538960      h 
  238.83301410192874    115.64555891914178    243.04143379101362      h 
  239.06734011964159    115.10509729764277    240.10668939175505      h 
  239.96495994555775    117.73370609311519    241.21973797589112      h 
  260.42333277113988    123.31773876281079    243.23059428404011      h 
  257.03150193831084    124.85762125039160    237.96479184857643      h 
  264.55523869317437    129.09177649470425    237.41166752233460      h 
  262.00481816471103    129.81330709335469    228.81293483737380      h 
  271.11141214288011    129.67552036230734    228.53002367259697      h 
  268.17085403159615    128.51232869190184    222.64741035867644      h 
  283.69826349095200    120.38817226216410    244.38292607433664      h 
  283.55585861777212    120.07560177737041    237.61533336598779      h 
  280.74220115694317    119.98455774422355    233.84030850891062      h 
  280.47346085015073    119.75070154601882    227.26896385645901      h 
  285.44954538749454    111.43997140731257    228.41289343499002      h 
  253.42790255083904    108.79472621272502    247.64570262977668      h 
  248.62522222440174    109.96953221648262    248.32483602885731      h 
  242.70982724106477    107.99295707963718    250.70274641979137      h 
  245.70962829166166    100.60331151814800    245.68316059783072      h 
  279.75350904742203    111.08025177574714    220.19156405398073      h 
  254.99795238366821    116.05783900370172    214.64967861279604      h 
  255.59221981590821    122.20381162542776    221.40613315866975      h 
  248.44104381885194    117.09068944005645    224.13242498817883      h 
  249.31725205236521    121.85823786607914    228.26223783727971      h 
  240.63309573657796    120.03948234982737    227.79464715188254      h 
  241.17569897088930    123.51198202866843    235.93063578922497      h 
  234.54237446654454    117.88675367153911    237.59768998425974      h 
  236.20306947411157    121.22258503303789    242.81856384059287      h 
  -0.2876639584021D-01  -0.7539196524603D-01   0.1854935763803D+00
   0.1738702978311D-01  -0.1086045280282D+00  -0.1860347536333D-01
  -0.6888900220543D-01   0.3705751945253D-01   0.3043346197313D-01
   0.1169698107002D-01   0.3223198990694D-02  -0.9836112075685D-02
   0.1587845630496D+00   0.6892517897206D-01  -0.1405076496611D+00
  -0.1033541754996D+00   0.4820023291685D-01   0.1575921279685D-01
   0.8590425553521D-01   0.7561393134543D-01   0.3328343818581D-03
  -0.3979092896778D-01  -0.1132183344299D-01   0.1974634321804D+00
   0.8986213517369D-01   0.5287126611533D-01   0.8000263783865D-02
  -0.2404341368610D-02   0.5060926257670D-03  -0.3898013426674D-02
  -0.5460553493413D-02   0.1078024329951D-02   0.3577806605476D-02
  -0.8291154439556D-01  -0.3821940334943D-01  -0.1016261263644D-01
   0.1746368917936D-01   0.7037801515715D-01   0.6146788805698D-01
   0.5937150497032D-01  -0.5009011895447D-01  -0.4371952538668D-01
   0.9142106608844D-02  -0.7916597241578D-01   0.3896006565056D-01
   0.1145683896497D+00   0.1178565958820D+00  -0.1508842305038D+00
  -0.1035569851579D+00  -0.4511454623972D-01  -0.6811256237837D-02
   0.1026721628320D+00   0.4330358369761D-01   0.1355664652601D-01
  -0.1040552611085D+00  -0.4993739238162D-01  -0.1111507665768D-01
   0.8112844550572D-01  -0.5609809130522D-01  -0.5969606101608D-01
  -0.3048328073587D-03   0.1033406851306D+00  -0.3811369304734D-01
   0.3013639404953D-01   0.2625464775209D-02   0.1093197775182D+00
  -0.1031526080982D+00  -0.4665040060186D-01  -0.8943955578143D-02
  -0.2873793270040D-01  -0.8568427260676D-02  -0.1089698080807D+00
   0.9998668873479D-01   0.5245957766522D-01   0.1083703497433D-01
  -0.7891031391712D-01   0.5796969640364D-01   0.5372393753470D-01
  -0.1391166565320D+00  -0.1489859227266D-01   0.1526508177923D+00
   0.3390661496473D-01  -0.8138702861729D-01  -0.5390325348329D-01
  -0.3062508184649D-01   0.6723272041718D-01   0.6958937953820D-01
   0.1258298573549D-01  -0.6811743764645D-03  -0.2621920026625D-01
  -0.9022271970754D-01  -0.2155659517806D-01  -0.6652047538190D-02
   0.1519989376246D+00   0.1376528808794D-01  -0.1558453326187D+00
  -0.5651482013788D-01   0.8283544689401D-01   0.5323158815565D-01
   0.3252343367051D-01   0.6717132704472D-02   0.1072429809874D+00
   0.1970417684152D-01   0.9784546363622D-01  -0.5249065927148D-01
   0.5355897924574D-01  -0.8553543573227D-01  -0.5201107595162D-01
  -0.3719088133120D-01  -0.5074472929879D-01   0.2082385678289D+00
   0.1022358244981D+00  -0.2779199811489D-02   0.4779599177461D-02
  -0.9647120783630D-01   0.9131765121523D-02   0.1520472346092D-02
   0.1888002070193D-01   0.6203166130896D-02  -0.2420714194338D-01
  -0.9559201517015D-01  -0.1864703447547D-02  -0.2615066568067D-01
  -0.1129868214049D+00   0.5628487384142D-01   0.1435848402712D+00
   0.3208080347923D-01  -0.5537609611529D-01  -0.6369887697076D-01
   0.1471164802080D+00   0.1055309670419D+00  -0.1339905287239D+00
  -0.1133054145199D+00  -0.5471247924130D-02   0.7282013616820D-03
   0.1130731600428D+00   0.5062533410185D-02   0.1948887569494D-02
   0.1169405501707D+00  -0.6543062677791D-01  -0.1209566067004D+00
   0.3244577578286D-01   0.1055875943045D+00  -0.2375112055874D-01
   0.3597299270344D-01  -0.3373920070551D-01   0.1013509209550D+00
  -0.1136753117201D+00  -0.7091159122631D-02  -0.6049888831082D-02
  -0.6548602177398D-01  -0.3736512933924D-01   0.2002462931252D+00
   0.5791565592776D-01  -0.6716640516492D-01  -0.1977406506266D-02
   0.7749366607261D-01  -0.6600890324821D-01  -0.3941254893950D-01
  -0.1416413898892D-01   0.2064000276617D-01  -0.8359625005971D-02
  -0.6056189059378D-01   0.7058941161089D-01  -0.2407085113181D-02
  -0.1886289120078D-01  -0.6236694379491D-01  -0.7257513252117D-01
  -0.1832473260643D-01  -0.3180643692163D-01   0.8291679751049D-01
   0.1744039118619D+00  -0.3188042127964D-01  -0.1316546469745D+00
  -0.6881604568803D-01   0.9124597389743D-01  -0.4065927624303D-03
   0.6680117504048D-01  -0.8969681739821D-01   0.1599058635196D-01
   0.1069507657581D+00   0.3534136228723D-01  -0.8974564104046D-02
  -0.1577184920423D-01  -0.5048588419821D-01   0.1003262127317D+00
  -0.7202449119629D-01   0.8778386012810D-01  -0.1163606706242D-01
   0.1071040777208D+00   0.3574209558109D-01  -0.3346800605877D-02
  -0.7184590932837D-01   0.8922211380130D-01  -0.1707618425499D-01
  -0.1361755752720D-01  -0.7717516539595D-01  -0.8020622344928D-01
  -0.3336439011933D-01   0.1096562744829D+00   0.1811198013088D+00
  -0.3676528064203D-01  -0.6040490367041D-01   0.4106392553985D-01
   0.4847577375335D-01   0.3516426134343D-01  -0.3637814214606D-01
  -0.2181903942425D-02  -0.1163911860884D-01  -0.6646845396276D-02
  -0.6434221451373D-01  -0.2531684558307D-01  -0.6387907546090D-01
  -0.4521483158757D-01   0.9956544736732D-02   0.7140300785089D-01
   0.4572039548265D-01   0.8229312500069D-01  -0.1589975652472D-01
   0.2667010202448D-01  -0.2057602492009D+00  -0.7344953095260D-01
   0.5947580296093D-01   0.8843198686989D-01  -0.5206908504478D-01
   0.6883295688671D-01   0.2650705872583D-01   0.8320533577345D-01
   0.7589074415129D-01  -0.8126278787529D-01   0.1573815712896D-01
   0.5374780309111D-01   0.9825020350543D-01  -0.2267774914597D-01
  -0.7128483876706D-01  -0.2772026826474D-01  -0.8586527402477D-01
   0.7839304234430D-01  -0.7949634848984D-01   0.1405257316418D-01
  -0.6691026342144D-01  -0.2892823812396D-01  -0.8456471259696D-01
  -0.6067880495138D-01   0.1290787024627D-01   0.9532430182909D-01
  -0.6983264319644D-01   0.1289069503578D+00   0.1511337428317D+00
   0.3746635314955D-01  -0.3826211218416D-01  -0.8117806517005D-01
   0.1409308910845D-01  -0.2427584846591D-01  -0.5051355685795D-02
  -0.1730385143487D-02   0.6949660612616D-02  -0.1723170502485D-02
   0.6209099481812D-01  -0.7023982725391D-01  -0.2336936503829D-01
  -0.9625038038417D-02   0.1054470967548D+00   0.2273614233379D-01
  -0.5498535465982D-02  -0.1476047627136D-01   0.7014563653518D-02
  -0.1658892537858D-01   0.7282284377392D-02  -0.1538572267959D-01
  -0.1629809016310D+00  -0.1196517085159D+00  -0.7953213809915D-03
   0.1852016368934D+00  -0.1182530404057D+00  -0.5857296261548D-01
  -0.4605960875735D-01   0.3127871158510D-01   0.1003008731644D+00
   0.3642695965277D-01   0.1093820782462D+00   0.1396020501017D-01
  -0.1129623277322D+00  -0.8763236401034D-02   0.1347060821048D-01
  -0.8193422909991D-01  -0.6859781433676D-01  -0.3981994753864D-01
   0.1066351633746D+00  -0.4667662908549D-01   0.2536804901682D-02
   0.1577934223613D+00  -0.4311139782111D-01   0.1450627457080D+00
   0.1792922906302D-01   0.1697985460492D+00  -0.1386449705413D+00
   0.1417189974648D+00  -0.1284873504374D+00  -0.7090943941575D-01
  -0.5737952251475D-01   0.7977700106043D-01  -0.4494894165464D-01
  -0.2310010802082D-01   0.1400719128709D-01  -0.1080366105404D-01
   0.2020942223799D-01  -0.1590027805372D-01   0.1911019004448D-01
  -0.4146198229706D-01  -0.9221496062826D-01   0.8404326363697D-02
  -0.3054216416228D-01  -0.1581053151024D-01   0.2040890561570D-01
   0.9727400602638D-02   0.4197908769818D-02   0.2392306481555D-03
   0.6899544120068D-02   0.3957526691996D-02  -0.2413476301988D-02
  -0.1464511744580D+00   0.1368105975071D+00   0.7799297607806D-01
   0.5961430260858D-01  -0.8339882420526D-01   0.3299238121583D-01
  -0.5868338442312D-01   0.8806090932259D-01  -0.4669334614418D-01
   0.1114846132537D+00   0.1844753050124D-01   0.1321822762560D-01
  -0.1206966522232D+00   0.1044142521022D+00  -0.1168737978293D+00
   0.2169255845166D-02  -0.7891256510634D-01   0.5259384325955D-02
   0.6153174091797D-02  -0.3770592766625D-01   0.9141566256526D-02
  -0.5401922754783D-02   0.1257542997277D-01   0.2714553699389D-03
   0.7645215058295D-01   0.6868903930986D-01  -0.2823143972881D-01
   0.7872384743490D-02   0.3547187926880D-01   0.1337852676979D-01
   0.1119924251342D-02  -0.5352500764782D-02  -0.1601906548639D-02
   0.2579216682406D-01   0.1133025570510D+00   0.1521401366991D+00
   0.1297367284249D+00  -0.1172625982018D+00   0.1306536462047D+00
  -0.1723947097250D-01   0.1144056278836D+00  -0.1538108947138D-01
  -0.1068753502409D+00   0.1871619354375D-01   0.2505167870349D-01
   0.2975786684585D-01  -0.1111492592183D+00   0.6716065486297D-03
   0.2701205472501D-01   0.7666722770574D-01  -0.2042977314660D+00
  -0.5862350525816D-01  -0.2073388016188D+00   0.3786039332436D-01
   0.7611617605102D-01  -0.1733501953778D+00   0.3160627199847D-02
  -0.1322236798137D-01   0.6264901968610D-01  -0.4867691553662D-01
  -0.7351976369672D-02   0.1694293408329D-01  -0.1180415716556D-01
   0.3045754931785D-02  -0.3944140364353D-02   0.2224618203814D-02
   0.2026463698013D-01  -0.7355693464467D-01   0.8316534294468D-01
  -0.9140856505745D-01  -0.1516353317109D+00  -0.5744918283752D-01
  -0.1075443349270D+00   0.1213372407131D-01  -0.1081615193904D-01
  -0.8179250031464D-01   0.1984414282976D+00  -0.1669472186684D-01
   0.4074135096161D-01  -0.8335327985623D-01   0.6978658421261D-01
  -0.2195190260050D-01   0.7931491088156D-01  -0.7817531331846D-01
   0.8563148081001D-01   0.1494016035394D+00   0.4802260419613D-01
   0.4811367996857D-01   0.9718826181055D-01   0.2653161546992D-01
   0.3608753611130D-01  -0.3566775966654D-01  -0.1009633566823D+00
   0.1758691816834D-01  -0.7792610685412D-01   0.8227903062893D-01
   0.3006155981750D-01   0.1395941279409D+00  -0.1510951819310D+00
   0.4063480949957D-01  -0.3027382033030D-01   0.5398235766540D-01
   0.8621782713126D-02   0.1002408848065D-01   0.2592123246086D-01
   0.8216152382892D-02  -0.4925448513438D-02  -0.7823972445930D-02
  -0.8082460090732D-01   0.5241170085175D-01  -0.1234785134231D-01
   0.2609851351232D-01  -0.1904165433341D-01   0.8387431204259D-01
   0.6039390577377D-01  -0.3975470689236D-01  -0.5297739598713D-01
   0.6761878573730D-02   0.9782300279461D-01  -0.1422429288535D-01
  -0.2219913181971D-01  -0.1425303650376D+00   0.1600790846155D+00
  -0.6704372482817D-01   0.5469138683754D-01  -0.7618799078436D-01
   0.3437363377887D-01  -0.3999638329337D-01   0.1030588228164D+00
   0.6483984395045D-01  -0.4332567178884D-01  -0.8301830851738D-01
  -0.2744656455453D-01   0.2306307407632D-01  -0.1064479156438D+00
  -0.1022718811341D+00  -0.4048832907777D-01  -0.2340681083630D-01
   0.2440506166084D-02   0.1120794820891D+00  -0.1657498836349D-01
   0.2813610128101D-01  -0.1979995098083D-01   0.1078563259991D+00
  -0.1053665785798D+00  -0.3400857207583D-01  -0.1924329603362D-01
   0.3191871792844D-01  -0.2242455357841D-01   0.1052353910441D+00
   0.7112491199387D-01  -0.4759531697322D-01  -0.7348617173093D-01
   0.1587796960083D+00  -0.1206279317650D+00   0.6263525437989D-01
  -0.6601242942078D-01   0.4850100415102D-02  -0.6996589719264D-01
   0.8530084234485D-03   0.2761878206257D-03   0.3320553681456D-02
  -0.8820115020252D-02  -0.2304572177952D-02  -0.1296200214172D-01
  -0.1029387658341D+00  -0.4105690357128D-01   0.2122044324654D-01
   0.2627522649974D-03   0.1798102937019D+00   0.7084055910170D-01
   0.2109188199164D-01  -0.7291447837741D-01  -0.5994965723045D-01
  -0.1629649140798D+00   0.1205512834175D+00  -0.7746268791212D-01
   0.7306186333571D-01   0.6443538465429D-02   0.8481848974083D-01
   0.1075072411974D+00   0.1841238343849D-01  -0.3153112415268D-01
  -0.8185700440151D-03  -0.1726035786204D+00  -0.6407057153563D-01
   0.2369319773815D-02   0.9590047957013D-01  -0.5799656556944D-01
   0.7184801207181D-01   0.3498255113650D-02   0.8703847072637D-01
  -0.1060085042695D+00  -0.2152184758049D-01   0.3665467844827D-01
  -0.9514462256862D-01  -0.3869360521282D-01  -0.1857942193721D+00
   0.5714956413106D-01   0.4062574486135D-01   0.4819776937021D-01
   0.2601211194599D-01   0.4778000031701D-02   0.9342400780704D-01
  -0.1470937006401D-01  -0.6191015858834D-02  -0.1487284100286D-01
  -0.6819425657530D-01  -0.2299427186204D-01  -0.3814340424941D-01
   0.1916501274383D-02   0.3612630086183D-01  -0.1047794020271D+00
  -0.2882785162932D-01   0.6094393906743D-01   0.4878846300169D-01
   0.7841847500342D-01  -0.5733007845369D-03   0.4775240573240D-01
   0.1064580248132D+00   0.2577189477673D-01   0.1892933536445D+00
  -0.8196043135604D-01  -0.1430238026576D-01  -0.7720360624304D-01
   0.8000944580446D-01   0.1977898808767D-01   0.7893270614244D-01
  -0.1693740971613D-01   0.7282511001088D-01   0.8866384516550D-01
   0.2062307139375D-01  -0.1044097636427D+00   0.3245713879966D-01
   0.2175485656376D-01  -0.9317599228819D-01   0.5723807316459D-01
   0.9447742811408D-01   0.3557802430243D-01  -0.5185775084199D-01
  -0.7992542695163D-01  -0.1925002651020D-01  -0.7785052799952D-01
  -0.8393023951504D-01  -0.3666613840662D-01   0.6382553380641D-01
   0.1459115836888D-01  -0.6918943147243D-01  -0.8912576341073D-01
  -0.2545112304594D-01   0.1048384961064D+00  -0.3453682374802D-01
   0.5493384370869D-01  -0.1195939991505D+00  -0.1587208440453D+00
   0.2987796867075D-01   0.8630587112357D-01   0.5158372090259D-01
  -0.1563833055347D-01  -0.7399998688514D-01   0.7116444643560D-02
   0.9742478813068D-02  -0.9189990731672D-02  -0.4012215247194D-02
  -0.7314442529273D-01   0.5646217632937D-01   0.4288275896236D-02
   0.7228153029383D-01   0.4273750294712D-01  -0.5253700050104D-01
  -0.2824998394154D-01  -0.7118337678086D-01  -0.4598343360138D-01
   0.4998887191991D-01   0.1984702898134D+00   0.9235262648058D-01
  -0.3001502426770D-01  -0.9224908147938D-01  -0.5677616004380D-01
   0.8424558853918D-01  -0.7395674970577D-01  -0.1157099137984D-01
   0.3479653721557D-01  -0.2958089482564D-01   0.9763877697844D-01
  -0.3236870935305D-01  -0.9202674994824D-01  -0.5847097989463D-01
  -0.8628645026093D-01   0.7471419365224D-01   0.1117784199094D-01
   0.3122480110996D-01  -0.3210933858066D-01   0.1013609624499D+00
  -0.8355435013586D-01   0.7552704213659D-01   0.8880458394112D-02
   0.8949946926237D-01   0.4667023646457D-01  -0.5350522708731D-01
   0.2883586743124D-01  -0.2128062093165D+00   0.2810342290138D-02
  -0.2398537852397D-01   0.8221642033582D-01   0.4960580247924D-01
   0.3525784153096D-01   0.3379070163017D-01   0.2497327893389D-01
  -0.1418376156576D-01  -0.8892770628798D-02  -0.7773213543043D-02
   0.4713781513902D-01   0.6788420208133D-01  -0.3130976654136D-01
   0.1715052229748D+00  -0.4275612143224D-01   0.4321785282799D-01
   0.1893432451818D-01  -0.8979063655015D-03   0.9194212143386D-01
  -0.1998923745425D-01   0.1732937193106D+00   0.1450515023912D+00
   0.2707564670060D-01  -0.8773986260004D-01  -0.6452997496559D-01
  -0.7288723184768D-01  -0.8151879277057D-01   0.4067299731607D-01
  -0.1648173400435D+00   0.4758283441284D-01  -0.4243802289952D-01
  -0.1064410620845D+00   0.3129872422067D-01  -0.1949208836628D-01
   0.2049837122809D-01  -0.1018889965072D+00  -0.4313541914212D-01
   0.7219331660234D-01   0.7843365799358D-01  -0.4225091946997D-01
   0.9428598546657D-01   0.8688822595488D-01   0.1435614179164D+00
  -0.2728390764577D-01  -0.5807745025771D-01  -0.5736785915432D-01
  -0.1467402251064D-01  -0.2745337431973D-02  -0.1103914290334D-01
  -0.4006173447406D-02  -0.1898944955513D-02  -0.7267997351025D-03
   0.3691617202594D-01   0.5392025342273D-01   0.5496934923792D-01
  -0.5259050877126D-01  -0.8254267452201D-01   0.1074924336200D-01
   0.1979626821586D-01   0.4009542054995D-01  -0.7923304080960D-01
  -0.4316897132347D-01   0.7198959355822D-01   0.1698202102076D-01
  -0.1075766678991D+00  -0.1038935427862D+00  -0.1610820936581D+00
   0.4764949608608D-01   0.6894716713456D-01   0.7497972689307D-01
  -0.4915128707618D-01  -0.6169065582821D-01  -0.8044626956681D-01
   0.4999219505202D-01   0.5129713095709D-01   0.8997104373700D-01
   0.1060136541425D-01   0.6456088675054D-01  -0.9196539856055D-01
   0.4727695458499D-01  -0.1029668201596D+00   0.1313542248227D-02
  -0.1117079772328D+00  -0.1031342280591D-01   0.1228110695589D-01
   0.3566881882531D-01   0.6989153391136D-01   0.7795957557706D-01
   0.1086792577530D+00   0.1894424551894D-01  -0.2002732113305D-01
  -0.4655529448754D-01  -0.5031893848155D-01  -0.8556496648055D-01
  -0.1044464168872D-01  -0.6531970122590D-01   0.9151761523382D-01
  -0.1264012539513D+00  -0.1292044141692D+00  -0.8135952890343D-01
   0.5352353986326D-01   0.1979165798690D-01   0.5479742179411D-01
   0.2115597437921D-01   0.8154233656975D-02   0.2671777163725D-01
  -0.9969341532235D-02  -0.4272603727218D-02  -0.1343429512017D-01
   0.5602445118128D-01  -0.2827770202063D-01  -0.8922032674462D-01
   0.9319969518438D-02   0.1225810781307D-02  -0.2357579469314D-01
  -0.1207709664630D-02  -0.1287582951747D-01  -0.7652692692490D-03
  -0.8624562311969D-02   0.1199406439617D-01   0.1634785108982D-01
   0.1250221546526D+00   0.1350159078254D+00   0.1113354983193D+00
  -0.5789605282957D-01  -0.3740643212941D-01  -0.9293447824931D-01
   0.5209521715599D-01   0.3729671115312D-01   0.9654986972359D-01
  -0.1123149453428D+00   0.1906279537473D-02   0.8848917469048D-02
   0.1132137132608D+00  -0.3004851212736D-01   0.1820237991628D+00
  -0.6403888767796D-01   0.9908027759104D-02  -0.6656952540443D-01
  -0.2573956943069D-02   0.1725089889103D-01  -0.1386411383671D-01
  -0.5556613292728D-02  -0.1646827344878D-02   0.1825310931854D-02
   0.6580341443345D-01  -0.3617406886921D-02   0.5141325490375D-01
  -0.8994628869117D-01  -0.3055016277192D-01   0.1439452723992D-01
   0.3459426988438D-01   0.5011149066425D-01  -0.5283280803607D-01
   0.1204167405783D-01   0.7263129548628D-01   0.3174580711250D-01
  -0.1177928227390D+00   0.2230092008668D-01  -0.1847341891388D+00
   0.7978960602069D-01  -0.1859083591316D-01   0.7713506488948D-01
  -0.7931852595252D-01   0.2705202646945D-01  -0.7665467986287D-01
   0.7843109190330D-01  -0.8707696493390D-02   0.7456669113839D-01
   0.3250534746121D-01   0.7064300608132D-01  -0.8602153876719D-01
  -0.3326553013755D-01  -0.9383481364779D-01  -0.4832621837668D-01
  -0.9051409206180D-01   0.4927964856077D-01   0.4664907350849D-01
   0.7800967338969D-01  -0.2215623813414D-01   0.8073217163380D-01
   0.9033239761406D-01  -0.3891453013788D-01  -0.4877263433493D-01
  -0.8456961284074D-01   0.1195063684913D-01  -0.7513576223730D-01
  -0.3097288223647D-01  -0.7081866089045D-01   0.8164474801013D-01
  -0.1083629754049D+00   0.1344546130518D+00  -0.1035875941860D+00
   0.2975438792360D-01  -0.6061507976935D-01   0.3500677893616D-01
   0.1477513299568D-01  -0.1332477067313D-01   0.1890974952394D-01
  -0.1005867550990D-02  -0.6391330940713D-02  -0.2653449226373D-02
   0.2670548232197D-01   0.1862387512077D-01  -0.8819599667026D-01
   0.9063599260069D-02   0.2749626323341D-01  -0.1290906989114D-01
   0.7201892800839D-02  -0.1088184691801D-01   0.7470585425071D-02
  -0.6169184998411D-02   0.2133090805697D-03  -0.3295098350476D-02
   0.1073714303210D+00  -0.1505583398858D+00   0.1125460701890D+00
  -0.3775690907788D-01   0.8373298104497D-01  -0.7109217841130D-01
   0.5801493948909D-01  -0.7922326964136D-01   0.6303259164033D-01
  -0.8852150017214D-01   0.4545727485741D-01   0.5544625861860D-01
   0.3704666607778D-01  -0.1577145371069D+00   0.1095630512527D+00
  -0.3730567792746D-01   0.6686598256211D-01  -0.3250504288596D-01
   0.1680882577549D-02   0.2151790117163D-01  -0.6056438475604D-02
   0.7437470931247D-03  -0.7683785027197D-02   0.3186003361777D-03
   0.9178691016309D-01  -0.1412896433978D-01   0.1695226160678D-01
  -0.7165324102700D-01  -0.5097790445995D-01   0.1612840990262D-01
   0.3702332146098D-01   0.2029973257434D-01   0.8489445108740D-01
  -0.2035780110366D-01   0.6610547405946D-01  -0.4420374227078D-01
  -0.3126827481151D-01   0.1740440072236D+00  -0.1246532909454D+00
   0.3621026662462D-01  -0.9203698717228D-01   0.5246303256068D-01
  -0.3356022899440D-01   0.9940459244774D-01  -0.5127241432003D-01
  -0.8971253395056D-01  -0.6652790351862D-01   0.2788760289886D-01
   0.9131080888868D-01   0.6541627035619D-01  -0.2291069023498D-01
   0.7134012757415D-01  -0.5541320836512D-01  -0.6228645895628D-01
  -0.3288023560289D-01   0.9447407126724D-01  -0.4660486494424D-01
  -0.9110399398756D-01  -0.6465321206304D-01   0.2393958454366D-01
   0.6815021528735D-01  -0.6009691845958D-01  -0.6831158715927D-01
  -0.9236365265892D-01  -0.6231388470618D-01   0.2611624999330D-01
   0.5880244178741D-01   0.2504181909820D-01   0.9205508925990D-01
  -0.1610154016688D-01   0.1989831196145D+00  -0.1029050716846D-01
   0.1548616632374D-01  -0.8180295854476D-01   0.1888220001445D-01
   0.7066167885938D-01  -0.7319720061644D-01  -0.2502672993317D-02
  -0.4882258080097D-03   0.2426410930240D-01  -0.2969749160494D-02
   0.3591297619754D-01   0.4586669326417D-01  -0.7651170840772D-01
  -0.9517215618503D-01   0.4130679230134D-01  -0.2272036590413D-01
   0.8484827543809D-01  -0.3820036626541D-01   0.3444068856176D-01
  -0.9236355138569D-01   0.4828683475979D-01  -0.2785733567587D-01
   0.3199210076614D-01  -0.1529201976622D+00   0.2254925036637D-01
   0.1644933097169D-01  -0.2156849931702D+00   0.4994724197637D-02
  -0.2734934606560D-01   0.1040985479293D+00  -0.3158757036419D-01
   0.2387622780052D-01  -0.1083546260745D+00   0.2860032253914D-01
  -0.6863140893364D-01   0.5237421410744D-01   0.7578850017528D-01
   0.6687900085137D-01  -0.4624174826937D-01  -0.8222186328701D-01
   0.4574893515988D-01  -0.1007586137860D-01   0.1025815184638D+00
  -0.8324045795070D-01   0.4058805292984D-01   0.6859386291698D-01
  -0.2871448110599D-01   0.8544528843771D-02  -0.1098346736738D+00
   0.8035827739604D-01  -0.3269746304773D-01  -0.7673729060096D-01
   0.3335725502838D-01  -0.1401304719931D-01   0.1098282676011D+00
   0.1507231157108D+00   0.8825437957643D-01   0.2839184679653D-01
  -0.1280566204515D+00   0.5039958135883D-01   0.1143821637463D+00
  -0.5524765614687D-01   0.2302298833512D-01  -0.1653078982956D+00
   0.6702866273808D-01  -0.8695370129526D-01  -0.1835682272020D+00
  -0.9274992614852D-01  -0.4019421016473D-01   0.1048936761692D-01
  -0.7967859022287D-02  -0.5852399015700D-02   0.1203216850614D-01
   0.1639166770367D-01  -0.2567787890079D-02  -0.1947245526707D-01
   0.4860036088081D-01  -0.2577187674585D-01   0.8701303387601D-01
   0.1210662581103D-01   0.1682623483460D-01   0.2323686134563D-01
   0.9350275424927D-02  -0.5337250010742D-02  -0.1847302016276D-02
  -0.1831343385462D-01  -0.1072125725054D-02  -0.9711330014550D-02
  -0.1842324516486D+00   0.6719616554956D-01   0.1055071998138D+00
   0.1003418054656D+00   0.4935072653648D-01   0.3977993356803D-02
  -0.9982418997163D-01  -0.4889484160495D-01  -0.2842998024618D-01
   0.3527053112623D-01   0.7691251648431D-01  -0.7798075605141D-01
   0.1540741403143D+00  -0.1024272473581D-01  -0.1321714443502D+00
   0.5452774149513D-02  -0.5664768773384D-01   0.8657183413526D-01
   0.3990483862712D-02   0.3559599798357D-01  -0.9960695359384D-01
  -0.1935496962293D-01  -0.2433440423466D-03   0.2831821598279D-01
  -0.2174335120247D-02   0.1078970163898D+00  -0.3926977465846D-02
   0.1176314263628D-01  -0.5687464652595D-01  -0.6865149193654D-01
   0.7328554943397D-01   0.4883403737012D-01  -0.1759749902017D-01
   0.1214627054215D-01  -0.4906917678124D-01   0.7591393599024D-01
  -0.1625047743728D+00   0.1059769755001D-01   0.1412296520797D+00
  -0.2626215258582D-02   0.6072043692424D-01  -0.9446542306232D-01
   0.8027358704344D-02  -0.5628026051146D-01   0.9937533541001D-01
  -0.5733787431207D-02  -0.6961981642289D-01  -0.9002474015874D-01
   0.6654113887265D-02   0.7675591921010D-01   0.8414001350194D-01
  -0.9186824465470D-01   0.6374130416542D-01   0.3060494699977D-02
   0.1477664725128D-01  -0.5144496143682D-01   0.1002438476472D+00
  -0.6780545131255D-02  -0.7795074450924D-01  -0.8242974120190D-01
  -0.9459036553602D-01   0.6069392535534D-01   0.6559692121358D-02
  -0.5964409849332D-02  -0.7526853982548D-01  -0.8590042200984D-01
   0.8483132829668D-01   0.7199253016243D-01  -0.1471485671631D-01
   0.9462535789125D-01  -0.1294134998676D+00  -0.1445002958980D+00
  -0.7291453675012D-01  -0.8145331386782D-01   0.2543734292058D-01
   0.1331026102399D-01   0.8004753782583D-01  -0.2149767455102D-01
   0.1156360085453D-03  -0.9231794248380D-03  -0.1220846651702D-03
   0.6503201600376D-01   0.5545264160671D-01  -0.2963490365583D-01
   0.1399434661600D-01  -0.9931040389793D-03   0.9350732552094D-01
   0.4143796050665D-01  -0.7944223888521D-01  -0.4590043480699D-01
  -0.1963545500379D+00   0.4480779629851D-01   0.9664636278053D-01
   0.6851469354638D-01   0.8215661274860D-01  -0.3485979455793D-01
  -0.6487460700485D-01  -0.8556861224814D-01   0.3844763877266D-01
  -0.9773712966206D-01   0.2237799522756D-01  -0.2358509231366D-01
   0.2672001807039D-01  -0.1000687916756D+00  -0.4251424232542D-01
   0.7054184972210D-01   0.7914285593301D-01  -0.4029763146473D-01
  -0.1044922711550D+00   0.2150402538584D-01  -0.3532324592689D-01
   0.6778002194907D-01   0.8856212247876D-01  -0.2986677366682D-01
  -0.1811781168396D-02  -0.1342209364272D-01   0.1122587160749D+00
   0.9151886726516D-01   0.1290233354897D-01  -0.1856416639520D+00
  -0.1021055322652D+00  -0.3599656493036D-01  -0.1424343591002D-01
   0.1880694684948D-01   0.4134733113527D-02  -0.1755144897458D-01
  -0.7731524311401D-02  -0.1466843203956D-02   0.1958435857271D-02
   0.8094582814946D-01   0.2996951177644D-02  -0.5912121546899D-01
  -0.8973930458103D-01  -0.1313282098580D-01   0.5522281500719D-01
   0.4008008098076D-01  -0.5611778596094D-01   0.8720680073637D-01
   0.1862336001369D+00   0.3949314264826D-01  -0.5637830136847D-01
   0.1182698271380D-01   0.8300513735853D-03  -0.1036021003957D-01
   0.6276804915429D-01  -0.2185988665023D-01  -0.1826930676386D+00
  -0.1908891377002D+00  -0.4526288342697D-01   0.4875811844658D-01
  -0.1945792244399D+00   0.3294187299466D-01   0.1052532472726D+00
   0.1061492080210D+00   0.2354796057281D-01   0.2183513297458D-01
   0.1746503585384D-03   0.1741966064497D-01   0.1134196090576D+00
  -0.1048270691165D+00  -0.2625336029455D-01  -0.4208849840829D-01
   0.1369363387228D-01  -0.2078142369457D-01  -0.1110224985665D+00
   0.9708170245630D-01   0.2824432671868D-01   0.4781936230566D-01
  -0.8827668070229D-01  -0.3012915045401D-01  -0.5065157356700D-01
   0.4625719932163D-01   0.9856733217326D-01  -0.3996141531458D-01
  -0.2056007863303D+00  -0.4843508253196D-01   0.5020424280693D-01
  -0.2070623455107D+00  -0.5438317043073D-01   0.5163116660752D-01
   0.1346782877527D+00   0.7926186066819D-01   0.1552833165156D+00
   0.7319308384200D-01  -0.2477449125122D-01  -0.2030155262007D+00
   0.1333938665081D+00   0.7921657233938D-01   0.1563479677011D+00
   0.1430680648251D+00   0.4982570470448D-01  -0.1386561577118D+00
   0.1620473114822D-01  -0.8141039259685D-01   0.6039165625891D-01
  -0.6045141809554D-02   0.6655493406677D-01  -0.8179698960807D-01
  -0.1505392174167D-01  -0.7675948060403D-02   0.2758194443416D-01
   0.3775537565091D-02   0.1083830073897D+00  -0.3170519436587D-01
   0.6535220176150D-02   0.1371641933465D-01  -0.7535982898827D-02
   0.1679066550309D-01   0.1287096811710D+00  -0.6981302224196D-01
  -0.1528374233335D+00  -0.4511302010728D-01   0.1829267113197D-01
   0.1436402774489D+00   0.3880135134180D-01  -0.1879428166094D-01
   0.2901420362814D-02  -0.1437636602557D+00   0.8012861000254D-01
   0.1162089034371D+00  -0.7379387835911D-01   0.4764050354846D-01
  -0.1474995852906D+00  -0.5013016994525D-01   0.1527722496445D+00
   0.4658438005566D-02   0.8328129651907D-01  -0.7179882926207D-01
  -0.2319344353280D-01  -0.3430203539755D-01   0.1052162517365D+00
   0.7685898050071D-02  -0.8836482115089D-01  -0.7308293961614D-01
  -0.2591432108793D-01  -0.1389896725966D+00   0.7592409689137D-01
   0.1421872268387D+00   0.5837190329273D-01  -0.2669366004948D-01
  -0.1456220858989D+00  -0.5605405970651D-01   0.2744599521279D-01
   0.2383398123288D-01   0.1365743245396D+00  -0.7587528834818D-01
  -0.1252602939725D+00   0.8308603282724D-01  -0.5075723721747D-01
   0.8268201053009D-01  -0.7672176834466D-01  -0.1774969071521D+00
  -0.7999174846766D-01  -0.7990334771023D-01   0.8716832265187D-02
   0.3136837410518D-01   0.7951883652347D-01  -0.7352269618966D-02
   0.1316086241334D-02  -0.1342799422624D-02  -0.2556185977861D-02
   0.9487562972391D-01  -0.4157658894405D-01   0.8090826683359D-02
  -0.1898570050125D+00   0.1359941596433D-01   0.1184054893593D+00
   0.7503116265571D-01   0.8202104013155D-01  -0.1550766873550D-01
  -0.3185259681369D-02   0.4498036744544D-01  -0.1036613993095D+00
  -0.1473425504443D-01   0.7652554871047D-01   0.7974030939331D-01
  -0.7268758062910D-01  -0.8604023995541D-01   0.1047842871991D-01
  -0.1304522239880D+00  -0.2407508140114D-02  -0.5639731010147D-01
   0.6152806749077D-01  -0.4499259029999D-01  -0.8840562474821D-02
  -0.6216167533153D-01  -0.1159684542611D+00  -0.5261414237456D-01
   0.1534135118839D-01  -0.6253133805803D-01  -0.3903600506752D-01
  -0.1078875366434D+00  -0.6069593808069D-01  -0.6780015313916D-01
   0.7501870996184D-01  -0.9036631829732D-02   0.5682331349892D-02
  -0.1144534995105D+00   0.5172004829442D-01  -0.6366826469405D-01
  -0.5650537878093D-01   0.3140706567444D-01   0.4110143459337D-01
  -0.1895287417941D-01   0.9365328735491D-01  -0.1014351559297D+00
  -0.5625881907252D-01  -0.3482782996958D-01   0.4199133891092D-01
  -0.1082891910418D+00  -0.1101576342671D-01  -0.9165824714132D-01
  -0.4640647159690D-02   0.3102238579527D-03  -0.7576888535560D-01
  -0.1093483856931D+00  -0.6619100427075D-01   0.6163230788762D-01
   0.9389414475729D-03   0.7895363992775D-01  -0.9933628057556D-03
  -0.1041878210074D-01   0.3606939921231D-01  -0.1377697311322D+00
  -0.6226115697768D-01   0.4198706742657D-01   0.4216724402360D-02
   0.1143155069052D+00   0.8921255736996D-02   0.8141426759573D-01
   0.1646545961362D-01  -0.3461073865091D-01   0.6412597967755D-01
   0.1072609463394D+00   0.7396964924479D-01   0.5405483737405D-01
  -0.2328400180881D-01  -0.6348507167552D-01   0.3315352429780D-01
   0.1054398649150D+00  -0.4070571407479D-01   0.8579596851649D-01
   0.1743552388811D-01  -0.5319461666313D-01   0.4948137005833D-01
   0.1122321856240D+00   0.5527141963738D-01   0.6661470133748D-01
  -0.3399280696485D-01  -0.6694043086565D-01   0.1358353799386D-01
$end                                                                            
