           2           1   1.02049080774962     
           3           2  0.990680380261438     
           4           3   1.88166225365669     
           5           1  0.956370099168661     
           6           2  0.964959955175566     
           7           2  0.940179553795396     
           9           8   1.01116225805959     
          10           9  0.939659277826560     
          11          10   1.56651651186270     
          12           9  0.965439893270421     
          13          12  0.995976654583660     
          14          12   1.00867638309146     
          15          13   1.01856456657706     
          16           8  0.950085751682376     
          17           9  0.963427997230027     
          18          12  0.958210442055247     
          19          13  0.976607581228892     
          20          13  0.972783640641157     
          21          14  0.981215212494195     
          22          14  0.982627402853345     
          23          14  0.984597016844489     
          24          15  0.985888239624567     
          25          15  0.983554257613194     
          26          15  0.983587377147673     
          27          10   1.33673703922424     
          28          27  0.975280720946862     
          29          28  0.967218891345666     
          30          29   1.90218836570187     
          31          28  0.990284854645816     
          32          27  0.877271097697020     
          33          28  0.951213400574839     
          34          31  0.979550621350568     
          35          31  0.978181138140263     
          36          31  0.979037095864045     
          38          37   1.01627468469649     
          39          38  0.983177420236325     
          40          39   1.88102617775899     
          41          38  0.928167223492022     
          42          41   1.00369645480864     
          43          41   1.00502587868481     
          44          37  0.923527502334642     
          45          38  0.959823081936052     
          46          41  0.957034522163227     
          47          42  0.849486244893217     
          48          43  0.983297443012718     
          49          43  0.984083990435159     
          50          43  0.984172068919363     
          52          51   1.00811858515763     
          53          52  0.970833665326940     
          54          53   1.89427420093031     
          55          52  0.953697276364359     
          56          55   1.00778079790300     
          57          55   1.00879063745828     
          58          51  0.951983526140670     
          59          52  0.967085823833805     
          60          55  0.964376895530358     
          61          56  0.984809456820611     
          62          56  0.982072397561966     
          63          56  0.986109099859844     
          64          57  0.982508666413708     
          65          57  0.985725025559422     
          66          57  0.982246236077113     
          68          67   1.02362555034971     
          69          68  0.983511440399443     
          70          69   1.87556701215780     
          71          68  0.940303808614608     
          72          71   1.00692245066174     
          73          71   1.00986128950980     
          74          67  0.934078530111067     
          75          68  0.938944175918920     
          76          71  0.965491541311375     
          77          72  0.981702785899437     
          78          72  0.985242872892312     
          79          72  0.976206208692939     
          80          73  0.983287022231431     
          81          73  0.980521838600048     
          82          73  0.986587189216346     
          84          83   1.02680903257153     
          85          84  0.948892204538357     
          86          85   1.62643374470830     
          87          84  0.959405888786576     
          88          87  0.993456781685140     
          89          88  0.965740862195461     
          90          89   1.63835281010573     
          91          89   1.31358680050484     
          92          83  0.954961337724341     
          93          84  0.953757570757858     
          94          87  0.974241255286875     
          95          87  0.973070253753107     
          96          88  0.974696285124320     
          97          88  0.962354084598817     
          98          91  0.913634777262241     
          99          91  0.926826893458349     
         100          85   1.29319651062653     
         101         100  0.984313146950488     
         102         101  0.936651408058772     
         103         102   1.61396485337941     
         104         101  0.980418479136574     
         105         104  0.903797429523349     
         106         105   1.43961972511067     
         107         105   1.55498776080431     
         108         100  0.923316246486997     
         109         101  0.933874144147938     
         110         104  0.962784585272768     
         111         104  0.974163208237850     
         112         102   1.30362468937492     
         113         112  0.990226436373077     
         114         113  0.940656081634670     
         115         114   1.60190780855037     
         116         113  0.967908940310793     
         117         116  0.968258817178082     
         118         117   1.61708411008084     
         119         117   1.33515819446906     
         120         112  0.902899680572790     
         121         113  0.947484458656586     
         122         116  0.952088001067775     
         123         116  0.953872675339764     
         124         119  0.914374160766569     
         125         119  0.923989163259200     
         126         114   1.32434472870138     
         127         126  0.980001772015821     
         128         127  0.930643292173493     
         129         128   1.62716456488872     
         130         127  0.951777378198654     
         131         130   1.00476861347118     
         132         130   1.00037316815829     
         133         126  0.882004794037556     
         134         127  0.953154410210697     
         135         130  0.960098076156108     
         136         131  0.854187152421091     
         137         132  0.983210208303428     
         138         132  0.984015558444011     
         139         132  0.982528969769964     
         140         128   1.31935972492333     
         141         140  0.968561025347208     
         142         141  0.930406804521456     
         143         142   1.61061808622541     
         144         141  0.977363770264434     
         145         144  0.992362671760401     
         146         145   1.00928124032343     
         147         145   1.00604305703678     
         148         140  0.880630997473658     
         149         141  0.956121975590299     
         150         144  0.965491191232594     
         151         144  0.965860780694598     
         152         145  0.967116273547941     
         153         146  0.981156119205016     
         154         146  0.983594818611201     
         155         146  0.984416555986427     
         156         147  0.983635452245099     
         157         147  0.985565390415878     
         158         147  0.983646296869052     
         159         142   1.31032845252060     
         160         159  0.973378046106911     
         161         160  0.931536911943002     
         162         161   1.61083450556104     
         163         160  0.958224527873286     
         164         163   1.00727626617655     
         165         163   1.00517043937388     
         166         159  0.908883312789183     
         167         160  0.946668996929041     
         168         163  0.957648668346102     
         169         164  0.836959920765270     
         170         165  0.981693574755380     
         171         165  0.984307009354134     
         172         165  0.982478799520065     
         173         161   1.32935795247215     
         174         173  0.957591430229645     
         175         174  0.964496325790677     
         176         175   1.87810731918596     
         177         174  0.955601679763214     
         178         177  0.993911525698015     
         179         177   1.00566953144841     
         180         178   1.01970182429281     
         181         173  0.909262501145623     
         182         174  0.952512815673345     
         183         177  0.956868175008177     
         184         178  0.974361034074593     
         185         178  0.967567497505362     
         186         179  0.981556154418512     
         187         179  0.981813918066928     
         188         179  0.982211218975657     
         189         180  0.982142328347832     
         190         180  0.982438260778894     
         191         180  0.986547389561999     
         193         192   1.02644964588321     
         194         193  0.992364102129638     
         195         194   1.87994747580264     
         196         193  0.927359564400669     
         197         196   1.00761202204793     
         198         196   1.01040039451850     
         199         192  0.955380480684789     
         200         193  0.943379513870754     
         201         196  0.967045790050548     
         202         197  0.976074945792103     
         203         197  0.984751651315581     
         204         197  0.973995595693447     
         205         198  0.982336641483288     
         206         198  0.981765647028796     
         207         198  0.984848433081247     
         209         208   1.03438777495752     
         210         209  0.942995018730061     
         211         210   1.65767233863200     
         212         209  0.931734179279223     
         213         212  0.987778857317692     
         214         212  0.996243327486621     
         215         208  0.955900527513164     
         216         209  0.947833098611652     
         217         212  0.966257321110437     
         218         213  0.832153576921221     
         219         214  0.984609658910783     
         220         214  0.983288596448318     
         221         214  0.982309118584965     
         222         210   1.27379903941575     
         223         222  0.977715580507892     
         224         223  0.940025987411141     
         225         224   1.62093976814245     
         226         223  0.951944171878133     
         227         226  0.992817483381083     
         228         226   1.00897874050243     
         229         227   1.01852432098380     
         230         222  0.896948627058193     
         231         223  0.955811108617732     
         232         226  0.960522397777144     
         233         227  0.973324941357966     
         234         227  0.973121119810353     
         235         228  0.978149398909462     
         236         228  0.983995444808721     
         237         228  0.983678942707490     
         238         229  0.981566783124123     
         239         229  0.981575298599275     
         240         229  0.981676921047769     
         241         224   1.28957775908610     
         242         241  0.988501616510553     
         243         242  0.934866252404793     
         244         243   1.63476291331137     
         245         242  0.979640183889019     
         246         245  0.906620723769216     
         247         246   1.45525213238064     
         248         246   1.53727264275010     
         249         241  0.930426558541637     
         250         242  0.937710425703803     
         251         245  0.968686618898013     
         252         245  0.964328472027943     
         253         243   1.29450077197363     
         254         253  0.978694899352558     
         255         254  0.944726018984273     
         256         255   1.58813276489325     
         257         254  0.941132451398404     
         258         257  0.991816459699067     
         259         257   1.00859957260556     
         260         258   1.01585002390274     
         261         253  0.905312167025997     
         262         254  0.955742782903418     
         263         257  0.963071670997306     
         264         258  0.970450027259709     
         265         258  0.973693398364802     
         266         259  0.978490091635051     
         267         259  0.984590180715263     
         268         259  0.982126506900441     
         269         260  0.978783393043370     
         270         260  0.985502859257832     
         271         260  0.983815638886678     
         272         255   1.31349226107149     
         273         272  0.974004635451368     
         274         273  0.925025987141983     
         275         274   1.62245156209489     
         276         273  0.971564608641472     
         277         276  0.907016434174178     
         278         277   1.50842133819938     
         279         277   1.48871860697694     
         280         272  0.926597844325398     
         281         273  0.946414918821276     
         282         276  0.976650428578007     
         283         276  0.976676546472858     
         284         274   1.32435791024603     
         285         284  0.977277694836963     
         286         285  0.939305789712430     
         287         286   1.59798053365264     
         288         285  0.966141988963972     
         289         288  0.990969374768209     
         290         289   1.00694037755540     
         291         289   1.00973581762203     
         292         284  0.893690903082799     
         293         285  0.949735908679343     
         294         288  0.974297088755318     
         295         288  0.964217798812929     
         296         289  0.967926762574734     
         297         290  0.983790783123300     
         298         290  0.985143507067828     
         299         290  0.978030329044551     
         300         291  0.982881684270114     
         301         291  0.983730781516770     
         302         291  0.983791493464951     
         303         286   1.32080429054649     
         304         303  0.982657353843061     
         305         304  0.983567846620356     
         306         305   1.90355634585550     
         307         304  0.943430970837117     
         308         307   1.00475250382009     
         309         308   1.00420467522449     
         310         309   1.00947739562456     
         311         310  0.960672913733984     
         312         303  0.918498315226103     
         313         304  0.939197294236909     
         314         307  0.972423881186777     
         315         307  0.968666638695884     
         316         308  0.978509270725670     
         317         308  0.969152729116824     
         318         309  0.967433754603619     
         319         309  0.966777458998464     
         320         310  0.971483509579541     
         321         310  0.965375665924536     
         322         311  0.901223843973551     
         323         311  0.790316288315175     
         324         311  0.917607606531297     
         326         325   1.01111684335670     
         327         326  0.940895150692412     
         328         327   1.60345744853515     
         329         326  0.981010731032761     
         330         329  0.892184342925009     
         331         330   1.51188521938900     
         332         330   1.50491931948287     
         333         325  0.959375111118530     
         334         326  0.963092758664427     
         335         329  0.975084582719411     
         336         329  0.966254152784107     
         337         327   1.31109704035896     
         338         337  0.970032367471046     
         339         338  0.971335267888543     
         340         339   1.90560293757079     
         341         338  0.969699716906324     
         342         341  0.990342311828171     
         343         342   1.00576872315883     
         344         342   1.01027704201134     
         345         337  0.917650162143405     
         346         338  0.942705314080508     
         347         341  0.969864782281247     
         348         341  0.967614427010897     
         349         342  0.964578560533314     
         350         343  0.984446253925536     
         351         343  0.985543833217485     
         352         343  0.983156855752406     
         353         344  0.982606047632261     
         354         344  0.982909362650248     
         355         344  0.980396984702690     
         357         356   1.01227365008391     
         358         357  0.978307784049982     
         359         358   1.87409084818734     
         360         357  0.950979476209916     
         361         360   1.00751873806517     
         362         360   1.00773282764954     
         363         356  0.931069930843599     
         364         357  0.959493349717897     
         365         360  0.955741904347314     
         366         361  0.977874460367384     
         367         361  0.976787625125515     
         368         361  0.984767237437844     
         369         362  0.981206997750614     
         370         362  0.985160871166016     
         371         362  0.979024862796036     
         373         372   1.01525360973300     
         374         373  0.938186286598890     
         375         374   1.60010626935076     
         376         373  0.976450046560675     
         377         376   1.00783103123990     
         378         377  0.994550567911414     
         379         378  0.981641118469840     
         380         379   1.30976946543469     
         381         380   1.30638264237398     
         382         380   1.33073494303423     
         383         372  0.954319583670773     
         384         373  0.961294731082860     
         385         376  0.971461853591520     
         386         376  0.973400195472158     
         387         377  0.967650393993500     
         388         377  0.970799227920159     
         389         378  0.965296497333359     
         390         378  0.960770969920728     
         391         379  0.925591860733566     
         392         381  0.925563390288380     
         393         381  0.913568309687126     
         394         382  0.912309790880818     
         395         382  0.913225073781859     
         396         374   1.32291267268606     
         397         396  0.983278982860583     
         398         397  0.968397551629063     
         399         398   1.90353500612747     
         400         397  0.961800645378422     
         401         400   1.00586694968965     
         402         401   1.41762225409470     
         403         401   1.40828139552775     
         404         402   1.43820782753768     
         405         403   1.44988284511265     
         406         404   1.44299085570613     
         406         405   1.43307603119565     
         407         396  0.883274020154834     
         408         397  0.942307659541045     
         409         400  0.967686066429973     
         410         400  0.953729954052210     
         411         402  0.966432365370459     
         412         403  0.964916437785874     
         413         404  0.967656339885081     
         414         405  0.966787365529036     
         415         406  0.966877782176620     
         417         416   1.00964493748791     
         418         417  0.971753979081298     
         419         418   1.88564550731753     
         420         417  0.982776700778660     
         421         416  0.915607297431909     
         422         417  0.964213883982534     
         423         420  0.985660613626346     
         424         420  0.974906435269571     
         425         420  0.979699785346149     
         426           1  0.956209662645850     
         427           3  0.952678336422027     
         428           8  0.956601232896768     
         429          29  0.952562018458885     
         430          37  0.954910719058820     
         431          39  0.953451718523375     
         432          51  0.954698893700653     
         433          53  0.954988062336879     
         434          67  0.959977112769824     
         435          69  0.953302463644982     
         436          83  0.947776491727333     
         437         175  0.952020789437311     
         438         192  0.946222576235939     
         439         194  0.953672153487449     
         440         208  0.947070649374576     
         441         305  0.952633299318852     
         442         325  0.954793030823036     
         443         339  0.952628225784492     
         444         356  0.956446942222494     
         445         358  0.952853143047129     
         446         372  0.954921642606930     
         447         398  0.953137699692265     
         448         416  0.958573025522970     
         449         418  0.954136120489956     
