$grad                                                                           
  cycle =      1    SCF energy =  -470.98518023500   |dE/dxyz| =  0.442401
  335.83971079501794    121.90931052120419    218.80699692707887      n 
  335.64060172389117    121.83165757538411    221.56115207747214      c 
  332.87311788681171    121.41393364881175    222.40067067148729      c 
  331.48180312434442    123.15295709758958    223.02131542632804      o 
  336.68507589309490    124.28679009449500    222.69338369377402      c 
  337.37710421475782    124.04864758965644    225.48985645150361      c 
  339.57272430413963    122.26632829063745    226.10816289800511      c 
  342.11720030732238    123.01990786036421    224.96454370922893      c 
  342.61901136133480    121.77321836675296    222.48395358806616      n 
  337.55241322614660    122.41537733745400    218.10104670370757      h 
  336.74644183482116    120.19656679578409    222.19421735847078      h 
  338.29591572302257    124.92532787803468    221.57623253349928      h 
  335.21549841994346    125.72516771846924    222.48958654988311      h 
  337.82688815086277    125.93652983803574    226.18314648346760      h 
  335.70149082747810    123.41181534841463    226.50936457303553      h 
  339.76552824114179    122.28300939858981    228.15829731383394      h 
  339.10060007737292    120.33878103000875    225.56790186902592      h 
  342.20427697327739    125.06432843826282    224.73192931514103      h 
  343.61992212250397    122.43493829081015    226.24611014842174      h 
  344.49045051954801    121.99466017814146    222.01259683154186      h 
  342.19136057282583    119.83183106998968    222.58350873656212      h 
  341.56839279696186    122.52940403410382    221.02402624028102      h 
  332.22063444449600    118.97111361625782    222.61993280606958      n 
  329.71835016909080    118.13443008718855    223.33614266550305      c 
  329.78575032003459    117.03342915207658    226.02014268734828      c 
  331.74645568651232    116.92846916173232    227.24074646159210      o 
  328.59857433896536    116.35767197101403    221.32358800999879      c 
  330.12318662597102    114.00567078940618    220.87348772186471      c 
  329.58686899584461    111.78381997367008    222.17144971781289      c 
  332.03990301869737    113.97760872679980    219.07525563853594      c 
  330.87636805727442    109.57774707325859    221.64455579856173      c 
  333.34955555554296    111.77832533223368    218.53912826582913      c 
  332.74467233909485    109.55104169234332    219.79161283290972      c 
  333.90776242350250    107.32781429118856    219.25917452027323      o 
  333.43480092889860    117.58912247438600    222.11516410682503      h 
  328.52110541428033    119.81920395407769    223.42051214823556      h 
  326.67943914747963    115.86047742659993    221.88836046318394      h 
  328.46292509130120    117.46214052489708    219.58414093247319      h 
  328.10239031246357    111.76814353965248    223.57299090440887      h 
  332.46077483469338    115.68320566609383    218.03031405242169      h 
  330.39275558647398    107.84777628237464    222.60711560508099      h 
  334.79407173959066    111.77564512031375    217.09479606058659      h 
  335.11352872589424    107.55627754223605    217.90652084105051      h 
  327.54788038567642    116.26153072979743    226.91191575956989      n 
  327.13349007362865    115.62972575919080    229.54178664253263      c 
  326.15398283006340    112.90068254047803    229.76707458933515      c 
  323.91033437226690    112.41874088826115    230.01292038796228      o 
  325.23816421778969    117.50729478832859    230.72900987808887      c 
  326.12558785934988    119.99882731147595    230.30634980819096      o 
  324.94665355990549    117.00166571273301    233.55867786949122      c 
  325.95183718400904    116.35872090913355    225.85798584088820      h 
  328.95996294530875    115.82475433430379    230.49031327631127      h 
  323.41712573646873    117.24423591539063    229.77762234133041      h 
  324.76629497684763    120.97193057747795    229.55440944684585      h 
  323.69528718977836    118.41189545616530    234.36634980837991      h 
  324.15788003078592    115.13199219407123    233.84097566399586      h 
  326.77579447707183    117.14894497072683    234.47774840400362      h 
  328.01585590091310    111.18840201542297    229.80878810854421      n 
  327.65837909361414    108.47398921695918    229.92864635377569      c 
  326.51177949596706    107.37708570545908    227.51420497585252      c 
  325.10702728514826    108.56650534321902    226.12904738952690      o 
  325.94818692851618    107.68792208777074    232.13939164827303      c 
  329.81915835215597    111.79183032959504    229.48298875219999      h 
  329.51038345544180    107.61482015761601    230.20820784532580      h 
  325.72233548263205    105.64621497095322    232.10054162002351      h 
  326.84201912928006    108.28344792933846    233.88679860657658      h 
  324.11362513838941    108.58568156726916    231.92313536035167      h 
  327.17124178503065    104.93996637648414    227.11637409041350      n 
  325.61221576698142    103.26516471474984    225.59667840299866      c 
  324.73048420183437    101.11438696156370    227.31310337409434      c 
  323.06054465416753    101.49281034827537    228.88835721587887      o 
  326.75068046499206    102.34271784392247    223.13379259456462      c 
  324.74589282729193    100.57952717280406    221.84715926398653      c 
  323.03272310983283     99.75521091514779    223.25964401607129      o 
  325.00469335492613    100.17504073946792    219.54932901425130      o 
  328.37824661059699    104.10625848151525    228.34294355127810      h 
  323.89350333855998    104.31174004831577    225.12034683973383      h 
  327.13453949816363    103.90085342858460    221.84211204370348      h 
  328.47795731264040    101.24671094370156    223.37473025258117      h 
  326.25911165570500     99.08959329639373    227.43855887722768      n 
  325.37882039111054     96.71926525055140    228.52590073125972      c 
  326.64970399313836     96.44228540546131    231.13094245130640      c 
  327.87679547870221     94.60787241178882    231.78784383951043      o 
  325.89875518857332     94.43929236415035    226.81510706166779      c 
  327.44081197725694     94.89135040402152    224.35013029093503      c 
  326.90763773352620     93.53686658134177    222.52189680013842      o 
  329.20194534965469     96.49890202689360    224.40865809672169      o 
  327.43354915647734     98.73645223398300    225.95038289192550      h 
  323.33154811414238     96.89942984246906    228.83832582639701      h 
  326.97256303568304     93.04476112522296    227.90585978203222      h 
  324.13369991522313     93.55760789021811    226.22061410310792      h 
  326.21795602195755     98.45384065105141    232.62032834611981      n 
  327.71135246949200     98.91985364677235    234.85527628020148      c 
  330.29368835539157    100.02599702999332    234.12962740443535      c 
  331.28091055311035     99.46599282932151    232.11089113825489      o 
  325.20930060203273     99.88465952580805    231.84567128564825      h 
  326.65672254113872    100.13794352519986    236.13225823252498      h 
  328.05993092106797     97.08209900818490    235.74529983903696      h 
  331.32674277103291    101.50075643367593    235.90856246827389      n 
  333.59657605563024    103.05198074157610    235.67918107894511      c 
  333.22283225567929    104.96811067618439    233.53713242836628      c 
  331.62012946588067    104.65877470868647    231.90929322133005      o 
  336.05550385025992    101.50112288989894    235.18794961654251      c 
  336.22348167738733    100.69804400306242    232.66824411426902      o 
  336.23318872375580     99.30373019430201    237.05842167726559      c 
  330.36826498893777    101.69381003049905    237.54618978922113      h 
  333.83036364355496    104.04720781331383    237.46992481593031      h 
  337.67522093844320    102.76416757987674    235.45378086050033      h 
  334.61853557520595     99.87780548752228    232.26859977392078      h 
  337.99944571295453     98.30349996445426    236.75061739349874      h 
  336.19127170751824     99.99474801940659    238.98904927282780      h 
  334.68945591086060     97.97696192330714    236.77230148646223      h 
  334.68953129240663    107.04841733032899    233.66420961210616      n 
  334.78729586925186    108.70148964243097    231.49734278377721      c 
  337.20975758633318    108.25076158582478    229.96181520970876      c 
  339.00929472120555    107.07207497200466    230.78486728190100      o 
  334.37289480352956    111.52980588413796    232.03649696341827      c 
  333.25531648525487    112.49864784099000    229.80408966042873      o 
  336.22016194384469    107.05871717220049    234.80802541023778      h 
  333.22156208431937    108.11764363816390    230.27269851750623      h 
  333.09125704570147    111.75689285136706    233.64843045031833      h 
  336.16464131697575    112.47115107894093    232.44789977407572      h 
  333.42792452287159    114.32038370337381    229.65785362073194      h 
  337.00964560117347    109.23794950240304    227.64710500126179      n 
  338.57072346646191    108.62279577792137    225.49614228793584      c 
  338.83920388642554    111.02066709593682    223.91885251758552      c 
  337.99781332780628    113.05785706721412    224.62347633702174      o 
  337.31703136941297    106.43395125387664    224.03566808974372      c 
  337.58624588743669    103.88149451452243    225.40585809280617      c 
  335.07823051901363    102.45314585702342    225.69548057280468      c 
  335.63162640794508     99.77917371600587    226.61793786339194      c 
  333.31947105569122     98.32469098577668    227.27967224366370      n 
  335.51959935901255    110.39212252752509    227.28958420643397      h 
  340.43710919928799    108.04334120517576    226.18189807532548      h 
  335.32034420507796    106.89088402834999    223.80903871039357      h 
  338.12321618071798    106.28366950820980    222.15052154111839      h 
  338.89936010005420    102.69020848590509    224.35921886042496      h 
  338.38169257575436    104.16330762795816    227.28321964194004      h 
  333.88031699661468    103.42335117612575    227.06573596718800      h 
  334.07955721377749    102.39405816417735    223.89207414713928      h 
  336.64586075032781     98.74319231706971    225.15472859359076      h 
  336.80231221292462     99.89207933746057    228.31450340912232      h 
  332.33154284312974     99.15636926651005    228.75271157400076      h 
  332.06277160605885     98.05291389165136    225.79230348257974      h 
  333.80925402860282     96.54477249589297    227.87098380569114      h 
  340.07331088187732    110.79063386605087    221.72614570909568      n 
  340.37052492051532    112.91120454439029    220.01551278223860      c 
  340.98229502813484    111.77795915625701    217.42572192576833      c 
  341.96589591378137    109.70032139627467    217.24186875962886      o 
  342.38097554664387    114.78703571672752    221.06792274671818      c 
  341.13306817435807    116.70815502238325    222.45261509045193      o 
  344.00602513796611    116.03015354590256    219.04540447996575      c 
  340.90745340304312    109.16768188678404    221.14721506438130      h 
  338.56538849250632    113.92836855895887    219.90250494796396      h 
  343.61482718380609    113.70831818396732    222.34454253211865      h 
  339.96047809518495    115.89316772001882    223.62492289993719      h 
  345.45411137829319    117.17314720609878    219.94291706922556      h 
  344.94020842259926    114.59750950106965    217.91209204095432      h 
  342.86756101424317    117.21533034809546    217.81777822671370      h 
  330.25592956469825    105.13083657752036    208.55785368687233      n 
  330.09640028258207    104.21756283178155    211.13558666920042      c 
  328.87908814808105    101.59993954898971    210.96798971369256      c 
  326.81871853771645    101.28542146463361    209.96633697921939      o 
  328.51185622318695    105.98671733664445    212.83759259515423      c 
  329.58313709644290    108.67658705666983    212.72352148786592      c 
  328.45850260402347    104.96709381824155    215.53562624969939      c 
  328.09762085884040    110.57712975648275    214.30066526120189      c 
  328.73159832227111    104.81106631037019    207.43798239761853      h 
  332.02854954254838    104.11195238661617    211.86468903501259      h 
  326.59190189181601    106.00746421378727    212.07248776563074      h 
  331.54772704216356    108.65100743236775    213.34945925605345      h 
  329.57469676002330    109.29860145804452    210.75407932684033      h 
  327.24408100926331    106.13454109895048    216.70985564780315      h 
  327.71382275421286    103.05278973438882    215.60210344904087      h 
  330.34346589080570    104.97644967245948    216.35055471223387      h 
  328.77161054690828    112.48339760385774    213.92673768521348      h 
  326.09569074226664    110.50112467209948    213.84809718089551      h 
  328.31288924301094    110.22567545721826    216.31125354876363      h 
  330.21954911101056     99.68789769594409    211.94537657362676      n 
  329.33672227109685     97.09831922747399    211.75286800286923      c 
  329.28761697696535     96.33542013351065    208.95421884851970      c 
  331.23066082677104     95.94544676031620    207.77432709958097      o 
  331.97163271188185    100.00430325804250    212.61064642743719      h 
  330.65531832943844     95.88065409632304    212.75863677834533      h 
  327.46128265337785     96.95801881282655    212.61013094931556      h 
  326.18382792771558    123.92390946372112    222.11747077680550      n 
  325.21182178255356    123.68688724171557    224.65317890889719      c 
  323.07669114183028    121.77806359970950    224.99927653675067      c 
  322.18572884915727    121.43678778222633    227.12744507747746      o 
  328.07488553098443    123.68535837348719    221.88222989154900      h 
  326.76719482182591    123.20175831478474    225.91967906311774      h 
  324.41544845615624    125.49812545818769    225.27955381945176      h 
  322.19417239981175    120.59483937102665    222.97418227268497      n 
  319.95555908997301    119.04771594758249    223.18992246586711      c 
  320.45912595733989    116.86154277188706    224.99966332642489      c 
  322.47968199521654    115.73689534656120    225.04268588979050      o 
  319.11587545390745    117.93549025292585    220.65585587294512      c 
  316.70792435109553    116.53040829475553    221.08285444616422      c 
  314.64256214316543    117.70872246721260    222.09635276901358      n 
  316.18658288585567    114.01763620284818    220.77705054427321      c 
  312.92315499536016    115.95340696499318    222.36202237677409      c 
  313.76032545465011    113.67504839285802    221.58464705777419      n 
  323.11528349838767    120.62083951302066    221.29265785797375      h 
  318.42349724324890    120.21835267902480    223.94586402805746      h 
  318.82549784244321    119.46071006074600    219.29734035812498      h 
  320.55703211188631    116.64851852326385    219.93624147927295      h 
  317.30505390122016    112.49610287826805    220.06589843618755      h 
  311.08268847361279    116.28534263641640    223.13535614115392      h 
  312.86757523386399    111.98479907583331    221.69596952219754      h 
  318.51579538149468    116.31109392682521    226.52333688526224      n 
  318.59023071210584    114.27766664765603    228.34779755785428      c 
  317.29636738623270    111.93341506643729    227.24273223116202      c 
  315.01665993678563    111.56786353007686    227.42640332541882      o 
  317.31744016551278    115.11614021320570    230.79923335670171      c 
  317.76391964310790    113.19126925975618    232.86764973990000      c 
  317.80221042397022    110.90249651978621    232.46452624589350      o 
  318.05504230812943    114.13557287571277    235.18052230362281      n 
  316.82638405512739    117.13792918123505    226.18430459729129      h 
  320.58394658058438    113.83191230288317    228.67998824250310      h 
  318.04214420797302    116.96858330514807    231.32754778937402      h 
  315.28119796398659    115.25325147494057    230.46121511570624      h 
  318.27598143767557    112.96277163761724    236.66760892711076      h 
  318.02922027053847    116.01143742703533    235.49210342390754      h 
  318.88762910163604    110.35988071936426    226.06613123247212      n 
  318.07420266509564    108.06299695228779    224.83925651907265      c 
  317.45637385174109    105.93446519735184    226.71825456728811      c 
  316.73481959920196    103.87991071725192    225.93386623850768      o 
  320.09756603978030    107.10879619316975    223.00029908276861      c 
  320.28211113304457    108.59545095210630    220.59569256301754      c 
  322.12604127074547    110.44710376311335    220.32592405501327      c 
  318.64536792454010    108.12099825037834    218.59483331105346      c 
  322.33356404014796    111.80924738923967    218.10206412006443      c 
  318.85533428004828    109.48418345395267    216.37179880443088      c 
  320.69397919366384    111.33188565245605    216.11973912484450      c 
  320.76190939610672    110.73568611035932    226.04432120647061      h 
  316.29947504868221    108.42795725746039    223.81552175805894      h 
  321.90880712976974    107.20791394513060    223.97836881331600      h 
  319.67652123600328    105.13053645407969    222.56766070333410      h 
  323.41353100509269    110.80689113606280    221.86901885938940      h 
  317.20094217351669    106.68427713314817    218.78413169681554      h 
  323.78426829433300    113.23469138186324    217.92781727979016      h 
  317.56079603118246    109.09467073585137    214.84424855652341      h 
  320.83790627964629    112.38690689713312    214.38091594657715      h 
  317.75002326120364    106.43567982248520    229.17671238140508      n 
  316.84416270457280    104.66788202917111    231.07343404476606      c 
  314.01604358981717    105.18359934778755    231.50365826717498      c 
  312.37144828162121    103.60325888682368    231.12166088675087      o 
  318.39402986137389    104.88615311285297    233.50369619302992      c 
  317.70621944790298    102.73464417102882    235.31842958255615      c 
  318.54918127472070    103.14025945332573    238.05660624022283      c 
  321.39897442248372    103.49561939547442    238.37930741184914      c 
  322.09860257411668    106.22983018865929    238.32806509145917      n 
  318.18558478892311    108.20273909672537    229.78323388102504      h 
  317.01616469177083    102.77128929595349    230.26097319223430      h 
  320.36965563259469    104.75715474225028    232.92491925125429      h 
  317.99054453114638    106.73028093006114    234.33070117430972      h 
  315.65797570912252    102.49394488096485    235.29988970160966      h 
  318.50775711299463    100.98267460037872    234.58398496545377      h 
  317.52851443559769    104.74352497818973    238.84856904829962      h 
  317.96650890950986    101.47308168986703    239.11398218906837      h 
  321.99581404083767    102.72080826904769    240.19214728765934      h 
  322.37944798742865    102.50947332185061    236.85973173903957      h 
  324.01376977933637    106.46714030361018    238.59639388321412      h 
  321.59840855274092    107.01354364546958    236.61395624464288      h 
  321.15188149505900    107.16031778727604    239.75906518148571      h 
  313.51484459007179    107.51307410412912    232.37268606836963      n 
  310.93954731728269    108.34859727929353    232.79565978968941      c 
  309.25334709034928    107.97460449585458    230.47076966837164      c 
  307.09719656793266    107.16880044807669    230.65959211342528      o 
  310.91975837888424    111.12704421992737    233.55459112887809      c 
  314.90046077093342    108.84579409855972    232.34635726788412      h 
  310.10340136479033    107.17272454432377    234.28546005699491      h 
  308.98905129351175    111.72974671209417    233.90464843292776      h 
  312.02419471728626    111.39399737981940    235.26261493606134      h 
  311.70170463938683    112.26754777709080    232.03349639003764      h 
  310.37631376488105    104.81707295245454    224.03202123708039      n 
  312.12798913751510    103.29589333109287    222.56215052041352      c 
  311.69745971680641    103.46811601995142    219.72377928333503      c 
  313.46872365396052    103.57514591651199    218.23041000193396      o 
  311.72506390429550    100.59421991640383    223.52346321117429      c 
  309.02980466167429    100.62088639069638    224.54444168443672      c 
  308.78180333429293    103.27006642594581    225.65028909670082      c 
  314.06937932555911    103.92707870648108    222.90302535184526      h 
  312.01836580184874     99.21210609541309    222.03016948744173      h 
  313.07769095236631    100.24269636246274    225.03593088467181      h 
  307.66992147924117    100.37075441185814    223.01701062740301      h 
  308.72302042873122     99.17307928405693    225.96727477594183      h 
  306.82865739506644    103.92970566346710    225.61342396062147      h 
  309.49087379019278    103.33064286738248    227.59500471392141      h 
  335.50331614400818    120.36872780738916    218.16981130840733      h 
  340.57579139700755    112.74253399135102    215.85237697024246      h 
  330.47892447816071    106.81688933250837    208.56568620484563      h 
  327.63622957135385     96.14722233018857    208.05501620912435      h 
  325.44934204069921    122.76115864993898    221.11691942903971      h 
  309.91117077423166    108.39283872477817    228.74931322275643      h 
  311.24439050045351    105.96033584115087    224.94413675674576      h 
  309.93796208495428    103.49630909706892    219.03498512143173      h 
  -0.1990388722623D-01  -0.1160003789807D+00  -0.3940961173855D-01
  -0.9918784696063D-02  -0.2349721047352D-02   0.4211792293949D-02
  -0.9621281792462D-02  -0.5681284907086D-02  -0.7520057941279D-02
  -0.1680009700325D-02   0.4351127064723D-02   0.5688834628783D-02
   0.1832343199163D-02   0.1691330068158D-02  -0.5350538013650D-04
   0.2903686146824D-03  -0.1402970160346D-02   0.2054548996214D-02
   0.5970834533318D-03  -0.4294547365195D-03  -0.1208571068032D-03
   0.4525559540311D-03   0.1811822315299D-03  -0.2732927385087D-04
   0.2908244955664D-03   0.1442764289101D-05   0.3165987050939D-02
   0.1196736594260D-02  -0.5939974168605D-02  -0.9512942367336D-02
   0.2286291649707D-03   0.2577786462030D-02  -0.1025888408387D-01
   0.5048059871587D-03   0.1662222807365D-03  -0.6612968098312D-03
  -0.8495604338122D-03   0.1070065145311D-02  -0.6952083146708D-03
  -0.3398227992451D-03  -0.7934044191337D-04  -0.7083136463159D-03
  -0.2143567641522D-03   0.2291686239896D-03  -0.2902736326583D-03
  -0.3265290534000D-03   0.4946557671188D-03   0.1263886248564D-03
   0.4476891560604D-04   0.3069525473837D-03  -0.7772820837925D-04
  -0.2209890297025D-03  -0.5610379596932D-04   0.3833445188480D-04
   0.3140781376036D-04  -0.1394351129276D-03   0.2421002833700D-03
  -0.2930889140155D-03   0.3380549616126D-03  -0.4923464380166D-03
  -0.2871079197168D-03  -0.5433556003863D-03  -0.4332627505127D-03
   0.8906403720397D-03  -0.2076048094386D-03  -0.5242695459660D-02
   0.3301145870861D-02   0.1257634376444D-02   0.6425527879857D-02
  -0.1705055805357D-02  -0.4524141348599D-03  -0.1615022525195D-02
  -0.9176999882778D-03   0.1877695865096D-02  -0.1696916059528D-02
   0.9990734659075D-03  -0.1759719147698D-03   0.1083622567284D-02
   0.2234233073332D-02  -0.2483403036134D-02   0.7565466602309D-04
   0.2535732404562D-04   0.3599707697014D-03   0.1244803387680D-02
  -0.1518278717468D-03  -0.1359722826321D-02   0.3440187158140D-03
   0.4815872976865D-03  -0.2570274420237D-03  -0.7955972631618D-03
   0.1817382576069D-03  -0.1455922237670D-02  -0.5890620612399D-03
  -0.1141978323180D-03  -0.1420662244140D-02  -0.4604265059870D-03
   0.9053932411389D-03  -0.8741554287875D-03   0.6394320319098D-03
  -0.1130729404773D-02   0.9216982634977D-03  -0.6871448397457D-04
  -0.3047996265089D-03   0.7140600546409D-03  -0.2060452019774D-02
  -0.1088573641454D-02  -0.9074855421673D-03  -0.2047677069032D-02
   0.6502143186369D-04   0.2085486902446D-02  -0.6598258351866D-03
  -0.1198577077150D-02   0.1885831700279D-02   0.1878899043518D-02
   0.4160177987735D-04   0.9399763271739D-03   0.8554698610745D-04
   0.2499416876048D-03   0.1482272078433D-02  -0.3257825101459D-04
   0.1110260752576D-04   0.1070569480602D-02   0.1155021470403D-03
   0.3606047077061D-03   0.6802596488655D-03   0.1555137699212D-03
   0.3457629616720D-03  -0.1991201725041D-03   0.4356800978983D-03
   0.2562792720296D-03   0.2579940764626D-04  -0.8977713190673D-04
  -0.1560700778408D-04  -0.1429257297697D-03   0.2989314961395D-04
   0.6256327973902D-04  -0.8547224443264D-04  -0.4095787464189D-04
   0.2995323667337D-05  -0.6579281293926D-04  -0.6055669951216D-04
   0.1916858636241D-03  -0.4319752184123D-04   0.7561760391694D-04
  -0.1962735852526D-03  -0.3397185362170D-03  -0.3658727269500D-04
  -0.1069157330785D-04  -0.5916792432418D-04   0.3858640976877D-04
  -0.1534610449406D-03  -0.4976896510681D-04  -0.1055792678267D-03
   0.1906764125363D-04  -0.2755440730757D-04  -0.5960203595734D-04
   0.5498380449361D-04   0.1804907237468D-04  -0.5138846855805D-04
   0.2394641362857D-04   0.8386761970841D-03   0.4495535063568D-03
   0.2717268972461D-03  -0.3295027124959D-03  -0.6234203467170D-04
   0.1400167507161D-04  -0.4297207714643D-04  -0.7403532315746D-04
   0.2796746977247D-04  -0.5963854750762D-04  -0.1219095275812D-04
   0.7828767808436D-04  -0.9691491763533D-04  -0.8571221897625D-04
   0.7972528495447D-04  -0.4515326660941D-04  -0.9374771106270D-04
   0.3330187907745D-04  -0.1977636416085D-04  -0.8025552975055D-04
   0.1865130616555D-04  -0.8623862243666D-04  -0.4781556468325D-04
   0.1621515956800D-03  -0.2142969048660D-04   0.9033779715379D-04
   0.2501434889377D-04  -0.1683921831539D-04  -0.2224680200700D-04
   0.4520569555045D-04  -0.3698093230334D-04  -0.1103671190192D-03
   0.2917922386734D-04  -0.1125240182670D-03  -0.1305086518669D-03
  -0.5067099594928D-05  -0.1919216686538D-03  -0.1572347796962D-03
   0.6824560055197D-04  -0.4290226589243D-04  -0.3570823798892D-04
   0.8152095362196D-04  -0.4498376279112D-04  -0.9029347387505D-04
   0.8123708999693D-04  -0.5316517245444D-04  -0.3770253212461D-04
   0.1099148017470D-03  -0.2686431874036D-04   0.3277445750691D-04
   0.1886070817269D-03   0.1500191364638D-03   0.1992931210973D-03
   0.1985572601811D-04  -0.1530929813045D-03  -0.6029607451002D-04
   0.1744070585994D-03   0.1529663168494D-03  -0.1000671613968D-03
  -0.4117633367907D-03  -0.1155828405317D-03  -0.2618823133534D-03
   0.1314609512533D-03  -0.3019854143896D-05  -0.1295325858559D-03
   0.1051302047660D-03  -0.2665450233326D-04  -0.1108560775802D-03
   0.5222740409569D-04  -0.7867308386979D-04  -0.5689708083065D-04
   0.1258881833980D-03  -0.1531029151930D-03  -0.4034213145819D-06
  -0.9804532926605D-05  -0.2539680771309D-03  -0.2288985843128D-04
  -0.1870078581518D-03  -0.1079067251771D-03  -0.1270753630540D-04
  -0.2590749088654D-03   0.4812268045663D-05   0.3631671251809D-04
   0.4810966963406D-04  -0.5761698847653D-04   0.9880424246579D-04
  -0.1970917487699D-03   0.7661235406318D-04   0.2819816094324D-04
  -0.1846789185921D-03  -0.1309519311863D-03   0.1213571255025D-03
  -0.8458296417814D-04   0.4234151410494D-03  -0.3272520563544D-04
  -0.4527826982326D-03  -0.1613088785827D-03  -0.8826130611318D-04
  -0.7252334654647D-03  -0.7986138105895D-03   0.7490773978355D-04
  -0.1711281221609D-03  -0.2050843226359D-03  -0.1349144884295D-03
  -0.2453126257675D-03   0.5535221604480D-04   0.7498654426474D-04
  -0.2779817156783D-03  -0.1059288961535D-03   0.1620624223930D-03
  -0.1502643981219D-03  -0.7545458782972D-04   0.2351486314395D-03
  -0.7172153653813D-04   0.7056027142180D-04   0.3492286373938D-04
   0.3680673553260D-04   0.3595364160333D-04  -0.3261412312437D-04
  -0.4937472432757D-04   0.1990138662541D-05  -0.1943104691911D-03
  -0.6423790127930D-04  -0.1099220033099D-03  -0.1812338187658D-03
  -0.9345163869267D-04   0.3232625047184D-04  -0.1910927466416D-04
  -0.1619300111633D-04   0.4990477044830D-04  -0.1640708981313D-04
  -0.6806422177634D-04   0.5607443046308D-06   0.1475728758415D-04
  -0.2237831062366D-03   0.2069535019115D-04   0.2651996960844D-03
   0.8537375804927D-04   0.1615661000140D-04  -0.1696030999848D-03
   0.5046058038568D-04  -0.4667325727172D-04  -0.2321883321769D-04
   0.1365543119891D-03  -0.1660987256870D-04  -0.1004615125215D-03
   0.4513300773263D-04  -0.9466815549956D-05  -0.4284356376554D-04
  -0.9071567735266D-04  -0.6618806392258D-04   0.5126251746083D-04
  -0.1286468479279D-04   0.2788979901299D-04   0.8224750910007D-04
   0.2927300129972D-04   0.2075102164395D-05  -0.1665859790509D-03
  -0.2854575804909D-05   0.1779438072471D-04  -0.7511950373451D-05
  -0.2053290337480D-04  -0.5511060000853D-04  -0.3887712895883D-04
  -0.2308879275797D-04  -0.4694912046395D-04  -0.1078423890759D-04
  -0.5504927470108D-04  -0.2700939390662D-04   0.6781241726779D-04
  -0.5694180023551D-04   0.2618589841970D-04  -0.1130577030171D-04
  -0.8797348358436D-04  -0.3358982301208D-04   0.7902894448911D-04
  -0.2356767602834D-03   0.1060215095660D-03  -0.1833168555132D-03
  -0.1049928606466D-03   0.9746072355425D-04   0.2705498514909D-04
  -0.3443586984107D-05   0.1415159897620D-05   0.1133756913093D-03
  -0.1140715146660D-04   0.2721517066244D-04   0.5108337780418D-04
   0.1483362879352D-04   0.3942863676736D-04  -0.3289148538256D-04
   0.1363817052646D-03  -0.4366777435939D-03   0.3373712090692D-03
   0.1438348653698D-03   0.2642432809705D-04   0.2316163423359D-03
   0.1062646504828D-03   0.8023943126500D-04   0.7335169839531D-04
  -0.3607593829183D-04   0.3763171065934D-04   0.1210429069498D-03
   0.3994217348237D-04   0.1586017539435D-03   0.1067313835249D-03
   0.2527503930735D-04   0.3369879482030D-03   0.6365879689306D-04
   0.4696128536381D-04   0.1470861395118D-03   0.6664831174496D-04
   0.1107116680177D-03   0.1423488299339D-03   0.9319378653118D-04
  -0.5536251364478D-04   0.3887765590462D-03   0.1954647471336D-03
   0.3090456108401D-04   0.4743293038151D-04   0.4238762243216D-04
   0.4474860374638D-04   0.1395198431268D-03   0.5903965973601D-04
   0.1069655473428D-04   0.1006161901644D-03   0.1365322213807D-04
   0.1031011309534D-03   0.1130791234907D-03   0.1371414735199D-03
  -0.1154652425186D-03   0.2965356214047D-03  -0.2768999602805D-04
  -0.1028026309357D-04  -0.1397387910368D-03  -0.1100195909123D-03
   0.3978280100070D-04   0.1368794472088D-03   0.8805576169047D-04
  -0.1884438109044D-04   0.1135847475540D-03   0.5097868287592D-04
   0.4360386966375D-04   0.1218177477292D-03   0.6840247172452D-04
   0.3172370077103D-04   0.1254208775735D-03   0.2220371077134D-04
   0.9491743508326D-05   0.1141860513472D-03   0.2182556921399D-04
   0.3833900866417D-04   0.6104271134373D-04   0.1907345455085D-04
   0.4020083316273D-04   0.1190654799584D-03   0.2072129701866D-04
   0.1882209966664D-04   0.2162573823271D-03   0.3662632647014D-04
   0.2016561348416D-04   0.2068302318691D-03   0.3995558645373D-04
  -0.1177015058301D-03   0.6674642113886D-04  -0.5263148073267D-04
  -0.9026387603247D-04   0.2061771188604D-03   0.2307225436948D-03
  -0.4708197921532D-05   0.2226261248623D-03  -0.3596659536622D-03
   0.1766843377198D-03  -0.3116371435817D-03  -0.1817357943244D-03
  -0.5622448865839D-03  -0.4845088095005D-03  -0.1860701337961D-02
   0.3016774276943D-02   0.6739374196684D-02   0.8616583646501D-02
  -0.2955856542773D-01   0.5185448048312D-01  -0.6207827919253D-01
   0.8898377520501D-02  -0.1266580978426D-01  -0.3961945266370D-02
  -0.1060655492497D-02  -0.3557891469657D-02  -0.1713287460418D-02
  -0.7595527277926D-03   0.2419182573067D-02   0.2029661699386D-02
   0.9080021135750D-03  -0.1419773546265D-02   0.1331330130506D-02
   0.5887802878906D-03   0.4231143683044D-03  -0.1354142203495D-02
  -0.8500327438356D-04   0.2090077698094D-03   0.1205794053894D-02
   0.6931277688176D-03   0.6414255160459D-03   0.4567446117907D-03
  -0.2511552973268D-03  -0.1429495379723D-03  -0.6044482026984D-03
  -0.3351896250124D-03   0.2882429842935D-03  -0.5930591346258D-04
  -0.5737368095918D-04   0.5173792872843D-03   0.2276512918596D-03
   0.6940405191251D-03   0.5560715610536D-04   0.5241888932086D-03
   0.9614223867274D-02   0.1251419854528D+00   0.1424484553070D-01
   0.9897552685926D-02   0.2941605049467D-02   0.5446941454036D-02
   0.2264662732659D-02  -0.4793381210628D-02  -0.3048237407605D-02
  -0.1807079977657D-03  -0.3002637929738D-03   0.8200278681918D-03
  -0.9361347740058D-03   0.1317465257556D-02  -0.3619371574212D-02
  -0.4260107413957D-03  -0.1797696015533D-02  -0.1786992918139D-02
  -0.1619520126348D-04  -0.3043566625000D-02   0.5343388863813D-03
  -0.8495659604142D-03  -0.2563119421737D-02   0.9726640149086D-04
   0.3605723657304D-02   0.1012894604779D-01  -0.8657026462867D-02
  -0.6800873948381D-04   0.1833316803608D-02  -0.3996498815282D-03
   0.2532966542724D-02   0.1076812374591D-02  -0.1025388652890D-02
  -0.3880492350734D-04   0.7942655878398D-03  -0.1132208378845D-02
   0.1728594027304D-02  -0.3075155188845D-02  -0.2396630606644D-02
   0.1037272064987D-02   0.9054304295761D-03  -0.8721557011603D-03
   0.3558588808446D-03   0.4636412351523D-03  -0.4946808354389D-03
  -0.4979247179987D-03   0.8362205191843D-03  -0.2123377416128D-03
  -0.1996891338017D-03   0.5629718911565D-03   0.9434672389773D-03
   0.2662109211382D-03   0.1176459938479D-02   0.4277750942904D-03
   0.4091979684550D-03   0.1431921457415D-02  -0.5531683892310D-04
  -0.3229941046085D-02   0.9611476566995D-03   0.3301331092588D-03
   0.2028826273783D-02   0.7061214735811D-03   0.5553123862478D-02
  -0.8345036486194D-01   0.2631739116355D-03  -0.2635035931603D-01
   0.1201262919469D-01  -0.5700783588216D-02  -0.1149568391053D-01
  -0.1379337478859D-02   0.5769504711572D-03  -0.6102285270292D-03
  -0.4495572929649D-03   0.3177786012665D-03  -0.9242645236418D-04
   0.4787949127241D-03   0.4979540146077D-03   0.2402103398270D-02
  -0.5165034589422D-01  -0.8685130405054D-01  -0.5988977749330D-01
  -0.4959648001129D-02   0.4888739241116D-02  -0.9054568197137D-03
  -0.1145475582347D-01  -0.9753533956803D-02  -0.1628210153882D-01
   0.1273106549298D-02   0.3819362083042D-03   0.5009538224408D-02
  -0.2489243751268D-02  -0.6736039847568D-02  -0.1359871712193D-01
   0.1807374992468D-02  -0.1655667435583D-03  -0.7441306858435D-02
  -0.1389337015868D-02  -0.2314717161578D-04  -0.2334527591665D-03
   0.3691041268398D-02   0.6178045399355D-02   0.1185398823647D-01
   0.2377693025013D-02   0.3880638071881D-03   0.5689842913335D-03
  -0.7604378587951D-04   0.2122075307849D-02  -0.3257631367433D-02
  -0.8675652787421D-04  -0.1889645599582D-02   0.1597535125638D-02
  -0.1149202197590D-02  -0.3964453417604D-03   0.1691515608973D-02
   0.9523761309938D-03   0.1473308032029D-02   0.3818197408680D-03
   0.2139816770122D-02   0.2234092808808D-02  -0.6536063249871D-03
  -0.1658616735344D-02   0.1022668988829D-02   0.6105960934399D-03
   0.7304178557788D-04  -0.2671379925214D-02  -0.2144879032907D-02
   0.4645045862815D-03   0.3181132879406D-02  -0.8314092056595D-03
   0.5712028060793D-02  -0.1881534148205D-03  -0.3552545868703D-02
  -0.2731944927998D-03  -0.1195964402539D-03  -0.2849798916220D-03
   0.8544894219605D-03  -0.2105656714098D-03  -0.6331537306006D-03
   0.8574662923765D-03   0.1458416856840D-02   0.3288209512310D-03
  -0.2979938689073D-03  -0.2485002777088D-03   0.3984529498541D-03
   0.3593225636338D-03   0.9416771426061D-03   0.7038349246930D-03
  -0.4258706705190D-03  -0.5852961857167D-02   0.1303771921916D-02
  -0.3235647260207D-03  -0.2506495323932D-03   0.1603705665166D-02
  -0.1042109451951D-02  -0.1811677745130D-03   0.1310109987911D-03
   0.5601609706940D-02  -0.2118158371548D-03  -0.3577809125656D-02
  -0.2701532739551D-02  -0.7276425428615D-03   0.3602294247871D-02
  -0.1290607673193D-03  -0.2341794643070D-03   0.5061999772590D-03
   0.6180687786959D-03   0.2368622019575D-03  -0.1833469901849D-03
  -0.3058340472475D-03  -0.2614782643047D-04   0.1443074341738D-03
  -0.4826737871473D-03  -0.2968699082541D-03   0.4861489869245D-03
  -0.2049836452108D-03  -0.2833524386114D-03  -0.7666870217203D-03
  -0.1410091995726D-03   0.7633231710303D-04  -0.3747175980785D-03
   0.1793865314610D-04  -0.7983639681616D-04  -0.3505951154056D-03
  -0.1113859629124D-03   0.3491150603873D-03  -0.4335850724690D-03
   0.4316322297427D-03  -0.4847317168826D-03   0.6498820975304D-04
   0.3891924960133D-03  -0.4395329824384D-04  -0.4909172655420D-03
  -0.1406864976701D-02   0.7094229945447D-04   0.2894537336767D-02
  -0.7281026362284D-03  -0.1064338771064D-02  -0.9553700015126D-03
  -0.1142695892305D-02   0.2187708744817D-02  -0.2313211082618D-02
   0.2451106811231D-03  -0.4011985362951D-03   0.4949576665808D-03
   0.2372640421162D-03  -0.3917388813861D-03   0.1792866732820D-04
  -0.3892578723735D-03  -0.2194930975596D-03   0.2959991774289D-03
  -0.2510781957166D-03  -0.5939045287244D-03  -0.3352563451240D-03
   0.2105097029350D-03  -0.8564621143126D-03  -0.8786663446514D-03
   0.1633634840853D-03  -0.2724632274455D-03  -0.8081367270572D-03
   0.5554080684576D-03  -0.4041534337991D-03   0.7094677733742D-03
  -0.1090118294903D-03  -0.5560545977158D-04   0.2299520837826D-03
  -0.2726652528039D-03   0.7722573202348D-03  -0.3397322036243D-03
  -0.5552131625270D-03  -0.4866169219422D-03  -0.2092509180451D-03
   0.2724465531433D-03   0.5800474290468D-03   0.7700671579707D-04
  -0.9525971431888D-03   0.3478546138781D-03  -0.4576518363009D-04
   0.3409605464692D-03   0.5266068242058D-03  -0.1000653593121D-03
  -0.8584650619406D-03   0.4766351967003D-03   0.3910746866524D-03
   0.2863911214459D-03   0.7715420252209D-03   0.7248579987869D-03
  -0.2698775071450D-03   0.9675408279075D-04   0.6182193617138D-03
  -0.1077696791656D-03   0.1054975077671D-03   0.4358958216044D-04
  -0.1186009320660D-04  -0.7058899340232D-04   0.3082193751663D-05
  -0.3455582490656D-04  -0.3965605815843D-04   0.1698122008921D-04
  -0.3498213574926D-04  -0.2023430315345D-04  -0.7661866353518D-05
  -0.5175233899999D-04  -0.9489141433785D-04   0.3073821841744D-04
  -0.9775182396767D-05  -0.1400502320285D-04   0.5731136550319D-04
  -0.2040219646212D-04  -0.4338481799750D-05   0.5591750658826D-04
   0.9417313559343D-05   0.4780210462484D-04  -0.1892173435826D-03
   0.2867360443443D-03   0.3455108437455D-04   0.6355188514947D-05
  -0.1407324435045D-03   0.1753092848417D-04  -0.1501562417236D-03
   0.3126539580211D-05  -0.8337658629974D-04   0.1342213236974D-04
  -0.2182259129179D-04  -0.2478752827437D-04   0.2784179186520D-04
  -0.6633333112439D-05  -0.3338104185885D-04   0.1309483747339D-05
  -0.1885183227248D-04  -0.1119820126006D-03  -0.1154865413326D-04
   0.4323410185096D-04  -0.7146710036074D-04   0.1420564386343D-04
   0.7846288004717D-05   0.3931346179216D-05   0.2447225286742D-04
   0.5666230288275D-04  -0.1676856888242D-03  -0.8921925913059D-05
  -0.8289540080172D-04  -0.1584569502065D-03   0.1675398194921D-03
   0.2926552496210D-04   0.3491785480072D-04  -0.6915623087774D-04
  -0.1420345646039D-04  -0.1388342535491D-03  -0.4272048150211D-04
   0.1032401608015D-03   0.3421894425095D-04  -0.3825161695059D-04
  -0.1670753948363D-04  -0.1586406467581D-04  -0.3429962170831D-03
  -0.1213728852811D-03   0.1523506715553D-03   0.3502496206507D-03
   0.9598759170028D-03  -0.2811758405956D-03   0.1981088292781D-02
   0.3980760642007D-02   0.1896414760908D-02   0.4591485774536D-02
   0.4437877946605D-01   0.2872053876228D-01  -0.7344681191647D-01
  -0.1629093041728D-01  -0.7854137892496D-02  -0.1681230942186D-02
   0.7842799407681D-03  -0.1843269315154D-02   0.1096272389195D-02
   0.2626619276916D-04  -0.4651872998639D-03   0.4879996393324D-03
   0.1256776429298D-03  -0.4531710762414D-03  -0.6629050895611D-03
   0.2878971698232D-05  -0.6301304516693D-04  -0.1834523847286D-03
   0.1046810247515D-03   0.5006222991132D-03   0.2435708326002D-03
  -0.2985171648016D-03   0.6259460984048D-03   0.2515935744297D-03
   0.7057616724518D-01   0.7150822587101D-01   0.7821112054255D-01
   0.5964129368998D-03  -0.2996495554470D-02   0.3249230490907D-02
  -0.8576112173699D-01   0.2281384093868D-03  -0.1887003051829D-01
   0.1198909329814D-01   0.7718659074076D-03  -0.1281816610921D-01
  -0.7618722010234D-06   0.7315975879191D-02   0.3201571312677D-02
   0.1909619968358D-02   0.1458559374736D-02  -0.4093570954379D-03
  -0.2778125952836D-02   0.7052600808016D-02   0.3157677836050D-03
  -0.1532712590175D-02   0.4367377218228D-02   0.1926306253083D-02
  -0.6119190639139D-03   0.2497226282951D-02  -0.3031847735265D-03
  -0.5263076590276D-03   0.2695952915014D-03   0.3613871360893D-03
  -0.1017891785358D-02   0.4677122034185D-03   0.2676411110528D-03
  -0.2651733787538D-03   0.1154390725297D-02   0.4407699699913D-03
  -0.4491622704265D-03  -0.2437867010170D-02  -0.3428737005507D-03
   0.2368163669228D-02   0.2828129849006D-02  -0.1555004922603D-02
   0.3462168736210D-01   0.1237734198750D+00   0.5448303086010D-01
   0.1741349453964D-01  -0.4479822579920D-01   0.5804420842911D-01
  -0.2437999861179D-01  -0.1356752243481D+00   0.7220903544570D-03
   0.7067630204604D-01   0.4487406634468D-02   0.2864278983685D-01
   0.5997186749986D-01   0.8624718482842D-01   0.8716295581294D-01
  -0.3516205127701D-01  -0.2077367522767D-01   0.6643341692340D-01
  -0.6709605677035D-01  -0.9351883012236D-01  -0.7225668727461D-01
   0.7421364341430D-01  -0.2656798987543D-03   0.2091009356439D-01
$end                                                                            
