$grad                                                                           
  cycle =      1    SCF energy =  -637.53386906419   |dE/dxyz| =  0.670766
  363.50812977337694    119.96343540820330    207.58504021525795      n 
  361.59257275189793    119.01514587890645    205.86751588550879      c 
  361.98808894282422    116.18229210208315    205.40985494142359      c 
  360.23483692534336    114.68025125701736    205.55631155768108      o 
  361.69401198929069    120.48666410911157    203.39950257632009      c 
  364.69562865777715    121.30769119840865    206.94023208990501      h 
  359.73676700903593    119.21921946570419    206.76953147136368      h 
  360.24686771290965    119.80102145961450    202.11744278013762      h 
  361.38135653920580    122.48536335858424    203.76816572446822      h 
  363.53746103659103    120.24982357990970    202.52727634762689      h 
  360.15976770260312    112.18205489612309    210.86708162157234      n 
  357.42718374652003    111.94097824158204    210.93515598005857      c 
  356.55445956048834    109.90163135373579    209.06797540279794      c 
  355.10055049020821    108.20575141437484    209.69267328985379      o 
  356.23318729172149    114.47716482110361    210.28684345752123      c 
  360.88615819772758    113.93875348970967    210.60991938240127      h 
  356.84128670003696    111.30711063018846    212.82348552014500      h 
  354.18828653559302    114.30758581292780    210.25986803949209      h 
  356.77584888171504    115.87570524024407    211.69014335536642      h 
  356.89267050534261    115.08651571082250    208.43969113298635      h 
  357.43404026941749    110.17094745019845    206.72715331418439      n 
  356.75147768235547    108.41990879199912    204.73755649231791      c 
  357.40123090096500    105.70675920503463    205.49687170741237      c 
  355.93546396060179    103.94920683213032    205.11773828716676      o 
  358.12677011196593    109.10737305586412    202.29372992029175      c 
  357.20500765263421    111.56294011651219    201.05526078973992      c 
  358.90583313916403    112.13829067976202    198.79628779229856      c 
  354.45734119395081    111.37903170574640    200.19765061068574      c 
  358.62947647277969    111.60986836887135    206.29428531358283      h 
  354.69593555947586    108.45934369950062    204.46609469575469      h 
  360.13580875168373    109.26351913515710    202.73613176802044      h 
  357.89922894230187    107.55235347546871    200.95922003470068      h 
  357.37466137679462    113.10058448675592    202.42327178325840      h 
  358.21334792485231    113.78658914368317    197.79029638121639      h 
  360.82753123386300    112.50450841236074    199.42123779600809      h 
  358.92045329990179    110.53794281693058    197.50772775780277      h 
  353.91711837976561    113.07131563589864    199.16721000426210      h 
  354.20031843186155    109.75786368768000    198.96193044481919      h 
  353.18600733315719    111.18274995225609    201.79676489953479      h 
  353.02215220548220    102.98534393106765    209.96129016692819      n 
  350.70902363056950    102.43107055885206    208.62308260336056      c 
  350.88175011639771    100.14560429618614    206.84035975015254      c 
  348.98757621538766     99.40281247988624    205.73073698726208      o 
  349.89121358824076    104.74309481571450    207.11201864532126      c 
  353.98541995719927    104.54953734671064    209.41863158084305      h 
  349.25491320658790    101.92037058962059    210.01621167886165      h 
  348.16847304644199    104.30701278924950    206.08497287033839      h 
  349.57358894654698    106.33346452132126    208.36965471097531      h 
  351.37781791398220    105.21840423509506    205.77567923988269      h 
  351.04366082643088    137.00262871216347    191.49375211928043      n 
  352.74574878066380    134.87726318020546    191.36367706446796      c 
  351.35909223045604    132.40506614078618    191.90340875021730      c 
  349.55709809601422    132.23888370977997    193.35379189687779      o 
  354.87164317321572    135.14311046755864    193.31094789768554      c 
  356.44240995729865    137.56203705597630    193.01957306460977      c 
  358.39494739853336    137.68096210388936    195.14294738515409      c 
  357.76025880609461    137.68588421411002    190.45772124788584      c 
  350.66098905478293    137.65849426976513    193.24251775614849      h 
  353.50634580461752    134.78139960114689    189.44729509899952      h 
  354.02396509763105    135.10833542525995    195.19644740346556      h 
  356.11687021660759    133.50711543462771    193.13557750176190      h 
  355.18444644503438    139.19319535083577    193.19952567633010      h 
  359.41624684137031    139.46314889797040    195.09381670973542      h 
  357.49638666578380    137.48895076897296    196.98305820567575      h 
  359.75651542906439    136.15548753984629    194.93623837313041      h 
  358.98484325894884    139.33234735615812    190.38246584367590      h 
  358.91077615806847    136.00842320510901    190.17051569732988      h 
  356.39444599698032    137.81418060859230    188.93225749061855      h 
  352.34870884077674    130.43221955985032    190.68369331762290      n 
  351.65410908246508    127.86509346301087    191.23217233748858      c 
  354.05734101140325    126.28488719129770    191.29303047054592      c 
  355.90150716869431    126.80808021077853    189.99063235653779      o 
  349.84582018093528    126.75407425349307    189.26137935896944      c 
  353.77499971729702    130.68272690478045    189.42949451512712      h 
  350.71730231813063    127.83725368678918    193.07337161540164      h 
  349.40611998028788    124.81281665599163    189.76748806175081      h 
  348.10763909375095    127.84714365636195    189.24550187020509      h 
  350.67647835509786    126.80086661641508    187.38368440208487      h 
  353.95892760754685    124.33039203782113    192.88179479518828      n 
  355.75924214638405    122.27593728101620    192.70773196546654      c 
  354.65353405605526    120.40442359484609    190.79635344043317      c 
  352.50927631735351    119.54209523307938    191.04814189710268      o 
  356.28785211877778    121.05385086539812    195.27605154008322      c 
  358.14285708743421    118.87813833912668    194.91056424703513      c 
  357.41515225918818    123.01269605122488    197.06279853597638      c 
  352.31688268294073    124.03112066115615    193.83375452565747      h 
  357.51285410091134    123.05679033165559    191.94818003687462      h 
  354.50848237979841    120.33289243173451    196.04877045699206      h 
  358.67883085565700    118.09881480923802    196.73299517802411      h 
  357.32299802999853    117.37830230384428    193.76866710221071      h 
  359.82150048171002    119.58219495089416    193.95543949772144      h 
  357.68453143394709    122.19745877874648    198.92555620832991      h 
  359.23386204898526    123.63174401466155    196.33854965990037      h 
  356.18462428487572    124.64567273903644    197.22059682968992      h 
  347.36794882984958    120.28805107838535    192.69524071102376      n 
  346.63246423967655    120.90503649911186    195.26110055296030      c 
  346.98164675235665    123.74509632594570    195.67503266088949      c 
  349.00929686188709    124.75041848548067    195.17195033456275      o 
  348.30292743475036    119.48748829853346    197.17330911555044      c 
  347.85121921093133    116.68963667826543    197.09035839937644      c 
  349.09826074234559    115.16719798522711    195.34723512722374      c 
  346.14737867817678    115.58168405006671    198.75076627933711      c 
  348.65847542806358    112.59315683859886    195.26275865954634      c 
  345.72165465008834    113.00583311988879    198.70651035703995      c 
  346.98178580425019    111.49715271929864    196.96481864526834      c 
  346.55680049649152    108.95401594807760    196.83412065457992      o 
  349.23930554347709    120.45163963867230    192.27060289249769      h 
  344.65299087190556    120.39741412697893    195.52467820291449      h 
  350.27496083996505    119.91137890392343    196.74039946104261      h 
  347.84720835320854    120.22516673127642    199.04026052120986      h 
  350.43380233723576    115.99748757117796    194.04684115375630      h 
  345.14045263925362    116.74494590546087    200.09153596585011      h 
  349.61992459577721    111.41288275539279    193.90679609191824      h 
  344.41574698391236    112.17361964023172    200.03461103222764      h 
  345.71286369013666    108.38832748368667    198.36348345637529      h 
  344.96173892751932    125.04469765745415    196.47942911473558      n 
  345.27121263430712    127.71199053262418    197.03722759798862      c 
  347.41679801414750    128.05870315326854    198.95758767714244      c 
  347.61580762332835    126.67381409095319    200.80688852332770      o 
  342.80092645817774    128.81650802455118    198.06882577701847      c 
  342.08327207427624    127.50690584928007    200.26017288894840      o 
  343.60651494982989    124.11189597905248    197.46372867156083      h 
  345.78642240560379    128.70291781850187    195.29261200131694      h 
  343.10069362296485    130.83429892905829    198.45866334222299      h 
  341.33074016823781    128.64186069616824    196.60841851518717      h 
  340.56012844127133    128.31083453699426    201.00103339965892      h 
  349.02273884217931    129.93774042539167    198.45181655349290      n 
  351.20708260215110    130.37310713200335    200.02982497263773      c 
  351.63124745760996    133.19706601413677    200.36346120598608      c 
  351.07105766014968    134.75461852404618    198.75081389098241      o 
  353.55497318497777    129.15888771637694    198.86403289589580      c 
  348.90745317759877    131.00112853129781    196.85679129749454      h 
  350.83790077733124    129.53095783556535    201.88091039626309      h 
  355.14709528466892    129.36590624642488    200.14001103222012      h 
  353.18920298313651    127.15858841024273    198.57615632538707      h 
  353.98035153475797    130.04696478983243    197.05855747353922      h 
  352.68373434395124    133.77951626776255    202.58507956804496      n 
  353.15540022392497    136.35711343737637    203.32395123365657      c 
  355.93044177710885    136.67470738047209    204.01064509612527      c 
  357.11572923125993    135.01932004088764    205.11148663927850      o 
  351.44902026118814    137.07392210164133    205.62084100949463      c 
  348.92962367354943    136.39347633664380    205.13909049285303      o 
  351.50455212398958    139.91455943174884    206.10816472102374      c 
  353.25614798640441    132.38446433998317    203.76546282544342      h 
  352.63424749393050    137.53239971082658    201.70254701609818      h 
  352.17884580622382    136.04457980053792    207.27598525359915      h 
  348.70735143494261    134.56371751613059    205.31367287551248      h 
  350.26350985471299    140.33227232269959    207.68790244765998      h 
  353.39867211565371    140.56116149813391    206.55620392531605      h 
  350.79653310026970    140.90662493925004    204.45564428411001      h 
  359.02897709739079    129.94771821034033    206.82251823708376      n 
  357.50705771257066    128.13440193064989    208.17172145794777      c 
  355.18790976411196    127.49088335882007    206.55844019261147      c 
  354.37610342685554    128.97390005931095    204.98732245127087      o 
  356.73496960489200    129.26187188013336    210.78072530422037      c 
  356.39397902283258    131.88587750596088    210.71905772651684      o 
  358.14917710579630    131.59584768835308    206.38185496198383      h 
  358.64790648808304    126.43656187512670    208.47272777084186      h 
  354.92881154039009    128.44967752695950    211.37445323368581      h 
  358.19019151276456    128.75148852579190    212.16895845845681      h 
  358.03182428001537    132.71451091624760    210.52483040144244      h 
  354.23731960931201    125.15727527029412    206.89410553072520      n 
  351.84797889179896    124.47075190305799    205.73905237915932      c 
  349.72507510734681    125.27852383150403    207.52382375028739      c 
  349.98423699026677    125.21597674416321    209.82902881068625      o 
  351.76895333238622    121.62888032150136    205.14636174029852      c 
  353.82500831347141    121.01327201626164    203.19772467603767      c 
  349.14861381666327    120.92400945346746    204.17671835879722      c 
  354.27251616613307    118.18696446177601    202.86512626355110      c 
  354.65235579983164    124.21973750459345    208.50425169819280      h 
  351.68200079837146    125.54823599525045    203.98358699408212      h 
  352.15154524119197    120.60023128790532    206.90313552456885      h 
  353.27587176497343    121.85924087743302    201.39836634533390      h 
  355.57933639930030    121.91241484564171    203.80321573020731      h 
  349.14513353672834    118.98823861516649    203.49743782074083      h 
  347.73709166130834    121.10863026786147    205.65811263167279      h 
  348.61286004239872    122.17967965384607    202.63869372826036      h 
  355.85975187425856    117.87253820317223    201.60176328174043      h 
  354.69632120548795    117.30862107491166    204.67323167590385      h 
  352.62772050333382    117.26305739044797    202.05755375939623      h 
  347.63332987513485    126.08880292456256    206.37587100341389      n 
  345.47704667184678    126.96491546632221    207.79954801912692      c 
  344.05219237992202    124.65904824387201    208.87031561087866      c 
  344.21379022447036    122.58185632598800    207.87721794111110      o 
  343.82699077186351    128.61547744417439    206.11170446912251      c 
  345.17976243669278    131.00893864449128    205.27249381558838      c 
  347.41477599434268    131.43472027293842    205.70065022106206      o 
  343.69381686148046    132.61961041409830    204.01851366629020      n 
  347.54418799666490    126.17857965665419    204.46432177603398      h 
  346.19181241952839    128.06967504782801    209.40587452302847      h 
  343.32593750664950    127.58136674656052    204.39549837836950      h 
  342.08925184634728    129.13868779546576    207.08279642930992      h 
  344.40623075810174    134.28126403088447    203.41302387162293      h 
  341.87304961403669    132.18801215399921    203.65359484381474      h 
  342.78815754422254    125.07872402321294    211.02418464807050      n 
  341.41650261445477    123.11065830417581    212.33833559684709      c 
  338.71616563417712    123.98328230166203    212.90691408206015      c 
  337.98448747381929    126.09471696724083    212.32647262866132      o 
  342.80763397183773    122.24939903558972    214.77780682129085      c 
  342.24064564773630    123.75486027328537    216.90746458889788      o 
  345.64468506980063    122.01564311077919    214.31636941995583      c 
  342.45699231539169    126.86659208995488    211.60606945978748      h 
  341.29407412423581    121.48754106100478    211.05914179929047      h 
  342.05595113289638    120.38366215112873    215.23138985809783      h 
  343.00423226141652    125.39903766121772    216.68782634575041      h 
  346.54878689212762    121.20572091797747    215.96847843537344      h 
  345.96345511785597    120.77804069547510    212.71185694090485      h 
  346.52590933707171    123.82109724820752    213.87947547141388      h 
  337.34672503519903    122.27552145986016    214.21705117260709      n 
  334.68445175232966    122.58514222115289    214.74867311248411      c 
  333.95360139417181    122.38917867426881    217.55212280002357      c 
  331.72797379407422    122.49803616240048    218.15598545069759      o 
  333.12966245601712    120.50662416673008    213.43439185841055      c 
  334.19414786379900    118.19142968766269    214.24603380122571      o 
  333.12106586042648    120.77429569063493    210.57529082731182      c 
  337.91565818455615    120.44744196169731    214.11020320601079      h 
  334.07277552969680    124.46360786893980    214.12995120274067      h 
  331.18147384734561    120.67792944201723    214.14852891524478      h 
  333.28704541593493    116.82749125444280    213.43927730983756      h 
  331.94387661404801    119.31850499169221    209.73500265147450      h 
  332.35283618593132    122.61202214207013    210.07665686276843      h 
  335.02302310647286    120.63338439939767    209.81127673381130      h 
  339.94307021582904    113.47208227938594    215.88922791958220      n 
  340.34161375037166    112.62675486565693    213.31324469214721      c 
  340.98920736541095    114.94582656008312    211.68533803285501      c 
  340.77636091845676    117.09194322805935    212.51529655469324      o 
  338.00589506094803    111.22202895094171    212.34886068743771      c 
  339.04681565171569    115.15280959484163    216.04857889603949      h 
  341.97152780676936    111.34960436924294    213.33222543330757      h 
  338.14378939809325    110.80647034322678    210.34656350388150      h 
  337.80553469304408    109.44364740767584    213.35246895548761      h 
  336.32938103443826    112.36551055217302    212.65442427287977      h 
  341.91466085655310    114.36587890586985    209.40389139775206      n 
  342.89227582606253    116.17430989041367    207.60937498788215      c 
  340.84890617975537    116.91798326538068    205.69166382867624      c 
  339.06701940763668    115.53417079940284    205.20572716578940      o 
  345.13082753650451    115.01124001397945    206.17693408858878      c 
  347.19363178644522    113.88631006763217    207.88041242947591      c 
  349.29787162585183    112.78551781571265    206.23503118520247      c 
  348.26255329452368    115.84213422549564    209.70875404925752      c 
  341.84083895063827    112.55310796140409    208.81886646206226      h 
  343.45579903452392    117.86552990976975    208.65299201235521      h 
  344.39507409558757    113.51754927753321    204.95753552127314      h 
  345.94633579832970    116.47956009485367    204.98747275969492      h 
  346.37368606485472    112.35402566410356    209.00212191336416      h 
  350.70140485685272    111.84501602449811    207.40652811139316      h 
  348.53789435094018    111.40876461452635    204.91543118878542      h 
  350.22804120551217    114.27922873972325    205.17662209766914      h 
  349.81326711355666    115.02812247204274    210.78427522509190      h 
  348.95651555964446    117.48960061700309    208.69669032546864      h 
  346.83371936409361    116.46030214639231    211.05082692895763      h 
  341.32437694544927    119.09757903769335    204.48189575530893      n 
  339.46837854389287    120.26990791403244    202.83524452864813      c 
  340.30194281137477    119.94845492869442    200.06927648912958      c 
  342.12419185019399    121.07644299775845    199.19898474605657      o 
  339.23241440665839    123.08998259297840    203.39425288494070      c 
  338.51781014512983    123.64191665681174    206.11759193412811      c 
  338.22578994758771    121.98774349581841    207.70435031732089      o 
  338.24928923854361    126.10282819314646    206.63913124970640      n 
  342.65248400224152    120.26202587068840    205.21530598064629      h 
  337.66649071144900    119.29806384027160    203.15064645181468      h 
  341.02661188861367    124.01935559267987    202.96993624367002      h 
  337.81057884781370    123.93201457938689    202.16331888184314      h 
  337.77839990837850    126.61042065526398    208.42033046393567      h 
  338.28144643120152    127.44042829844956    205.25944923445880      h 
  338.95994071381682    118.26938036944370    198.75125977182014      n 
  339.35657341284849    117.82855074668174    196.07338800631760      c 
  337.68148154438836    119.63827643519679    194.57318875304657      c 
  335.76885612356057    120.55968502236850    195.51009985028458      o 
  338.71716592300282    115.05704304810831    195.51215897637024      c 
  339.38600336397678    114.24963253315157    192.82309557708510      c 
  338.61721470627822    111.51284163514509    192.27988034425366      c 
  340.06012862627546    109.52872611684033    193.78819868771384      c 
  342.73344732198058    109.43752366040825    192.96444693220568      n 
  337.28815130869378    117.64701157207701    199.46072703313064      h 
  341.33874222675405    118.20639746934704    195.62723247839486      h 
  339.75777971373901    113.94080599532944    196.89649960903461      h 
  336.70311939443508    114.77300586706995    195.84046458761287      h 
  338.36276145785251    115.43801980304293    191.48860977831890      h 
  341.39546962959071    114.57222572715993    192.48625283917153      h 
  336.61169390952290    111.31877932207443    192.70032508237412      h 
  338.87560034892658    111.12869646968579    190.27163514339225      h 
  339.97904613172534    109.95863294673698    195.80118733087664      h 
  339.22118338834139    107.68054075226136    193.44860334266821      h 
  342.87036012205061    108.83609404001979    190.99786737453533      h 
  343.51706483891621    111.20134092364438    193.12454598200233      h 
  343.80198791554272    108.22105085373474    194.04469137260361      h 
  338.37511365832313    120.14476722185681    192.20327954833132      n 
  336.78585317838491    121.68628913079145    190.58398529577784      c 
  335.17834867658524    119.96268624468104    188.88887078481036      c 
  336.03779724151411    118.05563945397049    187.91267166695712      o 
  338.36762089852465    123.45361567879921    188.93318932449969      c 
  339.78154078219467    125.49100366916748    190.43495054360423      c 
  341.64694691642649    126.85713383281059    188.70635112778658      c 
  337.96861385672543    127.41128700428285    191.60101789993774      c 
  340.05374392826326    119.51102905971433    191.52204236950772      h 
  335.50923826904432    122.76154674465792    191.80309341675039      h 
  339.73236986770752    122.30372426679862    187.89745953822734      h 
  337.12114243193292    124.34646067690061    187.55113414567361      h 
  340.83546166666349    124.57535687814703    191.96668756306727      h 
  342.63924941389206    128.31247962374650    189.76532770417990      h 
  343.03000146642734    125.54636987405696    187.94296908771176      h 
  340.63720004389455    127.73891579864940    187.14892991887066      h 
  339.01452597112734    128.87940667291713    192.59124076911394      h 
  336.82206513428036    128.31604002390426    190.15334026182458      h 
  336.69345099447395    126.54263177011804    192.96066600877748      h 
  330.21480900124095    127.34316860762310    184.84261352651475      n 
  331.88652694146384    128.73374872646644    186.48850141746456      c 
  330.85805088431050    128.99074955034916    189.18466764652737      c 
  331.77581768498521    130.49799334839145    190.68145877224580      o 
  332.51291562717569    131.36184883832689    185.42778379195661      c 
  330.13451595784750    132.82561107992433    184.69315882602365      c 
  330.65779563864857    135.66027146706946    184.53968066012513      c 
  328.40244406534021    137.14978687179416    183.54994972440807      c 
  326.20270051381272    136.97163314765265    185.28943946400872      n 
  328.38394512360566    127.88654536100059    184.79454334432285      h 
  333.63895099951958    127.62805384021982    186.62880377588411      h 
  333.51658053050124    132.37168637707524    186.91902529692982      h 
  333.75613769533487    131.17468912439662    183.79661150197575      h 
  329.44730005121539    132.15586081495644    182.86558920351189      h 
  328.67467245701380    132.45006380659669    186.10025878492968      h 
  331.20005089806773    136.34825932183858    186.40613761048616      h 
  332.24417119907986    135.97738404953381    183.26388182591219      h 
  328.91969369167526    139.13513746017736    183.35358964895809      h 
  327.82933777804442    136.42452205504827    181.70704335934616      h 
  324.77262850637231    138.13440788914477    184.69170452316868      h 
  325.46707351521491    135.11447223166772    185.36456224933022      h 
  326.72257805749251    137.46918894889777    187.09233147849173      h 
  328.89817883878840    127.49250916299768    189.74651317707796      n 
  327.99421955395439    127.28304442163672    192.32236134920083      c 
  329.94569956634189    125.75941119446442    193.80381373058248      c 
  330.92901264030127    123.90178749366517    192.83048700769947      o 
  325.44082027731127    125.86298383003080    192.30115007152801      c 
  323.59319252342777    127.18052659689120    190.92618112048126      o 
  324.40098292526784    125.47871899332939    194.96237384085629      c 
  328.50860672093131    125.99882749043299    188.60578518321063      h 
  327.77096789571044    129.18086537788869    193.11167516400837      h 
  325.81389942266230    124.01132254265802    191.41716892823402      h 
  324.16665969622352    127.50924388436496    189.19390795364109      h 
  322.61441016324096    124.47775432508195    194.83352801308962      h 
  325.69935484718297    124.41402128409675    196.14155759300769      h 
  324.04577629715232    127.30693283683429    195.82793904579347      h 
  330.55063913177224    126.55245996379362    196.13004331932177      n 
  332.06511284309533    124.91957684179400    197.73339803943958      c 
  330.35733215444674    122.72993447979984    198.57177622560729      c 
  328.32529568182883    123.15007455611376    199.62914646067748      o 
  333.10078306520580    126.34299923847824    200.01675143410358      c 
  335.24788290751576    128.14750662358395    199.34323631499208      c 
  335.90202837986652    129.78439697767817    201.68834964884923      c 
  334.20535581215267    131.11703754276971    202.58235248884279      o 
  338.12680897266830    129.62440796397789    202.54408744907144      o 
  329.59225264630612    127.96256316645201    196.98012903861365      h 
  333.61796517087680    124.16368121770766    196.59795577591527      h 
  331.59103920281837    127.42854269266977    200.91391924116317      h 
  333.77834603304763    124.96545395374699    201.40171607846491      h 
  336.91939014499604    127.11030510494726    198.72633720560859      h 
  334.64614339285856    129.42318058319438    197.83792270552217      h 
  331.16627212042334    120.43923587948584    197.96184787097619      n 
  329.86417869618964    118.15969218934315    198.70809458913635      c 
  331.60832394082848    116.70508088045960    200.49046557707337      c 
  333.89024921006626    117.07785820123866    200.55392088635858      o 
  329.06575219388679    116.54051971507620    196.40861955746172      c 
  327.40052961742919    118.09377043696097    194.63509679044034      c 
  331.36636688828997    115.51827756997722    195.00297515581076      c 
  332.90361587192916    120.23497303587838    197.15995736494801      h 
  328.17509913483434    118.75485103536008    199.75035245977878      h 
  327.96905492159658    114.95036054893970    197.15317851054294      h 
  326.71108101961903    116.91282135725183    193.10520523708823      h 
  325.78676571003831    118.87637525939796    195.63907069419426      h 
  328.47038193893667    119.65947423080878    193.83515240904345      h 
  330.76334512956964    114.39895634328656    193.39321105804888      h 
  332.52802313595259    117.06899355614790    194.31790957551729      h 
  332.48366827289595    114.34203032212686    196.26039034292594      h 
  330.47210079851129    114.96528619256996    201.93367805109389      n 
  331.90984262475678    113.65376485603332    203.85821069408766      c 
  330.99607887496910    110.94169793974140    204.15741305682715      c 
  328.75618533551500    110.40378778804667    204.30447662792616      o 
  331.77877806011549    115.07253829898134    206.41466792790757      c 
  329.10506243238802    115.11629259598193    207.49683190732725      c 
  333.66814370632636    113.92888837494642    208.26386840262185      c 
  328.55985631449846    114.83852733751259    201.95589099199012      h 
  333.88426821931091    113.68845014844365    203.23709941277525      h 
  332.37059818008811    117.01644984536939    206.00367916281968      h 
  329.05524844982949    116.20851673123671    209.23841641910315      h 
  327.80618639206079    115.98124397163249    206.15841193516141      h 
  328.46595506598300    113.20877449552538    207.91065106520261      h 
  333.65653696513715    115.00588463306228    210.01047500416024      h 
  333.20739697223570    111.97191407657994    208.68869042577529      h 
  335.56065034011476    114.04004125026083    207.47171948753052      h 
  321.33500068426980    118.15322960136270    202.49494983779161      n 
  322.29353753050538    120.70574107568419    202.12536213120723      c 
  323.55992842700766    121.57324610566222    204.57861186759990      c 
  322.53698089823439    121.22775855485553    206.63375672303076      o 
  320.13209363153669    122.49791036183225    201.47972209350038      c 
  319.62451292105789    118.01465267933094    203.33058171736255      h 
  323.70301402048153    120.65073239277139    200.61590501507948      h 
  320.90087166595180    124.33019770142808    200.97185655653459      h 
  319.07105217522007    121.75758255560719    199.88720276698967      h 
  318.89660151628590    122.71537606340077    203.10691115166213      h 
  325.74648236660812    122.81201033109399    204.33786285279911      n 
  327.17519075744110    123.55346084467047    206.55799276446612      c 
  325.48722295984527    124.84882762044613    208.50803996679679      c 
  325.62992054004741    124.34333393917949    210.76718397120845      o 
  329.31461639772658    125.34009024329579    205.83488725101301      c 
  326.63608341522462    122.95071767804235    202.63367429205104      h 
  327.96816060161018    121.87262436522688    207.48774894049680      h 
  330.27658602185591    126.02927549626756    207.51649820364543      h 
  330.68498954263458    124.35351761392772    204.66755893989097      h 
  328.61130023217555    126.96228415162814    204.79128336334787      h 
  362.75836092276529    120.65082705481336    208.94808877180398      h 
  363.70732603948255    115.52543098034863    204.98111092056376      h 
  360.81474446861154    111.63549737284630    212.33842192274099      h 
  359.05694678622439    105.32821358328965    206.32534758693149      h 
  352.68323316349614    103.20710691593212    211.61311250411632      h 
  352.53588637236606     99.26764840953294    206.58719800166773      h 
  351.70346053758999    138.31194624973116    190.63182758684681      h 
  355.67932812003301    119.85926274553067    189.30584669775871      h 
  346.95762570825514    118.67192495119689    192.36007918348571      h 
  356.83803891780991    138.27049940335684    203.56256093752029      h 
  360.38414924953508    130.36287914715007    207.76257770713732      h 
  335.29519689810559    122.17436589395396    218.86553101412562      h 
  338.99670238872324    112.33004225181558    216.72151061404264      h 
  333.36772657540126    120.38832669774963    188.55489178087510      h 
  330.76598816037563    127.46597430377111    183.23834351574368      h 
  332.24631931160462    109.52707446480221    204.23989601159357      h 
  321.18794961370787    117.37829769291297    200.98815904523184      h 
  324.22705154998539    126.14401838015490    207.95530759220455      h 
  -0.6082340808948D-01   0.5327188714633D-01   0.8607214546426D-01
  -0.4957776623239D-02   0.1179725384182D-02   0.1040868707472D-02
   0.8440786687752D-01  -0.1625300731557D-01  -0.1718020974889D-01
  -0.1179099349275D-01  -0.1590449492615D-01   0.2522146768464D-02
   0.4183274550663D-02   0.3691718596425D-02   0.7649459466730D-02
  -0.1577368219081D-02   0.3258220148903D-02   0.1402390147573D-01
   0.1735201454773D-02   0.8301567963093D-03   0.3580204112015D-02
   0.3961017346109D-03  -0.1237721782850D-02   0.2285696007189D-02
   0.8293538296641D-03   0.6910455324741D-03   0.3938439172158D-03
  -0.2638948281171D-03   0.8094403278639D-04   0.5755793706676D-03
   0.3376012318059D-01  -0.3617907980174D-01   0.1082414964658D+00
  -0.2125869041210D-02  -0.7534606014252D-02   0.1068703048306D-02
  -0.7146579653423D-03  -0.4549271705310D-02  -0.4852308480544D-03
  -0.1502004965767D-03   0.2799088618031D-03  -0.5960236913876D-03
   0.6726529655038D-02   0.4398346014489D-03   0.1150678439242D-02
   0.1157760510166D-01  -0.2051431973417D-02   0.5870927580749D-02
   0.4093944806239D-02  -0.5791424324334D-03   0.7159893021910D-03
   0.1226864969374D-02  -0.1967386479857D-02   0.3409575996081D-03
   0.9938621178161D-03  -0.4238155013972D-03  -0.7483233614725D-03
   0.4112179570415D-03   0.2390557743866D-03  -0.1004626502951D-03
  -0.1429249342395D-02   0.1751651650834D-02   0.2185951264731D-02
  -0.3671543693271D-03   0.5143482687942D-02  -0.4666245291088D-02
   0.8644835160189D-01   0.4054410688319D-02   0.3658925600803D-01
  -0.1429389614426D-01  -0.1979289402408D-01   0.8146787526084D-03
  -0.1713203740929D-02   0.2025783763062D-02   0.1004773529320D-02
   0.1200744312383D-02   0.2126159043505D-03  -0.7589975626258D-03
   0.2849823398030D-03   0.4270443957950D-03  -0.9729134480800D-03
   0.8842133687394D-03   0.1145281442839D-02   0.1639909568684D-03
   0.2539967891470D-03   0.2210234212558D-02  -0.2904074113425D-02
  -0.1048904727485D-03  -0.3816554796904D-03   0.5885688779602D-03
  -0.1744781008550D-03  -0.7833516437009D-03   0.7939643591458D-03
   0.8089702627701D-03   0.5197061387560D-03   0.6631564003048D-03
   0.2640945758428D-03  -0.2717816470369D-03  -0.1391787133395D-03
  -0.4532470862578D-03  -0.3776738864139D-04   0.3011499605229D-03
  -0.4263403940429D-03   0.2975524094508D-03   0.9330009735326D-03
  -0.6584155492019D-03  -0.7821113891927D-03   0.6924309676628D-03
  -0.2936160516276D-03  -0.8499201255600D-04  -0.3184058703500D-03
  -0.4046881692070D-03   0.1186109209321D-03   0.2342030560677D-03
  -0.1529943992037D-03  -0.4329659568354D-03  -0.3878440296809D-03
  -0.3576459641227D-01   0.2758537207289D-01   0.1126059933778D+00
  -0.5811467771252D-02  -0.5072053278133D-03   0.6442534407948D-02
   0.8525654147301D-01  -0.3656915292673D-01  -0.5158771875511D-02
  -0.1562312940677D-01  -0.4764606289183D-02  -0.7834730779924D-02
   0.9754584625146D-02   0.2426426234996D-03   0.7500582188997D-02
   0.5053978399124D-02   0.2082776208271D-02   0.1012522150527D-01
   0.1985395416987D-02  -0.5036010793327D-03   0.2614669360269D-02
   0.1569673166725D-02  -0.1921161941010D-02   0.1301122927116D-02
  -0.4573948892460D-03  -0.1335251104348D-03  -0.3186314324735D-03
  -0.1386578598179D-03   0.4133477065845D-03  -0.7479313343106D-03
   0.6002421139325D-01   0.8890280106014D-01  -0.5349413709617D-01
   0.4525854037270D-02  -0.2589991994498D-02  -0.8486124316110D-02
   0.4055706875193D-02  -0.8433802349804D-02  -0.4833458987267D-02
  -0.3797994000922D-02   0.2786315010929D-02   0.1020458862552D-02
  -0.8371851255346D-02   0.5803421890184D-02  -0.9322798900557D-03
  -0.4377277154538D-03   0.1119884771653D-02  -0.1345867263039D-02
  -0.8555846936222D-03   0.1086325805464D-03  -0.2464738518372D-03
  -0.4398287757175D-03   0.4138306428014D-03  -0.7360001055278D-03
   0.9868951003942D-03   0.1183539087874D-01  -0.8327936307924D-02
  -0.6057595601350D-04  -0.8674198465308D-03   0.3763314148713D-03
   0.9360221303414D-03   0.2161769748181D-03   0.7444341030438D-03
  -0.2211565673747D-02   0.1161414804409D-02  -0.1795747066657D-02
   0.1586191753011D-03  -0.9347002635809D-03  -0.7535409737327D-03
   0.4662355079077D-03  -0.2588226202008D-03   0.7685314108527D-04
   0.5971474916489D-03  -0.3719929583199D-03   0.5225912210643D-03
  -0.2900623025428D-04   0.5033384405296D-03  -0.9323334039207D-04
   0.1487406336921D-03  -0.3940334190933D-03   0.6996292564721D-03
  -0.3742036212950D-03   0.4148619322271D-03   0.2044055334683D-03
  -0.4209685361036D-03  -0.7774047371874D-03   0.1151518494550D-02
  -0.1630610453271D-03  -0.7445059772657D-03   0.3912874619514D-02
   0.1156295942978D-02   0.2444654084692D-02   0.1238759196057D-03
  -0.2781602482287D-02  -0.3160526998898D-02   0.6791841852000D-03
   0.1720803907702D-02   0.4504840798139D-03   0.6117554723892D-03
   0.6875417897013D-03   0.6822938162824D-03   0.6981715515375D-03
   0.4659194879960D-03   0.2636628447126D-02  -0.2963212480198D-02
  -0.6353787068973D-03  -0.2913379898343D-03  -0.1874665096449D-03
   0.7852516784616D-03  -0.4689865892512D-03   0.2913336012839D-04
  -0.2500513430741D-03  -0.5429817443414D-04  -0.2256630216827D-03
  -0.1463679947072D-02  -0.1473253968342D-03  -0.2726484164052D-03
   0.1676725907073D-02   0.3261783398024D-02  -0.2984711350755D-03
   0.1119380061776D-02   0.1691505662496D-02   0.9277037470993D-02
   0.6767998516229D-01  -0.6174383595021D-02  -0.6764208620850D-01
  -0.2820156150373D-01  -0.1061609262423D-01   0.2588434240837D-02
  -0.5928285619477D-03   0.2493576428497D-02  -0.1680241918663D-02
   0.1586134607154D-03   0.1007890907877D-02   0.1039684575214D-02
   0.6969019465749D-03   0.1309019189151D-02   0.1234794223870D-02
   0.1690713828714D-02   0.1377040864106D-03  -0.4692777374112D-03
  -0.6180005473394D-03  -0.1312326024007D-02   0.1148176275816D-02
  -0.1980630321271D-03  -0.1012772172396D-02   0.4214671393038D-04
  -0.7495021998273D-03  -0.4158295447271D-03   0.5865578939651D-03
   0.2344517066326D-03  -0.1136715566919D-03  -0.4471876842832D-04
  -0.9381462395268D-03   0.2045242792829D-02  -0.1437543035777D-02
   0.2184655423928D-03  -0.6780891897453D-03  -0.2480607965735D-03
  -0.3110795175808D-03  -0.1003544124954D-02  -0.8969659868637D-03
  -0.3413862433218D-03  -0.4339099731048D-03  -0.7415566069539D-03
  -0.2344259168741D-01  -0.1236284075974D+00  -0.1256686368033D-01
  -0.1048855440584D-01  -0.4221672518243D-02   0.5551316890874D-02
  -0.2425606526804D-02   0.8270050393056D-02   0.1323077370535D-02
  -0.1905299320993D-02  -0.2290422676186D-02  -0.1722372359473D-02
   0.1466958749132D-02   0.1644899778717D-02  -0.9087951743642D-02
  -0.7958642787076D-03  -0.2126570012096D-02  -0.8901152953737D-03
   0.2439447151294D-03   0.7355142477045D-03   0.1687073626650D-03
   0.8834450647551D-03   0.2125117843911D-03  -0.2940311994795D-03
   0.7447900965808D-03   0.9014516903828D-03   0.8377834826595D-03
   0.4451590563819D-03  -0.8182538668253D-04   0.6165319383333D-03
  -0.1292070658125D-02  -0.1465692820313D-02  -0.1291289490128D-02
   0.4379610722406D-02   0.2132301022471D-02  -0.1409455823240D-02
   0.4102060120404D-02  -0.8129063024227D-02  -0.9058769619331D-02
  -0.1761014314140D-03  -0.1624512666666D-02  -0.7371970402394D-03
   0.2339022060446D-03  -0.1168234115545D-02  -0.2883783628928D-03
  -0.1349862507021D-02   0.6145989608777D-03  -0.1710905114775D-02
  -0.2088909244819D-03  -0.4550993750327D-04  -0.2989996348725D-03
  -0.2986286612300D-03  -0.6633393279754D-03  -0.1492475403800D-03
  -0.1776220409939D-03  -0.2831367999696D-03  -0.9874075421452D-03
   0.2450984685518D-03  -0.6325506714305D-04  -0.7994436915521D-03
  -0.2890538975098D-02  -0.3115740874551D-03   0.2429164847330D-02
  -0.3293249238254D-04  -0.3379284332665D-04  -0.3434454845997D-04
  -0.5526406001435D-04  -0.1988738679040D-04  -0.9611799700621D-04
  -0.1861782227041D-03  -0.1689554392542D-03   0.3341961573740D-03
  -0.4428901167748D-03   0.2913542831117D-03  -0.3255144662351D-04
  -0.2307584771458D-04  -0.1420049186756D-04  -0.6866278905383D-04
   0.1042203873634D-03  -0.1347999345428D-04  -0.3340790115415D-04
  -0.1689528515475D-03  -0.3300945071423D-04  -0.2149466147545D-03
   0.1702877321469D-04  -0.9654131417878D-04  -0.1053773659865D-03
   0.1420057235365D-03   0.4471158617158D-04  -0.3648393142764D-04
  -0.1153397639983D-03   0.7870828340939D-04   0.4400081752123D-04
   0.1595541306992D-03  -0.1532043896412D-03   0.1516199073299D-03
   0.2130649297133D-02   0.1962974449711D-02  -0.1524963709282D-02
  -0.6861156218381D-03   0.6250891969403D-03   0.3850754937481D-03
   0.2043867441325D-02   0.2662098452980D-03   0.4022462634803D-03
  -0.3464347588253D-03  -0.1174649263201D-03  -0.6522090648338D-03
  -0.1274050168678D-02   0.6995758356091D-04  -0.5181523157576D-04
  -0.8257794071371D-04   0.5625267361006D-03   0.5131934498291D-03
   0.4984596016870D-03   0.7922136824643D-04  -0.2306269215800D-04
  -0.4524153030774D-03  -0.4790798297103D-03  -0.3120696016637D-03
   0.9148245343692D-03  -0.4310385108325D-03   0.1017986168098D-02
  -0.1089799069478D-03   0.4753958989475D-03  -0.1337137034581D-03
  -0.1005857359414D-02   0.3025237074797D-03  -0.1260371386431D-02
  -0.1041383819886D-01  -0.2002866633706D-02   0.3043047909102D-02
   0.2623543275622D-01   0.8110746123555D-01  -0.2855569419984D-01
   0.1282899981111D-01  -0.1449456562707D-01   0.9196373050436D-02
   0.2546576720480D-02  -0.6590604677993D-03  -0.2956287359602D-02
  -0.1993242115521D-02  -0.7787804278700D-04   0.1181472682842D-03
  -0.5663154881945D-03  -0.3207600428459D-03   0.8178945514082D-04
   0.4839476876250D-03   0.9290224319431D-03  -0.7802744497781D-03
  -0.6984376135355D-03  -0.1401888434928D-02  -0.7402918224527D-03
   0.7467421125657D-03   0.3312910454343D-03  -0.8923830281422D-04
   0.6372775377285D-03  -0.6901563594802D-03  -0.6428072812867D-05
   0.2978589841823D-03  -0.7263430889675D-04  -0.2934653449292D-03
  -0.3227220950087D-03   0.9129170865918D-03   0.5340955748596D-03
  -0.4873076648673D-03   0.1449313617355D-03  -0.5442565233117D-04
   0.8997175039486D-01   0.3087260630768D-01   0.7973098221568D-01
   0.5249859520160D-02  -0.8617951619916D-02   0.4070114823709D-02
  -0.5021132112276D-02  -0.6315257282665D-02  -0.1938674335515D-02
   0.2419127905239D-02   0.2754464674771D-03  -0.3654008369314D-03
   0.4952255500960D-02   0.7571490201097D-02  -0.4453570785626D-02
  -0.3688462777328D-02  -0.3998399914704D-02  -0.1483413396933D-02
   0.9540881388867D-02   0.7285924894034D-02   0.2490979313987D-02
   0.1963486226979D-02   0.5155495319326D-03   0.5198251008566D-04
   0.3655289744396D-03  -0.8090482668192D-03  -0.1847230408526D-02
   0.8076543744672D-03  -0.3523638876916D-03  -0.1315582232356D-02
   0.7469224895056D-02   0.3618925068129D-02   0.4493616694480D-03
  -0.3427754169326D-04  -0.1546533331495D-04  -0.1290821245973D-04
  -0.1434192438627D-04   0.4155211975277D-04  -0.6191416247335D-04
  -0.1132891990755D-03   0.2789677937002D-04  -0.6821729148026D-03
   0.3227388664686D-03   0.1219712141803D-04   0.5615388415870D-03
  -0.7544470293074D-05   0.5777835781073D-04   0.4966236335060D-04
  -0.6096138821981D-04   0.1363922662374D-04   0.2804770428308D-04
  -0.9360211974679D-07   0.7626138769711D-04   0.6514810118378D-04
  -0.5558293308600D-04   0.3739819531439D-04   0.1782354255208D-04
  -0.3414330639767D-03  -0.1525103169516D-04   0.4660059274142D-04
   0.7820304071757D-05  -0.1790107185978D-04  -0.1146057429527D-03
   0.4660774984487D-04   0.1513425166366D-03   0.7184361736207D-04
  -0.5930406025299D-04   0.1083799985365D-03   0.7252382331995D-04
  -0.7439569911107D-05  -0.1082436723344D-03   0.4113230684197D-04
  -0.6417359362777D-06   0.9212549932484D-04   0.3570151820173D-04
  -0.1357774543211D-04   0.1068272291632D-03   0.4818616090287D-04
   0.6275509133956D-04   0.1283832978438D-03   0.8770452588761D-04
  -0.1228663656876D-04   0.1552883476262D-03   0.4809322181235D-04
  -0.2912343885192D-04   0.1203730105889D-03   0.6058002116726D-04
   0.1230749484121D-04  -0.1011220278658D-03   0.1905865471389D-04
   0.7315627347534D-04  -0.2938320009551D-03   0.1294784672700D-03
  -0.9076188399635D-04  -0.1463107313114D-03  -0.8503861627263D-04
  -0.1194375113994D-03   0.4553000282305D-04   0.1131842720726D-03
  -0.6837573173621D-04  -0.2084675737640D-03   0.3892851276644D-03
   0.1115693397010D-03   0.9293857362940D-04  -0.5454329442424D-04
   0.2280397544879D-03   0.6545935948862D-04   0.2589488131251D-05
   0.1004828344868D-03   0.7361553292467D-04   0.5435758528107D-04
   0.1824085999758D-03   0.3079081900796D-04  -0.1982686776270D-03
   0.1727773280165D-03   0.3152156634013D-03   0.2958196875442D-04
  -0.1665789885220D-03  -0.3165373515525D-03   0.6408143596210D-04
  -0.2299845424265D-04   0.3541094139355D-03  -0.1847534185008D-03
   0.2581773964069D-03   0.2084410305058D-03   0.1004250930968D-03
   0.5497837413622D-04   0.1453408712428D-03  -0.3674238868739D-04
   0.1600832785595D-03   0.1283859567310D-03  -0.8301934186027D-04
   0.1868653301915D-02  -0.1042744761625D-02   0.1667118803558D-02
   0.1119555785080D-02  -0.1009189728809D-02   0.6523440450330D-03
  -0.1654301357606D-02   0.7746665907556D-02  -0.5964910850145D-02
   0.2701041569904D-02  -0.3143637893149D-02  -0.7372900296031D-03
   0.2760525922271D-03   0.1101780979103D-02  -0.2020939948637D-02
  -0.7752670818459D-04  -0.1289559571250D-02   0.5104459425370D-02
  -0.3475834279258D-03   0.7704282764388D-03   0.1917347769197D-02
  -0.5197181117429D-03   0.1547507344166D-03   0.2224822448424D-03
  -0.5510679242553D-03   0.2165210571988D-03  -0.1101243051183D-02
   0.3059816314202D-05   0.1386782596618D-02  -0.1875358849490D-02
  -0.6108831465541D-03   0.5152828476758D-03  -0.1078377845848D-02
   0.3344575000113D-04  -0.2878413465939D-03  -0.8529540929468D-03
  -0.7166218381628D-04   0.7475302038191D-03   0.4190945726060D-05
   0.9134839616592D-03  -0.8499981333264D-03  -0.1028893042880D-02
   0.6711653229585D-03  -0.3106843446052D-02   0.5725003720171D-02
  -0.1724857074551D-02   0.9218051774641D-03  -0.9478779023325D-02
   0.7070937244308D-01  -0.1312795977081D-01   0.5148338657946D-01
  -0.1994438229739D-01   0.8249982354249D-03   0.3170696031692D-02
   0.3384986050701D-02   0.1607155908327D-02   0.2675952446524D-02
   0.2891697846714D-04   0.8886442891379D-03   0.4523873597101D-03
   0.5662605245669D-04  -0.1770343271536D-02   0.8137822045568D-03
  -0.1134898119834D-02  -0.1508366138925D-02  -0.3218999076684D-02
  -0.8719059862244D-03   0.6943118210813D-03   0.2946903195250D-02
   0.4346216593699D-03   0.1518429022792D-03   0.5908328445898D-03
   0.4577079829629D-03  -0.6874558007861D-03  -0.1097700606253D-02
   0.5749421145415D-04  -0.6222954525465D-03  -0.2894668749750D-03
   0.3607851146163D-03   0.3614004310678D-03   0.3336604046897D-03
  -0.2436902668395D-03   0.2556961347074D-03  -0.3072759298489D-03
  -0.7603869291014D-01  -0.8474614436346D-01   0.5274623026518D-01
   0.6285096812675D-02  -0.9531487978431D-02  -0.8897077355783D-03
  -0.3233227400590D-03   0.4657441658800D-02  -0.5420961602117D-02
   0.4673778537162D-03  -0.2456480658589D-02   0.4817108203527D-02
  -0.5414380055573D-04   0.2643117443214D-02   0.7403041046818D-02
  -0.2474554141813D-02  -0.5281530773447D-02   0.9429198326275D-02
  -0.1343373197280D-02  -0.5941525325854D-03   0.1213313175939D-02
  -0.1786903548435D-04  -0.5267148564122D-04   0.2013817543782D-02
   0.6283820982846D-03   0.3868161863274D-03  -0.1827781341553D-02
  -0.1668292734333D-03  -0.3727621344038D-03  -0.6360075874697D-03
  -0.1827519823648D-04   0.1714602709769D-04   0.2133869278007D-04
  -0.1984256441915D-04   0.1546144338533D-05   0.5508762959880D-04
   0.5274954824789D-04   0.8044026394797D-04   0.7569106673621D-04
  -0.9794353315929D-04  -0.9250888740942D-04   0.6910558168457D-04
  -0.4306642013049D-04  -0.1330357916077D-04   0.3841315048366D-04
   0.8903778793019D-05   0.8957633383694D-05  -0.1006426825995D-04
  -0.2443912752061D-04  -0.1319229512539D-04  -0.6469363420660D-05
   0.9383299094105D-04  -0.4617656986423D-04  -0.1688180727284D-04
   0.1814013589494D-03  -0.2711223839212D-05   0.1049484218772D-03
   0.5567273859355D-04  -0.3525367861505D-04   0.6151171780813D-04
   0.1430227785758D-04  -0.8491416490490D-04   0.9280459098844D-04
  -0.1675421604346D-03   0.3755385006834D-04   0.2094070253245D-04
   0.1598242736462D-04   0.6570146748036D-05   0.9954864722245D-05
  -0.5614942883706D-04  -0.8164631887585D-05   0.4067901858691D-04
  -0.7410904743532D-05  -0.3632066229412D-04  -0.1082983468052D-05
  -0.1613066147730D-04  -0.1957874344477D-04  -0.1760843495512D-04
   0.1026376254732D-03  -0.1176112495081D-03  -0.6991203043449D-04
   0.1157603206239D-03  -0.5460200185589D-04  -0.3923935796341D-05
   0.1199752972482D-03  -0.6235368987567D-04   0.2520222180829D-04
  -0.5016804272865D-04  -0.3356191625080D-04   0.6442456212066D-04
   0.3951616141253D-05   0.7585533450055D-04   0.1549438314162D-04
   0.1971804997920D-04  -0.1424739572370D-03   0.2660032956857D-05
   0.2811849716925D-04  -0.4547671649184D-03  -0.4883035364522D-04
   0.5559592872564D-04   0.9336940863466D-04  -0.1114933795757D-04
   0.2587894495275D-04   0.3641735598531D-04   0.1029502524466D-03
  -0.3555190302289D-04   0.7096645064073D-04  -0.5078777897833D-04
   0.6480175497216D-04   0.4779424001249D-04   0.1246413348695D-04
   0.3046493643514D-04  -0.1052429469870D-03   0.8582485928606D-04
  -0.4824197122198D-04   0.2104510478635D-03   0.6219543520952D-04
  -0.2910562277228D-04   0.2455171325116D-03   0.9983351770654D-05
  -0.6745639335627D-04   0.1453159528311D-03   0.1766973014465D-03
   0.5172371482233D-04   0.3365539782348D-04   0.3366350753115D-04
   0.2792497851498D-04   0.5485876585344D-04   0.1038438921203D-04
  -0.1179490060908D-03   0.3803087841394D-03   0.5171932434364D-03
   0.2644777838436D-03   0.1087982722677D-02   0.4610914639905D-03
   0.2993052050218D-02  -0.2517032595022D-02  -0.3008754599767D-02
  -0.1780642093033D-02   0.1381482242645D-02  -0.1022681667170D-02
   0.4876996570533D-04   0.1358365880811D-02   0.4370146302632D-03
  -0.3413295842625D-03  -0.7769539147157D-03   0.1824430326836D-02
  -0.1857277856934D-03   0.7183081671115D-03   0.6782433985158D-03
   0.1767645718396D-02   0.6963477763377D-03   0.4328325511237D-03
  -0.2337273302092D-02   0.1037020314802D-01   0.3297912541761D-01
  -0.3595895498839D-03  -0.3979007025710D-04  -0.2264134530542D-03
  -0.1130614705224D-02  -0.9304399211069D-03  -0.2076279201386D-02
  -0.1543493820559D-04  -0.3731735912615D-03  -0.1541068271342D-03
  -0.1397643331207D-03  -0.2801203728135D-03  -0.4807707347786D-03
   0.9909032695167D-03   0.4193352550247D-03   0.5302967870495D-03
  -0.1998051696424D-03   0.1008751531061D-02  -0.7819849780346D-03
  -0.1429950532874D-03   0.3814768797868D-03   0.5185152011075D-03
   0.1428499186901D-02  -0.1484114978622D-02   0.1288329111321D-03
  -0.4226065919181D-03   0.1002364860141D-02   0.6603842128836D-03
   0.1242702033817D-02   0.4985975936988D-03  -0.1668103685175D-02
   0.2631299319795D-02  -0.1053613629150D-01  -0.3169753038405D-01
  -0.2558349476069D-02  -0.2603324257781D-02   0.1370456987997D-02
  -0.3149902580246D-02   0.1936418752561D-02  -0.2104525488002D-02
  -0.4789244451323D-02   0.1803301288463D-03   0.2371108940339D-02
   0.6391740188207D-02   0.4091079102352D-02   0.1951501228231D-02
  -0.8225374565040D-01   0.3676331309767D-01  -0.1104341324915D-02
   0.2424453704351D-02  -0.1393315294041D-01  -0.1190962181677D-01
  -0.3311055251979D-03   0.3045815337406D-03   0.3064548075799D-02
   0.8262184068810D-03   0.2488496502661D-04  -0.1995243917719D-02
   0.8976962706584D-03   0.1594049711642D-02  -0.1383764364361D-03
   0.1285305555016D-02   0.4444540724219D-03  -0.1675398167321D-03
   0.5061237775233D-02  -0.1894693490230D-02   0.7636180381262D-03
   0.1026227801767D-02   0.5773620083402D-03   0.4427763336978D-03
  -0.3096954311194D-03  -0.2318100542995D-03   0.4258933954833D-03
  -0.4235407282510D-03  -0.5550146392368D-03  -0.8620433794836D-03
  -0.1741998556489D-03  -0.1028189720778D-02   0.5054558615890D-03
  -0.2030849414858D-03   0.1049083777089D-03   0.1005983386356D-02
  -0.3481477597041D-03  -0.2495654511954D-03  -0.1046988145216D-04
  -0.9760460718617D-03  -0.7349589686297D-03  -0.2427554834514D-03
  -0.8791970026609D-04   0.2642196385556D-03   0.2895293786135D-03
  -0.4356281417939D-03  -0.1761469566963D-03  -0.3838681232287D-03
  -0.9562153501184D-04   0.2566010116722D-03  -0.9768854098312D-04
   0.4919669508921D-01   0.2298329091688D-01  -0.1168774370144D+00
   0.7583503118361D-02  -0.4632470035947D-02   0.1311161771615D-04
  -0.1316093411161D-01  -0.3165612012829D-02   0.2775420605718D-02
   0.3316803249929D-02   0.1371692902328D-02   0.4514778668140D-03
  -0.2911986367453D-02  -0.4656949199003D-02  -0.4129385343612D-02
   0.3400395269933D-02  -0.1306351635506D-03   0.1773006015790D-02
   0.6835410396181D-03  -0.8672594352494D-04   0.6567337338348D-04
  -0.1573034355092D-03   0.3635906395382D-03   0.2324130155622D-02
   0.8339052914415D-02   0.1717478233896D-01  -0.1391144585174D-02
   0.1158980192073D-02  -0.6602787414966D-02  -0.9361400886232D-02
   0.3734622634592D-03  -0.9695799169061D-03  -0.1887375811070D-02
  -0.1639034537419D-02  -0.1540547023835D-02   0.9048507041488D-03
  -0.1177629504050D-02  -0.2807993393073D-03  -0.4421064328242D-03
  -0.8184408733665D-03  -0.1671216211393D-03   0.4998164141141D-03
  -0.1228067946543D-02   0.6100526304477D-03  -0.2831901178839D-02
  -0.1104761244081D-02  -0.1192496453131D-03   0.5065182002071D-03
  -0.7457076701948D-05  -0.3148588126610D-03  -0.9061400867549D-03
  -0.1881087326536D-03   0.3905438136887D-03  -0.1465813434065D-03
  -0.6471513782908D-03  -0.3730074407676D-03   0.3434697303251D-03
   0.2129640516486D-02  -0.2818457845444D-02   0.6281471963557D-03
  -0.7887834429483D-02  -0.1526344281005D-01   0.1521609119201D-02
  -0.1162444225157D-02  -0.1405757704484D-02  -0.2091091964522D-02
   0.1045220864128D-01   0.2408376431202D-02   0.2253205618754D-02
   0.6434020923406D-03  -0.4433935745116D-03  -0.1948192102729D-02
  -0.2382887227864D-02   0.5468328543180D-02   0.1874431920573D-02
   0.1995251797283D-02  -0.2300186631631D-02  -0.2430832415729D-03
  -0.6096222223747D-03   0.2201804351686D-02  -0.1962540284638D-03
  -0.3697815329957D-02  -0.4289121560639D-02   0.9688216033923D-02
  -0.1371659904225D-03  -0.1313916981947D-02   0.1328088931644D-02
  -0.4510989529127D-02  -0.2460127520961D-02   0.2637344002053D-03
  -0.7287888824289D-03   0.2513025907948D-03  -0.6376537490039D-05
   0.1480466199039D-02   0.6920655646272D-03  -0.1101016226108D-02
   0.2478256253095D-02   0.3597203563846D-02  -0.1151300529331D-01
  -0.1401344711453D-03   0.4057206243763D-03  -0.3780944529478D-03
   0.4030000801400D-03   0.1705569630852D-04   0.5688915197762D-03
   0.2100695438713D-04  -0.7252016039322D-04  -0.4714820782107D-03
   0.1835682321429D-03   0.8951143711368D-04  -0.2370555939773D-04
   0.4554260111996D-04   0.3877867753104D-05   0.5537192839651D-04
  -0.8775583141644D-04   0.3497169931319D-04  -0.5612042718730D-04
  -0.8814216107220D-04   0.1177986031406D-04  -0.1746798950050D-03
   0.7281725545813D-05  -0.2484893417915D-04   0.7901890294518D-04
  -0.1935542779745D-04  -0.3896842869576D-04  -0.4634071027994D-06
  -0.1373084327729D-03  -0.1824944847612D-03   0.9287277807577D-04
  -0.2128839695288D-03  -0.6943816681127D-04  -0.7836509823554D-04
  -0.2888008004340D-03  -0.4033705290997D-03   0.3428294835001D-03
  -0.1134040646944D-03  -0.2049112858208D-03   0.1185262582131D-03
   0.2154299677571D-03   0.1374446479053D-04   0.2695429327470D-03
   0.1216897081974D-03   0.1115251102797D-03   0.1018004299071D-03
  -0.3984614779920D-04  -0.4945608376074D-04   0.9043365259917D-04
   0.2732845071295D-04   0.6256663872545D-04  -0.5655455566429D-04
  -0.1317545266220D-03  -0.2362408787706D-04   0.5651476693073D-04
   0.9931541867932D-03  -0.1814053761432D-02  -0.8352207621867D-03
   0.8911797670169D-04  -0.9300991459024D-03  -0.6670338955068D-03
  -0.2028659789936D-02   0.2644462696520D-03  -0.5324520431983D-03
   0.1207856047429D-02  -0.1179931962940D-02   0.1643280328109D-02
  -0.7981694374808D-04  -0.4290693101483D-03   0.5963691365431D-03
  -0.1578216829956D-03  -0.1017955993290D-02  -0.3843980892095D-03
  -0.2256474050840D-03  -0.6530469228747D-03  -0.1075582327428D-03
   0.2651243035394D-03   0.3188185200433D-03   0.5791288562091D-04
   0.4700804674074D-03   0.6316279300639D-03   0.2593008991371D-04
  -0.7761592872402D-06  -0.4393198909329D-03   0.5692212387616D-03
  -0.4556538389460D-04  -0.1002143609829D-05  -0.2964535152429D-04
   0.1760029749064D-03   0.3995152676708D-03  -0.2987873011695D-03
  -0.4558708971642D-03   0.5124003127148D-03  -0.3497417454799D-03
   0.3040725151028D-03   0.4661206935336D-03  -0.7818855067906D-04
   0.2599931259859D-03  -0.5153022974992D-05  -0.5222447840445D-04
  -0.2044612803549D-03   0.7624337317205D-03   0.1376832301005D-03
   0.3848963405218D-02  -0.1022020627907D-02   0.4340372027842D-03
  -0.1745438347382D-02   0.8019725293899D-02   0.8599699631310D-03
   0.7378848147263D-01  -0.5017085250277D-01   0.3632844690994D-02
  -0.1413507026961D-01  -0.6998944477462D-02   0.3386673713070D-02
  -0.4948890156573D-05  -0.8331217498900D-03  -0.1832484538437D-02
  -0.1778009300449D-02   0.3940072392240D-03   0.1788979041339D-02
  -0.4190087212604D-03   0.3159067205379D-03   0.1402656252967D-02
  -0.4212946463224D-02   0.2492966257012D-02  -0.1988437797179D-02
   0.4806272768726D-04   0.8659425856429D-03  -0.5132942558414D-03
  -0.2065482653874D-03   0.2853634938573D-03  -0.8254974251322D-04
   0.8016657904444D-03   0.4029772946660D-03   0.6079743037961D-03
   0.1433209116164D-02   0.5118945667904D-04  -0.2192150821007D-02
   0.1500633799964D-02  -0.8832694062441D-03  -0.3748789136180D-03
  -0.5257063707067D-03   0.1590733141468D-03   0.1670968707902D-05
   0.5742467634896D-03  -0.5652427408964D-03   0.5468899701733D-04
  -0.3345658686345D-03   0.3707454697294D-03  -0.3193043879435D-03
  -0.1742211965429D-01  -0.4641659872182D-01  -0.1088860247031D+00
   0.5299015371270D-02   0.5068177538589D-02  -0.7294343670715D-02
   0.1070976879470D-01   0.1173850598151D-02  -0.3858327098634D-02
  -0.4314173433147D-02  -0.4520014007408D-02   0.2977265189042D-04
  -0.4264278886913D-02  -0.9606516894772D-02   0.3227708838247D-02
  -0.1489808823594D-02  -0.9925145584799D-02  -0.8991942528377D-02
   0.4668194898296D-03  -0.9730603996987D-03   0.3238304946115D-05
   0.1657599031473D-02  -0.3005826017241D-02   0.3540583654409D-03
   0.1403948043863D-02   0.7844535579796D-04   0.2757262900443D-03
   0.2658763703214D-03   0.7159532961351D-03   0.2291924975302D-03
  -0.4298781647227D-02  -0.1117537572736D-02   0.1402965390950D-02
   0.2956019146641D-02  -0.2845515508146D-02  -0.4335205604807D-02
  -0.4631206880238D-01   0.6572572108823D-01  -0.4763068099814D-01
  -0.2846917483710D-02  -0.5158231020975D-02   0.2248953886542D-01
  -0.1491580605239D-02  -0.2257408286345D-02   0.3442239670216D-03
   0.1352749856026D-02  -0.1186828826407D-02  -0.1221010663031D-02
   0.3255731030725D-03   0.7034964038652D-04  -0.3752983120871D-03
   0.6171934606965D-03   0.6330791044231D-03   0.3785203437638D-03
   0.3276305781824D-03   0.3441876966286D-03  -0.7271673870089D-04
   0.1277355651500D-02   0.1957637772985D-03  -0.2620709935501D-03
   0.5895536862993D-01  -0.5002083218973D-01  -0.1147656270835D+00
  -0.7196448647495D-01   0.1797740801260D-01   0.1576533702085D-01
  -0.5571294589231D-01   0.5059632778318D-01  -0.1162624168959D+00
  -0.6904315192544D-01   0.6391278346920D-02  -0.3301998337547D-01
   0.2464427743886D-01  -0.1427110025367D-01  -0.1349058001093D+00
  -0.6875036963713D-01   0.3016213099384D-01   0.6041856975753D-02
  -0.5184960729755D-01  -0.1059718580890D+00   0.7371823791603D-01
  -0.4553537363852D-01   0.1751703976995D-01   0.5764692511507D-01
   0.3609580327797D-01   0.1313055924180D+00   0.2816905464250D-01
  -0.2936297473684D-01  -0.6793243818008D-01   0.1979654444489D-01
  -0.1147869301143D+00  -0.3068020625342D-01  -0.7445815639806D-01
  -0.5772075196694D-01   0.9076174980634D-02  -0.4786411084771D-01
   0.7334414133857D-01   0.9530759279145D-01  -0.7040120867378D-01
   0.7093170069750D-01  -0.2692047494123D-01   0.8408110772333D-02
  -0.5033247859541D-01  -0.3797264168711D-02   0.1303832838831D+00
  -0.5771387361957D-01   0.5030782462059D-01  -0.4594908656706D-02
   0.9158716388564D-02   0.6468730105831D-01   0.1232409099891D+00
   0.4713742136356D-01  -0.5174069150009D-01   0.3052570256067D-01
$end                                                                            
