$grad                                                                           
  cycle =      1    SCF energy =  -557.35660087763   |dE/dxyz| =  0.558148
   65.23984770415116     42.44996163818529    101.16528742221463      n 
   65.34933087468650     45.12297104452296    100.19693589951315      c 
   65.63631934958808     45.04290035648924     97.28869404346665      c 
   67.68157591125514     45.06454806296855     96.25332822219156      o 
   67.64561643446282     46.36573560322679    101.44797232292258      c 
   69.01804343104237     44.34157801792163    103.00782979582306      c 
   67.42992137171579     41.93157994563108    102.89217378917606      c 
   63.58018956464608     42.15198000420502    102.12488882591063      h 
   65.30497579790183     41.19127481403869     99.68699607726909      h 
   63.61229923447580     46.12658602525740    100.68273846272231      h 
   68.90828061621545     47.07718991420758     99.98769409554750      h 
   67.05796128389947     47.94346938717661    102.62383645510393      h 
   70.88550335893119     43.99837624806479    102.22458755559526      h 
   69.24297217136656     44.96017289102711    104.95289225523410      h 
   68.54391024720148     40.36517820436956    102.15750676172291      h 
   66.72099673651887     41.41760018939589    104.75271549839464      h 
   63.43764876083300     44.87391032694791     96.01727639864949      n 
   63.41386723042483     44.32737871502642     93.33485202236393      c 
   63.00159443888425     46.65634318224483     91.66066110966295      c 
   62.47380406198861     46.47799985547376     89.42278551935509      o 
   61.45842152155216     42.28544543183885     92.70746462688136      c 
   61.85341885155837     39.77200780056196     94.10088550384799      c 
   59.76687340344142     37.93310167674250     93.32938259157244      c 
   64.41713203719299     38.55916012868732     93.57113924793369      c 
   61.74117537004520     44.89584084508847     96.89519820144956      h 
   65.31828543123716     43.64040712047982     92.87357369948209      h 
   59.57899405938193     43.01182387032277     93.15607238565015      h 
   61.52306150286957     41.95913669967602     90.67593726363071      h 
   61.67532273061016     40.10697412696835     96.13380029122945      h 
   59.99796883033108     36.13602170905833     94.29805135995451      h 
   57.91568078000933     38.69539547655544     93.78585883811409      h 
   59.83299609661987     37.56608723190411     91.30794162640322      h 
   64.61983708653695     36.84661462172430     94.68682000583321      h 
   64.54194140976504     38.00181355903313     91.59843538666043      h 
   65.98758715916857     39.81130840070490     93.99843165142812      h 
   63.41343493841742     48.90151579189174     92.76175335482104      n 
   62.89663031684317     51.23681769432043     91.41803623723364      c 
   64.96948774348317     51.75962997540748     89.46426026923379      c 
   64.55430937376259     52.81007318455067     87.45386311346789      o 
   62.59061880871450     53.36348539069876     93.34954722355228      c 
   60.47164738768254     52.87753256649767     95.21667921898232      c 
   60.25513047971865     54.43845973710209     97.32841483475688      c 
   58.71247971577615     50.94936497630303     94.92194543393646      c 
   58.34890347933697     54.09662663263346     99.07492852640721      c 
   56.79824791318509     50.57983098782439     96.66706805371797      c 
   56.58874747376711     52.16279540696817     98.74950470018308      c 
   54.73148947575714     51.88674314595454    100.50084920410224      o 
   63.74998999068857     49.03410582514449     94.63540408255639      h 
   61.15604516055736     51.02821922544442     90.31038800420109      h 
   64.36645282546722     53.61482000454820     94.37785081524478      h 
   62.22775827593197     55.12584760010285     92.33744365262409      h 
   61.58458567134953     55.96344608232032     97.60160142331135      h 
   58.76556791820571     49.69901986075517     93.31434472618874      h 
   58.18517208713769     55.31810303564443    100.70017268070060      h 
   55.44715080273858     49.07089262017797     96.38621695837800      h 
   53.59954637317560     50.53071191475613    100.02992422123354      h 
   67.26708936850386     50.91123072446462     90.13410830956720      n 
   69.44353209319689     51.23202380616280     88.51311414156383      c 
   69.45821722120108     49.23754520876427     86.41705610535872      c 
   69.81515521282982     49.80566208797408     84.20972577374168      o 
   71.91421459021123     51.21822926839298     90.03813207884255      c 
   73.95245085909400     52.26722662988202     88.35663052792556      c 
   74.24086231634368     54.86942584097435     88.13008002668141      c 
   75.41291081290984     50.67896453449266     86.86772614529960      c 
   75.89636221896610     55.87858064328010     86.37608385231823      c 
   77.08347573249841     51.68080418327122     85.12449807782747      c 
   77.26267908980066     54.27648084575668     84.81918213983724      c 
   67.49865013114888     49.97310052854501     91.77973892245484      h 
   69.25040706643367     53.05686270192336     87.54646362203849      h 
   71.66602674631183     52.42473121407372     91.69078516185674      h 
   72.36880647951502     49.30807468540882     90.66746397039057      h 
   73.13155905433275     56.11131476511293     89.31257546025316      h 
   75.21036137890732     48.65473458647864     87.04080668942578      h 
   76.11126211526928     57.90684466297740     86.23585997024892      h 
   78.24659178986641     50.43339967575326     84.00400613926608      h 
   78.44299042800895     55.03013061672378     83.33880453026271      h 
   68.95025456838414     46.85719308554567     87.14143535022650      n 
   68.97209478842686     44.83395068204556     85.27773335025772      c 
   67.19654759881406     45.54359915730317     83.10947647315761      c 
   67.84137753122650     45.23122297394261     80.90628338243410      o 
   68.45749734502954     42.23530045867807     86.47945168467746      c 
   65.82268547121620     42.07827729521106     87.60253984609997      c 
   68.78946626863748     40.10212762487186     84.57092476271562      c 
   68.90880048095794     46.37861895029277     88.98616751615518      h 
   70.85774540765415     44.75252409353342     84.41717386741071      h 
   69.86535338574451     42.00211128951384     87.98148620142899      h 
   65.62407256388909     40.33019265075752     88.65247781943617      h 
   65.49139536135775     43.66436179362659     88.84340219400207      h 
   64.39775075104323     42.10185411009536     86.12360524996861      h 
   68.64803181433005     38.28769978494541     85.52518982712901      h 
   67.30470517875240     40.19310424450212     83.15719481974718      h 
   70.60214145974452     40.20604415673493     83.61490765476205      h 
   64.96325938703413     46.59051345006776     83.67651096042941      n 
   63.29150883713333     47.35563611463576     81.63238339304301      c 
   64.70045303647402     49.19865130466869     79.90270227465935      c 
   64.98909449623743     48.80600013481305     77.63877204114931      o 
   60.82159175963079     48.47553705161103     82.67543905873809      c 
   59.28449324126287     49.62630681333511     80.52442629564241      c 
   59.27988443040807     46.40894013246147     83.96956465419545      c 
   64.33479236522749     46.80443853426355     85.46763809692050      h 
   62.85383845613472     45.70428787737402     80.44682568464866      h 
   61.28777333837058     49.95574850967709     84.04723265054889      h 
   57.47986131225669     50.32290272563867     81.21417148839691      h 
   60.29707127003152     51.18133895341610     79.64761054755074      h 
   58.91148137922632     48.20132042767673     79.09131242525426      h 
   57.49480853088812     47.17858390986038     84.62966146126537      h 
   58.86385255575797     44.91103280231656     82.62617478063967      h 
   60.28336539253407     45.62535442792837     85.57705766872901      h 
   65.59272063466976     51.27399236429774     81.04740453189542      n 
   66.71402090823025     53.29208059261655     79.60302054438243      c 
   69.46520239002712     52.80919352789272     78.75859209369655      c 
   70.65437445138893     54.54339944520670     77.80450852026409      o 
   66.60413580961510     55.84137003562852     80.96378245580698      c 
   66.98194368858557     57.93825770158756     79.01068582671145      c 
   65.74277950643609     57.99135029196077     77.06479088576104      o 
   68.62887586307092     59.75369522133283     79.62750674169182      n 
   65.34166744674555     51.57013096859075     82.91622696050848      h 
   65.61632888363343     53.45559329628035     77.83312590057253      h 
   64.74986894674954     56.14571505056737     81.82456927098492      h 
   68.04440527829938     55.89066526611518     82.42926603081925      h 
   68.88758505911612     61.18735659540624     78.39765073824223      h 
   69.77211912299481     59.62703023349870     81.13538413668796      h 
   70.33884950574030     50.43890121601220     78.97829850455025      n 
   72.70095115330541     49.60042020815483     77.86409182170829      c 
   72.25145384138389     47.68116173132610     75.76016406751872      c 
   73.80928869052310     47.38134230938041     74.06230270495750      o 
   74.58495134503701     48.44496725407286     79.76996106465347      c 
   73.81101251724235     45.77853460161913     80.54117795613516      c 
   77.24905655847722     48.38177947612488     78.66270425358037      c 
   69.54028497388569     49.31999733189593     80.30421219309387      h 
   73.57095497092979     51.26488261702705     76.99590241689523      h 
   74.55068507894690     49.66585494849117     81.43822811225864      h 
   74.83742559818236     45.24152740255695     82.23568646695060      h 
   71.79625190602485     45.69517726215219     80.89287963299859      h 
   74.24940578550182     44.41382210546992     79.06592361602992      h 
   78.54292177010781     47.53648038749814     80.01446878990984      h 
   77.29112426656430     47.23513126452183     76.95650311409830      h 
   77.91082039711986     50.26629066638276     78.19353833798527      h 
   70.10019664469331     46.37038915050885     75.85959462865053      n 
   69.35573044559777     44.70791593652380     73.82015180452011      c 
   68.40140918338025     46.36183343554861     71.65287552908075      c 
   69.31762027415918     46.19469610334352     69.52732417281121      o 
   67.43368992216332     42.72995735247581     74.70761688814822      c 
   68.72284715031027     40.96478821765697     76.60434363959631      c 
   66.45343491952016     41.27129335451792     72.42529755057880      c 
   66.87829508206759     39.21706899669120     77.95201417120607      c 
   68.87455985580334     46.60624450661391     77.30523756481902      h 
   71.04853611151016     43.73592891727812     73.11195304499668      h 
   65.87213134725404     43.71818308027824     75.63839226311427      h 
   70.14300417028502     39.85251045519228     75.60406951084785      h 
   69.67426411784966     42.11784428246218     78.02039471801945      h 
   65.06189706715666     39.87284561037261     72.98358345897176      h 
   65.58796767778722     42.54740045953600     71.07414406091449      h 
   68.00795276104645     40.30120131239200     71.49202859472837      h 
   67.89244805303993     38.04817275235902     79.30102374089167      h 
   65.48398793043374     40.34551668074324     78.95316113772539      h 
   65.90191783373308     37.97540998983970     76.64258698096741      h 
   66.65306849825708     48.07969988827563     72.24213566130942      n 
   65.69875870440843     49.82984558236686     70.36025275235751      c 
   67.83566094695755     50.95781924982945     68.78854775637940      c 
   67.73323925313798     50.77868043044783     66.46844431032430      o 
   64.06265513771322     51.91344111536464     71.55056758561395      c 
   61.71075112997109     50.76492350105899     72.78755624400792      c 
   63.31276061843625     53.82894549361399     69.52939517676933      c 
   60.22554642313995     52.70257132307613     74.31128976517245      c 
   65.96640460816475     48.24641585902615     74.02396613546850      h 
   64.53210206557252     48.80180395468997     68.97578462063922      h 
   65.19398791588286     52.86643386339013     72.99527466694242      h 
   60.49338714120104     49.96660821668716     71.32749787717636      h 
   62.27455848461818     49.24793474515515     74.06088169831787      h 
   62.20647887118204     55.33556068981498     70.37054090910860      h 
   64.97216926932953     54.66051934487889     68.65708469067624      h 
   62.18991513977755     52.92561010369192     68.06268286055982      h 
   58.70578005789591     51.76797111387591     75.32480499029758      h 
   61.46028457496455     53.64266091932976     75.66037525346422      h 
   59.39659777784102     54.13253019829310     73.09834992474923      h 
   69.71472613486831     52.25502260074441     69.87740230863284      n 
   71.51495373950875     53.47954612373178     68.20215502344149      c 
   72.68320072710608     51.54476733996469     66.43872467006614      c 
   73.14144763476799     52.06267191432224     64.23343788941347      o 
   73.54452671889189     54.68084319571858     69.87643290756674      c 
   73.18766745815948     53.45249916483562     72.46982764735583      c 
   70.50148996425131     52.36992393588493     72.49691317102327      c 
   70.56660388165584     54.87498680309884     67.00171531066925      h 
   75.40805404015282     54.29605585810698     69.08741504047245      h 
   73.30576403075219     56.72147028029890     69.97175697874849      h 
   74.56313902434131     51.94165734275884     72.73824351617074      h 
   73.36076026774091     54.82678942420920     73.98774038551846      h 
   70.47905423997244     50.49685988982218     73.34597432342426      h 
   69.24923296533944     53.57307914459515     73.60859207990156      h 
   73.30727582360589     49.34392135293191     67.49773972657103      n 
   74.46899906583288     47.34741462851220     66.05615940186092      c 
   72.78886477756055     46.44187199975298     63.89306746098652      c 
   73.77291076415491     45.78942354949267     61.88491557724910      o 
   75.10886163230069     45.10231973800235     67.73606894672685      c 
   77.71900168404818     45.87356954000632     69.87114464688071      s 
   72.84691092187144     48.96940439504147     69.30898130788916      h 
   76.21397265558993     48.08044069429590     65.19270198742100      h 
   73.47677192818151     44.54418098483673     68.85244652103910      h 
   75.70354153124418     43.52207343376774     66.55972138107371      h 
   76.24975271310790     46.70316421325437     71.72425057720734      h 
   70.32113141218503     46.36785319459873     64.30676038894794      n 
   68.54506798024542     45.54313985411996     62.38567821999759      c 
   68.32757593514128     47.55292311124632     60.31607327571106      c 
   68.33486612444382     47.00139242944793     58.05920250957119      o 
   65.92433544593356     45.05599912210891     63.50957795484258      c 
   65.84529000414720     42.96609723781404     65.51763824601987      c 
   63.14655959252672     42.77534342084163     66.53246480527149      c 
   66.70429054377735     40.41668473395853     64.48360349554703      c 
   69.64366577619001     46.73514299253902     66.06494317726352      h 
   69.27261019436096     43.82298550980819     61.48536845517511      h 
   65.24198026782179     46.81019743856719     64.35671466608372      h 
   64.65443971212974     44.54884314945809     61.96310757722281      h 
   67.11381589035024     43.50245941804076     67.05631454477087      h 
   62.97465559461116     41.23300218493894     67.87645706544534      h 
   62.59257065600287     44.52162865123872     67.46543391414818      h 
   61.84059275468488     42.41861040344025     64.98774075155838      h 
   66.51985537530469     38.97397108144821     65.93308414707768      h 
   65.55758508783994     39.86114856277082     62.87169301303688      h 
   68.67269462240309     40.47394287955609     63.89997553579683      h 
   68.10549866825343     49.91668796123250     61.14762570598745      n 
   67.85691365063570     52.00620409652524     59.40162580134302      c 
   70.30016923686404     52.34473701817799     57.90325565010107      c 
   70.26578723772070     53.01307225163077     55.68968247482895      o 
   67.29919753411173     54.51352651567076     60.72404653499284      c 
   65.09956656829887     54.48977238137557     62.60378562525533      c 
   65.02889047518784     57.06391720309372     63.90847395124273      c 
   62.60651094757927     53.91544141031306     61.29366255704186      c 
   68.08155414633653     50.27749127504081     63.02971447450332      h 
   66.37805175207265     51.56305279009911     58.01597793714719      h 
   69.00956698725112     55.10126719485263     61.71599936966302      h 
   66.89166461102278     55.89093373891388     59.24176809109296      h 
   65.44534454258296     53.04657320516758     64.03334597522201      h 
   63.38145090248209     57.22280897312179     65.12134072144370      h 
   66.71491525731851     57.30919491381773     65.05827336231341      h 
   64.97460546566192     58.57495183107453     62.51763224576204      h 
   61.05516439557512     53.93768445945693     62.63971860468834      h 
   62.24783066623083     55.32375265558463     59.84686763921035      h 
   62.66131491591306     52.06255648589284     60.41139485396633      h 
   72.40846151552317     51.88923851943298     59.19922090888789      n 
   74.92525327732338     51.93743975563122     58.13088178392247      c 
   75.25151735034873     49.68406047266657     56.38301123880493      c 
   76.33906339909618     49.86700432346620     54.34365714505571      o 
   76.85855581643852     51.79938505615302     60.27493454442846      c 
   79.44999098600722     50.94988955591176     59.51068363028298      c 
   80.81253407090848     49.37175834653213     61.10373043070671      c 
   80.58993903139375     51.81367817676066     57.31751504987195      c 
   83.30896146879024     48.82032796023775     60.59628942577768      c 
   83.10808490315704     51.30511153559396     56.82067084023981      c 
   84.48301319561617     49.86200968820921     58.49930771552807      c 
   72.33640578244047     51.65194990672880     61.10111781844141      h 
   75.17495365201447     53.64486137178306     56.98639692321624      h 
   76.98958604929472     53.65828554367586     61.17145276650778      h 
   76.14362176749621     50.47876192091097     61.67823767691757      h 
   79.92714293788816     48.58562438208324     62.76623482252431      h 
   79.49555265961352     52.90404489452174     55.99059395995210      h 
   84.34513246657652     47.59565606352775     61.84746164791737      h 
   83.98719429289157     52.07033286294276     55.15069786445472      h 
   86.47110711049829     49.55894471882635     58.17120188346718      h 
   85.37070830178909     62.09254024067474     75.06672804326475      n 
   84.22938612573792     60.10024664740885     76.57273269093234      c 
   86.24301647618040     58.96205205680985     78.32522594054780      c 
   85.75555550894232     58.51658479863628     80.55535336457957      o 
   82.88150849471499     58.10107608875710     74.94922932572727      c 
   80.67073567560330     59.37777551703564     73.57795635133679      c 
   81.93111863518097     55.97000005007774     76.64747797722828      c 
   79.54934305642688     57.88301452163686     71.39330857301012      c 
   85.49445392570347     61.91166145442456     73.16651265967099      h 
   82.83481739067926     60.97863014124983     77.84279907001296      h 
   84.24283385136391     57.35321227730005     73.58465490561709      h 
   79.17567951578268     59.72076593106061     74.95212837055773      h 
   81.32256874530097     61.18731605095805     72.84504731042298      h 
   80.91869538328234     54.56452444460672     75.54909953500270      h 
   83.48975407030906     55.04604974087511     77.61145282679004      h 
   80.65577241735595     56.73531082212415     78.06660582845151      h 
   78.07946302756851     59.00090534672635     70.48948678161265      h 
   80.99818141637455     57.47870523952598     69.99838596333485      h 
   78.71891298125699     56.11976630911919     72.02992677689892      h 
   86.35880549969211     63.01087475244118     84.10088575555950      n 
   84.40865774353192     62.83577034281482     86.01420993165883      c 
   84.85015737788885     60.40129871170202     87.54724111633217      c 
   84.81365151575108     60.39677233333874     89.87413024701780      o 
   81.76191726416967     62.97905030159460     84.85330641626589      c 
   81.34665063026328     65.43085457281366     83.34759506880549      c 
   78.88936968304344     65.28990047493727     81.83916788034317      c 
   81.26565824389355     67.77584233986170     85.02758362972740      c 
   85.95876809559051     62.48714489810088     82.30796049229326      h 
   84.66792343438945     64.41969756221197     87.32247505646785      h 
   81.48600251057651     61.36490023456413     83.59537918182653      h 
   80.37876916593129     62.87233983599371     86.37864545861250      h 
   82.91943552090655     65.63370050557350     82.01851376058752      h 
   78.66368239973124     67.02263426153272     80.75969339763391      h 
   78.92047704468632     63.70069226444085     80.53991225643369      h 
   77.27400037465708     65.10493180545967     83.09660912356665      h 
   80.81886404755942     69.42329146305342     83.88077297010081      h 
   79.81435934813223     67.60561016019473     86.47353869079711      h 
   83.07357765751311     68.11767979334562     85.93692672300394      h 
   85.40824597697188     58.34969790066187     86.19312656764578      n 
   85.86889813859349     55.93384351152958     87.39067274697331      c 
   88.08976235978092     55.83455976093909     89.23997852326458      c 
   87.88850997489952     54.33385544193641     91.01217177794072      o 
   86.00575388367973     53.71864538472420     85.49015363226303      c 
   88.34311019109174     53.76162470208943     83.77899925027013      c 
   83.60646897204163     53.68433742731122     83.88368412637384      c 
   90.70855553713703     52.62276341844319     84.96036954573597      c 
   85.44462387556111     58.44640150617962     84.27892369090085      h 
   84.24425253364062     55.52791008083000     88.62542593780391      h 
   86.06782315683785     51.99642691921418     86.63637459005703      h 
   87.91031949917878     52.64710079492078     82.09627697720799      h 
   88.68747683753456     55.69760530450610     83.17410086725948      h 
   83.61263270383161     52.02812104038636     82.67013392374420      h 
   81.92215937037808     53.61487972026614     85.05084964459736      h 
   83.52219192884441     55.36076634245395     82.70090414958497      h 
   92.26181544838114     52.66226244812561     83.61613388224580      h 
   91.31749869712846     53.63216280514397     86.63149216597101      h 
   90.32494639886832     50.67856907078736     85.49666051315207      h 
   86.07590979967659     58.72723362508057     95.23326149199987      n 
   84.27003480591740     57.02115821114460     96.38561903226909      c 
   85.69966739217026     54.81264678814808     97.60508221800764      c 
   85.33625351134702     54.33749901894878     99.83576452000224      o 
   82.05204172378836     56.27065883254318     94.63015833465708      c 
   79.87993538989186     56.34225235320959     96.18664385011556      o 
   82.31052661824509     53.70588582566833     93.34319586635300      c 
   85.76050958973559     59.33685697926627     93.44534025460581      h 
   83.36762045538390     57.98939836133549     97.99438497829632      h 
   81.90550580423657     57.76132799224971     93.17464651202133      h 
   78.51863568249324     55.42164619337574     95.39026890743568      h 
   80.73382141231845     53.40901951172279     92.05371830225660      h 
   84.05524007040665     53.61358150688486     92.27395624369801      h 
   82.31568750743372     52.20845030736960     94.75097920269667      h 
   67.74879445027553     71.31012221651399     69.25586988261742      n 
   69.29622100314742     69.87541526311998     70.99963663234510      c 
   69.87074674505099     71.54742993321369     73.28556558288238      c 
   69.64989290375026     70.78300819880280     75.46641139681626      o 
   71.65515952140498     68.90224208538365     69.65405766774634      c 
   73.28992978817722     67.12193808762682     71.16724761906814      c 
   75.47710501241116     66.15720093433342     70.05926591932541      c 
   72.75999640347358     66.46208581581907     73.65125350662272      c 
   77.18620086263722     64.77794727932942     71.47176461588694      c 
   74.48665904445706     65.11061952038530     75.08510024788291      c 
   76.74047703863918     64.33455869097625     74.01433447726005      c 
   68.41033238370825     71.60764656553836     67.48327194520793      h 
   68.14557655330843     68.29250075579590     71.69561879567540      h 
   71.00960097170464     67.98170505153605     67.92048876703431      h 
   72.81574502596729     70.51962201644871     69.08399232158995      h 
   75.83663829091977     66.49409272424140     68.07660425355390      h 
   71.01253482094073     67.02369233817795     74.52101073409693      h 
   78.89381521307246     64.08176969131289     70.60249926820363      h 
   74.08121272463599     64.69157362563162     77.04464695365029      h 
   78.12756532603083     63.38458737021316     75.15713523442032      h 
   64.64789731365252     72.00017054927871     77.58432901009391      n 
   64.59659783339896     69.61765248718359     78.90136380463514      c 
   66.74814320441510     69.38101620901095     80.85905442932300      c 
   66.84119372627615     67.51544368951153     82.22084220115582      o 
   64.86326408186929     67.44941005628247     77.02091796707214      c 
   64.99281603899610     71.88862706515394     75.70101050184961      h 
   62.78628506617990     69.46008029672326     79.91770559471887      h 
   64.57986549308639     65.65332875925166     77.97181716198463      h 
   63.52982684781278     67.61402067144761     75.46651310848090      h 
   66.76966782888593     67.54002995026659     76.27022710669767      h 
   50.53938809710002     66.07372397219035    104.89160358837037      n 
   50.46377583987642     64.43889010007724    102.69879593465525      c 
   47.83824875184546     63.25419902850702    102.29885379409539      c 
   46.96578718008404     61.70587931934188    103.76218671603537      o 
   52.30948516438518     62.21842109352923    102.95036160321780      c 
   55.08987857924961     62.93145401467176    102.59571289665774      c 
   56.72703663456741     60.58678557993970    102.96657132016597      c 
   55.51097724305085     64.04612233602026     99.96853305242180      c 
   50.48954214737044     65.23305293768671    106.60312074445528      h 
   50.98594523260505     65.63875377014500    101.10364951982254      h 
   52.00583444401976     61.35532398141976    104.80052883905103      h 
   51.81225943779217     60.81624762806323    101.51909030614807      h 
   55.63063442522077     64.37331615988185    103.98194059434830      h 
   58.71494359243631     61.08370766177671    102.81630149829191      h 
   56.41292389075827     59.73868834027373    104.81172391440253      h 
   56.28396345772682     59.20073072754487    101.51578128659574      h 
   57.51338042851653     64.18154646195492     99.53302558295873      h 
   54.62159486237183     62.90526138519256     98.50772994119211      h 
   54.75973794414371     65.95643940822401     99.91130503793758      h 
   74.57096902652242     47.99368330642174     56.88355412192127      h 
   84.49935168907295     63.53712743079701     75.28229120257360      h 
   87.96808937840602     58.57624536719511     77.65713848833943      h 
   86.87542583179028     64.62537923549475     83.96289778929655      h 
   89.59229910956492     56.94905051324390     88.97284963681169      h 
   86.18261076297949     60.15041715605845     96.15831582256578      h 
   86.90788150193757     53.78626547047770     96.57657639918240      h 
   66.25857108202268     70.52021161472433     69.03715196794360      h 
   70.44801647391273     73.32886352259355     73.03195527166076      h 
   63.14340484528758     72.77500733421539     77.75371714952378      h 
   68.04779194291154     70.74516821206565     81.00419791772610      h 
   51.97648887444635     66.98308529338544    104.87249036116934      h 
   46.79550126284716     63.75073584152124    100.80312887594604      h 
   0.2916126878181D-03   0.2192766699143D-03  -0.3005468600222D-04
  -0.2567954537421D-03   0.3257475143990D-03   0.2301689240597D-03
  -0.4095987409855D-03   0.1447582996795D-03   0.4247352926190D-03
   0.4539798101443D-04  -0.5638338893409D-03   0.8167162365140D-03
  -0.9377225978926D-04  -0.7767598530610D-04   0.1521753468613D-03
  -0.8415346524583D-04  -0.1218203839292D-03   0.5830409374360D-04
   0.2825403722978D-03  -0.1516877676082D-03  -0.1887961237513D-03
   0.3530605412626D-03   0.3437517315065D-03  -0.5136348022757D-04
   0.9954247668897D-03   0.6473933658141D-04   0.2087735095286D-03
  -0.3796104048282D-04   0.1222884807601D-02  -0.5359927815968D-03
   0.1040493838560D-03  -0.1099376696973D-02  -0.9788367524824D-04
  -0.2097733734271D-03   0.1786448275459D-03  -0.2599113481729D-03
  -0.4881220414887D-03  -0.4267949960861D-03  -0.8028243511747D-03
  -0.1030284428392D-02  -0.4283107110922D-03   0.2309870032239D-03
   0.7609354887161D-03   0.4675198461908D-04  -0.1307743727031D-03
  -0.3642892115328D-04  -0.1298674451068D-03  -0.3648068977290D-03
  -0.1024905230691D-04   0.7783611676176D-03  -0.1808355513218D-03
   0.2778508466912D-03   0.1174760527309D-03  -0.7880722726506D-04
   0.3490937859274D-03   0.4536278353553D-04  -0.1393220238149D-03
  -0.6969939991727D-03  -0.2161180318523D-03   0.2205823255193D-03
  -0.3145125803646D-04   0.2470451365273D-03  -0.3683365117161D-04
   0.2387071991300D-05   0.1908419985147D-03  -0.2135380846650D-03
   0.3523216743865D-03  -0.9893218140808D-04  -0.1541727624346D-03
  -0.1322681025416D-03   0.3004112019988D-03  -0.2809464045843D-03
  -0.2684251168553D-04  -0.6568713656738D-03  -0.3302725324099D-03
   0.2951409642159D-03   0.1233407870247D-03  -0.1738457306846D-03
  -0.4734596792121D-04   0.2463190089237D-03   0.2610152725679D-03
   0.4823321080902D-03  -0.1854582990144D-03   0.3022426370430D-04
  -0.1060586973512D-03   0.1230728715145D-03  -0.2104269364602D-03
   0.7457434680843D-03  -0.2702576545120D-03  -0.5398398100895D-03
   0.7666832387303D-03   0.6392228336773D-03   0.5795159205710D-04
   0.9976709936072D-04  -0.6351587550165D-03  -0.4152351048104D-04
  -0.3600587792424D-03   0.2132870312927D-04  -0.8350470843936D-03
   0.6386698212715D-04  -0.3958015919340D-03  -0.1322323901701D-04
  -0.1887835650793D-03   0.3409157989491D-03  -0.3566762966571D-03
   0.9571868226333D-03   0.1704508213030D-03  -0.4614151057944D-03
   0.2735987083882D-04   0.2351109798698D-03  -0.8936038566721D-04
   0.1162039772699D-03   0.1967357675380D-03  -0.1839602266078D-03
   0.3485879926652D-03   0.1105073558279D-02  -0.1258263953664D-03
   0.1623269724096D-03   0.2837757935099D-04   0.4458620562185D-03
   0.2827001161742D-04   0.5952994907852D-04   0.5895560413406D-03
  -0.2200734806705D-04   0.5302521874520D-03   0.6681372844175D-03
   0.1480441116361D-03  -0.5270139680201D-03  -0.2920161842596D-04
  -0.1678971324560D-03   0.4424708040709D-03   0.4367536172223D-03
  -0.1194968869920D-03  -0.7991113877311D-03  -0.3353233327960D-03
   0.1345768216381D-03  -0.1495595412856D-03  -0.3793948944992D-03
  -0.4304640881688D-04  -0.2779373153971D-03  -0.7695399649247D-03
   0.6875018017783D-03  -0.1235550027954D-04  -0.3415804413745D-03
   0.2319610335857D-04   0.1677461697259D-03  -0.2610287741619D-03
   0.5757507757009D-03  -0.8298781616196D-04   0.1571700272260D-04
   0.8396534317368D-03   0.2808555491431D-04   0.4254257327184D-04
   0.7454817483892D-04   0.7497460277700D-03   0.3750757200012D-03
   0.1099796543058D-03  -0.6389790466692D-03  -0.3986742584046D-04
   0.9882597725988D-04   0.8818533192720D-03   0.5571568800921D-03
  -0.2852352046652D-03  -0.1064413937940D-02  -0.4351706778637D-04
  -0.3131775488967D-03  -0.4060674887729D-03  -0.1506460371742D-03
  -0.1662586826297D-03  -0.1746837046851D-03  -0.8103627695344D-03
   0.3393718939066D-03   0.1426448220591D-03  -0.2288116507370D-03
   0.2246762549397D-04  -0.9242061228115D-04   0.6636537584299D-03
   0.9988744532957D-03   0.4622391162420D-03  -0.7250023394900D-03
   0.4572447344280D-03  -0.1174566600540D-03  -0.1428149468596D-03
   0.2302594044225D-03   0.5400708353762D-04   0.1200553838878D-03
   0.3294556228182D-04   0.8770295053419D-03  -0.2709759926784D-03
   0.2376742861453D-03  -0.4932890530362D-03  -0.5434993278555D-03
   0.3961567696070D-03   0.8993123376204D-03   0.1003070715571D-04
   0.3805857031872D-03  -0.7321126193111D-04   0.1361490262570D-03
   0.2536589785334D-03   0.3036999452096D-04   0.4806238496779D-03
  -0.3893359379001D-03  -0.9653441627884D-03  -0.1036741610925D-02
   0.4315851813204D-03   0.1309060922141D-03  -0.4634576080079D-03
  -0.2332734757379D-03  -0.6245116963263D-03   0.1927251827007D-03
  -0.5142919402905D-03  -0.2668021811755D-03   0.9944637977331D-03
  -0.5891927606560D-03  -0.1406167780507D-03  -0.5216500220279D-04
  -0.1108033971327D-02  -0.2397826305849D-03  -0.4287723552401D-03
   0.6008512834108D-03   0.1682383929735D-02   0.1576536521388D-02
   0.1024965084986D-02  -0.1113301347597D-02   0.8682372836685D-03
  -0.3493994754385D-03  -0.1305995211566D-02  -0.1188917689604D-02
  -0.5749177383609D-03   0.4083465752771D-03  -0.4876658197414D-03
   0.1939952164097D-03  -0.8826891745875D-04  -0.3884484732899D-05
   0.5014150578928D-04  -0.1395866768414D-03   0.4735224538611D-03
   0.1331315375978D-03  -0.1263857836133D-02  -0.1985732686616D-03
   0.3147507708701D-03  -0.2459111476722D-03   0.1636182764439D-03
   0.3870852001515D-03  -0.8340290412866D-04   0.2070636556382D-03
  -0.4823308931124D-03  -0.4421681751006D-03   0.3716918266931D-03
   0.1790091394369D-03  -0.1137972840414D-03  -0.3401645462932D-03
   0.1616697115607D-03  -0.2154939519471D-03  -0.4684156662351D-03
   0.3127772579360D-03  -0.1492529049657D-04   0.3021638937909D-03
  -0.4121531101998D-03   0.5884987716507D-04   0.2677650850854D-03
   0.1706207070722D-02  -0.4646287662318D-04   0.4062690361760D-03
  -0.4248473612071D-04   0.3125531373627D-03   0.5877184112562D-03
  -0.7882761367030D-03  -0.5367795663920D-03   0.2063496563920D-03
  -0.8611313570306D-03  -0.5526817415437D-03   0.7414256600572D-03
  -0.7247594501129D-03  -0.7693647416539D-04   0.8209011546609D-04
   0.5281675935324D-03   0.1528869836304D-02  -0.4395539000989D-03
  -0.1011111419851D-04   0.8929647850162D-04  -0.6966322726829D-03
   0.4165552414258D-03  -0.7342558225415D-04  -0.2592585744586D-03
   0.1047375476266D-02   0.4094844887747D-03  -0.8625921797757D-03
   0.6831911625240D-04   0.4025372237431D-03   0.1726228436105D-03
  -0.1844323920871D-03   0.9321983506922D-04   0.3482460433888D-03
   0.1167687603149D-03   0.2994891713270D-03  -0.1408344433018D-03
  -0.8256366422369D-03   0.6284169398077D-03  -0.9326519081042D-03
  -0.3847439173408D-03   0.1310761572545D-03  -0.1000781212801D-02
  -0.3856769704099D-03   0.4652046704770D-03   0.3455394550487D-03
  -0.8045161989041D-03  -0.4644090837338D-03  -0.6282098321209D-03
   0.4792164614446D-03  -0.4685965202196D-03   0.2272295685978D-03
  -0.1113741902561D-03  -0.1750629039927D-03   0.7373415568057D-03
  -0.3576804617717D-03  -0.5245693628919D-03  -0.4794917155826D-03
  -0.1733067122662D-03   0.8977858469767D-03  -0.5972820624927D-03
   0.4319269400108D-03   0.1198668152914D-03  -0.4601949356128D-03
   0.1275580544716D-02  -0.8927931838784D-03  -0.3526001717480D-03
  -0.1725266128240D-02   0.3883146306357D-03  -0.7077481734733D-03
  -0.1188643916762D-02   0.3386588246537D-03  -0.6730655780195D-04
  -0.2898951471305D-03   0.7802132328173D-03   0.1553660932449D-02
  -0.1226972527781D-02   0.3736258004487D-03   0.1801252610756D-03
   0.2090178281921D-03   0.6799822365031D-03  -0.2241599501544D-04
   0.4067287926666D-03   0.9096173771566D-03   0.2026568618827D-03
   0.1290513508907D-02  -0.7685009568039D-03   0.6921281555878D-04
  -0.2924427179452D-03   0.9694257521197D-03  -0.8110431489006D-03
  -0.2814504524721D-02  -0.1532149308585D-03  -0.3269311553778D-03
  -0.7818978380540D-03   0.2422527941993D-02   0.1342987835958D-02
  -0.5701441886201D-03  -0.1604655789431D-02  -0.4127141045234D-03
  -0.8477421303102D-03   0.1403929697079D-02  -0.6963015088216D-03
  -0.5961186614349D-04   0.1149315591316D-04  -0.5617048047028D-03
  -0.6342961049196D-03   0.2781438203451D-03  -0.2834180021513D-03
  -0.3000072084836D-03   0.2673622001364D-03  -0.5567226405177D-03
   0.1114997756970D-02  -0.3097772272337D-03  -0.7207142813698D-03
   0.2171374135393D-02  -0.2302483238079D-02   0.9973170172505D-03
  -0.1829220313478D-03   0.6835510144904D-04  -0.5974954611945D-03
  -0.4771499679711D-03   0.2161151973562D-03  -0.3543305315664D-03
  -0.1273138067650D-03  -0.6608646464314D-03  -0.4212811770550D-03
   0.3274354157185D-03   0.9766431679925D-03   0.9774071520158D-03
  -0.2362454355563D-03  -0.1348410049115D-03  -0.1357419125090D-02
   0.2301831643861D-03  -0.4700695363459D-03  -0.7228395376102D-04
  -0.3395420512052D-03   0.1107025917010D-02  -0.3080452949260D-03
  -0.3637990998265D-03   0.6609186885528D-03   0.3031987810734D-03
  -0.8722428512506D-03  -0.1131322367850D-02   0.6901539321880D-03
  -0.2158605024984D-03  -0.5880190060160D-03  -0.3088177305249D-03
   0.3071940235085D-03  -0.1182926641324D-02  -0.9192133657612D-04
  -0.3595753066297D-04  -0.7387648413868D-03  -0.3891199616228D-03
  -0.1684180569037D-04   0.1063091251519D-02  -0.1592617051872D-02
   0.8408311065566D-04  -0.1446367348696D-03  -0.5423399525988D-03
  -0.3721267208215D-04  -0.9849978546455D-04  -0.8678025533121D-03
  -0.2435806148584D-03  -0.1495145336955D-03  -0.6910951656015D-04
  -0.1823650050139D-03   0.2396989098823D-03   0.6504270067743D-04
  -0.1195365032360D-03   0.1936039902917D-03  -0.1611264526437D-03
   0.9187757110082D-04   0.5702408958965D-04   0.1108852073933D-03
   0.2936911182570D-03   0.1890341240553D-04   0.8543460926668D-04
   0.1021505860919D-02   0.5302841864993D-03  -0.9075295445447D-03
  -0.7384410731226D-04  -0.8236960914640D-03  -0.2424558653905D-03
  -0.2207623304624D-03   0.1019262939695D-03   0.8705537544450D-04
  -0.4425702105058D-03   0.3911329817905D-03  -0.6511661264002D-03
  -0.3058668776308D-03   0.4264506433110D-03  -0.2674739625390D-03
   0.3946547388784D-03  -0.4127005730360D-03  -0.4299295273303D-03
   0.5467143263473D-03  -0.4599699207901D-04  -0.2232547909550D-03
   0.2076159577539D-03  -0.3727269701162D-04   0.5289342584302D-03
   0.3087649249298D-03   0.1589943094077D-03   0.2551752534780D-03
   0.6532979319291D-03   0.6348254168850D-03  -0.2819646828914D-03
  -0.1215156646493D-03  -0.1671829813488D-03   0.5721827496500D-03
   0.1382144606707D-02  -0.5427450033453D-03  -0.7952917046068D-03
  -0.2026374006888D-03  -0.7208598441537D-04  -0.1194200396549D-02
  -0.6984468489170D-03   0.1991309122167D-03   0.8721627000196D-03
  -0.5906795505817D-03  -0.9844425530746D-03  -0.6950641194197D-03
  -0.6110522849548D-04   0.2582853594479D-03  -0.1988759578014D-03
   0.2097712652096D-03   0.1415026286167D-03  -0.4017097714488D-03
   0.1777029659360D-04  -0.1434112077483D-03  -0.4627572697680D-03
   0.6350443089491D-03  -0.3716759060063D-03  -0.8179970554334D-05
  -0.1341267556313D-02   0.1007801905843D-02  -0.1022951387113D-02
  -0.8375919655865D-03   0.1524573011127D-02  -0.1135520154768D-02
   0.1104191716057D-02  -0.5595576598574D-03  -0.6977949342178D-03
  -0.3949344117753D-03   0.5876531768884D-03   0.2987573698526D-03
   0.4198093489350D-03   0.3496138481719D-03  -0.9721089072093D-04
  -0.5753215989786D-03  -0.7658386353045D-03   0.1865028742497D-03
   0.2095921355524D-04  -0.2040610183765D-03  -0.3057519297785D-03
  -0.4795007767090D-03   0.1854044972379D-03  -0.1388225367186D-03
   0.2388197671764D-03  -0.5062625899496D-03  -0.3989034242073D-03
   0.6375832989147D-03  -0.3452348810974D-03  -0.1629829509290D-03
   0.3774484463488D-03  -0.4138026869109D-03   0.9038068603764D-04
   0.9005258785829D-03  -0.1314604855091D-02  -0.1235995403771D-03
   0.4854717894178D-03  -0.1047091164556D-04  -0.2289363581440D-03
  -0.9071528714965D-04  -0.5325874294256D-03   0.1768183090933D-02
   0.9388643937711D-03   0.2508489351597D-03  -0.2824672248905D-02
   0.6541589969054D-03   0.1698125007175D-03  -0.2731407884735D-03
   0.2810285740389D-03   0.3650827047083D-04  -0.1366967010362D-03
   0.9464017965553D-03  -0.1795658879773D-02   0.3132921126367D-03
   0.1333098930123D-02   0.7183925505261D-03  -0.5311706652112D-03
   0.1722999810131D-03  -0.8064951422089D-03  -0.1312144001276D-02
   0.2083907234404D-02   0.6184861949218D-03  -0.1422205760213D-03
   0.4343136371405D-03   0.1151680435159D-03  -0.1710734041459D-03
  -0.2345860044549D-02   0.4831986465020D-03  -0.1130979356627D-03
   0.2087594088354D-02  -0.1409842739188D-02   0.1464152156296D-02
   0.1269265070905D-02  -0.2693468060086D-02   0.2103782914396D-02
  -0.1740642657805D-02   0.1451783479925D-03  -0.2296968315798D-02
   0.3669752451666D-03   0.1429694380077D-03  -0.3291639865126D-02
  -0.8311636740938D-02   0.3677637162971D-02   0.1700273112581D-01
   0.2447674341752D-02  -0.1930664035555D-02  -0.3484049406838D-02
  -0.1771037132785D-02  -0.9905512050856D-03  -0.1251722413298D-03
   0.6854682206141D-03   0.2673901705704D-02   0.2276846457037D-02
   0.5473533215646D-03   0.7132419879776D-03  -0.6078144010754D-03
   0.1143256311062D-02   0.1316709914372D-02   0.2332814898018D-03
   0.6412678540546D-03  -0.4828051197930D-03  -0.2054024915955D-03
  -0.1935815812494D-02  -0.1264117280080D-03  -0.2363300140804D-03
  -0.2079010014266D-02   0.1209432850214D-03  -0.7255324773237D-03
   0.6817732479466D-02   0.1594143513506D-02  -0.4949887715730D-02
   0.4815787864151D-03  -0.2299654010209D-03  -0.2853841218969D-02
  -0.3085211455612D-02   0.3861771531298D-02   0.9056119829802D-02
   0.1177242049295D-02   0.6691806911259D-03  -0.4043303369338D-02
  -0.7959878402095D-03   0.3697929671710D-03  -0.8060083119988D-03
   0.2980712788802D-03   0.2345933535989D-03   0.1495540477079D-03
   0.5758858224578D-03   0.5771147253720D-03   0.1197576270908D-03
   0.4107752792457D-03   0.8457736224647D-03  -0.1877144286758D-03
   0.3759670642114D-03  -0.8952549748423D-03   0.1247511177813D-02
  -0.7866164963424D-03  -0.1818510845648D-02   0.9783602563946D-03
  -0.7816038723824D-03  -0.7489314250644D-03   0.9086917647746D-03
  -0.8974166568172D-03  -0.9225899598713D-03   0.6291812876208D-03
  -0.1346487366851D-03   0.4307215575926D-03   0.1682908359845D-03
  -0.4984794137347D-03   0.1421207421037D-03   0.2030224374828D-03
   0.1190411272693D-03  -0.5465838084713D-04   0.5798643718193D-03
   0.3377512839494D-03  -0.3393382824022D-03   0.3735779949112D-03
   0.1919675106331D-03   0.2385082114054D-03  -0.4246747728352D-03
  -0.6963383028559D-04  -0.5183443050250D-03   0.5489275694760D-03
   0.3905437078706D-04  -0.1881888671348D-03   0.3680248596182D-03
   0.3760588616599D-02  -0.4194988412342D-02  -0.3733778288497D-02
  -0.2031051115659D-03  -0.4639376065455D-03  -0.3077286832943D-02
   0.3575151961357D-03   0.1949656322280D-02   0.7650541476702D-02
  -0.1046856613019D-02  -0.5147251934429D-03   0.4562726217761D-02
  -0.1224409442026D-03   0.6450966060021D-03  -0.1199920890309D-02
  -0.1279091287154D-03  -0.7413153680358D-03  -0.1350480763200D-03
   0.5612750358454D-03  -0.6462699534974D-03  -0.4430781012145D-03
   0.9856361160389D-03  -0.2453172982563D-04   0.8441052304883D-04
  -0.1252015032177D-02  -0.1171990679795D-03   0.9214495425142D-03
  -0.8279515374461D-03   0.7643187961471D-03  -0.4438073398650D-03
  -0.7747290462585D-03  -0.1559976165000D-03  -0.1407656099580D-03
  -0.2002628920593D-02  -0.4402000854157D-03  -0.2774856018876D-03
  -0.1134448158788D-04   0.3007154531497D-03   0.2663236909961D-04
   0.3483321124568D-03  -0.1530973698017D-03   0.2891132098172D-03
   0.3132878040796D-04  -0.1020252082285D-02   0.4488920468846D-04
   0.7346867528720D-03   0.6642044313700D-04   0.2661543485932D-03
  -0.1257520313810D-03  -0.5946220038907D-03  -0.9779855609158D-04
   0.1615883471596D-02  -0.4814954223267D-03   0.1563865943882D-02
   0.1165543939403D-03   0.2363374999040D-03   0.4945177981488D-03
  -0.3209909798471D-02  -0.2148617571236D-02  -0.3208814332836D-02
   0.4708228115382D-02   0.4403504391237D-02   0.4714729570862D-02
  -0.4123237678672D-01  -0.6853347960307D-01   0.4869368602390D-01
   0.1125430101910D-01   0.4893816645417D-03  -0.1894264161561D-01
  -0.1615172896036D-02   0.2562122858289D-02  -0.6673410140566D-03
  -0.1468896446180D-02  -0.6062160444143D-03   0.7753590569592D-04
  -0.2567171772565D-03  -0.4039637921510D-03  -0.5657939301091D-03
  -0.1685455405112D-02  -0.4140662791255D-02   0.1978444207993D-02
  -0.2874072008870D-02  -0.6523971973618D-03   0.1849261463972D-02
   0.3845357222479D-02  -0.1215297539981D-02  -0.6801065329517D-03
  -0.3097361591324D-02   0.2607707078333D-02  -0.1760853726618D-02
   0.1651607458880D-02   0.2117264611065D-02   0.1053109888456D-02
   0.4680288809310D-03  -0.8097034343611D-03   0.6535303969311D-03
   0.9686511240984D-03   0.8504626710981D-03   0.7205643735478D-03
   0.9779362330076D-03   0.7632493366232D-03   0.4530202053941D-03
   0.5642098903119D-03  -0.4940003798056D-03  -0.1979908018521D-03
  -0.1508506793730D-02  -0.2626072566956D-02   0.3299342477020D-04
  -0.1614665194454D-02   0.5875712422375D-03  -0.1465644666456D-02
  -0.1488400217619D-03   0.1469120171521D-03   0.1130256080760D-02
  -0.7015113027033D-03   0.2484613142888D-02   0.2379872552628D-03
  -0.6953318588522D-01   0.9504275713790D-01   0.1618179194424D-01
  -0.8456602093603D-02  -0.1908204162714D-02  -0.1258215515962D-02
   0.8154711549163D-01  -0.8626410597411D-02  -0.4578371737487D-01
  -0.4441256754909D-02  -0.6664031851834D-02   0.2467800567316D-01
   0.3296023125588D-02   0.7995120944932D-02  -0.3804920266537D-02
  -0.8689059099664D-03   0.2103021073438D-02  -0.1272589498665D-02
   0.6638032957640D-03   0.8686238624276D-03   0.8775811372996D-03
  -0.2186364061025D-02  -0.3829256445720D-03   0.5342178404376D-03
  -0.2352650214545D-02   0.1785146353731D-01  -0.9447937766713D-03
   0.3569695759758D-03   0.2963258135835D-02   0.7275325621065D-03
   0.4298739034966D-03  -0.2323175488743D-03   0.6601353326228D-03
  -0.2459982997275D-03   0.1506378496377D-03  -0.7308536170789D-03
   0.8026016471478D-03  -0.1166815055251D-02   0.9624755873527D-03
  -0.8788203695041D-04   0.3894213769742D-03   0.5117387705469D-03
  -0.3253736494093D-03   0.1080276139858D-02   0.5017055956792D-03
   0.3973365500831D-03   0.6975635253296D-03  -0.1838956409012D-03
  -0.7993806696471D-05   0.7193283147739D-03  -0.3328882974813D-03
  -0.4298499582067D-03   0.1830144940852D-02   0.1655195265824D-02
  -0.7043672255187D-03   0.4375417099807D-03  -0.3298441080893D-03
   0.2191376119837D-01   0.1123458663390D+00  -0.6577980388679D-02
   0.9535214622113D-03   0.6876912672777D-02   0.6454173429781D-02
  -0.3270580088629D-02  -0.3738972202136D-02  -0.1493687948496D-02
   0.3923039390099D-02  -0.4271684391295D-03   0.2600638261182D-02
   0.6521617923358D-02  -0.1139462232733D-02  -0.4052348536538D-02
   0.1944756744521D-02   0.1315366344332D-02  -0.1778129699207D-02
  -0.1601767843971D-02  -0.1459516152433D-03   0.2244414826966D-03
  -0.6451020685778D-03  -0.8097824068735D-03   0.6500498068690D-03
   0.1135099265284D-01   0.1206156796342D-01  -0.3943965843817D-02
   0.3762239119680D-03   0.3134578810542D-02  -0.1522102297775D-02
  -0.9932258466396D-03   0.2647042067818D-03  -0.7947534609976D-03
   0.1918003314183D-02   0.9653035610831D-03   0.4379878563226D-03
   0.5559981575778D-03  -0.1102700604162D-02   0.1376120470237D-02
   0.1389402645043D-02   0.6015592229893D-03   0.1658687363509D-02
   0.1243288655986D-02   0.6037359295845D-03   0.1688370828255D-03
  -0.6217077126848D-03   0.9384955163407D-03   0.2048292732526D-03
  -0.6042675341485D-03  -0.3741018676854D-03  -0.2860793224531D-03
  -0.6804553126034D-03   0.1328212532398D-02  -0.1706059413933D-03
  -0.2287285928170D-03   0.6503810383086D-04  -0.1432250789908D-02
  -0.3096487810739D-02   0.2535271955581D-02   0.1418737847138D-02
   0.3947044881327D-03  -0.9513099022287D-03  -0.4298149663688D-02
   0.7698112904762D-01   0.6510240512812D-01  -0.2597611903261D-01
  -0.1423134119370D-01  -0.2150227156778D-01   0.2132515531806D-01
  -0.7675085042581D-03   0.2209777147394D-02   0.1372150245698D-02
   0.4884549207338D-03  -0.2075618667206D-02   0.8993721170894D-03
  -0.4381012740705D-03   0.1931600632475D-03  -0.1582938432996D-03
   0.2011282321662D-02  -0.1034277195420D-03   0.1267800345649D-02
  -0.3033530958166D-02  -0.1175853966336D-02  -0.2812360427326D-02
   0.1943080608662D-02  -0.1009280592627D-02   0.1545476576140D-02
   0.2049381582395D-03   0.4396360915121D-04   0.1041973047893D-03
   0.2520271802181D-03  -0.1217051769515D-02   0.1613217063338D-03
  -0.1863253198373D-02  -0.7083048887587D-03   0.6540533852417D-03
  -0.1536180577040D-03   0.1086917050240D-05   0.3415656024068D-03
  -0.2050654021031D-02  -0.2368453170240D-03  -0.2289025441061D-02
   0.7183631090594D-04   0.1426632212476D-02   0.1005199387341D-02
   0.4565648571918D-03   0.1245178248390D-02   0.5001650018617D-03
   0.6552753694951D-03  -0.2358496941042D-02  -0.3327373763931D-02
  -0.2037573598095D-02   0.1390242334256D-02  -0.1750634900774D-03
  -0.3394930102426D-02   0.1017632552124D+00   0.7061896822229D-01
   0.6429525634584D-03  -0.1624190507332D-02   0.4223661102314D-03
   0.6155047430100D-01  -0.4111879130369D-01  -0.5330465084352D-01
  -0.5657338409628D-02   0.1308682421585D-03   0.1356857481094D-01
   0.8071252150121D-03   0.4007301407204D-02  -0.1746969021600D-02
   0.3234489268759D-02  -0.1398664460948D-03  -0.8829470943356D-03
   0.6160534191488D-04   0.7337476180677D-03  -0.3919864738330D-03
   0.6670885735160D-02   0.1239836788300D-01   0.4766827694812D-02
   0.1904165994915D-02   0.1467349915109D-02   0.3303868322345D-03
  -0.6915064307273D-03   0.3498049135011D-03  -0.8160066942080D-03
  -0.5549419807847D-03  -0.1882893492923D-04   0.1279807628287D-02
   0.1682188850828D-03  -0.3524012876359D-03  -0.1258544882642D-03
  -0.1785179214164D-02  -0.2691567384709D-03  -0.1651955022792D-02
  -0.2079429552360D-03  -0.1047799445796D-03  -0.5168842620809D-03
  -0.9789701667941D-01  -0.6768079552813D-01  -0.8940018048797D-02
   0.1897907016901D-02  -0.2732273860780D-02  -0.1338848304379D-02
   0.1911102759860D-01   0.7996623195126D-01  -0.3622764332764D-01
  -0.1428692932862D-02  -0.7548493026614D-02   0.2394248301289D-01
  -0.5707713383044D-02   0.3588137377540D-02  -0.3993860187429D-02
  -0.1652633143161D-02   0.1469422240249D-02   0.2427708178377D-03
   0.7403979864473D-03  -0.3806526838331D-03  -0.7764971737634D-03
  -0.1425797654573D-02   0.1293255747140D-02  -0.9360235627178D-03
   0.5827816595174D-04  -0.7163825498763D-03  -0.1426025130404D-02
  -0.4819216342819D-03   0.2929328669941D-03   0.2219804476591D-02
   0.2136748610323D-02  -0.1767040639837D-02  -0.1465647907630D-03
  -0.1313896511221D-01  -0.7947013696629D-03  -0.5233930281580D-02
  -0.4456744694869D-02   0.2048096609882D-02  -0.9670547360803D-03
  -0.1364739839266D-02   0.2282613271786D-02   0.2031358324165D-03
   0.8113744482347D-03   0.2051617605578D-03  -0.8443289640401D-03
  -0.7208218743646D-03  -0.1753652288918D-02  -0.6924412842363D-03
  -0.7817808228367D-03  -0.5510670523060D-04  -0.1016935716112D-02
  -0.8246187541895D-04  -0.4615402071805D-03   0.1212846141543D-02
   0.8759526974227D-04  -0.7481245894339D-03   0.1777478127038D-02
   0.3789694262039D-03  -0.7465144831687D-03  -0.2738824750531D-03
  -0.1098380089576D+00   0.4217533967066D-01   0.1515268932427D-01
  -0.6532817839696D-02   0.7197796522369D-03   0.3224044596930D-03
   0.6429321444537D-01   0.7340405126210D-01  -0.1309279351294D-04
  -0.2176116397624D-02  -0.1344091913928D-01   0.7806332701470D-02
  -0.2597873897734D-02   0.9064873169019D-02  -0.2738617014142D-02
  -0.6658490609401D-02   0.6461279287379D-02  -0.4357119999095D-02
  -0.4213259891814D-02   0.3409755899813D-02  -0.2349228699176D-02
  -0.7953621857361D-03   0.1899405173326D-02   0.1136595669049D-02
   0.1872830280435D-02  -0.1095770962669D-02  -0.2241445470799D-02
  -0.6394432379346D-03   0.2196441229150D-02   0.1777911682588D-02
   0.1125208318224D+00   0.5582314677623D-01  -0.6509715139158D-02
   0.4741666767344D-02   0.6223151409897D-02  -0.2478707028247D-02
  -0.3838308927602D-01   0.2405960171156D-01  -0.7581618053198D-01
  -0.5786633418398D-02  -0.6731425422731D-02   0.4595942561938D-02
  -0.2756616688662D-02   0.6328526187726D-02   0.5424311328089D-02
  -0.1230599163982D-03   0.5486556332469D-03   0.1035684949632D-02
  -0.1491826070959D-02  -0.6284703033287D-03  -0.1083349955287D-03
  -0.2811216239134D-02  -0.3209911606423D-02   0.8133400330968D-03
   0.8036895217217D-02   0.1186451934054D-01   0.1208368495726D-02
   0.5650084650836D-02   0.2252148612042D-02   0.2407387009212D-02
  -0.2187573033041D-03   0.4055816706557D-03   0.1682070451059D-03
  -0.1016973149715D-02   0.2454732868650D-02   0.1143976124816D-03
   0.1766956619102D-03   0.2129873972160D-02  -0.1572364207915D-02
  -0.4170336111815D-03   0.1243379302781D-03   0.1269524915651D-03
   0.8332005603982D-03  -0.2297517677646D-03  -0.3202814076274D-04
   0.4496752034968D-03   0.1088645699809D-03  -0.3310807082061D-03
  -0.1297413296641D-02   0.9496467777944D-03  -0.1299298042975D-02
   0.7610251152560D-03  -0.3655895530274D-03  -0.1255789221638D-02
   0.7918517349909D-03  -0.6480352491550D-04   0.3922048124780D-02
   0.3118822079662D-01   0.6481609351624D-01  -0.2961693347703D-01
   0.6618372452103D-01  -0.1199973970768D+00  -0.2325952755185D-01
  -0.6615460099062D-01   0.1197283620672D-01   0.3242854122371D-01
  -0.4736638814119D-01  -0.1305250127859D+00   0.6773649651299D-02
  -0.5716811581093D-01  -0.4407983046107D-01   0.9494937462939D-02
  -0.1363927989622D-01  -0.1126736987784D+00  -0.7846818069829D-01
  -0.4818438331780D-01   0.3589145981633D-01   0.4521848756280D-01
   0.1243151143344D+00   0.5943391517639D-01   0.1390002037929D-01
  -0.2116022977515D-01  -0.7043904160620D-01   0.2020545508281D-01
   0.1192195291548D+00  -0.6801698690572D-01  -0.1611751389830D-01
  -0.4831995636768D-01  -0.5688737148520D-01   0.3554187919138D-03
  -0.1152959960331D+00  -0.7760902204819D-01   0.5280164554161D-02
   0.3581685394958D-01  -0.2464568097264D-01   0.6431551877150D-01
$end                                                                            
