           2           1   1.01134289763741     
           3           2  0.930429238824009     
           4           3   1.63209497173061     
           5           2  0.954040568201795     
           6           5  0.993618058560478     
           7           5   1.00827857551152     
           8           6   1.00272044903219     
           9           1  0.950424859390728     
          10           2  0.979226996470389     
          11           5  0.971308843550466     
          12           6  0.984252448900472     
          13           6  0.983563313320518     
          14           7  0.976021959218651     
          15           7  0.981273110591880     
          16           7  0.986039425841380     
          17           8  0.984797917130871     
          18           8  0.988229972289250     
          19           8  0.983786494308659     
          20           3   1.30145989438475     
          21          20  0.967952477182967     
          22          21  0.984558403745603     
          23          22   1.89057996917687     
          24          21  0.969166060553685     
          25          20  0.934035999855029     
          26          21  0.952452914808714     
          27          24  0.975789165191957     
          28          24  0.972452634592898     
          29          24  0.982816890185912     
          31          30  0.999234853069084     
          32          31  0.969079333148051     
          33          32   1.91456464623424     
          34          31  0.964490198447841     
          35          34  0.940404048330175     
          36          35   1.49019224743589     
          37          35   1.47933606630655     
          38          30  0.948017438450734     
          39          31  0.970612382957798     
          40          34  0.972307582183905     
          41          34  0.969908249814194     
          43          42   1.02044447583431     
          44          43  0.976682995142150     
          45          44   1.89705368639234     
          46          43  0.930953112855976     
          47          46   1.00565849857978     
          48          47   1.40981633116710     
          49          47   1.40252093548263     
          50          48   1.44556336905167     
          51          49   1.45600582989851     
          52          50   1.38260456521184     
          52          51   1.37305621516383     
          53          52   1.04752146593334     
          54          42  0.952651366506181     
          55          43  0.968095996076857     
          56          46  0.969683732646120     
          57          46  0.972890509973658     
          58          48  0.971479564908583     
          59          49  0.975922535167965     
          60          50  0.963345447553517     
          61          51  0.973625089937295     
          62          53  0.881122037406117     
          64          63   1.01392471083022     
          65          64  0.950249682522053     
          66          65   1.62027316153869     
          67          64  0.938271700664197     
          68          67   1.00210501704373     
          69          67   1.01269617698303     
          70          63  0.948585550153192     
          71          64  0.972623218559508     
          72          67  0.975925964569753     
          73          68  0.980284463773994     
          74          68  0.984567317739495     
          75          68  0.987115574481165     
          76          69  0.976749701015752     
          77          69  0.985216400230416     
          78          69  0.979155615205370     
          79          65   1.28717051746402     
          80          79  0.964785884211184     
          81          80  0.934370872252916     
          82          81   1.61179337928402     
          83          80  0.980709986471107     
          84          83  0.924268264779996     
          85          84   1.48799284390767     
          86          84   1.50447251063281     
          87          79  0.910876112372967     
          88          80  0.966346489973517     
          89          83  0.975680842312260     
          90          83  0.971126546311676     
          91          81   1.31103165359705     
          92          91  0.951827583895183     
          93          92  0.941563128492564     
          94          93   1.62995462212629     
          95          92  0.970609857303773     
          96          95   1.00496580929090     
          97          96   1.00051691972832     
          98          97   1.01629623025740     
          99          98  0.930162983585992     
         100          91  0.915592910475408     
         101          92  0.951276782492102     
         102          95  0.969036329595253     
         103          95  0.964432206005954     
         104          96  0.968929075824774     
         105          96  0.972212638615597     
         106          97  0.968086710666689     
         107          97  0.960325113858319     
         108          98  0.963456216954114     
         109          98  0.961855132028573     
         110          99  0.890102983169047     
         111          99  0.896064079436312     
         112          99  0.906775745476821     
         113          93   1.29589057996849     
         114         113  0.989782304331535     
         115         114  0.917830134746086     
         116         115   1.65899563149155     
         117         114  0.957017391902628     
         118         117  0.970169301390150     
         119         117   1.00601904598859     
         120         113  0.936142182208971     
         121         114  0.953190052273902     
         122         117  0.976957186925527     
         123         118  0.872092951876094     
         124         119  0.978252013658428     
         125         119  0.977016232254367     
         126         119  0.980494551490696     
         127         115   1.29004622059815     
         128         127  0.977822997052519     
         129         128  0.933999853233702     
         130         129   1.64052057124708     
         131         128  0.961679779675531     
         132         131  0.969631007766391     
         133         132   1.59862185955574     
         134         132   1.33317840837815     
         135         127  0.919728624528422     
         136         128  0.948184269881551     
         137         131  0.950435451788489     
         138         131  0.969457303331268     
         139         134  0.933607935478144     
         140         134  0.925066639064090     
         141         129   1.30732150119306     
         142         141  0.981459975303736     
         143         142  0.965534072168883     
         144         143   1.58633826973584     
         145         141  0.914529444664243     
         146         142  0.950266794855513     
         147         142  0.936285888657559     
         148         143   1.32559744837207     
         149         148  0.959666260031915     
         150         149  0.975116392299629     
         151         150   1.86114670064853     
         152         149  0.966464683465901     
         153         152  0.983301113253875     
         154         153  0.922098417958853     
         155         154   1.50081384359507     
         156         154   1.48630030748967     
         157         148  0.913309967088556     
         158         149  0.951063867802238     
         159         152  0.973435923218145     
         160         152  0.975424832712538     
         161         153  0.983541858980207     
         162         153  0.957329579709926     
         164         163   1.00659063087867     
         165         164  0.973493267571648     
         166         165   1.88603713704837     
         167         164  0.944847786583582     
         168         167   1.00189598073413     
         169         167   1.00278123332585     
         170         163  0.943746852364561     
         171         164  0.975725318965821     
         172         167  0.967496155488774     
         173         168  0.981960100416891     
         174         168  0.977258832546104     
         175         168  0.978409913605581     
         176         169  0.980507978973178     
         177         169  0.984344918864661     
         178         169  0.982934119714299     
         179           1  0.956027187105452     
         180          22  0.952861062800763     
         181          30  0.948941441303482     
         182          32  0.951991622647134     
         183          42  0.943860497721662     
         184          44  0.956012930744520     
         185          63  0.948045639196628     
         186         150  0.952369723189767     
         187         163  0.957529807783900     
         188         165  0.955050024742478     
