$grad                                                                           
  cycle =      1    SCF energy =  -400.70804043591   |dE/dxyz| =  0.321110
  235.44332466856193    116.27488460048340    267.39384974781416      n 
  235.31891639032261    118.77677420076593    266.27205720423439      c 
  237.81641735984650    120.14498316329768    266.76904993423193      c 
  238.98302610017674    121.19519568376766    265.05658410378408      o 
  233.04041256232367    120.29101110920755    267.24933015413404      c 
  230.58351938592375    119.08387666450369    266.28892518642999      c 
  233.27063128676394    123.04159451598508    266.39862736184091      c 
  228.21322530129132    120.34736615326216    267.33501156568974      c 
  233.98574445829362    115.66713536122093    268.48904818623538      h 
  235.18535960237597    118.59179048264471    264.20589894150027      h 
  233.08649120655716    120.21319005185522    269.31356069287637      h 
  230.55777936073821    119.16678335214179    264.22611188885935      h 
  230.56068122107138    117.09304354064648    266.82229243429703      h 
  231.70062240240634    124.15347767532568    267.10377260920097      h 
  235.01160107371206    123.88215468593644    267.09118440633677      h 
  233.29316572503512    123.16055562157000    264.34596965995860      h 
  226.55106640863593    119.27426909727754    266.78488027225512      h 
  228.29952169392163    120.42142883577425    269.38376758574248      h 
  228.00540857386807    122.25584447468509    266.60977078965942      h 
  238.63920073190599    120.13059871998279    269.14957404745627      n 
  241.08926509861743    121.22025737311540    269.76126885800045      c 
  243.06487261225095    120.15581847186708    267.92524764480623      c 
  244.47988002564588    121.52392272355016    266.67413726886150      o 
  241.86435823546159    120.62985478741093    272.47998012140584      c 
  240.04197484922162    121.72364952209021    274.43882057819343      c 
  240.97693713218140    121.11563368444821    277.10816226967125      c 
  238.98702681668522    121.79491455396251    279.08176431107415      c 
  239.95312180175696    121.27083192709377    281.67063105999682      n 
  237.62324875619183    119.23415805830356    270.51015954748323      h 
  241.01298030436911    123.27277735951846    269.45589953733082      h 
  241.97020526505617    118.58219634305526    272.68636730837602      h 
  243.75807843216847    121.39729435047909    272.76161640657045      h 
  239.90437937431403    123.76264220064938    274.18355273467347      h 
  238.17056810661140    120.91265978549420    274.14776101206616      h 
  241.42340685444421    119.10473388992565    277.20258437484637      h 
  242.71649008651659    122.16723379496693    277.44475220231499      h 
  238.51448827355128    123.79502837555795    278.92697488663816      h 
  237.28273546297135    120.67811930750767    278.76712869899211      h 
  238.62240292846295    121.72509548218304    283.01590177835686      h 
  240.42371453244232    119.38779880091597    281.84996798747551      h 
  241.55826805879755    122.32588036757286    281.99922929265705      h 
  243.10340013779128    117.65145293885078    267.80623748854970      n 
  244.83236672169176    116.27557777936264    266.21203977415814      c 
  244.66592107718313    117.00537137877014    263.43672472301631      c 
  246.53811152788387    116.81158032527702    262.06202360226138      o 
  241.92187936855038    116.62672346370289    268.92581108719600      h 
  246.78520101921990    116.59660125909417    266.83123134769625      h 
  244.41098128687540    114.26543962641176    266.36684720635958      h 
  242.42987232576854    117.82181292030577    262.64769936315861      n 
  241.89999581028863    118.58359292593185    260.09172515273997      c 
  242.58484790540700    121.34286977146374    259.62709927520319      c 
  242.91667722362072    122.09949457918883    257.45196964132583      o 
  239.12254115605799    118.18207966419421    259.39681618858680      c 
  238.27314030406370    115.41240554346572    259.39867478999383      c 
  235.43105089568664    115.31576494084422    258.89926890169096      c 
  239.68630594179351    113.82955529211516    257.44538592947100      c 
  240.92533466347365    117.65737861770553    263.82840312469210      h 
  243.10212397845669    117.49222012298867    258.80856107290026      h 
  237.98972514540779    119.26246688604874    260.74145854340003      h 
  238.84245998968285    118.99121409903367    257.51897684549027      h 
  238.65546957819015    114.62584099343196    261.26958776913432      h 
  234.77418372796294    113.37216431144454    258.83213382222812      h 
  234.39778483130587    116.30833352400670    260.37122336662770      h 
  235.00877512253646    116.21017566419994    257.09806678956693      h 
  238.90121261824441    111.93305970366150    257.36361543445764      h 
  239.56007101098791    114.64998491771925    255.56566925003546      h 
  241.67912140272242    113.64528713365348    257.90939141923826      h 
  242.82138390829573    122.84324998697033    261.63352568570315      n 
  243.93684675584893    125.32446087006838    261.32500711084981      c 
  246.75711874618349    124.94498973859913    260.79608501166507      c 
  247.88305988091781    126.19241589859702    259.20197691166851      o 
  243.52318002194579    127.12718339408615    263.59705900155274      c 
  245.11487627302805    126.58474822500877    265.63842140986935      o 
  240.73357951416887    127.21927068181274    264.34309818471792      c 
  242.24763624158757    122.24703033573286    263.36198449551671      h 
  243.11784391680018    126.20487569987418    259.63810985717714      h 
  244.11011347898815    129.00745915952623    262.95235360434799      h 
  244.75194962515965    124.89143621420921    266.28173655704711      h 
  240.50685298268488    128.49895205833297    265.93259615785456      h 
  239.60992094048032    127.90906655512748    262.77100003446861      h 
  240.04448578553811    125.35727425815691    264.86528355205593      h 
  247.86383815812496    123.14575562940857    262.17734672309996      n 
  250.42010186586631    122.31573612819267    261.64304565921822      c 
  250.54137466507913    121.27933604497670    258.93575926807591      c 
  252.12458932248904    122.03344265379054    257.42452668960112      o 
  251.28430915568825    120.30650853931253    263.52989640843600      c 
  251.37098222720306    121.30874898365815    266.25012306878040      c 
  251.77360502716991    119.08498749077012    268.02320447159809      c 
  250.01840363113865    117.81015861395859    268.81673206913689      o 
  254.18156415489207    118.61487201660934    268.64149401676860      n 
  246.86804105962528    122.20875253558704    263.52076529856936      h 
  251.68687908206789    123.95484449520754    261.69241296706514      h 
  249.99802937563871    118.69805193556503    263.42700102305980      h 
  253.15276027110463    119.65656902755043    262.94665022907446      h 
  252.88270042234998    122.68627829396904    266.45506177608615      h 
  249.56874791993144    122.18654665962026    266.72414034457944      h 
  255.62193962265124    119.57804046492853    267.86409815701455      h 
  254.58141644824269    117.08749381502146    269.70517978777099      h 
  248.75985570676261    119.59130333907395    258.32869492993706      n 
  248.83223771066810    118.43769751727427    255.84452869365552      c 
  248.45486040405444    120.44357036600553    253.80065059182627      c 
  249.50712299088590    120.22112772703045    251.74720358089459      o 
  246.89598817454859    116.32520546196562    255.56800572628535      c 
  247.76229454285317    118.66224562918671    259.70304762472222      h 
  250.73355903199621    117.66475641961638    255.52064692330131      h 
  247.37582253553376    115.19217014710723    253.92431914969291      h 
  246.95046711077498    115.12205858524608    257.23191838421025      h 
  245.00965681102775    117.09071614774226    255.29339210664494      h 
  246.97871762006554    122.39581761109689    254.40760893448066      n 
  246.65460684799646    124.52651047023448    252.72236222112039      c 
  249.22884160952046    125.76264243006209    252.28079523428505      c 
  250.01938301638285    126.15895680872607    250.14041838551418      o 
  244.80159079851617    126.43767867424992    253.86125896528509      c 
  244.62494833753817    128.53943914785759    252.23103162274964      o 
  245.72376526270236    122.25828589157440    255.86608480795263      h 
  245.97056971949249    123.91490360526832    250.86102588780932      h 
  242.96707711816643    125.50099710463751    254.08418438237504      h 
  245.52232919948224    127.01984756790193    255.71718919705663      h 
  243.24935031977756    129.59188953735466    252.80536442344481      h 
  250.51768117246763    126.36901432612579    254.36180064048864      n 
  253.08678269527306    127.30419269830301    254.13979980866907      c 
  254.50889137677609    125.64699556609821    252.23088018880480      c 
  255.56013990264813    126.60822723164637    250.40091446049667      o 
  254.48181008968527    127.35820797590586    256.66362727793711      c 
  253.24484309189702    129.15107534666171    258.56615854373638      c 
  254.70304556907831    129.15457362755913    261.05956929555134      c 
  253.14078680969780    130.22831711400451    263.05146179524041      n 
  253.81986475344766    130.46085963444463    265.46079242464049      c 
  256.11323398023569    129.76708000415590    266.22421712490069      n 
  252.16152315294124    131.33322666038222    267.13950952729908      n 
  249.82180126825557    125.96275754933234    256.10412689823448      h 
  253.04545623785876    129.20824201856294    253.31007974114385      h 
  254.53322454502296    125.44014923940610    257.41311827533934      h 
  256.42603179339193    127.92740603498345    256.26444027583500      h 
  253.18213690626087    131.05205170739953    257.77499864752315      h 
  251.31501786490222    128.50912502381527    258.90150161894718      h 
  255.21060745561897    127.20355672823129    261.53136353875072      h 
  256.44117127217447    130.25065078212168    260.82782579035995      h 
  251.37702102429725    130.74173660088871    262.53111337040451      h 
  257.43844055373808    129.23412606240868    264.96768511481389      h 
  256.66083299252125    130.05922388671803    268.02434404721021      h 
  250.39499294017281    131.80975562989991    266.61692117628036      h 
  252.65165441670717    131.56717539941152    268.96381106512405      h 
  254.39930100133176    123.16839602650349    252.67951664155032      n 
  255.82212655018472    121.37109895236240    251.18480961294523      c 
  255.08768546309039    121.52740351578979    248.38921302268355      c 
  256.67844155737157    121.37178676649863    246.69895232875280      o 
  255.27417585876614    118.66066275693707    252.01676961383416      c 
  256.03868651196393    118.04734900437710    254.72364562793194      c 
  257.06950035419135    119.50785854384597    256.16765433911507      o 
  255.39459623416170    115.67940543779225    255.40540768569687      n 
  253.70962517796022    122.55744212402475    254.36556091601520      h 
  257.84909690903953    121.81434318360543    251.33332998530591      h 
  253.25190182076230    118.30736770756174    251.78826514030479      h 
  256.29096071664151    117.39004035906608    250.74864603101051      h 
  255.94675703997561    115.02812762400259    257.10691196745682      h 
  254.61580358403913    114.47701540992144    254.15405215730550      h 
  252.61898916177918    121.64020621199786    247.94493094204390      n 
  251.57291235454827    121.73393098467611    245.41751745719384      c 
  252.57232530513500    124.06746486952217    244.04916184890487      c 
  253.26134946539466    123.98361405457975    241.83556152016058      o 
  248.70232404695548    121.85693295739881    245.55290513163777      c 
  251.35867823118480    121.57260316136789    249.39945633926149      h 
  252.18693510110396    120.07543049487803    244.33072220866029      h 
  247.92599126198283    121.80855146307685    243.65446238676248      h 
  247.98817085299549    120.25695401385919    246.62269917758749      h 
  248.12803474623985    123.60942668360315    246.45821291357080      h 
  252.58664905309803    126.13184947440865    245.47429430886731      n 
  253.38995931457828    128.58417227735751    244.59313008121322      c 
  256.23369790890109    128.56481982181171    244.08657205734806      c 
  257.11276782074879    129.59668961209709    242.19349871269978      o 
  252.59069695474065    130.56734053916074    246.52423691977998      c 
  249.70893900240537    130.47932613393101    246.82902707648475      c 
  248.33301989866305    129.52829449814229    245.25046575924296      o 
  248.83185235227231    131.59077847090407    248.92655118041165      n 
  251.89311473607165    126.03502407340785    247.25864726348976      h 
  252.46436026540522    128.97654968091410    242.77621218625305      h 
  253.52372955935408    130.15916687047360    248.31583425882661      h 
  253.16023365951142    132.43916617467653    245.87492101606941      h 
  246.99152526017465    131.35268041166395    249.36809540341926      h 
  250.01487241609740    132.26824740069142    250.24729569294041      h 
  257.61996039096618    127.27130261493097    245.72818807860341      n 
  260.27135600252359    126.80202309090153    245.26831897651840      c 
  260.49681118024614    125.48883495031514    242.72113508959171      c 
  262.05633952014489    126.14670483062709    241.13665953143942      o 
  261.41186301297228    125.14528262193278    247.31717034628434      c 
  261.42641905209609    126.48563840290491    249.96776286550937      c 
  261.92702267138236    128.77909302187325    249.99616317734439      o 
  260.98147064426013    125.09899972289060    251.81392525238141      o 
  256.88386031875217    126.68803788620851    247.40308328177218      h 
  261.31341520287549    128.59786414045837    245.17910029618434      h 
  260.37954226113197    123.37166070590411    247.47574787510715      h 
  263.37667956744781    124.73663002960483    246.83170383814303      h 
  258.87459540249336    123.59273926415510    242.37212055257251      n 
  258.73814096905829    122.16929791711004    240.04747518837073      c 
  258.34512799869742    123.90071931416708    237.76917113407330      c 
  259.73487146896679    123.81103957452746    235.91268755010373      o 
  257.80428751511357    123.00134275025349    243.85127895688490      h 
  260.48174329921136    121.09849150982038    239.73767488383760      h 
  257.12521875618768    120.89492274668039    240.18489280038227      h 
  257.09753545192024    107.24349132065880    243.40174316825329      n 
  256.30324875675876    109.22927042707769    245.12307580922885      c 
  253.72535110295556    108.55166988978324    246.25272794488563      c 
  251.74076969237117    108.76451717067360    245.08240358193021      o 
  256.12869061436993    111.80896908722043    243.80515266623513      c 
  258.58706694633855    112.50898297500540    242.44112183940032      c 
  255.34613387317515    113.81368942894485    245.73414944871215      c 
  260.86397542044796    112.89917656722439    244.16206064655918      c 
  256.48342456136533    107.36770627955555    241.59174424464123      h 
  257.70479759598896    109.27824176533966    246.64598133298475      h 
  254.65183121474269    111.63495323362913    242.36796422053362      h 
  259.01275517451376    111.03929795925094    241.05395189260403      h 
  258.24759939873456    114.25433352275947    241.39669287754353      h 
  255.35427297499518    115.67364457289794    244.86176267589431      h 
  253.45974766753960    113.42597185827675    246.44986026175803      h 
  256.64505881299584    113.82980176245668    247.32510761630235      h 
  262.48953696819854    113.43781315980962    243.02699902486364      h 
  260.51239556287811    114.40168482938969    245.51470155085653      h 
  261.33465199128176    111.17359020718314    245.17511559567018      h 
  253.79238749922851    107.75277170432456    248.64885596784717      n 
  251.49982851209441    107.13666641230957    250.02824919045088      c 
  249.84253583307793    109.52794041282122    250.16136005636375      c 
  250.65854176235769    111.48692360344434    251.07541998195467      o 
  252.18757815046700    106.25912717281162    252.68930178726882      c 
  249.86348694480944    105.40091141520330    254.15849251477661      c 
  248.68743876163541    102.99297890937339    253.11200022106019      c 
  249.81126296640184    101.49400629762512    251.75136948156089      o 
  246.31999836104072    102.63172077443389    253.91196332132643      n 
  255.46722431572363    107.41467673913274    249.49470691541055      h 
  250.47001901555637    105.63582570044677    249.03851265188533      h 
  253.50050198585632    104.67472442882374    252.54034764003276      h 
  253.09028383759349    107.82322050781245    253.68276818886739      h 
  250.40127417172081    104.98269785345651    256.10678557899485      h 
  248.42404027773230    106.87526499097864    254.20693615991743      h 
  245.44915297701948    103.96725815088881    254.96500953026592      h 
  245.35555873678325    101.04834451181823    253.44254244485109      h 
  247.50627320266935    109.23763336674747    249.25251324877419      n 
  245.63317960715091    111.21761800988955    249.28165309503285      c 
  243.29716824774371    110.58872880875495    250.86699169140414      c 
  242.03384898852232    112.28657694436832    251.78833983493550      o 
  244.76268964070755    112.02274922471159    246.60874739912293      c 
  246.99089994437782    113.07368154292949    245.11487696863622      c 
  243.49734178826964    109.87351579544442    245.16018644206292      c 
  247.00921152658753    107.55936276418983    248.48035161393744      h 
  246.53368039851148    112.85696910407678    250.17418052053108      h 
  243.37032172943339    113.52550787858875    246.90439270784239      h 
  246.35577128559908    113.66481353148095    243.25587973734929      h 
  247.82047689294134    114.68027647900063    246.09123001506148      h 
  248.43695680139396    111.63049992737784    244.88178053078096      h 
  242.80729398273843    110.57052480146257    243.35596294878582      h 
  244.82608037144306    108.35171552080678    244.78062395519416      h 
  241.90851224691701    109.10310575080268    246.21036824862810      h 
  235.56507846293323    115.10661629696637    266.16385496856009      h 
  256.92614719423131    125.14873206021741    237.76449934054236      h 
  258.79553618649453    107.21885472213981    243.30820966739958      h 
  242.80402378798365    108.78645013846590    251.14924034018395      h 
   0.2222020871647D-02  -0.7377553865200D-01  -0.9870318841291D-01
   0.6143400633976D-02   0.2125114451663D-02  -0.1036241941476D-02
   0.8250501831237D-02  -0.2797720739205D-02   0.8068803780448D-03
  -0.2012358514986D-02   0.3243336908732D-02  -0.2382823590542D-02
  -0.1393176269436D-02  -0.5941996198146D-02   0.3228957617467D-02
  -0.1632164295442D-02  -0.1696207282574D-02  -0.6336625912752D-04
   0.1929963863688D-03  -0.3284425572186D-03  -0.6878229597801D-03
  -0.2026514060858D-02   0.1415188373748D-02   0.4232537371051D-03
   0.1784596134167D-02  -0.1482906695467D-01  -0.1160188156528D-02
   0.1645040987713D-02  -0.3991413357952D-02   0.1376336354664D-04
   0.2003021739794D-02  -0.3902179668682D-03  -0.8092632395353D-03
   0.5281270403394D-03  -0.6131372848703D-03   0.2461738522021D-03
   0.1269179180034D-02   0.1103694359949D-02  -0.3249078255845D-03
   0.3652682416961D-03  -0.5839963813976D-03   0.8816647605467D-05
   0.8348037204634D-04  -0.3386912338388D-03  -0.4602797520869D-03
   0.8084629022621D-03   0.1975511459554D-03   0.3414064349165D-04
   0.5517501957108D-03  -0.5590480989701D-04  -0.1686416683454D-03
   0.1125670361978D-02  -0.2821505185226D-03  -0.1084693058115D-02
   0.4258895272115D-03   0.1733225739154D-03  -0.2134664829911D-04
  -0.7525495326966D-03   0.3203257779099D-02  -0.3049340354120D-02
  -0.5088449205134D-03  -0.2622730710435D-02  -0.2740078231117D-03
  -0.4066251054648D-02  -0.1225544838045D-01   0.1707575595018D-02
   0.5300060117482D-02   0.7798015559763D-02  -0.4166593393517D-02
  -0.4106406787422D-03   0.4705623010401D-03   0.1321814167608D-02
  -0.1164894333475D-02   0.4183080378369D-03   0.9416494927096D-03
  -0.3046776065407D-03   0.5060428512505D-03   0.8232173669432D-03
  -0.5546509597997D-03   0.4840524071685D-03   0.1716477303122D-02
  -0.1185261501258D-02  -0.7488742673147D-03   0.5397944316884D-03
  -0.2872672198948D-02  -0.1027983951124D-02   0.5034553524937D-02
   0.3094018737749D-03   0.6267108741372D-03  -0.4858211581898D-03
  -0.5557540506673D-03   0.3090721001485D-03  -0.2215406892184D-02
   0.6022819720335D-03   0.3430332093701D-03  -0.8300184212693D-03
   0.4622058201295D-03   0.1197754713850D-03  -0.2309918890830D-03
   0.2528272638987D-03  -0.8376446880028D-03  -0.1839740279340D-02
   0.8908147875658D-03   0.8329474813071D-04  -0.6140052050826D-03
   0.2444898026041D-03  -0.3366266256312D-03  -0.2753505253321D-03
   0.3738572130172D-03   0.3581845050651D-03  -0.4777414505990D-03
   0.5218309819034D-04  -0.6850412066546D-03  -0.3050858495735D-03
   0.5812048132490D-04   0.2550407105705D-03  -0.5959143531953D-04
   0.6808736789906D-03  -0.1265849576152D-03  -0.1220395699587D-03
   0.5464235545657D-04  -0.1176413619477D-03  -0.4903576893283D-03
   0.6314914820947D-02   0.8122753699800D-02  -0.2612190931012D-02
  -0.8643081151218D-03   0.2357966892200D-02   0.1101564253796D-02
  -0.1247734701642D-01   0.3804233445087D-02   0.3235985671822D-03
   0.7483289919141D-02  -0.1817572666962D-02  -0.3843983004883D-02
  -0.3256402649015D-02  -0.3566561413331D-02   0.3663856962663D-02
  -0.7200739300035D-03   0.6446191923475D-04  -0.5997066767697D-03
  -0.1632142713986D-02   0.1023399862659D-02   0.7708966772719D-04
   0.1004683375559D-01   0.5548675316227D-02  -0.3255529929035D-02
   0.4423968634521D-03  -0.7877565598828D-03   0.2475758370950D-02
   0.1871772898162D-02  -0.2288384223732D-02   0.2021445206212D-02
  -0.1561875730795D-02   0.1045035942597D-02  -0.1746544164187D-02
  -0.6270717307127D-03  -0.8701053834987D-03  -0.4886964988421D-04
  -0.6141175635564D-03  -0.1101729615657D-02   0.7137989461008D-03
  -0.1220705858699D-02  -0.1403122197217D-03  -0.3117608461139D-03
  -0.1474427648548D-02   0.5470130263519D-03   0.6658867982845D-05
  -0.2352340480338D-02  -0.4756954348056D-02   0.2670461086740D-02
   0.3416973283105D-03   0.3924809584186D-03  -0.5717000051106D-03
   0.8273398318010D-03  -0.5511268432548D-03   0.5109476876982D-03
   0.6796177864683D-03   0.5205369451083D-03  -0.5146654986897D-03
   0.6269092849564D-03   0.2172712261283D-02  -0.1289472464871D-02
   0.3317601748172D-03   0.8068890379557D-05  -0.3032650299690D-04
   0.8771646008726D-03  -0.2630446770152D-03   0.1793479788376D-03
   0.5023472193649D-03   0.7559517736943D-03   0.1917619239587D-04
   0.6565447435320D-03  -0.4662604302167D-03   0.1512989381677D-03
   0.1053522907376D-02  -0.1672054724129D-03  -0.4309378954939D-03
  -0.1070218909292D-03  -0.3522746206119D-03  -0.5897363313382D-03
   0.7087086765575D-04   0.4284923755756D-04   0.5809821708194D-04
  -0.1340454183932D-04  -0.2138215441532D-05  -0.5182096003542D-04
  -0.1112513958536D-04   0.4554028664856D-04   0.1091103944631D-03
   0.6226638828939D-04  -0.3328231895720D-04  -0.9159253443539D-05
  -0.4361717224080D-03  -0.5175323085844D-04  -0.4470653301740D-03
   0.2692073585604D-03  -0.1435433143280D-03   0.1300420395053D-03
  -0.1060731825502D-03   0.1043427652916D-03   0.5947376202023D-05
   0.9472497762544D-05  -0.3439412705333D-04   0.2375494731452D-04
   0.5824544714238D-04   0.1004463089623D-03   0.1122425965121D-03
   0.2795524451471D-04   0.2405875491948D-04   0.3829723264227D-04
   0.9958191936700D-04  -0.1463285698010D-03   0.2254285252570D-03
  -0.4531392438721D-05  -0.7752490434543D-05   0.6048318407943D-05
   0.7737940873632D-04   0.4562267827270D-04  -0.3758844926686D-04
   0.1378308976158D-03   0.4864883918781D-07  -0.8974461992642D-06
   0.2519638404700D-04   0.3289426857548D-04  -0.5828141471878D-05
   0.2255152587219D-04   0.3341646790754D-04   0.1658984190090D-04
   0.5222546510391D-04  -0.3664777968951D-04   0.6290019529585D-05
   0.1402321559306D-04   0.2654471471249D-04  -0.2712676228188D-04
  -0.4731358807906D-04  -0.3942798486283D-04   0.5536839478124D-05
  -0.4327669349535D-04   0.6584883529285D-04   0.8872616035101D-04
  -0.5151242861748D-04  -0.1272168556737D-03   0.2535777169538D-03
  -0.1026292009908D-03   0.1877435630730D-03  -0.1429632796189D-03
   0.4192391007028D-03  -0.2935403162588D-04  -0.1260102083417D-03
   0.3036677513038D-04  -0.1328967887382D-04  -0.7934782469793D-05
   0.2123882410311D-04   0.1541472268143D-04   0.2576544848897D-05
  -0.6274410481436D-05   0.2044059703692D-04   0.1638510052934D-04
   0.1991309784876D-03  -0.7864072697206D-04  -0.7168942655009D-04
   0.2448520347826D-04  -0.7216286122982D-04   0.1296813370248D-04
   0.2871713343150D-04   0.6142678161072D-05  -0.2038142031820D-04
  -0.3699834738707D-03  -0.2043624792274D-03   0.3170112152831D-04
  -0.1730914929960D-04  -0.5021054560430D-04  -0.2327365927479D-04
   0.2169295031698D-04   0.1719258527373D-04   0.2638643633710D-04
   0.4474298924823D-04   0.8681504553663D-05   0.2163680823795D-04
   0.7138706142826D-04  -0.9074299462925D-04  -0.1301069020865D-04
   0.3061228199878D-04  -0.1935311725421D-04   0.3968837873870D-04
   0.7751472580893D-04  -0.7131186375389D-04   0.2019157397725D-04
   0.1514878049873D-04   0.2508599478012D-04  -0.6363929021863D-05
   0.9120368727369D-04  -0.1148155732148D-04   0.1103766010501D-05
   0.1134091758235D-03  -0.5980087617452D-04  -0.3386530090714D-04
   0.5693195954574D-04   0.5926041258147D-05   0.4425318135257D-04
  -0.6241477605852D-05   0.7403767132710D-05   0.3219768119008D-05
   0.7086928945031D-04  -0.7678400401402D-04   0.6176400403114D-04
   0.1420777813928D-03  -0.1653783097963D-03  -0.1081707189999D-03
   0.9294863425782D-04  -0.7465017840046D-04   0.9966041697229D-05
   0.2297083711201D-04   0.3318751568356D-04  -0.1420785389245D-04
  -0.2885512463627D-03   0.4281875950929D-03  -0.2654846138546D-04
  -0.5648384503688D-03   0.6035861034349D-03  -0.1393284294773D-04
   0.1306304132809D-04  -0.2522741225607D-04   0.2944503074522D-04
   0.4440414375548D-04  -0.4977628294010D-04   0.2809215597289D-05
  -0.1402675013854D-03  -0.1442208417148D-03   0.1390679574706D-04
   0.1505842590292D-03  -0.1038382182264D-03   0.2129230362320D-03
   0.6428564954754D-03  -0.4641416530301D-03  -0.2530205449528D-03
   0.2943009771326D-04  -0.5109505521362D-07   0.4521078548117D-04
   0.2889613335032D-04  -0.6172501877389D-05  -0.2304545091387D-04
  -0.6614107915589D-05   0.4475947615698D-05   0.5593989809412D-04
   0.3147410599554D-05   0.3761545421417D-04   0.2361420977753D-04
   0.3337766359401D-04  -0.7101276888167D-04  -0.5934875044214D-04
   0.3747653945903D-04  -0.5420277556877D-05  -0.2182284294643D-03
   0.1519996446564D-03  -0.4260413653275D-04  -0.2353088336974D-03
  -0.9236958273763D-04   0.3879233232259D-04  -0.1046516869031D-03
   0.5821634750681D-03  -0.1302900544179D-03   0.1195398245749D-04
  -0.9176731160205D-04  -0.1153394713263D-04  -0.4571967179370D-04
  -0.2384659209029D-04   0.9255537630378D-04   0.6322664602034D-03
   0.2961523761594D-05   0.2451552035621D-05   0.3339572161640D-04
   0.2436282664536D-04   0.1135364608461D-03  -0.2950092594233D-05
   0.2541194981475D-04  -0.1744260418021D-04   0.7131675070738D-04
   0.2509461804009D-04   0.5693998548910D-04   0.1768655434366D-04
   0.2655399574463D-04   0.9271986786360D-04   0.7305361104093D-04
  -0.1292753371872D-04  -0.5558163447527D-05   0.8642652552055D-04
   0.4223796092455D-04  -0.8924085348822D-04   0.8101742268551D-05
  -0.4566173080357D-05   0.2167155050533D-04  -0.1253192950165D-04
  -0.4546850502892D-03   0.7214015993638D-04  -0.2811186932744D-03
   0.1405619724629D-03  -0.5826719645418D-04  -0.1819511253099D-03
  -0.1234334097537D-03   0.4601788907389D-04   0.6364385695994D-04
  -0.2055438361738D-03   0.6516430946807D-04  -0.1289130958129D-03
  -0.4912316268433D-04  -0.1180981903387D-05   0.1590137950045D-04
  -0.2731007683251D-05   0.4211873257662D-04  -0.8287036209725D-05
   0.2456910631092D-04   0.1223329820645D-03  -0.5571439231999D-04
   0.1667932034023D-04   0.7745640061450D-04  -0.2842873567903D-04
   0.6352624740776D-04  -0.8962361310147D-05   0.7221846717997D-05
   0.1560802155903D-04   0.4421558185502D-04  -0.3815419495717D-05
   0.1215950938955D-03  -0.1598715981844D-03   0.3521870122715D-03
   0.4562170099236D-05   0.1291640378047D-03  -0.7305841114103D-04
   0.2578876071987D-04  -0.3725073123962D-03   0.1208201488355D-03
   0.2164153998753D-04   0.5527339698446D-05   0.2585112380523D-04
   0.6086156380438D-04   0.2929073587274D-04  -0.5932969494320D-06
   0.3766610018928D-05  -0.3003704517912D-06  -0.2710812171862D-04
   0.2906684136530D-04   0.2717494909075D-04   0.4936430796988D-04
  -0.7986945551525D-05   0.2692763328058D-03  -0.2268692912184D-03
   0.1785200051744D-03   0.2424337108442D-03   0.1663544295432D-03
   0.8877424763352D-03   0.1600357708308D-02   0.3648610574852D-03
   0.8628008874409D-03  -0.9236301875473D-04  -0.2070380532141D-02
  -0.3504725481473D-02  -0.4243250567729D-03   0.6827487431443D-02
   0.6662216026448D-03  -0.6665326853995D-03  -0.6202897960382D-03
   0.6624266504451D-03   0.9284119845009D-03   0.6075264949904D-03
  -0.1647132527207D-02  -0.8656932025718D-03   0.2561535073176D-03
  -0.5053149857400D-03   0.2618056014833D-03  -0.7787474956362D-03
   0.1186139558913D-03  -0.2629274411765D-03   0.1493247049768D-03
  -0.1880242028956D-03   0.1350403866892D-03  -0.6009030941258D-03
  -0.3728840134638D-03  -0.1544614234522D-04  -0.5560167513476D-04
   0.1628708332410D-02  -0.1756744832963D-02  -0.2247333274301D-02
   0.1529748035505D-02   0.5128243749409D-03  -0.7234927548958D-03
  -0.1703256531749D-02  -0.4219154789584D-02   0.9678982261682D-02
   0.1847908475416D-02   0.9992317458971D-03  -0.3043097476868D-02
   0.1063777211861D-02  -0.1189014516270D-03  -0.1230855875365D-03
  -0.3881261599555D-02   0.7920805590989D-03  -0.6036064890621D-03
   0.2892041770777D-02  -0.3112837864269D-03   0.4134722539193D-03
   0.1569856091338D-02  -0.2579638940833D-02  -0.1127929718063D-03
  -0.9679607527520D-03   0.1244069472997D-03   0.3797454226797D-03
  -0.6494896012227D-03   0.2557241724239D-03   0.6988540589538D-03
   0.1183208588428D-03   0.2611804948436D-03  -0.5892870707990D-04
  -0.2046342280422D-03   0.4144263133775D-03   0.1603292955115D-03
  -0.2906643790255D-03   0.4255997027634D-03  -0.4748420813522D-03
  -0.3600698060841D-03   0.1226646817296D-02   0.1494291781178D-03
  -0.1528889641795D-02   0.1665306787483D-02  -0.4268401324127D-02
   0.1318927973635D-02   0.8660777468494D-03  -0.1870792867733D-02
  -0.5523219737306D-02  -0.6191770821820D-02   0.7085176964383D-02
  -0.1423918636175D-03   0.1985565404746D-02   0.1247019765093D-02
  -0.1781839966404D-03  -0.6535600288565D-03  -0.1389853930298D-02
   0.1223162348684D-02   0.1051464909652D-02   0.1720084798356D-02
  -0.4720852172233D-04  -0.2402259799283D-03  -0.1317805756384D-02
  -0.1119759053106D-02  -0.5666600983518D-03  -0.8785226515883D-03
  -0.8142546363108D-05   0.1215707023410D-03   0.7935098010024D-03
   0.1523774180720D-03   0.9873222350409D-04   0.5797480006007D-03
   0.2197809958052D-03   0.3281957470073D-04  -0.2003250676355D-04
  -0.8731042480834D-04   0.2905045967222D-04   0.1745744915324D-03
   0.2565359156339D-02   0.4150557595183D-02  -0.6253988145256D-03
   0.4890003985835D-03  -0.5640449252912D-02   0.6653457681665D-02
  -0.7918954848758D-01   0.5089849236322D-01   0.2232950881626D-01
   0.1523439051294D-01   0.3153972667742D-02  -0.2089451244212D-01
   0.6316864733086D-03  -0.1259397136140D-02   0.8964795433578D-03
  -0.6026757355439D-03   0.9260366968512D-04   0.4298202859192D-03
   0.9887809844813D-03  -0.1262261185401D-02   0.2094029670102D-03
   0.1232126596690D+00   0.1168199652790D-01  -0.5941777798335D-02
   0.9564419687525D-03   0.1755298699820D-02   0.6322904953113D-02
   0.1273454664976D-02  -0.3035637996633D-02   0.6286221682221D-02
  -0.1093979588214D-03   0.6518170868282D-03  -0.9074319043992D-03
   0.3076372620722D-03  -0.4822591767419D-02  -0.6020764405239D-02
   0.8581413623697D-03  -0.1167101209256D-02   0.1723411333651D-03
  -0.1538201554223D-03  -0.1197785748642D-03   0.2425265898973D-02
  -0.5144222190398D-03   0.1628647652763D-02   0.8415881026829D-03
   0.1190446417679D-01  -0.5525930682710D-02  -0.4464423224336D-02
   0.1820312430955D-02  -0.1717101219479D-02   0.3580586725771D-03
   0.2111274365710D-02  -0.1183522861506D-02  -0.1520180275114D-03
  -0.1260539209470D-02  -0.1153341861784D-02   0.3205986776748D-03
   0.2821275548413D-04  -0.6179584622669D-03   0.6412421461795D-03
   0.3354820767682D-03  -0.1471703989683D-02  -0.1147029774211D-02
   0.1652434784147D-03  -0.5415100777701D-03   0.1143266278161D-03
  -0.1534174404251D-03  -0.6208301010013D-03   0.1436575182289D-03
  -0.4044297123065D-03  -0.1380588927588D-03  -0.2419469090073D-03
  -0.3636852597328D-03  -0.3291091935438D-03   0.5272265606123D-05
  -0.2731862351783D-03  -0.7585606788067D-03  -0.4847578213809D-03
   0.9310241614894D-04   0.2615499292065D-02  -0.2865572651934D-02
   0.3723648143773D-03   0.8332857697449D-04  -0.7286018584160D-04
  -0.9613149843571D-02  -0.1492475884743D-02   0.1014951575165D-02
   0.3027538829639D-02   0.1083260461528D-02  -0.5328718731833D-04
   0.2657481934330D-03   0.2192460389272D-03  -0.1604168458581D-02
   0.2098704972380D-02   0.3984843777120D-03  -0.1318039817313D-02
  -0.9133625691412D-02   0.4483943410433D-02   0.3985662760773D-02
   0.3830261500305D-02  -0.4657604856974D-02  -0.3567574934117D-02
   0.1065066947814D-01   0.3141443681371D-03  -0.2269011602741D-02
   0.1175878744976D-02  -0.1138969110383D-02  -0.5481436843493D-03
  -0.1572820166669D-02   0.4678293129012D-03   0.1472169523430D-02
   0.3274796923322D-03  -0.3849884078585D-03   0.5604693607216D-04
  -0.4528223910526D-03   0.1762250957214D-03   0.2483584031273D-03
  -0.1345718297857D-02  -0.2397801071596D-03   0.2796568875726D-04
  -0.1551239936193D-02  -0.2060557189681D-02   0.8198129084260D-03
  -0.1020385696132D-02   0.4803390918308D-02   0.1100469388793D-02
  -0.2753125842574D-02  -0.2923141411652D-02  -0.2804435509443D-05
   0.9807311498990D-02   0.5714330135613D-02  -0.3265149333802D-02
   0.3626202309340D-02   0.1883912453188D-02  -0.5061329176258D-02
  -0.1472014785823D-01  -0.9196823479571D-01   0.3706568780628D-02
  -0.8897554528287D-02   0.1475348526893D-01   0.8084521868735D-02
   0.2624930469647D-02  -0.1601866380550D-02   0.1759224981129D-02
   0.9485891616245D-03   0.1490278468652D-02  -0.1835078908890D-02
  -0.1920211004224D-03   0.3334635718140D-02  -0.2043737768274D-02
  -0.1149261823207D-02  -0.3287054757472D-02   0.1004468120853D-02
  -0.7392082453627D-03  -0.6182240341286D-03   0.1657371624174D-02
  -0.3040138770055D-03  -0.8531717408777D-03   0.8379478077063D-03
  -0.1069828737172D-02  -0.1217053904392D-02   0.1025839058678D-03
  -0.7342755970360D-03  -0.6755848230085D-03   0.1237773982354D-02
  -0.6116815948019D-03  -0.5414007504357D-03   0.5490745325729D-03
  -0.3309367510357D-03  -0.1073754935061D-03  -0.4282473679015D-03
  -0.1062202161197D-02  -0.1071266551154D-02   0.8310063898873D-03
   0.1128549184914D-02  -0.6787585441204D-03  -0.8635538655504D-05
  -0.1572319971173D-01   0.9635829161949D-01   0.9962246053328D-01
   0.5897760145048D-01  -0.4740202447568D-01  -0.1087480039595D-01
  -0.1388139397104D+00   0.4445223127685D-02   0.4482565726333D-02
   0.1547871802576D-01   0.7404544373454D-01  -0.7503598921618D-02
$end                                                                            
