$grad                                                                           
  cycle =      1    SCF energy =  -491.58178547884   |dE/dxyz| =  2.327017
  204.23780114814460    123.34808188847722    314.97007259911362      n 
  203.34774022602559    124.94112086373478    312.93105829982193      c 
  205.23746617532282    127.11808515732517    312.59090762894840      c 
  205.98768737719382    127.59051664464948    310.46685566193833      o 
  200.67377800777001    125.95212424660879    313.49419663271249      c 
  203.19467242413251    123.25359559101237    316.21351227375118      h 
  203.23813612096637    123.96980172579602    311.38148302139820      h 
  200.11630885272737    127.01226050416453    312.10713778592833      h 
  199.51537600085084    124.54427841438238    313.69072813143936      h 
  200.70401362295880    126.93667146619264    315.03999245923757      h 
  206.07272504491220    128.27648716424437    314.67527535102323      n 
  207.91709757142627    130.32683981923185    314.55244316431890      c 
  210.32271870488162    129.27804191737189    313.33923910487010      c 
  211.41875975547401    130.48179734707423    311.62525766885750      o 
  208.53125850494786    131.31138703881570    317.22829510852375      c 
  206.15965243857985    132.34695685903057    318.50763957619796      c 
  210.57783170803677    133.33906298241160    317.17727250789272      c 
  204.77826276964359    134.42943485515610    317.05633004713769      c 
  205.58895520189211    127.89665224843564    316.17949720666383      h 
  207.23868595562857    131.71767811791460    313.56978567068433      h 
  209.16242697201312    129.88842339899489    318.19394506861465      h 
  204.99369152786346    130.95989801224641    318.78542929074467      h 
  206.62452502210695    132.99702258558884    320.15737032993445      h 
  210.91420292701167    133.91164994504868    318.88558476605743      h 
  212.11228917886609    132.64175410712093    316.45350746931194      h 
  210.01091392324759    134.75446771843522    316.15871022122155      h 
  203.30616625514105    134.96611702475653    318.00875192558351      h 
  205.90264970947544    135.85617794687550    316.81633485157693      h 
  204.24724977789108    133.78881775834435    315.42360682694493      h 
  210.80270909600313    124.82962703272625    309.41616803412904      n 
  210.32460843083095    124.62931608210073    306.69496266714106      c 
  211.06160155105681    127.04438584530259    305.34947779124150      c 
  212.57338231049462    126.99336324467156    303.58447375459787      o 
  207.54293183346542    124.07184692705808    306.15450104564206      c 
  206.95711678918329    121.35631073791795    306.28489213614358      c 
  204.33795662345733    120.69112720376533    305.46286134819928      c 
  204.09229225004870    117.96803211082805    305.15672574441317      n 
  203.94489362600353    116.37310340962119    307.08424621269631      c 
  203.98835732283735    117.22914926465283    309.52010296134040      n 
  203.93355527030775    113.89945214199115    306.66850650385095      n 
  209.55737969541624    124.38365170869210    310.36103100877767      h 
  211.34695016940071    123.24225723531659    306.07135310387304      h 
  206.49791338350406    124.97513593082213    307.36014620129367      h 
  207.11018459107635    124.70490512007262    304.48965248431119      h 
  208.15520304103771    120.44168337845811    305.23987368618225      h 
  207.20089143664262    120.78183404933161    308.00832220190267      h 
  203.12664228995783    121.29017032969256    306.70063184498900      h 
  203.94867307790210    121.53205525120259    303.88116072863750      h 
  204.03937992346837    117.36331980705295    303.64872443687398      h 
  204.11307923549097    118.82218823991039    309.82056938727868      h 
  203.89198129942318    116.17468218494498    310.75409400623147      h 
  204.02237238992470    113.33064463125268    305.14916684061598      h 
  203.83717924689358    112.86577204772556    307.91950508228564      h 
  209.96933995236304    129.13064329332670    306.27166405449850      n 
  210.41720500234649    131.63264045019622    305.20207916719630      c 
  213.19888159971197    132.42821507485036    305.00932712036797      c 
  213.81871171108148    134.22345472668272    303.64683471092468      o 
  209.02825642961304    133.62630132670481    306.74976471967068      c 
  206.12941682339110    133.71511844632175    306.48709281271840      c 
  204.88786687470284    134.13652733301504    308.99475914743579      c 
  205.49824835632583    135.82594233168675    304.60681549316769      c 
  208.94888793974255    129.12497411547881    307.53589071457839      h 
  209.78792626123052    131.51358771539049    303.48431827928511      h 
  209.43265778276265    133.35984996785388    308.51854820821291      h 
  209.69343996376566    135.27036290259335    306.28867158804218      h 
  205.48879972657934    132.11263084131772    305.86915242729822      h 
  203.06806078552961    134.18377048174747    308.77555093731729      h 
  205.33006274683839    132.77025547167315    310.13426389486204      h 
  205.46045383733988    135.72767658232328    309.70151665247295      h 
  203.68033199310190    135.93365671079670    304.39516618684638      h 
  206.13508600123899    137.42276075884291    305.24365313808079      h 
  206.27870517338559    135.45933549752309    302.98921008056925      h 
  214.81837673825973    131.18099594831421    306.47008527917473      n 
  217.48100060081947    131.70067058437093    306.43040103423948      c 
  218.54869576217240    130.54793775529961    303.99265455964610      c 
  218.49578343559210    131.74980345905263    302.00088340908684      o 
  218.72444027545706    130.50447405846580    308.75287422592572      c 
  221.25478332156601    131.29060005337342    309.10058380059644      o 
  214.38185004397204    130.00936585974992    307.50754482533887      h 
  217.81170264194648    133.50346914000048    306.47197500512402      h 
  217.74934168561967    130.93344184895628    310.24575772587059      h 
  218.67719712672462    128.67899879144466    308.58846806833691      h 
  221.85382644749325    130.59140145213345    310.39315634991573      h 
  209.00180026632287    120.86876144299927    289.85183528105500      n 
  207.12341267272146    122.53738945622871    291.01968591772066      c 
  208.27425577584344    125.02048935360527    291.92108519553545      c 
  210.26602692640270    125.05450442069262    293.11917144738987      o 
  205.72879492214011    121.17678677273472    293.18153240371669      c 
  207.47490169929071    120.39066077782708    295.28857683718309      c 
  208.21378454546593    118.11165128297465    295.40385012009023      o 
  208.03992975813060    121.92700797460571    296.97043293205763      o 
  209.73690366059949    119.86909641582105    290.90063318291493      h 
  205.90075998352614    122.96257779482060    289.72333391650278      h 
  204.43055319497293    122.28227645307361    293.85238511571720      h 
  204.88030797090565    119.69524162848572    292.51445914361477      h 
  207.12341267272146    127.12942351302095    291.19354070505602      n 
  208.00591469104324    129.59362615090453    291.94565163287632      c 
  205.91020861327260    131.53059524893416    291.87573177275232      c 
  204.20000662915865    131.35863018754813    290.32048731648069      o 
  210.13374610995189    130.46101036163196    290.23922910066091      c 
  209.33817148529778    131.19422402995926    287.79014427037174      o 
  205.80438396011198    127.15587967631112    290.24489827850880      h 
  208.61062699481835    129.44622752685933    293.66908169863535      h 
  210.99168169093284    131.87263564575699    291.03291399936575      h 
  211.36017825104580    129.10796658193513    290.08427157281852      h 
  210.59672896752971    131.65531716158779    286.93976759318798      h 
  206.17477024617423    133.47701297671031    293.43853513282113      n 
  204.28126484497841    135.47634303106676    293.60672074230860      c 
  204.96723536457330    137.88196416452212    292.15541121324833      c 
  206.76247501640566    139.20855178092876    292.84516118474181      o 
  203.78426692031326    136.09617314243627    296.40162542131912      c 
  203.50836693171584    133.71322872037246    298.05891507885281      c 
  205.44722575569480    132.70033561154915    299.00377805350143      o 
  201.35218962356774    132.82505752420275    298.33292534150092      o 
  207.44844553600055    133.67732392733583    294.42686180430354      h 
  202.76570463364206    134.83005675640712    292.80358721385721      h 
  205.15998741140163    137.12229433290463    297.04602197002947      h 
  202.25736835328109    137.10150734746236    296.53390623777000      h 
  203.57450733994128    138.40919770437603    290.12962499560166      n 
  203.89954020322040    140.68442774732989    288.61217505831604      c 
  201.39754304635088    142.14896535803521    288.87295723931908      c 
  201.19534236977609    143.82137282316327    290.46032703672870      o 
  204.34173607535593    139.97767024229273    285.83805736474767      c 
  204.21890388865162    142.21321604031135    284.01447182367593      c 
  203.32884296653262    141.85983728779277    281.53137192629930      c 
  204.98424289811697    144.65096251490476    284.72122932871304      c 
  203.23813612096637    143.80247556367030    279.81361103838816      c 
  204.87463879305776    146.66730010280489    282.97701227751173      c 
  204.00158540448246    146.19675834142987    280.55627333646197      c 
  203.90898883296686    148.13939661730740    278.89520422702975      o 
  202.39153889568121    137.43409911453870    289.59105310005197      h 
  205.33951137658488    141.67464414476163    289.16586476146011      h 
  205.98390792529520    139.17831616574003    285.68498956285464      h 
  203.09073749692118    138.73423056765517    285.33727998818392      h 
  202.78649161908433    140.26301886063661    281.04004317948204      h 
  205.56816821644983    144.94198031109653    286.35206282295655      h 
  202.67310806212649    143.51712694532642    278.17521864034751      h 
  205.38108534746942    148.28301578945400    283.44566431293742      h 
  204.42299429117571    149.46598423371404    279.60196173206691      h 
  199.46246367427054    141.33827292578675    287.44810387354892      n 
  197.00204048828553    142.54580780738766    287.50857510392643      c 
  195.11042481303903    140.64663322834397    288.54603465009063      c 
  194.55106593204704    140.65608185809043    290.79669825570363      o 
  196.23481175287088    143.32059544659950    284.85917932301174      c 
  199.55883969768468    140.07593599165619    286.42954158687775      h 
  197.05306308891656    144.04247075923107    288.56493190958361      h 
  194.58886045103299    144.12750842694942    284.91020192364277      h 
  197.46880279776195    144.49600498706238    284.18265743316334      h 
  196.15355353705110    141.83716057640120    283.78581498381095      h 
  194.24682005421019    138.92887234043278    286.90953197799922      n 
  192.38921944605104    137.00324159809890    287.59550249759411      c 
  193.02227763906561    135.52925535764709    290.01057226079598      c 
  191.32530373659671    134.80549031906625    291.44298453036322      o 
  191.94324412201689    135.18532523487499    285.37318478122057      c 
  191.57096811000534    136.63285531203667    283.11685199775968      o 
  189.57919695944608    133.57149927417518    285.87018270588578      c 
  194.72870017128102    138.85139357651161    285.35995669957549      h 
  190.84531334547520    137.91786895755877    287.97344768745359      h 
  193.39644337702646    134.08361500643471    285.18610191224013      h 
  191.32908318849530    135.65208754435142    281.89230958261510      h 
  189.31085587464588    132.43010480079963    284.46044714771006      h 
  189.81352297715893    132.60018013623639    287.40652990266437      h 
  188.12032852658865    134.66565059881825    286.05726557486616      h 
  195.45435493581112    135.08139030766364    290.43954005128643      n 
  196.25937819021172    133.67543420138651    292.65240913791348      c 
  196.51638091931616    135.35729029626103    295.01267684858567      c 
  195.32963302315753    134.85084374184939    296.91185142762941      o 
  198.74625753948686    132.29215480650095    292.05714546388486      c 
  198.62153562683324    130.29282475214450    289.99923390510020      c 
  196.83196515284880    128.18955977057669    290.65307908355697      c 
  197.66533429648885    126.29038519153299    291.74156123035220      o 
  194.56618373964142    128.36719400981065    290.06915376522414      o 
  196.66188981741206    135.57649850637952    289.47200036524623      h 
  194.95924673709527    132.44711233434330    293.05303103916447      h 
  199.99914584387091    133.53937393303710    291.57337562086479      h 
  199.34719039136337    131.49846990779611    293.59538238661281      h 
  198.09430208697933    131.07139184325496    288.42509218933554      h 
  200.29583281791059    129.60118505470172    289.72144419055348      h 
  197.96958017432570    137.40953267719780    294.80480699416296      n 
  198.37209180152604    139.14808055055124    296.92130005737584      c 
  195.95513231237487    139.83216134419683    298.35749177884173      c 
  195.91544806743966    139.78869764736302    300.67240606673084      o 
  199.83284996033277    141.62173181818130    296.10871789917803      c 
  198.01304387115957    143.52846530102221    295.00700767073778      c 
  201.17266565838452    142.77068519535402    298.38583766808125      c 
  198.74625753948686    137.83094156389109    293.44042485877043      h 
  199.43033833313248    138.20699702780124    298.08537124214297      h 
  201.07439990902105    141.17575649414715    294.83693233530101      h 
  198.93145068251800    145.03646660856137    294.51567892392052      h 
  197.18912335726597    142.80847971433997    293.53680088218454      h 
  196.74881721107971    143.96499199530987    296.26178570107118      h 
  202.06461630645279    144.28813513263970    297.86994248392307      h 
  199.93867461349342    143.19587353394590    299.67274103955265      h 
  202.37075191023894    141.56126058780382    299.06613900982819      h 
  193.95769198396775    140.45388118151564    296.96098430231115      n 
  191.52372496127290    141.13229279731334    298.03245891556264      c 
  190.81507773028645    139.24634629991473    300.06769376295574      c 
  190.30296199802689    139.92286818976311    302.20119435971230      o 
  189.52250518096716    141.10772635997247    295.92541448209624      c 
  187.08475870637375    141.82771194665472    296.86649800484628      o 
  193.98792759915648    140.49167570050159    295.33581998591552      h 
  191.61443180683918    142.80658998839064    298.77323148768716      h 
  190.02706200942953    142.25290028524660    294.58559878404452      h 
  189.42612915755299    139.43153944294585    295.18842136187033      h 
  186.03029162666590    141.80125578336455    295.67975010868764      h 
  190.86232087901888    136.83316626266219    299.40439995475242      n 
  190.25382912334518    134.78848278552258    301.14672728000448      c 
  191.77127906063083    134.89430743868320    303.60148128814154      c 
  190.73381951446669    134.53148005641816    305.65939284692621      o 
  190.84342361952591    132.24302193181924    299.91084650916406      c 
  189.82297160690541    132.05404933688951    297.26145072824937      c 
  191.17979483850084    131.40776306222986    295.46621107641704      o 
  187.41357102155146    132.64931301091812    296.94964594661536      n 
  191.25349415052341    136.32671970825052    297.90962672885831      h 
  188.48126618290439    134.97745538045231    301.57380534454563      h 
  192.65945025680054    131.98979865461340    299.88061089397530      h 
  190.13288666259018    130.89564732997030    300.93129852178458      h 
  186.75027721334814    132.59451095838850    295.46621107641704      h 
  186.51406146968600    133.09339860900297    298.22710068834027      h 
  194.22225361686935    135.44043823803011    303.38794225587094      n 
  195.88899190414949    135.59917521777109    305.61025997224448      c 
  195.59986383390702    137.97456073603769    307.19762976965416      c 
  195.73781382820570    137.86117717907985    309.52388241323905      o 
  198.62342535278256    135.17020742728062    304.88271548176505      c 
  199.21113012301402    132.38097192611792    304.49532166215914      c 
  197.95635209268065    130.53659939960383    307.03322361206529      s 
  198.78783151037143    127.52059678452547    306.06001474817725      c 
  194.96491591494316    135.72767658232328    301.97253751984732      h 
  195.32963302315753    134.24046226022639    306.70630102283684      h 
  198.99570136479412    136.09050396458838    303.34258883308780      h 
  199.71568695147636    135.84672931712902    306.19040583867871      h 
  198.50059316607823    131.81216441537944    302.90417241285087      h 
  201.02526703433932    132.13719727865859    304.38949700899849      h 
  198.20768564393717    126.29794409533019    307.29589551901762      h 
  198.01115414521027    127.16532830605762    304.43862988368022      h 
  200.61141705144325    127.40910295351694    305.90127776843627      h 
  195.00271043392908    140.06459763596041    305.92773393172638      n 
  194.56807346559071    142.42864479853122    307.28266743737254      c 
  192.27961534099180    141.99778728209145    309.03633311832033      c 
  192.46480848402294    142.20943658841276    311.37203439165165      o 
  194.11075978586078    144.60182964022300    305.37593395453166      c 
  196.32551859843716    145.17252687691078    303.97375730015307      o 
  194.84208372823880    140.15341475557736    304.31201824507730      h 
  196.02316244654958    142.91430436750059    308.28611191644933      h 
  192.76149545806257    144.13317760479731    304.22698057735892      h 
  193.55329063081814    146.09849259206641    306.27544350639715      h 
  196.01938299465098    146.35171586927225    302.95708473943120      h 
  190.11587912904650    141.44031812704876    307.88360028924905      n 
  187.81041347090388    140.96977636567377    309.34057899615721      c 
  188.41134632278042    139.04414562333989    311.41738781443479      c 
  187.64411758736571    139.35028122712606    313.58679320422806      o 
  185.68447177794454    139.87184558913208    307.63793591584039      c 
  183.47727186916535    138.63029564044382    309.12326051198801      c 
  183.35632940841035    135.81649370194026    308.59035779428621      c 
  183.73049514637120    135.15697934563553    305.96552845071233      n 
  184.83031564886218    133.04426573432124    305.19829971529765      c 
  185.72226629693046    131.37374799514251    306.81968457979468      n 
  184.93047112417494    132.50380411282222    302.71708954387043      n 
  189.93824488981255    141.32504484414164    306.27166405449850      h 
  187.23215733041891    142.55714616308344    310.05111595309296      h 
  185.01172933999470    141.21544073908240    306.58913801398046      h 
  186.41390599437324    138.62651618854522    306.50787979816067      h 
  183.70403898308103    138.91186480688910    310.92038988976969      h 
  181.89179179770500    139.42020108725006    308.65271875061296      h 
  184.62811497228736    134.96611702475653    309.60136117716019      h 
  181.72549591416686    135.17965605702710    309.13459886768379      h 
  183.20704105841585    136.20010806964760    304.83358260708331      h 
  185.59565465832753    131.64397880589200    308.41650300695085      h 
  186.42902380196762    130.01314531164851    306.27922295829569      h 
  184.28229512356597    133.52803557734131    301.63616630087245      h 
  185.64289780705997    131.13375279958177    302.21253271540809      h 
  189.91745790437028    137.12796351075252    310.75976318407942      n 
  190.62799486130604    135.14375126399045    312.54933365806386      c 
  192.01316398214090    136.26057930002509    314.83968150861210      c 
  191.45191537519960    135.52547590574849    316.99585881676023      o 
  192.20024685112131    133.15953901722838    311.31156316127419      c 
  190.55051609738484    136.94466009367071    309.27443858793180      h 
  189.08219903478093    134.35195609123494    313.13892815424458      h 
  192.64055299730757    131.87263564575699    312.53988502831737      h 
  191.25349415052341    132.39420000776300    309.94151184803371      h 
  193.73092487005206    133.91731912289657    310.64637962712158      h 
  193.76305021119012    138.03503196641520    314.41449317002019      n 
  195.20491111050390    139.18776479548649    316.46484582500773      c 
  193.53061391942657    140.53324967138613    318.33378478886266      c 
  193.51360638588289    139.83972024799402    320.53342579384463      o 
  197.32140417371679    140.87529006820893    315.47651915352526      c 
  199.37931573250145    139.37862711636552    314.14615208522002      c 
  201.56194920393975    141.05670375934145    313.33923910487010      c 
  202.95656695452109    142.05069960867178    314.88692465734454      o 
  201.90021014886392    141.39685443021494    310.89771317837813      n 
  194.13910567510024    138.59628057335647    312.93672747766976      h 
  196.00804463895520    137.81960320819530    317.38325263636614      h 
  196.62220557247682    142.10928111309997    314.31622742065679      h 
  198.05650756799341    141.80881468716174    316.87302663005585      h 
  199.99914584387091    138.06337785565466    315.26298012125471      h 
  198.67444795341359    138.54336824677614    312.67594529666678      h 
  200.90243484763499    140.68442774732989    309.83190774297447      h 
  203.11908338616064    142.33226877511706    310.36858991257486      h 
  204.48695396000198    121.76902236086261    314.38950748053685      h 
  211.02696681051640    127.62190108339124    313.91569058315173      h 
  212.11716879255169    123.83553488844174    309.83633286717577      h 
  219.29294550941214    128.81109556068228    304.01579907061767      h 
  208.24656740522070    119.89810288937966    288.67709817424884      h 
  192.45038630552645    141.97632491161846    317.76659318391728      h 
  -0.1167273339334D+00  -0.1160393850561D+00   0.1092093739039D+00
   0.3199413921518D-03  -0.6124074604367D-01  -0.9404751180401D-01
   0.4024341604648D-02   0.8923072880376D-02   0.2653128171130D-02
  -0.6138253959391D-02  -0.1234797291468D-01   0.1069792574302D-01
  -0.9236333074183D-01   0.2977129108612D-01   0.1728524268655D-01
   0.1402218112104D+00   0.1925354712226D-02  -0.1739583751057D+00
  -0.1013467530736D-03   0.5293594822148D-01   0.9885937292771D-01
   0.3281254958659D-01  -0.6615925858465D-01   0.8664556919997D-01
   0.6851147038789D-01   0.8844119899977D-01  -0.1061017772859D-01
  -0.3202120147657D-02  -0.6146215291740D-01  -0.9533754309398D-01
  -0.6343649796192D-01  -0.5307787172036D-01   0.1865040047548D+00
  -0.4567358853767D-01   0.8329582109155D-01  -0.4908422080613D-01
   0.8743277673506D-02  -0.1013859257667D+00   0.6552636562344D-01
   0.2020886621684D-01   0.2724955842171D-01  -0.3810605730790D-01
   0.3526227564014D-01  -0.7130501187959D-01   0.5317153010463D-01
  -0.3047679290630D-01  -0.3339905763501D-01   0.9600868597157D-01
   0.6743433871010D-01   0.6737355034101D-01   0.4573590088869D-02
  -0.5050096162217D-01   0.7088944099577D-01  -0.4474643968617D-01
   0.6850760506312D-01   0.5791349428850D-01  -0.1956889378309D+00
   0.3587930282512D-01  -0.8169069707714D-01   0.6462129134232D-01
  -0.3747641112698D-01   0.8735783882176D-01  -0.6222389595754D-01
   0.7433093436837D-01   0.8583345025821D-01  -0.1389687380063D-01
  -0.3325415219752D-01  -0.4294947875501D-01  -0.9982786399130D-01
  -0.1841623008174D-01  -0.3330050744356D-01  -0.1058111506435D+00
  -0.9411573976439D-01   0.4265964276701D-01   0.4523778565977D-01
   0.3401820194958D-01  -0.8678544808459D-01   0.6331827909134D-01
   0.8867689076453D-01  -0.3121100958029D-01  -0.6026714326392D-01
  -0.6862831248749D-01  -0.8925952090854D-01   0.1438969111818D-01
   0.3451204829576D-01   0.3907722619388D-01   0.1007036537588D+00
  -0.6567837100197D-01  -0.1278373306153D+00   0.1447648798863D+00
   0.5845319829687D-01  -0.6803852672387D-01  -0.4813170363411D-01
  -0.3292437342516D-02  -0.1241559734526D-02   0.3114796751389D-02
   0.7570210806701D-03  -0.5578426093463D-02   0.1558471503543D-03
  -0.6881916311202D-01   0.4709928235355D-01  -0.1912521560855D-01
   0.5139709706066D-01  -0.4020265222434D-01   0.2247331547736D-01
  -0.6277045695775D-01   0.7499673960490D-01  -0.1465708895940D-01
  -0.1589625278393D-03  -0.7148738016137D-01  -0.1971433873430D+00
  -0.1043627496119D-01  -0.1428612136432D-01  -0.2564763109766D-01
   0.6748223809676D-02   0.7685599860899D-01   0.2212168687799D+00
   0.2596489914655D-02  -0.2053152282236D+00  -0.3610079316568D-01
   0.1793075775746D+00   0.4945364499683D-01  -0.1220931822060D+00
  -0.6503183498079D-01   0.8034964159131D-01   0.4887600952827D-01
   0.6060977682907D-01  -0.6043243762615D-01  -0.7807417927505D-01
   0.2114057740860D-01  -0.3993073441493D-01   0.1088403272506D+00
  -0.7374982978078D-01   0.5579762963132D-01   0.7211935304023D-01
  -0.1562533681712D-01   0.3433713190475D-01  -0.1104107911794D+00
   0.7736751955819D-01  -0.3535159502830D-01  -0.7976712760054D-01
   0.2059962032302D-01  -0.4573716741617D-01   0.1032312289176D+00
   0.4160226213085D-02   0.7678481375482D-01   0.2023687965685D+00
  -0.1478019427386D-01  -0.2114695561512D+00  -0.3738150995327D-01
   0.1300164313537D-01   0.1441755141796D+00  -0.1629671894253D+00
  -0.1120484415689D-01   0.7605839731999D-01   0.2067802308247D+00
   0.1292063835692D-01   0.1390543268306D+00  -0.1698426149950D+00
  -0.1415583869893D+00  -0.8038862799727D-02   0.1589656499052D+00
  -0.3225227377592D-01   0.3134038276137D-02  -0.8686057490368D-01
   0.3663271128858D-02  -0.1979448237946D-01   0.1629749090127D-01
   0.7634777258785D-02   0.1649606937296D-01  -0.1205698696244D-01
   0.5653449594523D-01   0.6929198517164D-01   0.5647172520830D-01
  -0.4565675961392D-01  -0.7756139697053D-01  -0.1283862392038D-01
  -0.3807772857880D-01   0.4094817600567D-02   0.6748271672082D-01
  -0.1698741602816D-01   0.6997190177123D-01  -0.6815089169058D-01
   0.1352052932038D+00   0.1000722510871D-01  -0.1709067339617D+00
   0.3821091205608D-01  -0.3192663708603D-02   0.1103642571120D+00
  -0.2658468468349D-01   0.2339787783949D-01  -0.1091671724609D+00
  -0.4142347280008D-01  -0.1001834306726D+00   0.3417231572984D-01
   0.3479910025827D-01   0.9877649054181D-01   0.4587502904040D-01
   0.1119831710469D+00  -0.2084528117505D-02   0.1439595107986D-01
  -0.2689142937350D-01   0.8617138175575D-01  -0.6655184351698D-01
  -0.3562995382460D-01  -0.1001133607179D+00  -0.4434363364482D-01
   0.1110411867478D+00  -0.5457795389534D-02   0.1496320925142D-01
  -0.4026207913478D-01  -0.9748168454351D-01  -0.4046874677590D-01
  -0.4768942650070D-01   0.2588267811278D-01   0.1002140518589D+00
  -0.5733441264834D-01  -0.1452348553760D+00   0.1212778370306D+00
  -0.6680427913422D-02   0.1015388762624D+00   0.3105088240167D-02
   0.2872191613319D-01  -0.9542402677379D-01   0.3488761051412D-01
  -0.3091138472165D-02   0.1954819510051D-01  -0.2706140096824D-01
  -0.4988393757263D-01  -0.6285993943452D-01   0.6158479674255D-01
   0.5935457902052D-01  -0.8849404022066D-01   0.1549013453253D+00
   0.6774879992320D-01   0.1570515155039D+00  -0.1339719318177D+00
  -0.1741070168814D-01  -0.1116778735363D+00   0.4827521508111D-02
   0.6397541147532D-01  -0.3652338683158D-01  -0.9281220847148D-01
   0.8682126584532D-03   0.1180589295720D+00   0.1770103064214D-01
  -0.6816566255413D-01   0.7953063799724D-01  -0.1471936671387D+00
   0.3601728773919D-01  -0.2057783361136D+00   0.5200832628616D-01
  -0.6599194675694D-01   0.2601965349511D-01  -0.6378449620786D-01
  -0.3413044161741D-01   0.2106230165007D-01  -0.1460099629860D-01
   0.4482317642575D-02  -0.4083335550768D-02   0.2086107790152D-02
  -0.1011650300635D+00  -0.2599505032229D-01   0.9443928497553D-02
  -0.2366612834026D-01   0.2732780396012D-01  -0.2759260757649D-01
   0.7779010657170D-02  -0.7541040435725D-02   0.1394520434750D-01
   0.4566457864288D-02  -0.1650230829120D-01  -0.6022174647072D-02
  -0.1063991707783D+00   0.1263661061056D+00  -0.1538887538029D+00
   0.7753682800745D-01  -0.2590446787843D-01   0.8003595597576D-01
   0.7639116268493D-01  -0.7570352798048D-01  -0.4575158637276D-01
   0.4558243219095D-01   0.9585200718387D-01   0.4532321931371D-01
  -0.1486757033061D+00  -0.5672198604072D-02  -0.1100875681851D+00
   0.3406419478270D-01  -0.5806126559749D-02   0.8151952805489D-01
   0.1393199819951D-01   0.6522717900631D-02   0.2279221465892D-01
   0.1153208796177D-02  -0.2334148032494D-02  -0.5447480652527D-02
   0.9093853539800D-01  -0.4918876377768D-02   0.4389248825250D-01
   0.1561189750226D+00   0.5012146526770D-01  -0.9031240104153D-01
   0.1774918740592D+00   0.5832736083900D-03   0.1265612977440D+00
  -0.4325230679956D-01   0.8119618362724D-02  -0.1063817780107D+00
  -0.4907139674938D-01  -0.9494412859010D-01  -0.5401275052929D-01
  -0.7272191361752D-01   0.9381539891327D-01   0.8630187997670D-02
  -0.1441816622902D+00  -0.5160406091888D-01   0.9675355458153D-01
   0.1587820416299D+00   0.4667657646714D-02   0.1263700128910D+00
  -0.7076675029094D-01  -0.2637909245660D-01  -0.4232143581855D-01
  -0.4436711476280D-01  -0.1191259203410D-01  -0.1975505001333D-01
   0.1657173278021D-01   0.7690982304437D-02   0.7317373404154D-02
  -0.1544252445128D-01   0.9391036127080D-01   0.4553924274649D-01
  -0.1344818604949D-01   0.3132656142639D-01  -0.8652049466065D-02
   0.3341797037222D-02  -0.1588020583293D-01   0.1011258428620D-01
   0.1579744181219D-01  -0.4956658926406D-02   0.1833773842187D-02
  -0.1699795251693D+00  -0.2011295734054D-01  -0.1335141521189D+00
   0.8996859280929D-01   0.4399550253045D-01   0.4254244792417D-01
  -0.9293581704535D-01  -0.5714769342828D-01  -0.3954233735842D-01
   0.9108079706697D-01  -0.5008550662368D-01  -0.3976109786374D-02
  -0.1454461157722D+00  -0.1286912723014D+00  -0.6140148059285D-01
   0.8489200618764D-01   0.4937628187767D-01   0.4635166006440D-01
  -0.4715711218860D-02  -0.1391273426708D-01  -0.2342150638858D-01
  -0.1860862819618D-03   0.5615169119178D-02   0.1290125186619D-01
   0.2367229361457D-01  -0.1109806901497D+00  -0.2296501195962D-01
   0.1671197167382D-02  -0.1748611203596D-01   0.4329527118675D-02
  -0.5089868442098D-01  -0.1293174331471D+00  -0.6327016430565D-01
   0.5465540939997D-01   0.2800547908644D-01   0.1541646272962D+00
  -0.4888399232594D-01  -0.2865700531324D-01  -0.1399670322259D+00
   0.4507996947822D-01   0.1633479830849D+00   0.2610479695907D-01
  -0.3193314647822D-02  -0.4472525742935D-02  -0.3286433214832D-02
   0.5986157257823D-01   0.1447844314903D+00   0.8833284048019D-01
   0.1547769485903D+00   0.1358010819712D+00   0.6706550852759D-01
  -0.8109273644990D-01  -0.5821704227357D-01  -0.4476537315415D-01
  -0.1051807631233D+00   0.4519387714572D-01   0.7145605987913D-02
   0.7826364102647D-01   0.7557741512819D-01   0.3334608022943D-01
   0.4889882062569D-01   0.1474314838628D+00   0.4540250489649D-01
  -0.5372494114278D-01  -0.2849717234124D-01  -0.1480988582301D+00
   0.5183716208436D-01   0.2469723020297D-01   0.1492825846768D+00
  -0.4664254826423D-01  -0.1454011567939D+00  -0.4560642550973D-01
  -0.5761484815689D-01  -0.1519865365435D+00  -0.7650080714290D-01
   0.1287042475176D-01  -0.1607967773875D+00  -0.1313925390994D+00
   0.8103505669627D-02   0.7958659952672D-01   0.6193869531162D-01
   0.1607358187046D-02   0.3963986629034D-02  -0.1879128979049D-01
   0.4291795296197D-02   0.2258954133523D-02   0.5729351256456D-03
  -0.2559996784545D-01   0.2532176416270D-01  -0.7918339189865D-01
  -0.1931447036007D-01   0.1661885864779D+00   0.1357863350050D+00
  -0.6692535865270D-02  -0.8645795668669D-01  -0.7063157905296D-01
   0.1006518815566D+00  -0.4925315507029D-01  -0.5530170791529D-02
  -0.7762741303392D-01  -0.7280201912338D-01   0.3945904257938D-01
   0.3392350888771D-02   0.8887805873110D-01   0.6908160050134D-01
   0.5680713721534D-01   0.3471371662211D-02  -0.2001443019448D+00
  -0.8029444179960D-01   0.4046493515000D-01   0.1629542401463D-01
   0.2872884233537D-01   0.1088287302709D-01  -0.1555430895016D-01
  -0.1602872061600D-01  -0.1643881801942D-01   0.1840236601048D-01
   0.8554909420980D-01  -0.5965512904231D-01  -0.4436532998378D-02
  -0.3291080325840D-01  -0.1155354122204D+00  -0.1438416693721D+00
  -0.7933108134188D-01  -0.5740281365629D-01   0.1595701660587D-01
  -0.6309527157491D-01   0.7373403599688D-02   0.2069569665679D+00
   0.9909815993561D-01  -0.5239279065930D-01  -0.2232550926567D-01
  -0.9131891335045D-01   0.6782867727458D-01   0.1197609015805D-01
   0.2795464893749D-01   0.1106190928871D+00   0.1380561024461D+00
   0.1299114308378D-01   0.6988570607186D-01   0.8675389227280D-01
  -0.1758655905485D-01   0.5984613975953D-01  -0.9512408443086D-01
   0.8832949507235D-01  -0.6991326834637D-01  -0.1129523055070D-01
   0.1373344988536D+00   0.5964597177524D-01  -0.1298527533241D+00
  -0.7340686322564D-01  -0.6147544960206D-01   0.2409864973425D-01
   0.4753604917123D-02   0.8415639270237D-02   0.5043089312647D-02
  -0.4951216728742D-03  -0.3506297170025D-02  -0.9020583212667D-02
   0.9959494914765D-01   0.1383480069425D-01   0.4443677496296D-01
   0.5694040112969D-01  -0.1104205757271D-01  -0.8149105719985D-01
   0.2170557830628D-01   0.1907141798153D-01  -0.6984694756364D-02
  -0.2133434293509D-01   0.1689679736765D-01  -0.1343800223146D-01
   0.1577075704501D-01  -0.1409992895900D-01   0.1203623557076D-01
  -0.1554808233440D+00  -0.6656007808425D-01   0.1326444441346D+00
   0.8183981998003D-01   0.7650843616019D-01  -0.2525525822128D-01
  -0.7320974494049D-01  -0.7612205316213D-01   0.3663847474358D-01
  -0.3349621838784D-01   0.5244527130377D-01  -0.9941246955618D-01
   0.4049631813442D-01  -0.4905635198832D-01   0.9709055230578D-01
  -0.1042799567235D+00   0.4427460540513D-01   0.7504145125783D-02
   0.1027406745844D+00   0.3359182935432D-01  -0.1657743386665D+00
   0.5333535065757D-01  -0.6045546217789D-01   0.5939776571829D-01
  -0.4266783820241D-02   0.1032468960593D-01  -0.7438893180150D-02
   0.5363444906223D-03  -0.7626824017377D-03   0.7221096397788D-02
   0.7730390965617D-01  -0.8178021492044D-02  -0.7012088358017D-01
  -0.5265038499850D-01   0.5765639324767D-01  -0.3632292550356D-01
   0.4616407039615D-01   0.4066583699121D-01   0.7264187434729D-01
  -0.9942560070049D-01  -0.5047624933844D-01   0.1816609572317D+00
  -0.6084746830297D-01   0.5282294845824D-01  -0.8018211530972D-01
  -0.7664162692278D-01   0.2984309659418D-01   0.7678314396474D-01
  -0.5962404669848D-01  -0.9031294052188D-01   0.3136307882762D-01
   0.4991983491122D-01   0.4438123306518D-01   0.9164838596344D-01
   0.7479885812501D-01  -0.2864578310453D-01  -0.7761708989231D-01
  -0.5358899269443D-01  -0.9083821867068D-01   0.3510253839969D-01
   0.7749700091880D-01  -0.2494171681340D-01  -0.7987673212803D-01
  -0.7455054780711D-01   0.7538980374696D-01  -0.4147036860317D-01
   0.1272584534861D-01   0.3649587957994D-02  -0.1964285338212D+00
   0.1105584882325D-01   0.9294220722152D-01   0.4072575763756D-01
  -0.5308147972674D-02  -0.7011344665343D-02  -0.1563952315905D-01
   0.5766615201508D-02  -0.4463421797535D-02  -0.1205747702954D-01
   0.3114110746098D-01  -0.2807016029756D-01  -0.1061420910714D+00
  -0.1265979800648D+00  -0.1605184549903D-02  -0.1409041220266D+00
  -0.1193292566408D-01  -0.1043146869192D-02   0.2174069778413D+00
  -0.4022493002525D-02  -0.1019279081185D+00  -0.4817990790002D-01
  -0.3439752250679D-01  -0.7899895100738D-01   0.7948727310148D-01
   0.6012739404405D-02   0.1106925735319D+00   0.4139335374531D-01
   0.1187256464223D+00   0.2564434645156D-02   0.1344432242577D+00
   0.5091826772039D-01  -0.4934562061446D-01  -0.1801663115662D+00
  -0.9913281988271D-01   0.3163801990064D-02   0.2172108227913D-01
   0.3808463368521D-02  -0.7699075562613D-02  -0.2794153143930D-01
  -0.4104181198926D-02  -0.1582588243927D-02   0.1908409703351D-01
   0.5900098909906D-01  -0.8300873152451D-01   0.4172645225016D-01
  -0.4273778265120D-01   0.1275986872158D-01   0.3754667705922D-01
   0.1320211180709D-01  -0.1507120376297D-02  -0.2143897967190D-01
  -0.1723183049628D+00   0.4410367771534D-01  -0.2917876465184D-01
  -0.5863999760114D-01   0.6299657986086D-01   0.1990912936726D+00
   0.1064374168030D+00  -0.9960883358896D-02  -0.2982995323859D-01
  -0.1128756689343D+00   0.1182886890007D-01   0.1040773027212D-01
   0.4758588427603D-01   0.8190947420297D-01  -0.6187826333200D-01
   0.8397457961087D-01   0.9118712682804D-02   0.2022638275727D+00
   0.1203156362682D+00  -0.6042566193089D-01  -0.1706708316566D+00
   0.8469747902900D-01   0.3044683459902D-01  -0.1877733463270D+00
  -0.9892195059465D-02  -0.6443919985817D-01   0.6228198988719D-01
   0.9049102427874D-02  -0.5082014786377D-02  -0.1054704730887D-01
  -0.5590480114555D-02  -0.2837300705339D-02   0.2114833589277D-01
   0.7396396029859D-01   0.7743904994908D-01  -0.1319095920857D-01
   0.5678756315709D-01  -0.4729269080857D-01  -0.7947271186626D-01
   0.1645847136919D-01  -0.3025557945272D-01  -0.2977002675358D-01
   0.1288645066297D-01  -0.5459908980274D-01  -0.1632121790847D-01
  -0.9385699223705D-01  -0.3876451879643D-01   0.1938791742640D+00
   0.3221918552246D-01   0.8534724814883D-01  -0.7132602212311D-01
  -0.2126170015105D-01  -0.5386278925061D-01   0.1007556097439D+00
  -0.6372925155841D-01  -0.3832932186759D-01  -0.8661848793092D-01
   0.5014036248973D-01   0.3725019590341D-01   0.9752096214719D-01
  -0.1124633117446D+00   0.1453646398148D-01   0.1143682518608D-02
   0.3845637902707D-01   0.7140706547187D-01  -0.7924860490910D-01
   0.4973655547439D-01   0.2059165909100D-01   0.1030562416835D+00
  -0.1153577062856D+00   0.4900472339609D-02   0.9580812814402D-02
  -0.2067243067495D-01   0.2346892260617D-02  -0.2129818002813D+00
   0.8323287263919D-01   0.2040552409992D-01   0.6130892583314D-01
  -0.5274688137957D-02  -0.1315869491495D-01  -0.3632654658205D-01
   0.5121934937711D-03   0.8997811821879D-03   0.3437378713008D-01
  -0.9158476512681D-01   0.5846449020659D-01  -0.1335758780045D-01
  -0.4525938021673D-01   0.1384199466983D+00  -0.1151300722149D+00
   0.1655696566916D-01  -0.5394774847112D-02   0.2157978806915D+00
  -0.8876269035509D-01  -0.2340218801277D-01  -0.6422003684552D-01
   0.8318612283575D-01   0.3790913555590D-01   0.7599563559238D-01
   0.2904121529503D-01  -0.9380203014285D-01  -0.6502783230535D-01
   0.3458740304749D-01  -0.1339437252668D+00   0.1135408231874D+00
  -0.1154565016182D-01  -0.1137767240564D-01  -0.2013765299566D+00
  -0.2734707305870D-01   0.9951079880382D-01   0.4336047584320D-01
  -0.7373187427960D-02  -0.1286118048891D-01  -0.2497821458726D-01
   0.3867406218910D-02   0.4119131198463D-02   0.7502155341304D-02
  -0.1221468898303D-02   0.5124852955160D-02  -0.1132478608586D+00
  -0.7794200889534D-01   0.4355151476874D-01   0.7815145937727D-01
  -0.2071499207445D-01  -0.6523009956195D-01   0.6770462816117D-01
  -0.7028541317446D-01   0.1360606432646D+00  -0.1291395362868D+00
   0.4260605525149D-02  -0.3155587381626D-02   0.4286080604644D-03
   0.7499375697716D-01  -0.1328871526488D+00   0.1319817916737D+00
   0.9478199949896D-02  -0.4875150563461D-01  -0.2062463651145D+00
   0.1610645786344D-01   0.1631301486643D-01   0.2174797260514D+00
   0.3326338166371D-01  -0.9295510909268D-01  -0.5112697068161D-01
   0.4052997403196D-01  -0.8751102443307D-01   0.5916778371053D-01
  -0.5111014397786D-01   0.7832383759785D-01   0.6441657776073D-01
  -0.1740578640009D-01  -0.1271728749469D-01  -0.1103221971520D+00
   0.9555882803472D-01  -0.4893742954589D-01   0.3494117631058D-01
  -0.8377343215776D-01   0.4700357503040D-01  -0.6153947166868D-01
   0.1062612010760D+00   0.3628702336791D-01  -0.3131819815761D-01
   0.7379318548065D-01  -0.1414858385985D+00   0.1493489108142D+00
   0.1462837494956D-01  -0.3566764980484D-01  -0.2163391491501D+00
  -0.9646498700797D-01   0.1827229158671D+00   0.7309900114751D-01
   0.9163012581063D-01  -0.1399806918323D+00   0.1442996670722D+00
  -0.9497723565466D-01   0.1874766589709D+00   0.6511672184644D-01
   0.8036624773887D-01  -0.1449850999319D-01  -0.1849473363641D+00
  -0.7213643481602D-01  -0.6391202506488D-01   0.2122154519394D-01
   0.1088721534465D-01   0.6276811404483D-03  -0.2816380744622D-01
  -0.7245702672614D-02  -0.3864541840961D-02   0.1854085897541D-01
   0.4155361115641D-01  -0.5911184883019D-01  -0.3146609440473D-01
  -0.8241611087792D-01   0.2136026160417D-01   0.2006795452621D+00
   0.9457088894238D-01   0.4356367383295D-01  -0.4477890152845D-01
  -0.2664814026160D-01   0.7734445661136D-01  -0.7760132951602D-01
   0.5849405214799D-01   0.4529776293709D-01   0.8543882347903D-01
  -0.9604926137563D-01  -0.4636360299332D-01   0.4005690684304D-01
   0.4843242999550D-01   0.6823870553055D-01  -0.1889421493513D+00
   0.3946702839071D-01  -0.5787485486811D-01   0.5092813231882D-01
  -0.3835757932069D-01   0.6234685736331D-01  -0.4499450729300D-01
   0.8874715687460D-03  -0.9807722416822D-02   0.1235626584427D-01
   0.8122591615654D-02   0.9581334576474D-01   0.1473644506226D-01
  -0.6491561326144D-02  -0.1005443569109D+00  -0.8328128644015D-02
  -0.1635521142143D-02  -0.2398794620757D-02  -0.3895709235997D-01
  -0.3135461083574D-02  -0.2589336071912D-02  -0.6656810328356D-02
   0.3292026837386D-01   0.3018849716139D-01  -0.1729256436718D+00
  -0.4477791773313D-01  -0.7180796158011D-01   0.2007069901778D+00
  -0.4720499368328D-01   0.8743943051033D-01  -0.6177892295973D-01
   0.4726415165188D-01  -0.7407075634450D-01   0.7632067659492D-01
  -0.4640951635629D-01  -0.5201097898914D-01  -0.9056201802250D-01
  -0.4319601189178D-01   0.7501171533129D-01  -0.7352557350380D-01
   0.4574129007290D-01   0.4749019574895D-01   0.9491055900063D-01
   0.1358293626923D+00   0.9697854746797D-01   0.1437056281270D+00
  -0.1663518343489D+00  -0.1273496239002D+00   0.6810268892707D-01
  -0.2999473366330D-01   0.1292031082415D+00   0.4839422777742D-01
  -0.2277103279047D-01   0.6384930375441D-01  -0.2517491099768D-01
  -0.1172606340234D+00   0.7531424098581D-01  -0.3098322484171D-01
  -0.2585983457356D-01   0.7053670967818D-01  -0.5675827082230D-02
   0.6586063774726D-01   0.7436257990050D-01   0.1020594077838D+00
   0.4285952188118D-01  -0.5648360885386D-01   0.2827810486176D-01
$end                                                                            
